1	1	NaN
1	2	-1.5895314867651433
1	3	-2.3415951203524825
1	4	-0.9804575395018342
1	5	9.300430692368964
1	6	2.0189249736283
1	7	11.244790382957898
1	8	-0.016508953451513913
1	9	1.3756634030471875
1	10	1.7304915437802189
1	11	-0.7077291135754205
1	12	-2.9797695766456824
1	13	-0.12944687401609467
1	14	-0.6750437689148958
1	15	-1.6385901866888735
1	16	1.5161278646935141
1	17	2.719762017727104
1	18	-2.56993615516953
1	19	-3.265222706080145
1	20	-0.2998828323248773
1	21	-2.0027911589232397
1	22	-0.24240253649651186
1	23	-0.4336861714986499
1	24	0.6597355211545345
1	25	-1.280523330813487
1	26	0.2758334019991831
1	27	-0.7034560682043179
1	28	-2.0090042460221413
1	29	0.34436061624443787
1	30	-1.7752876933485
1	31	-1.1864071819456674
1	32	-1.0248107237152948
1	33	-1.1803021869325725
1	34	-3.041114236782179
1	35	0.3147820787497242
1	36	1.0729133323686944
1	37	1.8830427144719148
1	38	-0.40195082737700044
1	39	-1.746118180640293
1	40	0.09920088775363647
1	41	-1.0304004863658776
1	42	1.2442087667333201
1	43	0.06692263672683002
1	44	0.22372087572933866
1	45	-0.6394113273393703
1	46	-0.4619787510050467
1	47	0.319436573570509
1	48	1.7858935641718332
1	49	-0.16990278642110043
1	50	-0.8594918371242931
1	51	-1.4465481870413768
1	52	2.5251477267450846
1	53	-1.107205547286316
1	54	-1.4196446792786175
1	55	-0.04939430849750157
1	56	0.5557558512634808
1	57	-5.401987886683384
1	58	8.892503578196475
1	59	0.11943704509230307
1	60	1.5101095368085522
1	61	1.6339101171952668
1	62	-1.677813829001749
1	63	-0.3683351603979996
1	64	-2.4024118766871374
1	65	-2.8827088851197766
1	66	-0.3350820811814374
1	67	-0.8076473689019374
1	68	1.2513801780908729
1	69	-1.8584130857250971
2	2	NaN
2	3	-2.432812316380288
2	4	3.6875612508566
2	5	-4.892648539159888
2	6	2.0716274394946477
2	7	1.4575379939099875
2	8	0.05637009442604745
2	9	1.6709217743915517
2	10	-1.0915358308129905
2	11	3.0569025576101665
2	12	-3.867577160603038
2	13	2.1174940887234412
2	14	-2.038919211632338
2	15	1.0050048965830227
2	16	-0.6962227849722243
2	17	-0.6658586797065185
2	18	-0.9073535191721129
2	19	-2.5770114800700052
2	20	-1.308833384799823
2	21	0.1217959340197806
2	22	-2.7113950124201276
2	23	0.307144692086964
2	24	2.0330802671497805
2	25	3.159963815588513
2	26	-1.066952716375795
2	27	-1.4737584055712407
2	28	-1.6009323627068441
2	29	2.6111993478856372
2	30	0.1352089752882853
2	31	-0.7749456908839878
2	32	-0.25593753692343973
2	33	2.975993245897062
2	34	-0.4665300726220286
2	35	-3.8837872421177293
2	36	0.41697437017173195
2	37	0.5389588895417458
2	38	-1.8954686148247109
2	39	-2.873251386777236
2	40	2.142128723833499
2	41	-0.1619829043092626
2	42	0.2879878444146488
2	43	3.3059750657217846
2	44	-0.1579978591995008
2	45	-2.0897118895555447
2	46	1.5387410767730645
2	47	0.5226515200072289
2	48	4.6123280234662065
2	49	0.7568373509843697
2	50	2.5839826251779177
2	51	-2.103238730052
2	52	1.0400646423244766
2	53	1.1106441858738527
2	54	-2.0257292952948096
2	55	1.333128301690223
2	56	0.7295059244556944
2	57	-0.596453092956561
2	58	0.25998992941973287
2	59	1.8996005304940582
2	60	0.00693209494184806
2	61	-0.3385147322329869
2	62	0.21224684842766886
2	63	2.637270261779237
2	64	1.2426018950788764
2	65	-1.736570618926177
2	66	-1.977367558773969
2	67	-2.3214328174688155
2	68	-3.6499823898180748
2	69	-0.1814191420705948
3	3	NaN
3	4	-1.9274898752109337
3	5	0.8532625295337889
3	6	-2.3260691211727136
3	7	0.20598867716331937
3	8	-2.646557283408616
3	9	-1.8682524567174457
3	10	-3.451651698301839
3	11	-1.492584762171644
3	12	-3.505561238954963
3	13	1.7827698245053645
3	14	-2.284287388434705
3	15	2.6267092474124563
3	16	0.04316635612806265
3	17	-0.7863931298616508
3	18	2.6921822222664606
3	19	2.928537789559399
3	20	1.987744476962843
3	21	-0.06860713508003755
3	22	1.3600064649311485
3	23	0.3699701228729262
3	24	-0.479009927280028
3	25	1.9868119462986438
3	26	-0.7255323540505334
3	27	-0.17717678931705033
3	28	-4.062128901301754
3	29	3.821866175257867
3	30	-1.4749297385816664
3	31	2.4006698573611303
3	32	-1.298195160250304
3	33	-1.2587407695065886
3	34	-0.23977069346984486
3	35	-0.39120005003279096
3	36	-4.3887604491369085
3	37	-1.1117218840389043
3	38	-1.1582372729760837
3	39	-0.21532352449699496
3	40	-1.9315711644477298
3	41	1.7750752251247461
3	42	0.3581634405775417
3	43	3.086554523982196
3	44	-0.1565978156313435
3	45	0.5852617472904971
3	46	1.1692868994004741
3	47	-4.843447054542555
3	48	-2.228477581337185
3	49	-0.3656612485926171
3	50	0.5842451040910546
3	51	2.689304084525788
3	52	-1.5372650416037112
3	53	-0.8080686892214025
3	54	2.9163329509513924
3	55	-4.091824403334361
3	56	-1.539556494042327
3	57	0.8352551712526487
3	58	0.941483401612265
3	59	0.2375336999102828
3	60	1.3222725241221958
3	61	1.2262800373098597
3	62	7.903539042720127
3	63	5.904121223530706
3	64	1.3120045071499007
3	65	3.262659674347686
3	66	-0.07601357927894613
3	67	2.0666130518800947
3	68	3.312808982068063
3	69	2.2399461107857426
4	4	NaN
4	5	-1.7781075537902258
4	6	3.248103989616669
4	7	-2.626618496980023
4	8	0.26902711324897643
4	9	2.0969063342903707
4	10	1.0118546789860219
4	11	0.21635269394063394
4	12	-1.7506476569470726
4	13	0.6657338444116656
4	14	-0.7712270316441652
4	15	-4.334627261074423
4	16	2.9375831270556816
4	17	0.5142776634596831
4	18	-1.8613651577014827
4	19	-4.06172744639066
4	20	-3.468562720136031
4	21	-1.6544604899020805
4	22	-2.4587595646822207
4	23	-0.43153411689333815
4	24	0.2531922125331425
4	25	-2.487246252130631
4	26	-1.4571286599731252
4	27	1.3483676816330865
4	28	0.1466712267043262
4	29	2.5050578853090153
4	30	-1.6256155600312083
4	31	-0.979613601116807
4	32	0.38006551132861577
4	33	-0.12491654147613854
4	34	-3.174449799855338
4	35	-2.217031675423276
4	36	-2.3587764858245652
4	37	0.6167379856085166
4	38	0.25513299028930003
4	39	1.559628691039605
4	40	0.1467129625139656
4	41	2.5145442956068877
4	42	-0.6018929348996697
4	43	-0.03888546656193497
4	44	-0.49050070690218656
4	45	-2.0613289631838603
4	46	-1.155243781889763
4	47	0.9634997540951908
4	48	-1.1562418428169612
4	49	2.2501154600918762
4	50	0.8676392086691749
4	51	-1.2836702232304997
4	52	0.3688467816878864
4	53	-0.17499114865908394
4	54	0.9797536032511134
4	55	-0.6689726693127379
4	56	0.8977300049692676
4	57	6.716351150397844
4	58	1.0031487394132057
4	59	4.6133028663461495
4	60	13.972771725266531
4	61	0.06922552092321223
4	62	-2.358518560611153
4	63	0.2557372190728919
4	64	-4.502984963943142
4	65	-2.617826029762731
4	66	0.8683259688855878
4	67	1.3976620932553057
4	68	-0.9760393186859074
4	69	0.826706631718017
5	5	NaN
5	6	-0.7609368580620595
5	7	-6.587032026824283
5	8	-0.9682944670241551
5	9	-1.4849991348912246
5	10	-3.53513042316339
5	11	-2.190716241901713
5	12	-1.3987319684294004
5	13	-4.1808577978475405
5	14	-2.6117613828013497
5	15	-1.5117148553312363
5	16	-3.7669298541765235
5	17	-3.063791240178043
5	18	-0.23425615257835136
5	19	-2.8637981839237043
5	20	-0.5104108692549917
5	21	-2.8023710684274494
5	22	-2.0918641791456243
5	23	-1.4559389681326904
5	24	-3.8216551772249603
5	25	1.7173197375961127
5	26	1.204301895627873
5	27	-2.2195895860668755
5	28	-1.1367624731207577
5	29	2.7247315487499835
5	30	-0.7614680865591955
5	31	-2.414718666014748
5	32	0.07643866865617788
5	33	-3.376742111089824
5	34	59.43279942176571
5	35	-2.9361962412256286
5	36	59.913356062452465
5	37	-1.9338051340116995
5	38	-3.7583162726258403
5	39	-4.334125490707132
5	40	-2.6773637285805614
5	41	-4.506292297323821
5	42	-5.183567319628102
5	43	-2.3831919452917942
5	44	-2.0999067658069204
5	45	-0.014148959936061025
5	46	-0.7715355757784659
5	47	-2.4519787196383
5	48	-2.1546619909371842
5	49	-2.323900143326078
5	50	-0.09774064269121749
5	51	0.07726855873381186
5	52	-3.594992350752946
5	53	-4.551835616325209
5	54	-0.7334134396794029
5	55	-2.745359712723118
5	56	-1.2116231466900766
5	57	-0.26709575406787417
5	58	-1.8890961736474188
5	59	-2.322505183167583
5	60	-2.9564871105058885
5	61	-1.469295759151713
5	62	-4.039617672864961
5	63	0.1460633261967382
5	64	1.1476731252955166
5	65	1.059753771895183
5	66	1.7217062629232713
5	67	0.5593348778238836
5	68	0.25200704156142034
5	69	-6.570322734454079
6	6	NaN
6	7	0.3633086127131817
6	8	0.965512694403312
6	9	4.465155667495123
6	10	1.9379424519565316
6	11	0.5226735668569444
6	12	2.348316480959121
6	13	-0.9238444544026585
6	14	-3.330674605457141
6	15	0.8753117879956562
6	16	-2.7655133094665576
6	17	1.0320395732630474
6	18	-1.023510503326727
6	19	-2.916565095915485
6	20	-1.7019444416184462
6	21	3.0064463680972984
6	22	-2.8109207213899694
6	23	-1.0128609037301095
6	24	10.277722466176462
6	25	-1.5460995847909909
6	26	0.32054268720286444
6	27	2.101101858518393
6	28	-2.5596033222773786
6	29	2.0634659382678833
6	30	-2.5998867142260433
6	31	1.139881514874248
6	32	-1.1856692215109845
6	33	6.817509541052575
6	34	-3.2639509255510926
6	35	0.1470310432772643
6	36	-1.0925070504299403
6	37	2.663280409120515
6	38	1.0701904237976767
6	39	-0.011101176131414515
6	40	3.553916650249232
6	41	1.7251873665485202
6	42	-0.8159070325634942
6	43	-3.8452518746143927
6	44	2.0098478416447154
6	45	-3.2490853049703214
6	46	-0.20155301520911242
6	47	0.35987955762399904
6	48	-2.4840544899007364
6	49	2.1039199396294057
6	50	-4.005887614442539
6	51	3.8094256536929265
6	52	3.925564663289935
6	53	-0.5827880417920072
6	54	-0.4500493198790925
6	55	-0.8287396185824687
6	56	-0.40756033411868925
6	57	1.2646836282498128
6	58	-1.231819935567855
6	59	-5.125024334720571
6	60	-2.7676766456425104
6	61	-4.131421254051614
6	62	-3.772617138375026
6	63	0.8692297112601015
6	64	-3.3830149978235613
6	65	-0.6072924421056879
6	66	0.8243762254807735
6	67	-4.134636341608312
6	68	0.3941216560917097
6	69	-2.098961749706935
7	7	NaN
7	8	-2.4472181127673807
7	9	-1.7571723483683195
7	10	-3.1346605447075624
7	11	-0.5962177801888764
7	12	-4.978321443997014
7	13	0.22631385283533512
7	14	2.7902586815974457
7	15	0.8786169204880943
7	16	2.1752278816833663
7	17	-2.230321275247448
7	18	-0.19982239176590244
7	19	3.5004614142233
7	20	-2.8424019835766696
7	21	2.733887736766436
7	22	-1.661906645212894
7	23	-0.9416369785319005
7	24	6.726065871837111
7	25	0.34619898647851555
7	26	-5.146299841606171
7	27	-2.887657567618342
7	28	0.4591702488075252
7	29	1.4623875615496134
7	30	0.3368252794156792
7	31	-1.0160169427598928
7	32	-0.93410514138523
7	33	-3.888296641911217
7	34	-0.6501782469133605
7	35	-0.40022084164759214
7	36	48.97244308401093
7	37	-5.309218882808037
7	38	1.0009254344688872
7	39	0.3375922598135616
7	40	-1.0869122414199341
7	41	-0.8274503684334336
7	42	-2.067252640330276
7	43	-1.4820944993371687
7	44	0.41615503123576775
7	45	-2.4418185406715325
7	46	-0.8471293823959778
7	47	0.7846031782706988
7	48	-0.27084477258003187
7	49	-2.7026355835338585
7	50	-3.713883313629744
7	51	1.3587716184234686
7	52	-2.4327067646488585
7	53	0.05951614378275767
7	54	0.4492530241258455
7	55	0.11622595020803288
7	56	-3.9209346474328926
7	57	0.6541383806171494
7	58	-0.7636786052871282
7	59	-2.26173851497321
7	60	0.07803546297396949
7	61	-3.636639975573492
7	62	-0.8281026806427255
7	63	-1.5475413183208278
7	64	-0.9369610227093871
7	65	-0.3570854490838586
7	66	-0.7078792538727549
7	67	-0.4504499725939527
7	68	1.1953473421591352
7	69	-0.671615792624954
8	8	NaN
8	9	3.2873268388959724
8	10	2.2141805815966036
8	11	0.03368664998311905
8	12	-0.6100966925593747
8	13	-2.483929680226505
8	14	-2.479762021776834
8	15	-3.774040736672028
8	16	-1.2736619611531186
8	17	2.5374854367254693
8	18	-1.0532093851686368
8	19	-0.5486990078466711
8	20	4.9224885274077055
8	21	1.4000512299806602
8	22	-1.4304307458478576
8	23	-1.2982499170844208
8	24	5.3665963174120765
8	25	-2.321306082137465
8	26	-1.1422385948743794
8	27	1.1860983280818518
8	28	-1.061230913115473
8	29	-0.5205570222950033
8	30	-2.044780130969197
8	31	-0.4772066255510268
8	32	-1.410412175976847
8	33	1.0013899804474757
8	34	-0.39585472794600324
8	35	-3.5255379472808275
8	36	-1.1814361503644841
8	37	0.8007882077019111
8	38	2.6174298438366344
8	39	-0.2610629615210868
8	40	0.7258691128989174
8	41	-0.06575389108556827
8	42	-1.359365722742798
8	43	-0.29896341456150555
8	44	2.608246629554827
8	45	-4.213625051764266
8	46	0.09810178954255913
8	47	0.4192897713911342
8	48	-1.2899234422265677
8	49	4.149349820891781
8	50	-0.8832983913503579
8	51	-2.2325072931062366
8	52	3.257444335890213
8	53	6.224961778221035
8	54	2.9878703373157194
8	55	4.925393651760453
8	56	0.8406014607262728
8	57	-1.1723139662155413
8	58	-5.4224814427334325
8	59	0.9210612624024438
8	60	-1.1657743483508993
8	61	-0.0022169355939397834
8	62	1.1645608876753117
8	63	0.9164018234574187
8	64	0.8176048120139434
8	65	-1.8222264716839456
8	66	-3.581883107240595
8	67	-2.842330738930419
8	68	-0.9980269161213812
8	69	-0.09358061825702467
9	9	NaN
9	10	5.8306863975159455
9	11	1.3030757694754451
9	12	-0.5869951252102268
9	13	-2.545526061901548
9	14	-1.054717134933097
9	15	-1.20719806372329
9	16	-2.643364012378434
9	17	2.686167620053193
9	18	-1.7339093735503908
9	19	-2.2027312887996553
9	20	-1.4792358288860394
9	21	1.147623656276914
9	22	-1.3145566887527667
9	23	-0.4006981399673325
9	24	4.1045998283671485
9	25	-2.8883687751760907
9	26	-1.760460595294396
9	27	4.293509444478961
9	28	-1.0227308500336356
9	29	-3.0372659680785725
9	30	-2.0113712920768188
9	31	-0.8208844913327311
9	32	-1.0295908127639504
9	33	2.3900081031213047
9	34	-0.9686931001002043
9	35	-0.4688476417120281
9	36	-2.02822393838345
9	37	3.034874913463412
9	38	3.62754777263581
9	39	-1.1565741645506762
9	40	1.6676957455090125
9	41	1.3858879190153417
9	42	-3.113325633400598
9	43	-2.393132663244488
9	44	3.3952526526391003
9	45	-2.0691568672072167
9	46	-1.949764660764423
9	47	1.3210509997660946
9	48	-1.8726652115733324
9	49	3.299783660443144
9	50	-1.8900454341290367
9	51	-2.5995415945058777
9	52	4.0776924253969336
9	53	1.4488916997219887
9	54	0.46000185483136335
9	55	4.342215848183141
9	56	3.2699139690234413
9	57	-0.5189870275274956
9	58	-1.7817689314624996
9	59	-2.5077405182611057
9	60	-1.6654628312264468
9	61	-1.851316771339743
9	62	-3.4260223341254177
9	63	5.039948736313324
9	64	-1.3794972144793938
9	65	-2.2954713899963837
9	66	-1.3639702803202802
9	67	-1.3093069058879867
9	68	-1.1008584794067304
9	69	-3.0158870945470846
10	10	NaN
10	11	1.1848290598678213
10	12	-0.1557091213577666
10	13	-3.72686491043081
10	14	1.377747550659069
10	15	-0.03802146617400613
10	16	-3.948511152310045
10	17	5.12393543606635
10	18	-1.6970020834381405
10	19	0.7209481441809067
10	20	-0.9483351884662017
10	21	1.8806770621190683
10	22	0.9000256216826845
10	23	1.2734289352596357
10	24	3.008115988642368
10	25	-2.2783089196624817
10	26	-1.606802354268476
10	27	1.23304497799307
10	28	0.044439942342784346
10	29	-2.3945219672203675
10	30	-2.385128008379177
10	31	-1.4525691255458577
10	32	0.1257591502969616
10	33	0.5993246580407123
10	34	-0.13633256112913383
10	35	0.6670011310300754
10	36	-1.871188517019471
10	37	2.294251170227257
10	38	1.9480272592569903
10	39	5.195334929582518
10	40	1.3255082674857404
10	41	0.35915128547492947
10	42	-2.312296639543176
10	43	-1.0732179137025084
10	44	3.4781999807339927
10	45	-1.7027152799909957
10	46	-1.9266003153213973
10	47	-0.9520590137534318
10	48	-2.01281065198481
10	49	2.5609816348864425
10	50	2.292797247178753
10	51	-0.5098986907770976
10	52	2.493051979831669
10	53	0.0015853036076175575
10	54	-0.36726820069225524
10	55	1.2319360739419678
10	56	3.3153200897753976
10	57	-0.09745662273554237
10	58	-5.428179486325808
10	59	-1.071030288265939
10	60	-2.120965313709483
10	61	-2.1115995268530767
10	62	-4.72104844959013
10	63	4.7257064586669735
10	64	-3.7909566158005297
10	65	-1.009043631044857
10	66	0.7291241401347242
10	67	-0.20348785318667595
10	68	-0.9683992432747937
10	69	-2.642203227438945
11	11	NaN
11	12	-1.0178560668499324
11	13	0.8101194557092841
11	14	1.507117371097901
11	15	-1.7094381876767875
11	16	-2.331658570172733
11	17	2.459059005070438
11	18	1.1064662061739685
11	19	-0.3313094634359121
11	20	-1.058659065736311
11	21	-1.6116650629979679
11	22	-0.6705533511240998
11	23	0.7161932787849915
11	24	2.5407851584820365
11	25	-1.0473812961759095
11	26	-2.310582013142339
11	27	0.3948299247727553
11	28	0.9474379971663163
11	29	0.8182342020361781
11	30	-0.01130685923202345
11	31	0.20944496454809267
11	32	-1.3800095579351161
11	33	0.05372581336795043
11	34	-1.3829198236628726
11	35	-0.18490606115860528
11	36	-3.790767149188559
11	37	1.5833945983597597
11	38	-0.5492100016361354
11	39	1.620052643087627
11	40	4.030057892352303
11	41	-1.2515744802321054
11	42	-2.067148517428749
11	43	0.35422906717934327
11	44	-0.3346859922504485
11	45	0.47450636559898424
11	46	-0.07577790303157753
11	47	-0.09652691948925742
11	48	-0.7821611890841249
11	49	1.294155734700253
11	50	3.1137166159463745
11	51	0.39742192916378477
11	52	0.2939160583576805
11	53	-0.9470797521174762
11	54	-0.9548142078147129
11	55	-1.547813291543519
11	56	-1.1273392468418215
11	57	0.14393148133580486
11	58	-0.16212094729493207
11	59	0.4640045273392215
11	60	0.6070380346863374
11	61	-0.5203301619632675
11	62	1.5158115809542998
11	63	0.029087374547883956
11	64	0.06337784584223537
11	65	-1.9398862930400698
11	66	-1.2326162966275036
11	67	1.63944595869912
11	68	-0.8207167310203076
11	69	0.51886106066775
12	12	NaN
12	13	-1.675731970460552
12	14	-0.8528850537749989
12	15	1.4189524611337625
12	16	0.22813076531778348
12	17	-1.034465847587901
12	18	0.4302346363943678
12	19	-4.729209875733239
12	20	0.9619484521874796
12	21	1.2209205324367616
12	22	-1.4454892448010175
12	23	2.4804633595842622
12	24	0.02213676525491891
12	25	-3.37766949544305
12	26	-1.2478833098296445
12	27	-2.387285472233352
12	28	-0.8551538683651938
12	29	0.19435699977536508
12	30	1.2068098158384357
12	31	2.5762433681337478
12	32	1.486960035778172
12	33	-0.9260586059926903
12	34	-1.3939648697004459
12	35	-5.00233407735891
12	36	-4.499228640534407
12	37	-3.3239416014095005
12	38	-0.6131767929429234
12	39	50.3396503884005
12	40	-2.0794057925500775
12	41	21.220356419250546
12	42	-0.8395237065950536
12	43	3.879000248642935
12	44	-0.38494050574877825
12	45	0.03474904776268193
12	46	2.839333429302997
12	47	-3.653842517308059
12	48	-1.709181295504649
12	49	-0.6106144494473268
12	50	1.022791976857864
12	51	-2.428699886614338
12	52	1.9288008461530404
12	53	-6.360632777625537
12	54	-3.189948297544045
12	55	2.7725317772101823
12	56	-2.9891395318145135
12	57	-2.417174503928413
12	58	0.3019908802741221
12	59	1.1468996658517672
12	60	-0.6537538587086867
12	61	-3.1785761727070234
12	62	-4.470859869704128
12	63	0.3889291346855505
12	64	0.5545274255596288
12	65	-3.1814252592648993
12	66	-2.2694315365824758
12	67	-0.09489907338910007
12	68	-0.08762774446014501
12	69	-3.833806787135519
13	13	NaN
13	14	1.3071738255680025
13	15	-4.3643321992175395
13	16	1.8430932556415953
13	17	-1.6298037191759558
13	18	2.2401516198316282
13	19	4.392125915123772
13	20	2.221676588082123
13	21	-1.0716748678269374
13	22	0.2967031730677148
13	23	2.2662246582426078
13	24	-0.7399498439803393
13	25	-1.6201806384007007
13	26	-0.2941716733266092
13	27	0.4002261251435476
13	28	-2.71893928197528
13	29	0.03733931010034027
13	30	-0.7385985445164132
13	31	-3.883875035923309
13	32	-1.7878515698807418
13	33	-0.08492751761076178
13	34	-2.4496488000108885
13	35	0.26966944220087324
13	36	-2.399146738561166
13	37	-0.20929596900892708
13	38	-3.176976211719474
13	39	-0.8036250049273931
13	40	-1.0485675166399628
13	41	17.122269563542993
13	42	1.6124375873938532
13	43	-0.7167668824898251
13	44	-1.8629499915216374
13	45	3.379284602017097
13	46	5.568061643429826
13	47	0.760758070931629
13	48	-0.06896978043353758
13	49	-2.3447874115887495
13	50	0.42521515243186575
13	51	3.7843367415498346
13	52	-0.7827333972246316
13	53	-0.8363000768324482
13	54	-0.7346560172829676
13	55	-0.04997586769397397
13	56	-2.9860294141631094
13	57	0.013202358304344249
13	58	1.784595610152119
13	59	0.7737197047966562
13	60	-1.2205968404132161
13	61	-0.9003644448780916
13	62	2.94691172919171
13	63	-2.2619117794653
13	64	-0.26110076216967715
13	65	4.9261032353078935
13	66	-2.8310467442345053
13	67	2.7238117005044975
13	68	4.079847227124029
13	69	3.191096455028718
14	14	NaN
14	15	0.39740976801418526
14	16	-0.64373262488916
14	17	-0.7947188695033317
14	18	2.0201798796511463
14	19	2.0201964185728416
14	20	0.2950657804065229
14	21	-0.7072454539318411
14	22	-2.132811538957301
14	23	4.356585271959013
14	24	-1.7417802880195141
14	25	-1.7203230831928356
14	26	-0.6175526010887357
14	27	-2.065227417790361
14	28	-0.8640005124837705
14	29	1.4494009897453728
14	30	5.131708269602591
14	31	2.982063523683352
14	32	1.1620947740052137
14	33	-3.0005358151297323
14	34	-0.6607794847410661
14	35	2.269051566941202
14	36	2.016831369978176
14	37	0.47924561349196537
14	38	0.8884142263816898
14	39	0.6041900753911326
14	40	2.418793002357039
14	41	-1.8380512906621995
14	42	4.9060557886107174
14	43	2.9435381744710427
14	44	-1.71952575371697
14	45	-1.4649169093333274
14	46	2.5553469612565194
14	47	-2.0746838824188454
14	48	-1.614303611358947
14	49	-1.259252216388761
14	50	1.3657214106746083
14	51	-3.2532575182540895
14	52	-2.817571065403136
14	53	-1.118819228556543
14	54	0.22688112368600083
14	55	-0.3292501230951579
14	56	-1.374535486691621
14	57	0.6816774509219243
14	58	-1.2579397222517494
14	59	0.60625639638695
14	60	0.375816464481993
14	61	2.378694085956348
14	62	-1.301365423242035
14	63	-0.27742966800135466
14	64	0.2846546371995726
14	65	0.17874401814106525
14	66	2.2314614627321774
14	67	1.6026349903743717
14	68	0.33175941116614266
14	69	-0.5577160763923592
15	15	NaN
15	16	-1.152951532552045
15	17	-0.2919329851547582
15	18	2.9093398001244055
15	19	-0.03610492925668893
15	20	-1.7718040485689017
15	21	2.747841367003659
15	22	2.1155579957626203
15	23	-1.7905550990617067
15	24	-3.547093821279072
15	25	4.06974337100521
15	26	-2.229561212072028
15	27	-1.975054598959152
15	28	-2.1887854057641167
15	29	3.061749980038939
15	30	-0.33317314861197683
15	31	-1.4841467295504835
15	32	-3.180301835076698
15	33	-0.2527197427865056
15	34	-0.9172663648228336
15	35	0.9405016306352988
15	36	3.0322927620681877
15	37	-0.7024496800557072
15	38	-3.364971102475782
15	39	3.8218766939543545
15	40	-0.9047137352912723
15	41	-4.896626861812901
15	42	5.456470503639128
15	43	1.3854809328481994
15	44	-1.6333814788109242
15	45	2.313336775218776
15	46	-0.7857199235766036
15	47	-0.6946504001118762
15	48	0.7306656836347278
15	49	0.7755247520924552
15	50	3.71951635497132
15	51	0.10377788950832685
15	52	-2.4333779486195284
15	53	-2.23054849007942
15	54	1.4433055873269875
15	55	1.9831780291567254
15	56	0.6508262593051565
15	57	0.5494600337655523
15	58	4.112358234680361
15	59	-0.05877857666935868
15	60	2.6143770977010146
15	61	-1.9499914182819713
15	62	2.9395348490952795
15	63	-0.8169884884456666
15	64	2.794151162475995
15	65	4.310095467997822
15	66	-1.1455183643290454
15	67	-2.9051872484637777
15	68	-1.997494499266218
15	69	3.9511159650760326
16	16	NaN
16	17	3.2495958036115287
16	18	0.5516170263155816
16	19	0.35601778545461477
16	20	2.7433250705278245
16	21	-0.6288675821015947
16	22	0.9617084754383955
16	23	-0.05307955055172385
16	24	-0.912818838219412
16	25	0.6836388657941
16	26	-1.0938881915959089
16	27	0.3879860304555191
16	28	1.8222726084413667
16	29	-0.3549365201297351
16	30	1.5415102083040024
16	31	1.0847770698271912
16	32	-1.1578688479768324
16	33	-0.6569319520223241
16	34	0.5973670377458425
16	35	-1.3009004022159576
16	36	-5.389594122116965
16	37	3.745977230372217
16	38	-0.23323943706037903
16	39	2.088316614208848
16	40	-1.1863400779856224
16	41	-0.5167730385823434
16	42	-4.073917192421879
16	43	2.5178103706782813
16	44	0.32818690730595984
16	45	-1.3660275384392864
16	46	0.4640383508994135
16	47	-1.8131714541575594
16	48	-0.17762312939992755
16	49	-0.9413318120631756
16	50	0.7566964409482682
16	51	5.74357581942165
16	52	-4.842560533932715
16	53	11.880452505938795
16	54	0.44264529225542804
16	55	-2.260690887701645
16	56	-1.4262705791941852
16	57	-0.35954662344016136
16	58	1.384248716581735
16	59	-3.23899270927983
16	60	-2.2149272178112143
16	61	3.2528180176115016
16	62	-0.15593711100682303
16	63	-2.014902719136079
16	64	2.4865808439048562
16	65	-1.6590713174479608
16	66	-2.3198522804882242
16	67	5.362373929577983
16	68	2.6968220976630137
16	69	1.4634389506544563
17	17	NaN
17	18	0.23136490086070377
17	19	0.7679678377420717
17	20	-1.789367615568211
17	21	0.709546959403314
17	22	1.4388004888052275
17	23	-2.385424653996439
17	24	0.5660768889770387
17	25	-1.658926828217451
17	26	-0.28007555463695333
17	27	5.49349417821901
17	28	-0.4341966097515874
17	29	-3.8669780688157473
17	30	-1.0212188600600676
17	31	1.9664463890519965
17	32	0.613065676927209
17	33	-0.5573814743551745
17	34	-1.726537723812923
17	35	0.14147508212744242
17	36	-4.3817032866213195
17	37	0.6450563550086933
17	38	0.8223457877363191
17	39	-3.5980732712969226
17	40	0.8996203337240571
17	41	-1.2907709247362114
17	42	-0.3569213142123572
17	43	-2.6255112824943687
17	44	0.3735401487830069
17	45	-1.834945893809193
17	46	0.7138184415450577
17	47	0.03999627585460544
17	48	-2.6022610932464465
17	49	-0.46441107732106635
17	50	-1.3850379096929208
17	51	0.641961373098526
17	52	2.348549910663068
17	53	3.219426661500627
17	54	0.005617006792586912
17	55	2.474883567534925
17	56	0.8217370652297318
17	57	1.5515474706968813
17	58	-3.387089765480362
17	59	-2.063274528417173
17	60	0.13254766401831733
17	61	-2.369461932925317
17	62	-3.690422267021614
17	63	0.8773990476509508
17	64	1.8575046771461472
17	65	-0.2918210776251788
17	66	0.06382780516095193
17	67	1.894670428140806
17	68	-0.20227698345370446
17	69	-1.7845420882553973
18	18	NaN
18	19	3.540043806498027
18	20	1.8383705925744318
18	21	-0.8317603686178553
18	22	-1.0344322432502908
18	23	2.5692651316415853
18	24	-1.9946752544811512
18	25	3.729444162466794
18	26	0.04178985971546173
18	27	-1.1207597198655495
18	28	2.735175573125735
18	29	-1.692397388922314
18	30	0.2960739747969959
18	31	2.3562249756043827
18	32	-0.3139714046162949
18	33	-2.8624718945155583
18	34	-1.2073458764529046
18	35	-0.1593667072426594
18	36	-2.830238133395326
18	37	-0.17656929906419522
18	38	-1.031619417752189
18	39	0.2202958565824799
18	40	-2.4630093239661024
18	41	-0.7978728936102886
18	42	4.0056733460501635
18	43	-1.7903918498794775
18	44	-1.7981463666601234
18	45	-0.7855397315521929
18	46	-0.0393678486823179
18	47	-0.7866787544761271
18	48	0.29077423803349745
18	49	0.9349454575690987
18	50	1.5546392701920426
18	51	-1.863394119533248
18	52	-0.5759403323429737
18	53	-1.2551786389101522
18	54	0.1777214877390454
18	55	0.008048152268699236
18	56	1.350827938988517
18	57	-1.1384192330825391
18	58	2.926023493538593
18	59	0.846436383864046
18	60	-2.672045716947779
18	61	-0.2784618175676088
18	62	2.1458143057480203
18	63	-0.6213226346472979
18	64	-3.472664708737247
18	65	-0.5769818765471568
18	66	1.6642673082058494
18	67	1.7981506433514127
18	68	0.4202760115173173
18	69	2.7514001903834906
19	19	NaN
19	20	1.4408155256844668
19	21	-0.3305333035063688
19	22	0.5178802309521999
19	23	0.22839089708781332
19	24	-1.8085679784213455
19	25	3.963641227920355
19	26	-2.9146920059239694
19	27	-0.006681953185121039
19	28	0.9468299644404199
19	29	-1.0504677115972736
19	30	0.5162685821619034
19	31	0.864234363093013
19	32	0.2704263587899521
19	33	-3.3014759443529775
19	34	0.2830521708237171
19	35	-1.0583285560654252
19	36	0.44907986388924365
19	37	0.007024377532010177
19	38	0.6050201948758633
19	39	2.4579681395243336
19	40	-0.7975637331093113
19	41	0.1331177974104208
19	42	3.842074846840908
19	43	1.8566424032198499
19	44	-3.1128469161881878
19	45	1.1400969121676021
19	46	0.002803357286841457
19	47	-0.6475080130350265
19	48	3.124833311237002
19	49	-1.2813231714132367
19	50	4.565457015337111
19	51	1.0088026108836556
19	52	-0.7614371507581726
19	53	-0.7320595572745016
19	54	-0.5675751872894771
19	55	-0.600887500348812
19	56	-3.8168248601003962
19	57	-2.2231077828992616
19	58	0.225116855800349
19	59	0.3491651015999365
19	60	1.793401162109631
19	61	4.539821358447788
19	62	-2.7174426190882888
19	63	-0.45924101127836975
19	64	2.929685653709217
19	65	-2.281026660891318
19	66	0.1206839375282102
19	67	1.3615184476049267
19	68	-0.7893577353033655
19	69	-0.5340809799277273
20	20	NaN
20	21	-0.2794096354815986
20	22	-1.1698929715144337
20	23	1.5756506360005418
20	24	0.1184022616629006
20	25	0.5848509609286866
20	26	-0.6738076203581467
20	27	-2.074000737567485
20	28	0.21756851088565918
20	29	2.524206820828996
20	30	-0.821625207569595
20	31	-1.6574367247900943
20	32	1.740974119659286
20	33	-1.2595064970501004
20	34	-3.350420241729676
20	35	1.6946257125702904
20	36	-2.525646186521335
20	37	-1.7376514967891048
20	38	-0.30858756838233564
20	39	-1.109751934425874
20	40	-2.102605367572206
20	41	-0.014966804759832896
20	42	2.8766108119580793
20	43	0.8415186426583184
20	44	-2.552929129130745
20	45	-3.237601038839005
20	46	-2.6258925148735663
20	47	-3.4576332928852382
20	48	-2.724983800762472
20	49	-1.2466811530516244
20	50	-0.35796353150614146
20	51	-0.4594088506881844
20	52	-2.6885834938520143
20	53	6.8005612415871814
20	54	-0.9458531527434346
20	55	-0.6878260046206
20	56	2.429182374140055
20	57	0.4359457083787043
20	58	1.076240782463661
20	59	-0.9969488702217328
20	60	3.838625301232618
20	61	2.6598220661258494
20	62	0.42844954764696597
20	63	-1.194966075292156
20	64	2.8564530415422773
20	65	2.636545537603899
20	66	0.7346616066883638
20	67	3.2435493138689444
20	68	3.3986970980271742
20	69	2.189575496334379
21	21	NaN
21	22	2.8566303192870435
21	23	1.9230016484416816
21	24	-0.5212416144299291
21	25	-2.0422457619642786
21	26	-1.0655908828619143
21	27	0.3419676623302072
21	28	-0.39203375259719475
21	29	-1.40734842077643
21	30	-2.7678095057930827
21	31	-0.7766571734593579
21	32	-0.9630089982150604
21	33	1.065628777779054
21	34	-1.886385236099974
21	35	-2.792174528153322
21	36	-2.1258136591907792
21	37	3.708836720153907
21	38	3.8531540852783905
21	39	-1.9807795949480385
21	40	2.4089178421508652
21	41	1.4148841380836747
21	42	1.1617507411233485
21	43	0.2867616947188096
21	44	0.030519497603146185
21	45	-2.4092106103101703
21	46	-1.5647125580671515
21	47	0.20826307274397188
21	48	-1.8112534042083994
21	49	-0.09970651465890777
21	50	-2.2198922279495967
21	51	0.2311287706964445
21	52	1.5558647074828729
21	53	1.589263914667955
21	54	-1.4753547170486006
21	55	2.509980733686223
21	56	-0.47852826946187105
21	57	-0.9406161542396521
21	58	0.9125235566270685
21	59	1.2662832742415295
21	60	1.0075769166604793
21	61	-1.8570034128318897
21	62	1.5160476051622271
21	63	1.4345724117865148
21	64	-0.6995133946915955
21	65	-0.30501216436218637
21	66	-3.0304719284850052
21	67	-0.6877398948971303
21	68	-0.562839899441047
21	69	0.1969760971483839
22	22	NaN
22	23	-1.4042470999687775
22	24	-0.8875349529785743
22	25	-0.2521411957821247
22	26	44.6509623472425
22	27	-1.8280235008395271
22	28	-1.1486313851062433
22	29	0.3616270514722626
22	30	-1.1635281872110197
22	31	-1.3918293411736904
22	32	-1.2911957243284278
22	33	-1.7215837294481229
22	34	-0.9876068979661633
22	35	-0.4512842592786192
22	36	-0.7171829652149941
22	37	-3.06571680713793
22	38	-2.180894310541247
22	39	1.2543601043842894
22	40	-1.5206503521818653
22	41	-2.386789717853687
22	42	-0.43710081681828783
22	43	-3.003381122629997
22	44	-2.3147598178772535
22	45	-0.81120630219616
22	46	-1.5294950488476724
22	47	1.918062421725139
22	48	1.2839514355624115
22	49	0.9989487760936934
22	50	-0.07553975703058242
22	51	-3.982570132833752
22	52	-3.8355171004257387
22	53	-1.2393563118810433
22	54	1.3498256258732526
22	55	-3.3083342523094026
22	56	2.502480686765568
22	57	1.1479420915386822
22	58	2.3287645585889467
22	59	2.9327443430721774
22	60	1.0912434003847438
22	61	0.48519674010495895
22	62	0.6213139859699263
22	63	0.2446491021432942
22	64	0.2698264136116323
22	65	-3.3658408376101967
22	66	1.5354036222204859
22	67	-1.9326889859524468
22	68	-2.542724307355725
22	69	-3.155591099875535
23	23	NaN
23	24	-0.7753642182234646
23	25	1.4709312131574381
23	26	2.584474521885571
23	27	-0.37769023127304324
23	28	-0.5637617041844551
23	29	0.7213641091470322
23	30	1.3274324601560783
23	31	-2.1818241131997294
23	32	2.8240006136979185
23	33	-2.379516646448284
23	34	-0.8257414493013521
23	35	6.381412199450723
23	36	-4.315436483712768
23	37	-1.8386332763291189
23	38	-0.506665647876434
23	39	-2.47612574753231
23	40	-2.418441338197483
23	41	-0.29813907165771286
23	42	0.5879998445466886
23	43	-0.9582211937797416
23	44	-1.02412719847759
23	45	2.550694244126322
23	46	1.920915904186766
23	47	-0.7660649296498929
23	48	1.737367852072745
23	49	-1.420898859791521
23	50	1.074422040102665
23	51	2.5886043825092915
23	52	-4.380685164249181
23	53	-0.17296392726562196
23	54	-0.5997712893620881
23	55	-3.567635722026365
23	56	0.5581321944672037
23	57	1.5506270436854523
23	58	-0.434129307651698
23	59	-0.5912669240946188
23	60	-0.36617258867141206
23	61	-1.6190284943740987
23	62	1.6632713336836362
23	63	-0.4680524275522828
23	64	-1.480899953267358
23	65	-1.8059205164703482
23	66	1.2614282929688065
23	67	0.6482976691174994
23	68	-0.48139350107886325
23	69	1.722808648657049
24	24	NaN
24	25	-2.604271274529777
24	26	-4.603083774370672
24	27	3.6926320210445778
24	28	-1.3168619350401864
24	29	-1.33256783413244
24	30	-2.9440140407156234
24	31	-1.006489459857965
24	32	-2.8281617713557026
24	33	-0.3706403630663974
24	34	-2.2162132763685958
24	35	-0.052449331400529355
24	36	-3.1513320083290854
24	37	3.597569516207726
24	38	1.629625510883301
24	39	-0.6814650100668116
24	40	-0.42389276598797354
24	41	0.7202955414288167
24	42	-2.1757852258778727
24	43	0.21161339791675113
24	44	2.399531431650975
24	45	-2.6300209386720845
24	46	-0.9974604758572798
24	47	1.362402982202247
24	48	0.3776804831523646
24	49	2.5884061415261157
24	50	-1.6835112584775616
24	51	-1.5209992201172349
24	52	1.2049330717142783
24	53	1.6382282661394445
24	54	0.989414785355681
24	55	4.373750189244264
24	56	-0.2115020125218562
24	57	-2.6095368912529384
24	58	-0.17583970022303347
24	59	-1.4371798562427056
24	60	-2.0473037264431815
24	61	-0.0624537292421596
24	62	-0.5591532001762282
24	63	2.916251914208894
24	64	-2.4430522580267025
24	65	-1.5463125377357534
24	66	0.5886279734871281
24	67	-2.6109410254154923
24	68	-1.1867563929429132
24	69	-2.3736579376938036
25	25	NaN
25	26	4.475834357672301
25	27	-2.55875504749326
25	28	0.13204765764219475
25	29	2.393858875314025
25	30	2.587215162701545
25	31	1.7771461016957644
25	32	2.419300296108824
25	33	-0.35962600581432624
25	34	-1.2649416354237004
25	35	-4.594525586527924
25	36	-1.4574241814601359
25	37	-0.38820384724016116
25	38	-0.5279649608444691
25	39	3.5561458766268688
25	40	-0.350175810424989
25	41	3.048295832531452
25	42	6.054053593908908
25	43	0.48906087033346946
25	44	-2.4187864334655576
25	45	5.98034476654457
25	46	-0.6439181484228237
25	47	1.165392293825122
25	48	-2.002797782146347
25	49	-3.604839252232324
25	50	-4.283854823555901
25	51	0.39771500573591595
25	52	0.19451700065780725
25	53	0.5567823930919689
25	54	0.3513219641782815
25	55	-1.3931820120089713
25	56	-4.594204617539331
25	57	-2.7604478974338367
25	58	3.61908994208344
25	59	1.5875768398984287
25	60	-1.0888087574504945
25	61	3.674468806136203
25	62	0.8380761568631269
25	63	-2.0416202483191874
25	64	0.7541186699991453
25	65	2.941661253257393
25	66	-2.961876518517333
25	67	0.9045460034758804
25	68	5.130033800898068
25	69	1.9435669349565474
26	26	NaN
26	27	-1.819780769390758
26	28	0.30579647379855096
26	29	1.5273355192748606
26	30	1.3449843016430458
26	31	-1.055363680905385
26	32	2.206396034119859
26	33	-1.6614592391587502
26	34	-0.18576415148331843
26	35	-2.8450577436144586
26	36	-4.891096497415306
26	37	-2.247133353022668
26	38	-2.688432389017535
26	39	1.8097964218760931
26	40	-0.2841844438680922
26	41	-1.2184145052244664
26	42	-0.667672020494698
26	43	1.5400050700914742
26	44	-1.3485696790498694
26	45	3.295825072104875
26	46	3.767872351671385
26	47	-2.729278538693826
26	48	-0.8752870911556937
26	49	-1.9234779949201182
26	50	1.8498330948245467
26	51	-0.6016697441161366
26	52	-0.8802027633760353
26	53	0.14494474153067338
26	54	-0.24441450115615315
26	55	-1.4234241690501848
26	56	2.723182519248659
26	57	-1.1364534573072833
26	58	-0.3293585551115324
26	59	-2.160084355678553
26	60	1.004346960085782
26	61	-0.8495306423237423
26	62	1.9888993702662612
26	63	-3.785602838269502
26	64	-1.7607280292771157
26	65	1.2516214035835342
26	66	2.6750045766567787
26	67	-1.6911015520504684
26	68	-3.337308381927825
26	69	0.24461751916998645
27	27	NaN
27	28	-0.39655496759577846
27	29	-0.7661104172592088
27	30	-0.5300677178742117
27	31	0.5770129288367849
27	32	-1.306791593742545
27	33	2.653474218536162
27	34	-2.3471096691913633
27	35	7.82852133395759
27	36	-2.8202498920047554
27	37	1.0856560924320884
27	38	2.4376488662126463
27	39	-2.4102442002143167
27	40	1.5992789584739022
27	41	2.7395756991596563
27	42	-1.7681271848972193
27	43	0.8181730015264548
27	44	2.4730181911779514
27	45	-0.512414137730621
27	46	0.3726082800342911
27	47	-0.7587202230789456
27	48	0.1883759907997088
27	49	-0.14673217019719367
27	50	-1.9688946341682503
27	51	-0.02706978970813633
27	52	1.3451349949443445
27	53	-1.147059655249045
27	54	-0.6456955881011007
27	55	2.227343487299961
27	56	0.26137585556579374
27	57	0.11548804191544829
27	58	0.1714599602208693
27	59	-2.733587242800061
27	60	-1.9881352378515817
27	61	-2.2399326329539124
27	62	-0.2835819038920567
27	63	3.5405837035281795
27	64	0.34334389302443263
27	65	-0.586569788232995
27	66	-0.48684979073227413
27	67	-1.3344101659252048
27	68	-1.8176724661279628
27	69	-2.9055311087337823
28	28	NaN
28	29	0.8126265356947941
28	30	-1.1164918575230758
28	31	0.9349851021832799
28	32	-0.9861740434048655
28	33	-0.40912709172005496
28	34	0.8493233484510612
28	35	12.083442846132378
28	36	-2.9510690915685425
28	37	0.2612920501549492
28	38	-0.6779011211619241
28	39	-2.3050322937888312
28	40	1.2554358026061971
28	41	0.026537739827296895
28	42	0.5063982939007766
28	43	2.298034360597653
28	44	-0.9018004189986313
28	45	1.5417269043954491
28	46	-0.028571794248150113
28	47	-0.8233982201670652
28	48	-0.00577533491306898
28	49	-2.8960300369658434
28	50	3.844041897744787
28	51	-0.8850036154594804
28	52	-2.708125614821675
28	53	-1.8789814174524948
28	54	1.1139858715830737
28	55	0.9716159375395783
28	56	-1.7770117665821668
28	57	0.38095898529871897
28	58	-0.23376907336393474
28	59	3.328499264813194
28	60	0.5927710259801515
28	61	-1.0585025785348838
28	62	1.7630562623063255
28	63	-0.6922841495483504
28	64	1.1917072662422992
28	65	-1.2123033309384594
28	66	3.7048898118977536
28	67	1.3718003216861414
28	68	0.7264680306663523
28	69	1.2168486048182687
29	29	NaN
29	30	1.4259535737888196
29	31	3.8011686843833394
29	32	1.0849813357341525
29	33	-3.5325650979949996
29	34	1.4922033855034882
29	35	1.2821965652411396
29	36	2.0537964910069455
29	37	-1.959841401108418
29	38	-3.5953637979516553
29	39	0.23824456209553152
29	40	-2.4359406283693286
29	41	-1.2410436279963688
29	42	1.2157871429997416
29	43	-0.05637526383883141
29	44	-3.616073325154118
29	45	-1.397925899750078
29	46	1.1526285198503716
29	47	1.8913585463143676
29	48	-1.0064286135505625
29	49	-0.25732478724792146
29	50	-2.1592289399203883
29	51	4.410361077780783
29	52	0.7145955579173605
29	53	-0.7680717522336418
29	54	0.7534632051780812
29	55	-2.6763226125759054
29	56	-1.0014201912818568
29	57	-0.08287328092574699
29	58	-0.3387501085203454
29	59	3.21077445121341
29	60	-3.430641808681373
29	61	0.3393421410168487
29	62	3.0678056087301964
29	63	-3.3202520904724024
29	64	0.5119954107536628
29	65	-4.177394979150316
29	66	-0.8679455104860503
29	67	1.3756226387329347
29	68	-0.19768821554181631
29	69	1.592382273260188
30	30	NaN
30	31	-0.7459924533791097
30	32	2.4603931790313953
30	33	-0.6934992216588122
30	34	-0.8070024698329087
30	35	-0.7372098318116794
30	36	-2.443147507053324
30	37	-0.4439334847286631
30	38	-1.1370450402719243
30	39	2.1751382444160163
30	40	-2.6086059346701864
30	41	-3.313203890592917
30	42	0.35203800137355495
30	43	-0.7182697009286778
30	44	-1.3230643208362467
30	45	3.6029233193647445
30	46	-1.875713359977671
30	47	0.5607820614523524
30	48	1.3548716966861354
30	49	2.271643207105403
30	50	2.768432353753995
30	51	2.032784085515557
30	52	-2.723275441147561
30	53	-0.9922163311637745
30	54	3.0822994539545574
30	55	-0.7893689593907839
30	56	0.24642029018059666
30	57	-1.3649485940332011
30	58	-2.148683105365045
30	59	2.311149860321683
30	60	2.5467632345749895
30	61	0.07165369784087536
30	62	-0.17548048738189223
30	63	-0.19689092110458434
30	64	2.587471569572993
30	65	1.380848244455791
30	66	3.5913670339211046
30	67	2.6321033202209883
30	68	1.4393096896869755
30	69	-1.402869518935195
31	31	NaN
31	32	1.5164927197041456
31	33	0.4916697531857325
31	34	1.9369993383793238
31	35	-2.10898288753719
31	36	-1.0749082484923504
31	37	0.07184513582796308
31	38	-1.3773621176869233
31	39	-3.041010558720317
31	40	-0.7152130562143101
31	41	-1.3707145495381643
31	42	1.067837720694717
31	43	-2.200480806631487
31	44	1.0673272344870242
31	45	4.650807610073453
31	46	0.6146971591710374
31	47	-1.3301231580697828
31	48	-1.6803851821918165
31	49	-0.492064093322125
31	50	0.5832030061272275
31	51	0.6883729399773181
31	52	1.8878513093497082
31	53	2.049690665606876
31	54	1.4065554533730733
31	55	0.28712038493287056
31	56	-5.033139854074204
31	57	-1.6955986857163603
31	58	2.8934988917126723
31	59	0.46667038966528257
31	60	1.0035955100228626
31	61	-0.05813963380035399
31	62	2.4759166996745585
31	63	-2.319361100585375
31	64	2.6523458290503066
31	65	-1.914642782419812
31	66	1.925062880530598
31	67	2.7496586427313434
31	68	-0.7215977258209866
31	69	2.202851900772612
32	32	NaN
32	33	0.18409608810633388
32	34	0.8857511968992159
32	35	5.306493900064279
32	36	1.176171769203389
32	37	0.4117375870954124
32	38	-1.6774135252451703
32	39	-4.169937086736266
32	40	1.5151677710968572
32	41	-0.26151065332408024
32	42	3.140966826904079
32	43	-4.0085620318046775
32	44	0.6476125633795274
32	45	0.06412249741238678
32	46	3.913217990940136
32	47	-2.735444401900667
32	48	0.8961648315361119
32	49	0.23208698800208696
32	50	0.2408713134956791
32	51	0.23085885616058768
32	52	-3.1785667961884942
32	53	-1.3097567028462027
32	54	-0.34539155578058384
32	55	-0.8439944553296379
32	56	-1.5304549963643677
32	57	-1.5524048156864552
32	58	0.46980097636084833
32	59	0.03013507831572371
32	60	-1.4949428777492089
32	61	4.033404082369517
32	62	1.0585514717046114
32	63	1.0830225374907045
32	64	0.6984514759977158
32	65	-1.2423856644343025
32	66	3.1110429867798883
32	67	-0.4649352847405416
32	68	-0.5625478767248371
32	69	0.8486101283808481
33	33	NaN
33	34	-0.7718459987410391
33	35	-2.567398352946169
33	36	-1.0869997540275518
33	37	0.10453655880844907
33	38	3.364427220543287
33	39	-1.0422858833395736
33	40	2.274153088162103
33	41	0.07885744678325425
33	42	0.3226874291415888
33	43	-1.4075777152745215
33	44	-0.389016712228006
33	45	-0.19426069849180105
33	46	-2.450544686683486
33	47	1.23224582220392
33	48	-1.1049900458366892
33	49	4.287980003242597
33	50	-1.0381477217829063
33	51	-1.7005293272188342
33	52	3.2178337699593067
33	53	2.1154431696596725
33	54	-2.325253771689947
33	55	2.928548429826383
33	56	0.9872734830130626
33	57	13.564135712214014
33	58	-2.0042492715025544
33	59	-4.688688156310795
33	60	0.14096842963055708
33	61	-2.274360976199757
33	62	2.170489882164665
33	63	0.5322779668253936
33	64	1.0799709750685786
33	65	0.48896466839126096
33	66	-2.2169214111810853
33	67	-0.8951094548901016
33	68	1.5122094558843724
33	69	1.29735077419855
34	34	NaN
34	35	-0.29536058679574195
34	36	4.872794511323337
34	37	-1.8831902757878352
34	38	-2.9282702818509483
34	39	-4.3532853560300815
34	40	-0.6755984830491955
34	41	-4.967675199839594
34	42	-3.072274478083315
34	43	-0.9682927092591446
34	44	0.08989947040019726
34	45	-3.238803176013362
34	46	0.28939369460085496
34	47	-1.816236055177716
34	48	3.0208599969763767
34	49	-1.8644312089137285
34	50	-2.556575412483533
34	51	0.6198529230576773
34	52	-2.8185194933956264
34	53	-3.5929018353272486
34	54	-2.734020945284174
34	55	-2.787944122947473
34	56	1.1403795431860093
34	57	-2.193576593119047
34	58	1.8402789216643556
34	59	-0.9026412355746957
34	60	-1.8441023838815493
34	61	1.5847199348733565
34	62	0.8648104863199725
34	63	-2.4980647736630868
34	64	4.786737356739726
34	65	-1.3356680968131411
34	66	-0.33874787673506895
34	67	1.1803036508732196
34	68	4.14790266694829
34	69	0.02908133171954519
35	35	NaN
35	36	-1.7524187830228002
35	37	-0.5261461515469249
35	38	-0.5301386549757261
35	39	-5.075119786796924
35	40	0.11857584936583906
35	41	-1.7189791049072514
35	42	-1.6926817512785957
35	43	-2.62581850635927
35	44	0.6177867543083452
35	45	1.7875272468381547
35	46	0.8514628362210982
35	47	-2.2659211414672606
35	48	1.7309391884820777
35	49	0.5139631149408582
35	50	0.9830451005694948
35	51	2.1249794273326987
35	52	-0.14799974088065013
35	53	-3.311362836773666
35	54	-1.5433352112950958
35	55	0.620011921080636
35	56	3.9304365126530234
35	57	-1.243936632302033
35	58	-2.1678413686309574
35	59	4.834894106193514
35	60	3.1139373352159696
35	61	0.05174338220132359
35	62	-2.2998387816189765
35	63	1.473425081032627
35	64	-0.9892837610651876
35	65	-0.30797192457413075
35	66	0.5318060874315934
35	67	-0.6608908936716058
35	68	-0.3574038084766783
35	69	1.9127828637451807
36	36	NaN
36	37	1.3568842077585719
36	38	-0.763282103909601
36	39	-5.146928404214571
36	40	-2.3226604217753164
36	41	-2.2097769012731896
36	42	-4.14592361618527
36	43	-1.1568082280155871
36	44	-3.7550638092688673
36	45	2.870335901631923
36	46	-4.778115454153419
36	47	-3.6221139936708413
36	48	1.2740288774398307
36	49	-2.196533609914414
36	50	-1.8385553509160122
36	51	-1.4130356500761856
36	52	-2.559057068355032
36	53	-1.9540350389886598
36	54	-2.776652462455942
36	55	-2.4362154727600074
36	56	-4.630992279811693
36	57	-2.5353404989751667
36	58	1.587867274930288
36	59	-0.3700623695545487
36	60	2.736036498137314
36	61	-1.4085433811725843
36	62	-1.454409364983924
36	63	-1.1035522070037511
36	64	1.6722209425348717
36	65	-0.6314084690835519
36	66	1.3787783168214682
36	67	-2.0427106801091677
36	68	-1.2471771584489997
36	69	-2.4109907146182383
37	37	NaN
37	38	3.755280345032017
37	39	1.1127511312175284
37	40	0.28130519847176183
37	41	-0.8884812638693435
37	42	1.1014109721673342
37	43	-3.8675263914594686
37	44	0.5129946870338828
37	45	0.42173951107648155
37	46	-0.6910116581692242
37	47	0.6088837811782967
37	48	0.986672613111428
37	49	1.2731390218390413
37	50	-1.6661828518987076
37	51	-2.696850956411438
37	52	0.9978752055305663
37	53	-1.4475651548639281
37	54	-1.2458847784172928
37	55	2.395141394302482
37	56	0.8168250761263759
37	57	-0.1485372822121752
37	58	-3.034614066365417
37	59	-2.388884254025973
37	60	0.07822251853231124
37	61	-0.85402528765615
37	62	-1.675510874379257
37	63	1.249422573551355
37	64	0.08840919536391643
37	65	1.7504105694902092
37	66	-2.3659014201933344
37	67	-1.2665184257430775
37	68	0.3693395159831275
37	69	0.7421352983527442
38	38	NaN
38	39	1.4647574807876753
38	40	3.308977716990338
38	41	-1.1050488757000096
38	42	-1.8406107443490698
38	43	4.25262609061404
38	44	3.5212014659373505
38	45	-3.1109710869990255
38	46	-1.3145333341916643
38	47	0.1511966143349554
38	48	-2.7923612289481543
38	49	0.4984669587111195
38	50	-1.5727475266561342
38	51	1.8148478215278692
38	52	3.2228316888599746
38	53	1.460317078011435
38	54	-1.173719197608452
38	55	3.6905183971043622
38	56	0.04426354800174104
38	57	0.47099140901092196
38	58	2.485088868436436
38	59	-3.4730423503180186
38	60	0.8887976251836418
38	61	-2.0583481047422203
38	62	0.9954108284695944
38	63	1.182884051931743
38	64	-1.1654012893875942
38	65	-0.7423252498079677
38	66	-1.0646381061560826
38	67	-1.8423232231878122
38	68	-1.7123689483067739
38	69	-1.3896183624343954
39	39	NaN
39	40	2.4071463807812066
39	41	-0.48106482059412164
39	42	3.181444071694803
39	43	-5.259732676609083
39	44	-0.826519442583473
39	45	0.17559379871828004
39	46	1.754678821054234
39	47	-1.792916406841081
39	48	0.5543244457441759
39	49	-1.4348111308665814
39	50	-2.8319564274687474
39	51	-1.66421497514999
39	52	-3.3818276298940213
39	53	-0.4792403723476288
39	54	-3.938147764859685
39	55	-1.3920244152258632
39	56	0.4006688676714057
39	57	-3.4859507732855675
39	58	4.122900177278149
39	59	3.0154918820043526
39	60	-0.32892956728345624
39	61	-0.8224557366343549
39	62	1.2930269059316402
39	63	-2.87450572545866
39	64	-0.8867518766081915
39	65	-4.682814671976072
39	66	-3.874119408350361
39	67	0.2079630642806482
39	68	-0.616582768992825
39	69	-2.420210359536187
40	40	NaN
40	41	0.9248773357577562
40	42	0.21282761567970138
40	43	-0.6978702041192372
40	44	4.5176543386545935
40	45	0.8719581516108633
40	46	1.268721433850493
40	47	3.125448884856659
40	48	-1.4880243120028827
40	49	-1.9415541052747083
40	50	0.32700103617093307
40	51	0.2919964851565761
40	52	5.155543331205207
40	53	0.5176418441524023
40	54	2.769259319223108
40	55	2.555596648436425
40	56	-0.3273278100312056
40	57	-2.661985561811853
40	58	-3.197318165555188
40	59	-1.4362734938384516
40	60	-2.138062608852572
40	61	-3.4902655271260894
40	62	-1.4107162952526262
40	63	0.5187256241949112
40	64	0.6474577059723331
40	65	-2.1042086904142394
40	66	-0.09680558546117442
40	67	-4.604618611563776
40	68	0.7500673547512724
40	69	-3.5167885256692917
41	41	NaN
41	42	0.92320326206767
41	43	1.4405593567855182
41	44	2.5417534175306953
41	45	-3.6573047581194653
41	46	-5.52690430356461
41	47	0.437222354354178
41	48	-0.06537393646785294
41	49	2.380739944782102
41	50	-1.5766370257442592
41	51	-0.44731600815376865
41	52	3.1254072295853934
41	53	-0.3193597811854836
41	54	-0.6588801080448795
41	55	-0.6790970743490841
41	56	-1.984751605809772
41	57	-3.4501662977589005
41	58	-2.7598471547494507
41	59	-1.328832309943335
41	60	-3.3700534248825686
41	61	1.9033295142013567
41	62	2.3921125272979795
41	63	-1.2065163159216559
41	64	-0.6153789021447992
41	65	-0.4673514440428806
41	66	-2.3903672995801344
41	67	-2.617253265417835
41	68	0.6575574488907432
41	69	-0.5142942914972204
42	42	NaN
42	43	3.0484328571288
42	44	-3.345754959053239
42	45	3.7296792318423844
42	46	1.0824025488907922
42	47	-0.5813986691551186
42	48	-0.06466800270429195
42	49	-1.8043970265718023
42	50	0.3863554473778231
42	51	0.07792842275111694
42	52	-0.8309976707658144
42	53	-1.2685213594671454
42	54	-2.657930758811263
42	55	-0.7453437075016482
42	56	-0.45509827134272407
42	57	0.19949425575055743
42	58	0.0574546019557886
42	59	2.7266158758759342
42	60	-1.2755118720691994
42	61	0.09865244878885675
42	62	-0.6102276424711583
42	63	-1.2476247056338456
42	64	-1.4389313088545759
42	65	2.989403803449071
42	66	-0.0317941505226593
42	67	0.6083368123779826
42	68	1.4155361520855205
42	69	1.903348449993528
43	43	NaN
43	44	-1.1911232239707412
43	45	2.650236647261825
43	46	-1.5078566269863933
43	47	2.6019304248979154
43	48	5.527020160840824
43	49	-2.1434101229474862
43	50	0.45313331645233457
43	51	2.042540863319787
43	52	-1.3825228724941316
43	53	0.32945181432018156
43	54	-1.4607634092963198
43	55	-1.244094202147766
43	56	3.8903633888293307
43	57	0.3621520033467649
43	58	4.769472060878965
43	59	1.2324241785279502
43	60	-2.988129981234637
43	61	-1.2514081557914511
43	62	2.570840892156227
43	63	-1.4562968381540464
43	64	1.5767272801806156
43	65	1.8296440519914
43	66	5.42443889011465
43	67	0.22605623801405386
43	68	-3.1880331016884615
43	69	-3.1859380474138854
44	44	NaN
44	45	3.4338722708932155
44	46	-1.1278394248840906
44	47	2.883181983979269
44	48	-2.7262231906130467
44	49	2.3641455504997335
44	50	-1.5611800682883945
44	51	-3.4397756162554343
44	52	-0.47493565948473604
44	53	2.529863773687499
44	54	-1.4820179675017318
44	55	1.669204525154747
44	56	2.7668026344421017
44	57	0.7023901951665272
44	58	0.6170920159455346
44	59	1.5038200844178637
44	60	-0.9642985454218026
44	61	-1.5323964213970491
44	62	-3.2294321114362647
44	63	1.0638853209531427
44	64	0.7253089644097175
44	65	-0.7981993391913133
44	66	3.309212279790318
44	67	-2.366421706470667
44	68	0.34152689890031357
44	69	1.3605686735311915
45	45	NaN
45	46	2.2884450057715364
45	47	3.292799109686688
45	48	2.3889631397862297
45	49	-0.10166501515988309
45	50	-1.7195890430805927
45	51	2.920449787633769
45	52	4.217875504868065
45	53	3.644122591862296
45	54	2.909583121549874
45	55	-1.691291679062746
45	56	-1.9440283840182548
45	57	0.6848332123587788
45	58	-2.747669845901216
45	59	-0.48137305876922054
45	60	0.2803112288304974
45	61	2.7043878894595057
45	62	-0.5285073411995599
45	63	-4.096705859518647
45	64	-0.2678941839049336
45	65	-0.7064211467230824
45	66	-2.4945945173466297
45	67	-4.267605971336969
45	68	-0.11178826430454775
45	69	3.951941360844462
46	46	NaN
46	47	4.548390708540793
46	48	1.4538710463492592
46	49	-1.1316806861874729
46	50	-1.326318142511986
46	51	-2.8187930108325503
46	52	-0.8049856568436567
46	53	-1.036534915803534
46	54	-0.32427620926315875
46	55	-1.928716393887023
46	56	-0.30591954524977366
46	57	4.649317152930428
46	58	-0.7343969628415344
46	59	-0.3902213926455875
46	60	-0.04921943043012018
46	61	3.99369776547935
46	62	-0.3996251465421743
46	63	-0.7900483762974189
46	64	-1.8768846365433693
46	65	-0.5677109202516355
46	66	-1.457048558671388
46	67	2.06544530779847
46	68	-1.2610082056892686
46	69	3.5051189492354498
47	47	NaN
47	48	2.3053001825657424
47	49	2.9259802134616555
47	50	1.1380815287585688
47	51	4.127043815641489
47	52	1.7327612526734324
47	53	0.14120816370803183
47	54	2.5237012049459953
47	55	-0.8842722154663959
47	56	-1.68875844508891
47	57	-1.8199238568415956
47	58	2.378078015103813
47	59	1.8286113213129873
47	60	0.4545377462560313
47	61	-1.8465621420487064
47	62	-0.39121519244968317
47	63	-0.6720695847770678
47	64	-0.5303065413034914
47	65	-1.001128192511728
47	66	-2.5947690499915477
47	67	0.8435523641489054
47	68	-2.7101314895314674
47	69	1.9919259242056933
48	48	NaN
48	49	-0.6030044370593998
48	50	0.808121292733218
48	51	-0.15267044702259489
48	52	1.4919663212305176
48	53	4.5181386755732875
48	54	2.754773173099746
48	55	-0.0773665345894202
48	56	-0.029613560500891593
48	57	-0.518419273704173
48	58	-0.3430400865515076
48	59	0.20725543432053356
48	60	-0.3509147566674904
48	61	-0.5621912106702776
48	62	-2.512269504939146
48	63	-0.7488724038497142
48	64	-2.072746757640152
48	65	-0.39032511479029947
48	66	1.7382698630467468
48	67	-0.5552187695728054
48	68	1.6447434544558148
48	69	3.1480561498568322
49	49	NaN
49	50	0.4698392950464231
49	51	-0.3675986957339476
49	52	1.5402770701116124
49	53	0.9050499792233914
49	54	1.1333580921104414
49	55	3.087394297299952
49	56	-0.3747849724822817
49	57	-2.955388166950343
49	58	-1.3674637299069867
49	59	1.4552818629164626
49	60	-1.0053319831990353
49	61	-1.5398591428026989
49	62	-1.5217529061528285
49	63	2.196770491513055
49	64	-2.1637154745407527
49	65	-4.0588829276416405
49	66	-0.6309320356474561
49	67	-0.9074519262147033
49	68	-0.19104216310938554
49	69	-0.2633905232744885
50	50	NaN
50	51	-0.014677569096674885
50	52	-1.5654513690014351
50	53	-2.7859916003513385
50	54	1.3070349907960275
50	55	-0.874055029844786
50	56	-3.333252817809307
50	57	3.6304188697010047
50	58	0.275448693481409
50	59	-0.6220214568620837
50	60	3.6083451308545764
50	61	4.53426937235509
50	62	1.6964694301324237
50	63	1.5809132776688415
50	64	-1.6525701293538253
50	65	-0.8327599930343195
50	66	0.9591921526332439
50	67	0.8717997539338972
50	68	-0.8298021887342864
50	69	-2.2896289144063355
51	51	NaN
51	52	0.22252667109644153
51	53	-1.1392174832148048
51	54	-0.26504478758492567
51	55	-1.1421936843354
51	56	-4.000369827951269
51	57	3.1501174712273956
51	58	0.2703290521350795
51	59	0.2859384566758023
51	60	0.30948893471501143
51	61	-0.4557306841326159
51	62	2.8122131723484527
51	63	-1.2637295766607721
51	64	-1.719400905125308
51	65	1.4776745031198144
51	66	-3.734250107286555
51	67	2.65713870638066
51	68	3.0562175929790447
51	69	2.162668758480139
52	52	NaN
52	53	0.288788548836004
52	54	0.5230029842518173
52	55	3.6052867796493935
52	56	1.8767398946974576
52	57	0.19134727345890212
52	58	-2.5563798903285675
52	59	0.45020958938694117
52	60	-4.90414681714253
52	61	-2.4344878669389978
52	62	-1.6944079329946324
52	63	-0.012606731056837383
52	64	-0.38406527367631627
52	65	1.6611095630230526
52	66	-0.5659456990298795
52	67	-1.7096702562452297
52	68	1.3795239155117847
52	69	-0.5502693563156683
53	53	NaN
53	54	-0.6530529559036006
53	55	0.18058995068952055
53	56	-2.9245829810922315
53	57	-0.5824997720474169
53	58	-1.3078216570433578
53	59	1.3802033050946962
53	60	-0.08898134254043512
53	61	1.5357955787730415
53	62	-0.15586714392395334
53	63	-0.42353632823443665
53	64	0.186405049823458
53	65	-2.2756910567236526
53	66	-2.170688105118563
53	67	-1.016950910386403
53	68	-3.776256149013289
53	69	-1.9474263861181889
54	54	NaN
54	55	2.3355814728599844
54	56	-2.518711504566973
54	57	-0.9429706454353357
54	58	-1.801254605498918
54	59	-0.8679440361811486
54	60	1.2759272298708433
54	61	0.3189197688159141
54	62	2.1152900676060544
54	63	-1.6226828801172475
54	64	-0.4552430670547485
54	65	8.693411908574136
54	66	-1.3478031226419362
54	67	1.2854228878895597
54	68	-1.427477385451647
54	69	1.205515912641933
55	55	NaN
55	56	2.2908420004541385
55	57	-2.463908575520993
55	58	-2.9099470011815227
55	59	-2.7487160589062882
55	60	-2.0926904919396683
55	61	0.23023040594145883
55	62	-0.7941771118106837
55	63	1.2306983259486757
55	64	-0.926039240026705
55	65	-2.013673968310659
55	66	-2.367057814494632
55	67	-1.7493930230654395
55	68	0.44291262376274776
55	69	0.3855429351398421
56	56	NaN
56	57	2.8900946728963777
56	58	2.2950259997503584
56	59	-0.4026974192632284
56	60	-1.8320357229131532
56	61	-0.9856971813084622
56	62	-0.1760807108478297
56	63	1.6304517085321357
56	64	2.1913623265962228
56	65	14.414392917568557
56	66	0.21391993280986513
56	67	-0.4395891597093246
56	68	-2.5972827334190853
56	69	-1.535562061638042
57	57	NaN
57	58	0.0632360359924373
57	59	-1.7397578684077717
57	60	1.2251790137474416
57	61	1.3515216848416287
57	62	-1.5473115599294274
57	63	0.8585759949342985
57	64	-2.3310868336871886
57	65	2.5927611807799145
57	66	0.31181496952928794
57	67	0.7591527858153069
57	68	1.1448686183069998
57	69	0.3674685625355378
58	58	NaN
58	59	4.0107114835466255
58	60	3.0213124040405734
58	61	2.1038857043063603
58	62	3.592503296842489
58	63	-1.5317176783746997
58	64	-2.141603566209014
58	65	4.0023621404985645
58	66	-3.1882858189615484
58	67	-0.877884008823244
58	68	0.614286322092342
58	69	-4.067336781076127
59	59	NaN
59	60	1.8257945170344414
59	61	2.825809868351534
59	62	-1.9422743576286452
59	63	-1.5790032353178973
59	64	1.3408393192358345
59	65	-2.6043650867593184
59	66	-1.183883852781803
59	67	-0.8299877539218101
59	68	0.9502039300130806
59	69	-0.444338834645792
60	60	NaN
60	61	3.720945923778
60	62	4.70103952032558
60	63	0.04500080706276062
60	64	-2.779047776431849
60	65	-2.116082831722521
60	66	1.4022072339823533
60	67	-0.9228934067248674
60	68	-1.5110785389663388
60	69	0.0807171549498413
61	61	NaN
61	62	7.616108025646632
61	63	-0.33313795836109905
61	64	-0.25272492886032194
61	65	0.8529706911630507
61	66	-0.3231610899004886
61	67	-1.8805995895952377
61	68	1.6156582427052593
61	69	-2.05169872435339
62	62	NaN
62	63	-3.8063839574714273
62	64	-0.23301972403884708
62	65	-0.9881116830946671
62	66	0.7790578691585641
62	67	0.22952455363411556
62	68	0.03997467339336987
62	69	2.252683726904763
63	63	NaN
63	64	1.7551462680492471
63	65	-1.8823358803266137
63	66	0.622377218308096
63	67	0.8994575951715879
63	68	-1.7374534740034286
63	69	0.17513743501254522
64	64	NaN
64	65	4.6185265698274005
64	66	1.1081023043782472
64	67	3.6430105893978335
64	68	1.1050690558345369
64	69	5.648861614467865
65	65	NaN
65	66	4.006901401184569
65	67	1.2595188334751537
65	68	2.3737208394891027
65	69	0.950932674818069
66	66	NaN
66	67	3.4531680422219133
66	68	1.3606578071028794
66	69	5.108383001798052
67	67	NaN
67	68	2.6886324895397395
67	69	0.8103044856423935
68	68	NaN
68	69	1.2783982195696095
69	69	NaN
