1	1	NaN
1	2	-0.19377287524677497
1	3	0.8028410722845032
1	4	0.18688106376787378
1	5	45.78627610227955
1	6	-1.910157278985063
1	7	0.43472683276358554
1	8	-3.294252267001836
1	9	-0.15655502232162546
1	10	-3.173203313409639
1	11	-2.3045797122730654
1	12	-0.8905309855944689
1	13	-2.2787595433812986
1	14	-3.6253642338700707
1	15	-1.689135395843076
1	16	0.5308247965992725
1	17	1.6010072732500475
1	18	-0.12940937818822287
1	19	0.6689170683132674
1	20	-2.268451961347868
1	21	-0.33688846205933387
1	22	0.7075282146153822
1	23	4.046494189179014
1	24	-1.618421927177378
1	25	-0.3677315443355541
1	26	-1.3233505623967916
1	27	-2.0678853898605376
1	28	-3.4195001308088844
1	29	1.324440907852271
1	30	-0.1577782602440212
1	31	-0.022835751799050934
1	32	-2.0833384101207466
1	33	0.393346282630378
1	34	-0.05099332658805542
1	35	-1.60772693637625
1	36	-1.2774022461467758
1	37	-1.4882492712193356
1	38	1.8631108027015226
1	39	-1.2855671462300333
1	40	-2.5730197553658747
1	41	-2.6537939886320276
1	42	3.905511207763441
1	43	-1.415772251869195
1	44	-0.18327562059661104
1	45	-1.656794558918255
1	46	4.5389478750551255
1	47	-2.094994887417149
1	48	-1.3311974744206512
1	49	-1.2806924510666295
1	50	-1.6454930442136313
1	51	2.091732588063681
1	52	-1.3174124214282645
1	53	-1.7738673746020623
1	54	-1.3213302983092956
1	55	-3.1752145218790986
1	56	-1.5980756129178346
1	57	0.5963588586466751
1	58	4.827202502148187
1	59	-1.787245314807017
1	60	1.4753873465616076
1	61	8.649439852007143
1	62	-2.7706110246354134
1	63	0.5486155015027504
1	64	-1.3596004441545106
1	65	-1.0878340801749218
1	66	-1.4060425542316677
1	67	-2.062268170277805
1	68	-4.812995789952534
1	69	-1.3740851138160877
2	2	NaN
2	3	4.501817045155732
2	4	-2.301482246051275
2	5	-0.5798538625983932
2	6	0.37119628131406135
2	7	-1.8407132164484217
2	8	-0.8033956569919259
2	9	-1.3343324938721404
2	10	0.7249314222121797
2	11	-0.0008793222646651441
2	12	3.5643457476536833
2	13	-1.364764217516122
2	14	2.1699579915578786
2	15	4.204353638403267
2	16	-1.5706965479200312
2	17	1.8043894628972428
2	18	5.217164515517671
2	19	2.6008191404724
2	20	0.8738772901139317
2	21	-2.6617770611867972
2	22	0.8008391334099021
2	23	-1.4562401927840398
2	24	-4.028232033030215
2	25	1.6602302956255133
2	26	-1.078136019834104
2	27	-0.1217690450480675
2	28	1.2479257118344458
2	29	-0.2772396794042741
2	30	3.036027137224118
2	31	1.560280645762207
2	32	0.34489536748361793
2	33	-1.2272075779853888
2	34	4.795327895027089
2	35	-0.7884870687007036
2	36	-2.7114682786296935
2	37	-1.216128305521678
2	38	-2.8650484501558897
2	39	-2.512782831853756
2	40	-3.530515875260878
2	41	-0.3073169696258609
2	42	0.08940317565221463
2	43	-1.9529064132766882
2	44	-2.031116788215126
2	45	1.63815048006526
2	46	-1.0074623029373053
2	47	-2.517975903822609
2	48	1.360386035375761
2	49	0.09292857272481199
2	50	-0.832747482764631
2	51	2.40614042515721
2	52	-0.9714852465774287
2	53	1.1001177587098094
2	54	0.0567829617668162
2	55	-1.664572495397943
2	56	0.09400643269210267
2	57	-1.8947478129529334
2	58	3.241719785329193
2	59	-3.0430051004282186
2	60	-2.0524752018677006
2	61	1.7414174893704624
2	62	3.47733373958597
2	63	-0.27585795446257316
2	64	-0.5856050003199389
2	65	2.5558863081647893
2	66	-0.9889018939608887
2	67	1.7869251192935838
2	68	2.6568785369604466
2	69	-1.321515295269665
3	3	NaN
3	4	1.6044803389633424
3	5	-3.2572262751843817
3	6	-2.262025444261246
3	7	0.531810086334813
3	8	0.5407353572091712
3	9	0.25941710540902396
3	10	-1.874504812291416
3	11	-0.25332863309581144
3	12	-2.3477529218896147
3	13	0.23020428585141814
3	14	-0.25829961349901964
3	15	4.679236381034505
3	16	-0.003528103323569462
3	17	-0.9627264086304866
3	18	2.030485332192269
3	19	3.21787014992179
3	20	2.3261128286283537
3	21	1.6566733639025752
3	22	5.31256359944363
3	23	0.7806112954646663
3	24	0.8320780443814079
3	25	-0.2321168290401664
3	26	0.6737920012960211
3	27	-0.11878757738793363
3	28	-4.5200119217386545
3	29	-1.0385541059844836
3	30	-0.3606609731639861
3	31	-0.42864136458315666
3	32	-0.42819955564424916
3	33	-1.014736453159674
3	34	-0.04257129814197756
3	35	-1.2359025672411112
3	36	-1.5447576192021955
3	37	1.6967206684198628
3	38	-1.3638311846518119
3	39	-3.263891680880935
3	40	-2.375925860848918
3	41	-1.0252326728942391
3	42	2.605581043525514
3	43	3.74431219509765
3	44	0.3362354982545617
3	45	-2.573735461788913
3	46	0.5370080463271001
3	47	-3.30418539971926
3	48	-0.6071320893472709
3	49	0.3898424310828593
3	50	0.5459241507940876
3	51	-2.8739099843921765
3	52	-2.0144676940191353
3	53	0.28758639104416844
3	54	1.714644481307785
3	55	-0.6170393753559503
3	56	-1.9871813099061935
3	57	-1.4783768590412434
3	58	1.7692002320702382
3	59	0.19591378269798945
3	60	2.580259609745079
3	61	2.9791705035470626
3	62	1.0153963414579594
3	63	-1.4797669188743352
3	64	-1.5605898918864514
3	65	-0.5499470913829151
3	66	-0.15383293453353902
3	67	0.32822403947372175
3	68	1.8366636875314772
3	69	1.3238042739454006
4	4	NaN
4	5	-4.081808164297347
4	6	0.6117803781176959
4	7	1.3093215580610167
4	8	2.2555391170238748
4	9	-0.8117985171941525
4	10	-0.6373268293009722
4	11	-0.10844113179118316
4	12	-1.143475710916513
4	13	-0.041129518979052156
4	14	-2.180638198988927
4	15	-0.4549111249154661
4	16	-2.9581928097289483
4	17	-0.8707384870352084
4	18	-3.023933673739573
4	19	1.2294156335729085
4	20	-1.9269499683808937
4	21	0.6766833214496462
4	22	0.13280031686363855
4	23	1.5411902089761014
4	24	1.092057020354472
4	25	-0.12494635262491895
4	26	-0.5189166638974313
4	27	-2.154865522851757
4	28	-1.6762234838718344
4	29	-0.4583946196772529
4	30	-0.9165166612751547
4	31	-2.829039198903993
4	32	-1.7295340207036032
4	33	0.11420694642931187
4	34	-0.9841315444885491
4	35	-0.8361078531681856
4	36	-0.3923093270666051
4	37	-1.2267766369718414
4	38	1.5033842163125377
4	39	-1.76418390041585
4	40	0.5543612289450617
4	41	-1.711766799313728
4	42	-0.6597012158909922
4	43	-2.6355609160986475
4	44	0.12783349926621115
4	45	-3.2130352243054676
4	46	-2.0478008067794207
4	47	0.8420938804606979
4	48	-3.327452803610039
4	49	1.1578500743589415
4	50	1.453442035715998
4	51	-0.5099958629478197
4	52	-0.5535682946190915
4	53	-1.2078596531530759
4	54	-1.5622870687846302
4	55	-0.2068485488926097
4	56	-0.24160810699794574
4	57	0.08310457213193709
4	58	-1.295279541079085
4	59	47.53021099876801
4	60	-0.22321017652815614
4	61	1.7572958619218157
4	62	-2.635785026331072
4	63	1.0321383610127584
4	64	-0.291087073878583
4	65	-1.9013497590317263
4	66	-1.4154583699314771
4	67	-2.2956343902741025
4	68	0.8409878573570503
4	69	-2.199272652233437
5	5	NaN
5	6	-0.6750131132079275
5	7	-1.239818193583649
5	8	-1.7260063129266856
5	9	-1.8150361911446993
5	10	-0.9885199301408328
5	11	1.3844540254657232
5	12	-1.5048923133010448
5	13	-0.3780290650826675
5	14	0.24792860727938512
5	15	0.9359625368328227
5	16	1.8656993920584546
5	17	-2.7993219391805475
5	18	-1.6939346363164358
5	19	-1.0518639617246623
5	20	-0.004136915809326908
5	21	1.9376629643885428
5	22	-2.2872693004456885
5	23	-2.554545349953414
5	24	-1.7032143497917251
5	25	-0.15191316536237906
5	26	-0.7519276623479906
5	27	0.07117773534216428
5	28	-2.719629460822214
5	29	-0.9621321107118201
5	30	0.5959314432602147
5	31	-2.126850901545531
5	32	1.9839494898136427
5	33	5.502692181688862
5	34	35.01130161512803
5	35	-5.684204139192189
5	36	7.308237843688654
5	37	-2.359425980702108
5	38	-2.5352785181175563
5	39	-0.6319841833560944
5	40	-4.188835619674218
5	41	-6.75720306253956
5	42	2.7160012245364404
5	43	-0.4527078308247774
5	44	-0.004689063372281929
5	45	-2.783043758603624
5	46	-1.2108852367229737
5	47	-2.2995161474068166
5	48	0.08562223135572054
5	49	-2.4197623079265007
5	50	-3.3759266978665217
5	51	-0.42249520777036315
5	52	-0.332695443619632
5	53	-5.141278725808825
5	54	-3.389432852327488
5	55	-8.484989723803501
5	56	-2.766015372278694
5	57	-4.1198015065390585
5	58	12.371189623330489
5	59	1.790864141689878
5	60	-3.3549086085707205
5	61	-1.7758238549387324
5	62	-3.9636359206923397
5	63	-0.022199236499450842
5	64	-1.1067544751909282
5	65	-2.0903693102142937
5	66	-1.8060496336097327
5	67	-3.0218219507656436
5	68	0.2750074895082747
5	69	-1.9836002774736199
6	6	NaN
6	7	1.7099991527936003
6	8	0.8190106565543978
6	9	3.3833989051286646
6	10	1.2647256303256456
6	11	0.00337975314281043
6	12	-2.7244943401733264
6	13	-0.19202982375774552
6	14	-0.27790385897317393
6	15	-0.11138032340822082
6	16	-0.6032361466659463
6	17	0.3099961967049365
6	18	-3.122780347630859
6	19	-4.61167013052751
6	20	-0.2158018473321883
6	21	-2.148041815088856
6	22	-2.981326840931683
6	23	-2.1392787147400854
6	24	1.759284011159061
6	25	-0.3711504230993215
6	26	-1.3736472573347842
6	27	-0.9802658712261743
6	28	2.9186321106777426
6	29	-2.106825193960846
6	30	-1.0998346051025303
6	31	-0.4163866319406957
6	32	-1.3048676350598059
6	33	2.1525956474027343
6	34	-2.3559451687723603
6	35	2.5034675172530405
6	36	1.4422074562175382
6	37	0.3390454572418635
6	38	1.818975466388617
6	39	0.05367082335942748
6	40	3.3872392638354674
6	41	-2.008281345150876
6	42	-2.329819382108284
6	43	-0.21559772124086793
6	44	0.7218213854217064
6	45	0.6946609582659056
6	46	-1.6064956940405564
6	47	2.8240882914639722
6	48	-0.6995599602215964
6	49	2.0339260085065805
6	50	-2.460353271498892
6	51	-3.4817875103325506
6	52	4.440826545614499
6	53	2.8194128547046464
6	54	0.6076495872952069
6	55	5.506048000778816
6	56	1.3456502307672649
6	57	2.5726090965386756
6	58	0.8504706291721631
6	59	-1.2900921085227763
6	60	-2.385063973966949
6	61	-3.3600140147044844
6	62	1.5775269222147534
6	63	0.8005724855435847
6	64	1.7243395706514018
6	65	-0.43497376972868157
6	66	-0.29923973555510114
6	67	-0.9610357545585632
6	68	-2.2297531430037476
6	69	0.37156002896967943
7	7	NaN
7	8	0.4685259190008295
7	9	4.965466696327211
7	10	-0.7901549220076904
7	11	-1.8928138566735393
7	12	-1.536925814614209
7	13	0.3038105129488128
7	14	-2.441883219696813
7	15	-0.2161443361104658
7	16	0.12675321611752138
7	17	1.6896426250066825
7	18	-0.5013996422624794
7	19	-1.0759491945712958
7	20	-0.626159468186291
7	21	0.2566990954461445
7	22	-1.2388633394947621
7	23	-3.2305825931601757
7	24	3.4843660057236865
7	25	-0.6225689376601476
7	26	-0.3944867127138117
7	27	0.926798350661984
7	28	0.8439847332892092
7	29	-1.127122566468187
7	30	-2.4190839719543185
7	31	-1.2920406527709638
7	32	-1.3880812615640625
7	33	0.46093397004527853
7	34	-3.0212114394958927
7	35	1.2020612837076163
7	36	0.6837376012890748
7	37	-0.94126260154649
7	38	2.9867268906773745
7	39	0.25632076739220955
7	40	3.572185621969727
7	41	-3.0718098073579982
7	42	-2.503880777277367
7	43	-3.1211832319222923
7	44	-1.92728795831129
7	45	-1.5946784317933693
7	46	-1.7577346489594672
7	47	2.8212031277836873
7	48	1.1333146762312043
7	49	3.4310773876863627
7	50	0.058958219413527586
7	51	-3.370888075901016
7	52	1.2028951604410834
7	53	1.078467423034238
7	54	3.8992722471970658
7	55	2.1129228798352697
7	56	1.4668031282811294
7	57	2.5536700270899506
7	58	-2.310942273532327
7	59	-0.014481328278023326
7	60	-0.4234162018815009
7	61	-2.0830419289859434
7	62	-2.151965134311418
7	63	3.224787544068401
7	64	0.3658500092694117
7	65	1.0069986182771862
7	66	0.2539133051384515
7	67	-0.1909038614312644
7	68	0.7902799988025
7	69	-1.3161131046103542
8	8	NaN
8	9	3.614465490092919
8	10	0.4285607616927399
8	11	1.2199247631755443
8	12	-2.539608426700021
8	13	-0.328046558973891
8	14	-2.017426997226494
8	15	-3.411285852116368
8	16	-1.3629612367052
8	17	-1.2163193516776913
8	18	0.6635074685286864
8	19	0.11517428049355884
8	20	-0.3296857416617774
8	21	-3.095247789094565
8	22	-0.316152914638783
8	23	0.8556917802099724
8	24	0.328047837722411
8	25	-0.41259888707156883
8	26	0.8162886746101636
8	27	-1.8232301918934994
8	28	1.722376174271302
8	29	-2.180692864889072
8	30	0.3775322512013724
8	31	2.0582813409458502
8	32	-3.51333879223427
8	33	0.600965082251997
8	34	-1.1388339935981313
8	35	0.9635984370261362
8	36	0.14712436427062334
8	37	14.557301988778182
8	38	-1.0093468012755547
8	39	-0.1587055736323175
8	40	0.2071202928785336
8	41	-1.903572642639183
8	42	1.0074546513852825
8	43	-0.73409302311866
8	44	0.5573775246234699
8	45	-0.2684120683908936
8	46	-1.6986508991303773
8	47	1.4128415550495033
8	48	-0.3687235174679376
8	49	0.4966787568739389
8	50	-1.1403410444826558
8	51	0.7205923373736621
8	52	1.9323079455561116
8	53	1.098584603797783
8	54	-0.5600106570714892
8	55	2.4336230818097793
8	56	-0.11453148058315252
8	57	1.1689010746045903
8	58	-0.3683331313595339
8	59	3.0356573792372337
8	60	-2.4645036889245966
8	61	-0.7148575929121679
8	62	-3.190495759941896
8	63	0.4764800158791052
8	64	0.7275679013177019
8	65	-1.0206742381060037
8	66	2.5382603827232404
8	67	-5.058044822647572
8	68	-0.4001284943497262
8	69	-0.3165890224144245
9	9	NaN
9	10	1.6349523339518872
9	11	-0.36626810599889753
9	12	-1.2931339701737137
9	13	-3.362120471805246
9	14	-1.3679494548745987
9	15	-1.360457334626606
9	16	-0.45730852165667374
9	17	1.4448017106740139
9	18	-1.2013858536990498
9	19	-1.1398653704043007
9	20	0.8022371495298437
9	21	-0.10538896197444043
9	22	-0.7080917949600385
9	23	-1.0317821905269327
9	24	1.117267408578651
9	25	-2.4249560604449876
9	26	-1.065427580539587
9	27	0.40128433415584064
9	28	0.22348661555712557
9	29	0.3001937162288027
9	30	-0.8886935023046941
9	31	-2.6458367784587726
9	32	-0.02200350502555761
9	33	0.9669760083820383
9	34	-3.6336711775436226
9	35	3.588675520750411
9	36	-0.9348241177602473
9	37	-4.542479408318169
9	38	7.287419564153589
9	39	0.30630441709410106
9	40	1.6014167945691027
9	41	0.377862404221062
9	42	-2.6750462699400437
9	43	-0.08735995813543956
9	44	1.212433286397605
9	45	-2.7858289217411243
9	46	0.3620028376595953
9	47	4.535890319922033
9	48	-2.038872490792382
9	49	2.379009446112512
9	50	-1.646351463628409
9	51	-4.697608064334585
9	52	2.031896021207384
9	53	-0.36157313523282175
9	54	-0.5445452661593715
9	55	4.218887957258278
9	56	5.280674268962827
9	57	0.6662859168152364
9	58	-1.4777519042769267
9	59	-0.39052518876359194
9	60	-1.632199742310217
9	61	-0.9677700737803373
9	62	-1.5410327616841866
9	63	0.5437015074130066
9	64	0.43765336405416677
9	65	-0.42282744529451644
9	66	0.5549729022288967
9	67	-2.83012892572111
9	68	-0.27120544954409026
9	69	-1.4964286194257688
10	10	NaN
10	11	-0.5357117088793117
10	12	2.814005366245205
10	13	-2.9695728502362004
10	14	-0.7556083948601542
10	15	-4.02459048427591
10	16	-0.17649861072610837
10	17	10.866985443182164
10	18	-1.3378475978193092
10	19	0.04546996377881443
10	20	-0.8746016120568318
10	21	-2.340574101472226
10	22	1.076935378054759
10	23	-1.096786774109139
10	24	1.2530516071256521
10	25	0.818459758443523
10	26	-1.7482027488731127
10	27	-1.269666695243567
10	28	1.0912118261943378
10	29	-3.855179644623995
10	30	-0.3443495817661116
10	31	-1.5328298060515304
10	32	1.752150945215724
10	33	-1.0052886931262508
10	34	-1.8544142904823215
10	35	-1.8547090649534421
10	36	-0.011432378599375338
10	37	14.314933459831837
10	38	8.173081953188067
10	39	7.1760631409658675
10	40	-2.4743486935845977
10	41	-3.3335564026826146
10	42	0.3708196988956498
10	43	1.4558008337041686
10	44	0.6915822313429839
10	45	-2.1094081773574596
10	46	0.24141218245243729
10	47	-0.39432043557720586
10	48	-0.9240943735796149
10	49	1.1650404607703424
10	50	-2.7304847603688676
10	51	-1.3230692664342298
10	52	-0.7457870683257687
10	53	1.3448264436674904
10	54	-1.428498401986328
10	55	0.42656648271877395
10	56	0.660450942613478
10	57	-0.11286285172166421
10	58	-1.7629687826244136
10	59	-1.969691918358108
10	60	1.6664640365270582
10	61	-1.181035310683911
10	62	-0.34671660581334696
10	63	-0.47391838249060364
10	64	-1.6047152364401869
10	65	-2.247471712988166
10	66	-0.09709899168513872
10	67	-3.5814124319757936
10	68	2.390937964807164
10	69	-1.0158058287119807
11	11	NaN
11	12	2.620441080390375
11	13	-0.3784483775232793
11	14	0.6972709481050254
11	15	0.2879670506273062
11	16	-2.5064917469673285
11	17	-1.6689235019810744
11	18	-0.6296194707397929
11	19	1.273119097844579
11	20	-2.372640011174532
11	21	0.46935002735701586
11	22	1.346225371640349
11	23	-0.8172889258699676
11	24	-0.08689259795658998
11	25	-1.0215011812529142
11	26	0.2603964687480094
11	27	0.2306107876274537
11	28	-0.06109557997155131
11	29	-0.40434342513300553
11	30	2.028426821724254
11	31	1.4095714766727545
11	32	1.2909317501905606
11	33	-3.210363334950015
11	34	0.050564841549756843
11	35	-1.298697830655058
11	36	-1.3922083309641327
11	37	-2.486588373208511
11	38	3.839980563609313
11	39	4.247350071232112
11	40	2.716907479992379
11	41	18.51446559292332
11	42	-2.811587491939234
11	43	0.164365660268846
11	44	-0.37539080853152124
11	45	-0.9825709251287214
11	46	-2.212804956394648
11	47	0.17669523170198279
11	48	1.8999715577755962
11	49	0.06721635453652483
11	50	-0.40168409891722995
11	51	1.7787568106569078
11	52	-2.3582739707867093
11	53	-0.3215828835124218
11	54	-1.7576949049567572
11	55	-1.8351709723242475
11	56	-1.2250525804517665
11	57	-1.2222437184676567
11	58	-3.110960147195354
11	59	-2.544823678392897
11	60	0.6608192133376388
11	61	0.5857400180220322
11	62	-0.8617201795215188
11	63	-0.509679391367758
11	64	-1.4830238854098092
11	65	1.1706102734304584
11	66	-2.259457064199069
11	67	-2.494648453620933
11	68	-1.1068065434904506
11	69	-1.0093037136435958
12	12	NaN
12	13	4.79820959707575
12	14	-3.123428211183093
12	15	0.9586825530685367
12	16	-1.978781381496255
12	17	-1.7396556861320194
12	18	0.7683999044411304
12	19	4.277426700180643
12	20	-0.3744798606423582
12	21	0.10166207410190883
12	22	1.4621471860073483
12	23	-1.5571704932716712
12	24	-1.2251786317483937
12	25	0.5269739098459347
12	26	2.3870009097992755
12	27	-2.769444193405165
12	28	-0.08145206105604252
12	29	1.2609243784784243
12	30	-0.12721030726795862
12	31	2.292547877524115
12	32	0.3996833786236529
12	33	-1.1568602626908486
12	34	2.166113732518438
12	35	-2.248797112896608
12	36	-1.6182534789109597
12	37	-0.5005425617600424
12	38	-0.10261095494195784
12	39	8.531734169576897
12	40	-3.322632885015299
12	41	-0.6189562831946877
12	42	2.204687048768745
12	43	-2.007771785849477
12	44	-0.6524513920741843
12	45	3.535535783820381
12	46	0.34074163021919945
12	47	0.6009553793056811
12	48	1.9925739974739693
12	49	-1.1447361854591316
12	50	4.089733267723409
12	51	1.5468024894612695
12	52	-1.6791110201954076
12	53	-1.173867366023502
12	54	-1.3547793326363178
12	55	-0.08726112224896614
12	56	-2.67472513048122
12	57	-1.7657165906528483
12	58	-0.5384952221698877
12	59	-2.368922895038728
12	60	1.6815554949821128
12	61	-0.17616657393450574
12	62	-0.1468089220410594
12	63	0.1336764560404102
12	64	1.6305361446058009
12	65	-0.23055717873170145
12	66	-0.9710928811995709
12	67	1.4000699690826364
12	68	-0.6466071424134773
12	69	-1.3521729116256127
13	13	NaN
13	14	-0.7354871311574801
13	15	1.55315353271291
13	16	-0.5245866216886322
13	17	-2.457927002224751
13	18	0.6457150006205585
13	19	2.5540985302214123
13	20	1.9628036135008728
13	21	-1.1651368484863875
13	22	2.7967111928858195
13	23	0.7585336769850217
13	24	-2.6959587036966988
13	25	1.2070406500067028
13	26	1.9363777509214632
13	27	1.7644352502596712
13	28	3.3741936410397013
13	29	0.6866922409052854
13	30	1.1603787026693593
13	31	-1.051986183525781
13	32	1.2793999091118338
13	33	-1.4612322349259708
13	34	-0.4474480790644933
13	35	0.7170647364942729
13	36	-2.914767206089459
13	37	1.8332149535670492
13	38	-2.497884506008838
13	39	0.9073951919836183
13	40	-4.56148501869737
13	41	-0.8162371280220133
13	42	-0.2808718786904251
13	43	-2.4716115494654485
13	44	-2.6632703764540433
13	45	2.231438339654228
13	46	0.9206638212735696
13	47	-2.7617489737364314
13	48	-0.9635540269962373
13	49	-1.1268627778541263
13	50	0.7911981106423228
13	51	-0.7554374389845646
13	52	2.6773181829447177
13	53	-2.782168119382783
13	54	2.9007408419868455
13	55	-0.6836504127922891
13	56	-1.3649813059153015
13	57	1.5435863245842252
13	58	0.22507870329337443
13	59	-1.4530009470747265
13	60	3.6653354752033693
13	61	2.889331859131693
13	62	3.367574091051439
13	63	1.2184035004745508
13	64	-1.7049874118170338
13	65	1.5023766891863821
13	66	2.0542165102665146
13	67	2.247157352892845
13	68	3.6384802436842074
13	69	2.187049545033816
14	14	NaN
14	15	-0.8695871457293124
14	16	-0.054236223840000715
14	17	-1.5232874249733017
14	18	-1.4447987045705726
14	19	2.7609800568699803
14	20	-1.11953992021032
14	21	3.6259878226975437
14	22	1.0644339168225379
14	23	2.1614153684379596
14	24	0.2518937236828948
14	25	2.479580262239649
14	26	-0.046370635652392085
14	27	0.30631041993562413
14	28	0.6764357320337979
14	29	-0.6686971696044095
14	30	1.6551619821133334
14	31	0.5836255891433201
14	32	-0.7242001591001191
14	33	0.03649529868393129
14	34	-1.5104867155378618
14	35	-1.7543113830731094
14	36	-0.3243333057234261
14	37	1.0993132307535702
14	38	-0.14826480579006868
14	39	2.267090362301447
14	40	0.6816992931759939
14	41	0.3789149591285722
14	42	0.33764821375665577
14	43	-1.0076191837089927
14	44	1.6368231493722452
14	45	-2.2638416519128794
14	46	1.8280838061042202
14	47	2.2671292905329534
14	48	-2.367769328429973
14	49	-2.3431953490536923
14	50	0.4568242471469336
14	51	0.4446181294911471
14	52	-0.549133444974366
14	53	8.973228548769265
14	54	-1.3625169869062572
14	55	2.3197510983085783
14	56	2.0495269628462838
14	57	1.6654941043841685
14	58	-1.729483307786886
14	59	-3.0556656818660306
14	60	1.0543328719181222
14	61	-1.4281349131722698
14	62	1.1657923610008551
14	63	-2.7379699337204326
14	64	-2.1064187022700858
14	65	0.19807033214239247
14	66	-0.30249379521727393
14	67	-2.3830229949925315
14	68	0.4035794625648805
14	69	-0.2625045704576928
15	15	NaN
15	16	-0.16269992147049933
15	17	1.9485667169431093
15	18	0.8684295877557473
15	19	-0.025853013443847273
15	20	-2.6099529144078764
15	21	2.2111094740184343
15	22	-1.0295422430855539
15	23	-0.12579551773417183
15	24	-2.425179217299757
15	25	2.283946144537786
15	26	-0.41250757978581915
15	27	-1.3672479645636066
15	28	-0.43397413195000245
15	29	3.217074949540642
15	30	0.8609733124123007
15	31	1.1635370931151092
15	32	-0.531855956320238
15	33	0.3667536614891933
15	34	-1.2425033801751175
15	35	-1.103718104442482
15	36	2.606746284098529
15	37	2.104199763098049
15	38	1.8298976246330148
15	39	1.8120752751383489
15	40	-2.558264499280064
15	41	-0.2817572951333367
15	42	3.0937414485840753
15	43	1.436177070914975
15	44	-0.35077365521914095
15	45	-2.180675270586637
15	46	1.415670359212021
15	47	-3.694016138116022
15	48	2.9616433305052134
15	49	-3.429763354973263
15	50	1.9027400370462162
15	51	2.0738564945152014
15	52	-2.1527665521185457
15	53	-1.2591327074561467
15	54	-1.3546127327083384
15	55	-1.9691052700508216
15	56	-0.825911210444254
15	57	-0.5717579429602143
15	58	-2.277731784237947
15	59	-0.3770716124278904
15	60	0.38028142992386305
15	61	1.9045285145887554
15	62	4.719432842392747
15	63	2.09468811694564
15	64	-0.26636061921311427
15	65	-0.5008329674718366
15	66	0.14184851839648974
15	67	-1.7967682061184769
15	68	1.9509905165629458
15	69	-1.4455084895885442
16	16	NaN
16	17	0.23341284748528418
16	18	2.558080756141043
16	19	3.645180036810998
16	20	-2.757282881385711
16	21	2.2266708659077743
16	22	1.02688828660745
16	23	-0.11516826269248885
16	24	-1.1351197754947129
16	25	-1.3098256506514911
16	26	0.7754593569213656
16	27	-0.6106764055711812
16	28	-0.8737409419831995
16	29	2.5097931287972934
16	30	-0.8760116859241734
16	31	-0.4841523275732154
16	32	0.7387225337657075
16	33	-2.6652953631140357
16	34	1.033392466638189
16	35	-1.0470393676879222
16	36	-2.8006135557623537
16	37	-2.8410235614106436
16	38	-3.520860456965253
16	39	-1.6220284730608998
16	40	-1.0145198822961703
16	41	2.0452101041375803
16	42	0.8737723622162691
16	43	-0.39729673832045503
16	44	0.17000869461325624
16	45	-0.38229191773133026
16	46	4.294971416565502
16	47	0.008552040401543086
16	48	-3.7607716136388447
16	49	-2.338131265590569
16	50	6.602259250844401
16	51	-0.08851575489925975
16	52	-1.1855925114679444
16	53	6.4249029740275665
16	54	-0.6217126693577993
16	55	2.172909214757856
16	56	-3.7255371155001993
16	57	-3.5299740368341888
16	58	1.0009329467177546
16	59	-1.0697968103395523
16	60	1.451424929956511
16	61	-1.1494286161944198
16	62	1.4724030937843373
16	63	-2.85206315833392
16	64	-0.7399203551614318
16	65	2.730592578325663
16	66	-1.7981522114077995
16	67	0.1268887532666159
16	68	0.2124816823954506
16	69	15.854141013508778
17	17	NaN
17	18	-3.2641665043352353
17	19	0.9878237873477116
17	20	-1.0128179823195271
17	21	-1.1923163610413003
17	22	-2.64129209383308
17	23	-1.1683474399255112
17	24	0.45009831606089185
17	25	-1.2237066633016327
17	26	1.3102136296946543
17	27	0.965637116082077
17	28	2.5327256452496663
17	29	-1.0127439460451566
17	30	0.27018102191435617
17	31	1.8869763693240222
17	32	-2.709926196845366
17	33	0.2581549260533254
17	34	-1.6261688669755918
17	35	0.3314095932952854
17	36	-0.8507614409334388
17	37	0.34385035705382216
17	38	-0.3968393810073539
17	39	-1.4932126085966797
17	40	1.2756682508228678
17	41	3.134167180032105
17	42	-2.652967692541833
17	43	-0.7212047150160608
17	44	-0.1962090935760638
17	45	0.6265573944613605
17	46	0.043850033714225675
17	47	0.5429556282025215
17	48	-0.5167054069873226
17	49	1.2711034903871323
17	50	-0.36728884826394403
17	51	-2.8982611684930064
17	52	2.9476126785994654
17	53	4.49678905285299
17	54	-2.0615711507895544
17	55	-1.3074062719542672
17	56	1.3939551958170089
17	57	2.59857227310796
17	58	-0.38255432899915903
17	59	-2.067112732153088
17	60	-0.9130235973237888
17	61	-3.026872900562335
17	62	-0.5576355561794423
17	63	-1.3251638564581278
17	64	0.24584616909982615
17	65	0.17122964221132367
17	66	0.025832184186796083
17	67	-1.1967704175957345
17	68	1.0853600658058615
17	69	-2.924952369940698
18	18	NaN
18	19	3.472566243865131
18	20	1.4452416231762812
18	21	-0.46619702170729016
18	22	-2.0037040744409365
18	23	-3.2325907338206123
18	24	-0.1242406373920542
18	25	2.659270065396908
18	26	-0.632022339089148
18	27	-2.2855979510237674
18	28	-1.005390302385367
18	29	3.7993621037911773
18	30	0.013800500758377916
18	31	1.558777101939485
18	32	4.059505078227095
18	33	-1.481529400197876
18	34	0.8658326183773923
18	35	-0.9137803928152384
18	36	1.1322694648638383
18	37	-0.44670510207158365
18	38	-4.155271000886095
18	39	1.7189095142101152
18	40	-1.2395279993063502
18	41	-1.502937490765856
18	42	4.760158263172392
18	43	-1.8757740824772242
18	44	0.6736689637242507
18	45	4.599748360006131
18	46	3.525816372323401
18	47	0.4188679738008809
18	48	4.232928681014475
18	49	-3.196746388727353
18	50	0.40438140122740424
18	51	-1.24403185296176
18	52	-3.481649776927808
18	53	-2.3383664310163232
18	54	0.3884891478785148
18	55	0.580857322822153
18	56	-3.438352555492993
18	57	-0.3008732622823139
18	58	1.2713972563341542
18	59	-1.7415973694627347
18	60	3.9875942673483307
18	61	-0.9272426541741599
18	62	6.63844585275404
18	63	0.719603620453097
18	64	-0.583788351300732
18	65	-2.3274533991432493
18	66	-0.8386053339589978
18	67	0.5674276364933644
18	68	1.500674683027961
18	69	0.3267728631515483
19	19	NaN
19	20	2.663142384801291
19	21	-0.023481022013356966
19	22	0.44583821892303593
19	23	2.173342514025347
19	24	-2.0365449312250825
19	25	-0.22358563520343386
19	26	-1.676920971622473
19	27	-1.1374032176747102
19	28	-3.033099991022414
19	29	0.9379609829008555
19	30	3.9620207816533517
19	31	-0.773633349398834
19	32	0.7957384277149927
19	33	-0.894847555421515
19	34	1.24534682779171
19	35	3.7738877831427184
19	36	-1.5888239581754058
19	37	-3.4910901077084597
19	38	-4.354664582931684
19	39	1.6092599031624444
19	40	-0.9593627225562438
19	41	0.956922177188075
19	42	-0.2232349620127307
19	43	-0.20249094740305779
19	44	-2.5426241717053912
19	45	-1.436639673860174
19	46	3.031777208007076
19	47	-2.963657872195551
19	48	1.8235329421148434
19	49	-2.5143957134617665
19	50	3.5007799982488086
19	51	4.863900318576324
19	52	-1.7128676070212392
19	53	-4.035899315202112
19	54	-1.2655571349183594
19	55	-2.59294924289359
19	56	-1.5887206607171562
19	57	-1.895485653516534
19	58	0.44992918786656594
19	59	-0.558633858924584
19	60	-2.331658982570895
19	61	3.6142378930650856
19	62	-0.9440923033813589
19	63	-1.4747380410261919
19	64	-0.6001688710806649
19	65	-1.5856449568229856
19	66	-0.7658787610400593
19	67	0.9777794142863403
19	68	2.3189708934215836
19	69	0.3451378663970483
20	20	NaN
20	21	0.16405338308287404
20	22	0.8048438458454655
20	23	-0.509038741931983
20	24	-1.154551865670005
20	25	-1.013198501281184
20	26	-1.3300295310145034
20	27	-1.9557836413544851
20	28	-0.6451106146886214
20	29	2.625264643044712
20	30	-0.6284258223559458
20	31	-0.8579373685988155
20	32	-2.016264632203424
20	33	-1.3729697032077526
20	34	-0.9112280093168381
20	35	2.6920023574426617
20	36	-0.7245806733731562
20	37	-0.33001922665859823
20	38	-0.22010489898415048
20	39	4.642167473096067
20	40	0.9671643994280994
20	41	2.376141182228396
20	42	-0.5060865513181906
20	43	-0.4150195247574275
20	44	-3.1301475776726937
20	45	1.0642060427011863
20	46	0.699680985008963
20	47	0.9923009724013645
20	48	-0.20153809422346292
20	49	3.2379512242346435
20	50	0.9050075221265708
20	51	1.8706401096634253
20	52	1.027690406878801
20	53	4.001031166506083
20	54	-1.768750008751216
20	55	-4.30478872576167
20	56	-0.08091298655547569
20	57	-0.9156883326441844
20	58	1.6666983375465607
20	59	-0.3604494607908399
20	60	-3.309081078753904
20	61	-1.531000482989868
20	62	4.185707820986991
20	63	-2.195670011786404
20	64	0.5360840499611288
20	65	0.7839124933804453
20	66	2.8771386267001784
20	67	-1.1730237676666393
20	68	-0.12376061120223737
20	69	2.3800441667684855
21	21	NaN
21	22	-0.37204004740776736
21	23	1.666005576514624
21	24	-1.561564941419771
21	25	1.1996848137919516
21	26	1.6225632246699813
21	27	-1.171963442077542
21	28	-0.7824255775424589
21	29	-0.833188143221919
21	30	0.11197531358391058
21	31	-0.7769465875440934
21	32	0.8339228895461435
21	33	-2.663616401535069
21	34	-0.3486335745981357
21	35	-2.2207788943702593
21	36	1.2434682927519465
21	37	0.37889755169596323
21	38	0.2710695445742117
21	39	-1.0469767329786093
21	40	-2.450124085702945
21	41	-1.1051033699395483
21	42	1.6263152316890914
21	43	4.481734132699403
21	44	1.4596940819024926
21	45	2.2362356995360098
21	46	0.3270388826838012
21	47	-0.6826097969608701
21	48	-1.0425312680144823
21	49	-0.9532461341551425
21	50	-0.4950303442699925
21	51	-1.0082920308143393
21	52	-1.9466621983706256
21	53	-1.0488498284820744
21	54	-0.5284483416973309
21	55	-0.24675474948340004
21	56	1.7726569741873237
21	57	0.5506283376471217
21	58	2.174228273522305
21	59	1.2183433706071114
21	60	3.0935780004938604
21	61	1.065506436772399
21	62	0.1299793248759361
21	63	-1.2942318914867637
21	64	0.3751199198447127
21	65	0.5386888843955029
21	66	0.5160781287672788
21	67	-1.3708736232752812
21	68	1.6079369363174718
21	69	2.8548122332578876
22	22	NaN
22	23	2.1528132157989135
22	24	0.8208106055795673
22	25	2.395241583864477
22	26	1.2518930225011446
22	27	-0.23672920801492786
22	28	-0.8945385100704576
22	29	1.7742383401105748
22	30	3.0935192233806648
22	31	-0.2668588482376557
22	32	-3.479314758249108
22	33	-1.8716528436372786
22	34	1.75554278401706
22	35	2.869060640285909
22	36	-0.05668193619687761
22	37	2.0909908381587092
22	38	-1.9301114164076574
22	39	0.8424378031945386
22	40	-1.9105913749672778
22	41	-1.4589117318755713
22	42	2.2145427217801563
22	43	0.6126017004508786
22	44	0.06822919847355023
22	45	-0.565703453319656
22	46	-0.9041428385176614
22	47	-2.4944326410324607
22	48	-3.8480672420858397
22	49	-0.6862174916584076
22	50	1.390625567270819
22	51	1.267726991655656
22	52	-2.5168475609782455
22	53	-1.1235437549164333
22	54	-4.118259189426365
22	55	-1.3556693227635797
22	56	1.5551518079137032
22	57	-0.8216366970418179
22	58	0.5101498641760962
22	59	-2.1577241258423636
22	60	2.0674931602183064
22	61	2.4593447032274574
22	62	0.5400473003395331
22	63	0.5648449810933096
22	64	-1.650208482104911
22	65	1.8468918083503523
22	66	-0.20697272100646227
22	67	-1.2225433215042063
22	68	3.4045937699161337
22	69	-0.6836428030573027
23	23	NaN
23	24	-1.4210497720451618
23	25	-0.26533994844130787
23	26	1.2574219017687003
23	27	-2.5879826717956433
23	28	0.47046161057271196
23	29	4.152172938815491
23	30	1.2731025884186666
23	31	-1.7858793592077935
23	32	0.8081962726999212
23	33	-1.2285446214314877
23	34	-1.2204776806270452
23	35	-0.7388085346165071
23	36	0.923887932806203
23	37	0.890865435152659
23	38	-2.1411754571561517
23	39	-0.6325582659250679
23	40	-1.618413229240604
23	41	8.470339752694922
23	42	-0.7106853390808489
23	43	3.699955144122952
23	44	-1.5335370839075515
23	45	5.91321328463601
23	46	0.7659397755647479
23	47	-1.5716103050253487
23	48	1.2590512190962209
23	49	-2.7844480985576134
23	50	-0.3596816892124389
23	51	3.287436796689456
23	52	0.16624255937056265
23	53	-2.1999351980714708
23	54	-2.4200149676522718
23	55	0.5466366890238893
23	56	-5.278099667441816
23	57	-1.7704766731137997
23	58	0.8469277229518914
23	59	-1.6441635806416228
23	60	3.4170526380847015
23	61	3.0284439558486347
23	62	0.6588184071825729
23	63	-0.9420306497194545
23	64	-1.7506089618100227
23	65	0.33715570069270906
23	66	3.142268420075755
23	67	-1.3657255980392444
23	68	4.0700035405319
23	69	0.9208885391538706
24	24	NaN
24	25	-0.032252691909632966
24	26	1.9755517793895958
24	27	-1.977176956733323
24	28	3.6328064088872396
24	29	-2.2656786364111285
24	30	-0.5863148753449009
24	31	-0.3951100141154966
24	32	-0.267991056573841
24	33	2.4526648145318455
24	34	0.06472049955223276
24	35	2.599589851614213
24	36	0.6794703392425453
24	37	-3.3873971387320014
24	38	2.086709088379806
24	39	0.037943091113263626
24	40	2.9352574374841565
24	41	-2.2887796984182196
24	42	-2.8000909772735385
24	43	2.2993834569712814
24	44	0.44901667138173806
24	45	-0.7610085947593513
24	46	-2.3265190152359017
24	47	1.5395188735010705
24	48	-2.7884876219666928
24	49	2.5898105655853816
24	50	0.21393000807558415
24	51	-1.0831072743278012
24	52	0.1747972497844784
24	53	1.7807811784788363
24	54	0.4975154317043427
24	55	4.7400732149135605
24	56	2.4488874672321157
24	57	1.4018562096163207
24	58	-1.1793596921562282
24	59	-0.8981975601875674
24	60	-1.007531694888023
24	61	-1.5110278959862193
24	62	-1.5003618104925969
24	63	-0.8240904576316214
24	64	-0.2635357689700693
24	65	1.0034266339290983
24	66	2.779380234470119
24	67	-1.5790073887431775
24	68	-3.6393770932857623
24	69	-1.5205938262123861
25	25	NaN
25	26	2.547837196515499
25	27	1.2847091545468576
25	28	-3.0017815573164794
25	29	0.9137911006310661
25	30	-2.4925188103889666
25	31	2.5747872182766343
25	32	3.4968640823727286
25	33	-0.941189417786995
25	34	2.0085545082237473
25	35	-4.01027682041965
25	36	0.660177192147284
25	37	1.5052370974908205
25	38	-3.536203283604476
25	39	0.6650644711932145
25	40	-1.4234093708219058
25	41	3.2564513537500206
25	42	-1.1144030802859437
25	43	0.707846434154735
25	44	0.26826392606669897
25	45	0.36381511657863275
25	46	-2.279301786838696
25	47	-0.14371828309303455
25	48	3.91431760967122
25	49	-3.2045206307044736
25	50	3.1955661430820297
25	51	-0.7185225393511842
25	52	-3.0208193285361657
25	53	-0.14085943157411177
25	54	-0.6537788878645718
25	55	-2.5518512495926293
25	56	-2.00226357497654
25	57	-2.7203214227868266
25	58	0.2844778764214916
25	59	1.4102511069416466
25	60	1.6330600359902228
25	61	-1.321155927126712
25	62	-0.12750725930687618
25	63	0.8380496690406759
25	64	-0.6299882516636428
25	65	-0.9192747441935469
25	66	2.0642269310914743
25	67	-1.3831024806359786
25	68	0.9429000333149422
25	69	1.6031637324513557
26	26	NaN
26	27	-0.8669849572396819
26	28	-0.9232546779366653
26	29	6.878496250178772
26	30	1.9495752603317662
26	31	1.6349352194420985
26	32	1.1236277379256179
26	33	0.5618362581108478
26	34	0.6475581516290293
26	35	-3.4256530862478454
26	36	-1.8662359885707989
26	37	-1.549851398922367
26	38	-2.3129838478482116
26	39	-3.3209871392530723
26	40	-2.873519239573573
26	41	3.121532475004404
26	42	2.7728859631474405
26	43	-2.9842626008443816
26	44	-2.9877807702850663
26	45	3.374435771178961
26	46	0.4393032601700564
26	47	-0.32163024577057486
26	48	4.9902384008055005
26	49	-1.0747946079083204
26	50	0.5155309095347987
26	51	-0.12318597918453017
26	52	2.4444898711166934
26	53	-1.0304258096908527
26	54	-1.2885828892773057
26	55	-1.0150820194946526
26	56	-3.3753363366769435
26	57	-0.4951357632382238
26	58	1.3273006251515773
26	59	-1.8463228850513005
26	60	3.3824053038651503
26	61	-0.6061134777519046
26	62	-1.1350723542404146
26	63	1.156390527274609
26	64	0.04036190257918738
26	65	0.4830054683818774
26	66	-0.9364770929906219
26	67	-2.007840954228217
26	68	3.2639099637722535
26	69	1.527140779699243
27	27	NaN
27	28	-0.25387559076553917
27	29	1.2681389701258612
27	30	-1.55159592338468
27	31	13.279111465937998
27	32	-2.0952278973373466
27	33	0.05932465588203418
27	34	-0.48807411508836485
27	35	-0.5954862656183936
27	36	-2.055784797084135
27	37	1.1006769405780028
27	38	1.8655374834454512
27	39	-0.9717344738733552
27	40	0.8846342967665495
27	41	-0.5267615384792781
27	42	0.02860863909701672
27	43	-0.4737047825944704
27	44	-0.23130436770605983
27	45	1.716745990389206
27	46	0.3466899912371093
27	47	1.9222231173898672
27	48	1.9668761808360105
27	49	-0.8699440839007375
27	50	0.8282827595391081
27	51	-2.098498598105748
27	52	1.9256384522216363
27	53	-1.1499605092943543
27	54	1.1996933031424684
27	55	1.6574975230942612
27	56	1.4184673197053148
27	57	-1.2410846173679957
27	58	2.295472025838745
27	59	-0.8317825473494165
27	60	-0.8737842422960186
27	61	-0.05956813141259504
27	62	-2.346876150286649
27	63	2.354596775895029
27	64	-0.6567600853377966
27	65	1.1943150433029222
27	66	-1.5047827987958968
27	67	0.7369159512314807
27	68	0.043026168385009764
27	69	-1.298595369157583
28	28	NaN
28	29	0.3567523296066178
28	30	2.032312366863469
28	31	0.3545569048117479
28	32	0.8633657390898369
28	33	0.31802259398011057
28	34	-1.7959902260968779
28	35	0.6678944816063529
28	36	-0.6103357848048566
28	37	-0.5515768582831883
28	38	0.3954063532879373
28	39	-0.7425097707360909
28	40	1.4941750812336432
28	41	-2.297527349883725
28	42	1.232985392899846
28	43	-1.0769577743210281
28	44	-1.1721172769892074
28	45	-2.998325252721258
28	46	0.6510447090406425
28	47	1.1711144351286231
28	48	-3.235003982621264
28	49	1.3804392760470592
28	50	-3.9747143355489816
28	51	-0.6762948958820522
28	52	1.0711402793107474
28	53	3.2878007504409372
28	54	-0.004448844154127531
28	55	0.9966559740214573
28	56	1.1474241896065587
28	57	1.6656937981914008
28	58	1.7163560196019116
28	59	-0.24953841900276796
28	60	0.45944396304036905
28	61	-0.018976714897332526
28	62	-0.8188131320747922
28	63	-1.0790893674230806
28	64	0.4975908828839769
28	65	1.8051723353022655
28	66	1.460275576532631
28	67	-1.2721320923268828
28	68	-1.9877001280087196
28	69	1.204249411957897
29	29	NaN
29	30	4.075476675913041
29	31	-0.41738360460129365
29	32	1.2205140362104803
29	33	-0.9178724428384769
29	34	-0.7944279321429184
29	35	-1.1711047913329087
29	36	4.916608510565121
29	37	-0.4966854400079817
29	38	-2.734373899987458
29	39	0.5165624405207946
29	40	-1.870956048779004
29	41	1.2578643629676607
29	42	-2.500628960568186
29	43	0.2225240572999668
29	44	0.5227703239525036
29	45	0.07634006305633873
29	46	1.608313307132289
29	47	-1.6337588201160578
29	48	-1.0685112028779427
29	49	-2.0466785604393882
29	50	1.1031297870364998
29	51	-3.3027111700904577
29	52	-4.3610799478086735
29	53	0.1344140348023944
29	54	-1.1891903888334077
29	55	-1.3408486577787113
29	56	-2.84137264990053
29	57	-1.5263999543188247
29	58	-1.8148298685155502
29	59	-0.3272687002663912
29	60	-1.0849514052923772
29	61	4.1962269976840565
29	62	-0.7555557357965608
29	63	0.22822959275381427
29	64	0.9487701897315339
29	65	1.2358820857757562
29	66	-0.5690423176316499
29	67	2.726452157177614
29	68	-0.998938130381661
29	69	4.579039750132835
30	30	NaN
30	31	-0.5190761896572075
30	32	4.7822324615134235
30	33	1.800430053146634
30	34	-2.3938730464527747
30	35	-2.479289392488053
30	36	-0.9273396006580996
30	37	0.6816461089484968
30	38	0.35060093395568637
30	39	2.29627544883817
30	40	-2.2912476405471653
30	41	1.1098231977085409
30	42	-0.28784627459789114
30	43	-0.10149913565635059
30	44	0.25775870987804866
30	45	0.31026335898444546
30	46	1.9818353200695789
30	47	-0.8833313887150626
30	48	2.813189093592388
30	49	-0.2930029473897582
30	50	3.189573382037643
30	51	-3.4985538946304557
30	52	0.6764810836698784
30	53	-2.419880083898444
30	54	-1.2052204491427654
30	55	-3.22739900152413
30	56	-1.9389126765212872
30	57	-2.501378682843917
30	58	-1.4573249589688517
30	59	-1.9418328994473446
30	60	0.5583508898313203
30	61	-2.4796879506061864
30	62	2.8050979872955795
30	63	-1.6754644549499975
30	64	0.09193458689781024
30	65	-1.1741625047728126
30	66	-0.8740344217194546
30	67	1.0196414821723923
30	68	1.7155566119105707
30	69	-1.587565938522707
31	31	NaN
31	32	1.900621515270257
31	33	-0.992946462985176
31	34	-1.7274192387004277
31	35	1.1474342917838827
31	36	1.829653691605687
31	37	1.2974295277556767
31	38	-0.044564111170299674
31	39	-4.395681158345065
31	40	-0.8224601888613523
31	41	-3.695339134218529
31	42	-0.5800286316538238
31	43	3.0390402570143573
31	44	0.8421953263506333
31	45	-2.0306408685004524
31	46	3.080128610111839
31	47	0.7387960217452337
31	48	-1.1120190282042062
31	49	-2.0932258326392987
31	50	3.8882473350581095
31	51	-2.570956590503355
31	52	-1.3407257600250377
31	53	-2.9932383338959467
31	54	1.8463005928878935
31	55	-1.3718989294331958
31	56	-0.9960103760808008
31	57	-0.10532741205786884
31	58	-1.6666926087064122
31	59	-1.3537614184761018
31	60	3.449563490959116
31	61	-1.3841802236098473
31	62	-0.34766224203199636
31	63	0.02722711939128699
31	64	0.9442458273040354
31	65	-0.12629398077982676
31	66	-2.082761364633737
31	67	-1.3198586308921139
31	68	-1.1734791620517766
31	69	-2.426002468813921
32	32	NaN
32	33	1.4818331008805026
32	34	0.6474770081186932
32	35	-1.3827624404862835
32	36	-0.2014467273700533
32	37	0.6007130618618167
32	38	-0.3734692710830258
32	39	-0.27030795374734745
32	40	0.8396792575718707
32	41	1.545903475711141
32	42	-0.08442455520593695
32	43	4.00710804803474
32	44	1.479814656702885
32	45	0.5227241673458158
32	46	-0.02586035587308037
32	47	-0.9634709404391101
32	48	2.113192703335843
32	49	-1.2407269090476154
32	50	-4.953606388838583
32	51	-1.238361084575832
32	52	-0.4368410935621124
32	53	-3.429762680630002
32	54	-1.7783350079123081
32	55	-3.300869308734069
32	56	-1.3048111587171745
32	57	-0.25816638453460145
32	58	2.15102278424863
32	59	-1.664039671420808
32	60	0.30485131045269837
32	61	3.578052178177932
32	62	-0.633937959026568
32	63	1.2681672054306596
32	64	0.6790375281568327
32	65	2.022942094506112
32	66	-1.0351087045176137
32	67	-2.003005512698307
32	68	4.56246472811326
32	69	-0.9881903244218532
33	33	NaN
33	34	-0.721288412080271
33	35	2.2368877101559446
33	36	-2.422778219884358
33	37	-0.2464238288179312
33	38	0.5766666242481373
33	39	-1.132079696930183
33	40	2.287241459347869
33	41	0.6823762517655305
33	42	-2.7848975928752804
33	43	-1.881362203607872
33	44	-0.6678400853542293
33	45	-0.7949112537183476
33	46	0.04916385398742992
33	47	3.121087272466382
33	48	1.598059327085374
33	49	1.295510938780996
33	50	1.736237366614508
33	51	-0.9595771092667502
33	52	0.3060972509299113
33	53	0.0006015121607506026
33	54	0.2189166601206181
33	55	0.4896240136796942
33	56	1.2770306915695262
33	57	1.9538488854648952
33	58	-1.4851847175777735
33	59	0.09254421472388148
33	60	-0.24997205425333544
33	61	-2.4001677921143965
33	62	-2.016886458589077
33	63	2.223609850150131
33	64	1.3314868448888684
33	65	-0.21790832282158135
33	66	-0.24156140994241554
33	67	-0.19081449338925374
33	68	-0.5963562640416789
33	69	-0.19105710271173873
34	34	NaN
34	35	-0.20705473585597559
34	36	0.8239751199497164
34	37	3.456461733969544
34	38	-2.591674766852866
34	39	-2.4749516158483176
34	40	-0.7295850558057112
34	41	-1.5375107954975338
34	42	0.5701308749723558
34	43	-0.37826048714402694
34	44	0.017769301523215607
34	45	-0.8077699615675397
34	46	1.5685624642049916
34	47	-2.6174338773513726
34	48	2.441761316464207
34	49	-0.6050882587217994
34	50	2.1916818756429857
34	51	-0.5432049582419104
34	52	1.428900412494179
34	53	-1.97306180894384
34	54	-1.7533424038749479
34	55	-4.036919562699826
34	56	-2.707029293332612
34	57	-1.1909180202322076
34	58	-3.0204334424047645
34	59	0.11672742898259378
34	60	1.0452302803684113
34	61	0.13616202795282661
34	62	1.2649044217314567
34	63	-3.9251729379563525
34	64	-1.1154350203948369
34	65	-1.6543972409327283
34	66	0.14140645576903116
34	67	0.8706052967871318
34	68	-1.616305665145829
34	69	0.12345535117519836
35	35	NaN
35	36	-0.4516369272896614
35	37	2.0691404816436525
35	38	1.2709787578018734
35	39	-1.0095605575751534
35	40	4.560936126096827
35	41	-0.8013122148914005
35	42	0.4849846926853686
35	43	-2.6380870888414596
35	44	-0.008973131817509784
35	45	1.1322773526368073
35	46	-5.08740725620601
35	47	1.279670737303751
35	48	-2.131537116924436
35	49	2.415036738630756
35	50	-3.8083295261497443
35	51	-2.992844673431885
35	52	4.203692083613417
35	53	2.017939902195083
35	54	4.637068299313309
35	55	1.7971586941156614
35	56	3.230747086075047
35	57	2.8426766413756885
35	58	-2.103033104335429
35	59	1.1205439391232022
35	60	-1.3683009179271157
35	61	-1.0077562752105806
35	62	1.04254784420222
35	63	2.160656165434639
35	64	2.970368493870878
35	65	0.04223516771750953
35	66	2.4657110128988164
35	67	-0.5044519011073644
35	68	-5.347483165558461
35	69	-4.817794777608056
36	36	NaN
36	37	1.566820314923532
36	38	1.7039989467229903
36	39	-1.3647261851032944
36	40	0.5526189906487864
36	41	-1.3839894650361586
36	42	0.023017410261858943
36	43	0.9664676846938961
36	44	-0.6935329164906138
36	45	2.240910140237137
36	46	-0.8276902688437476
36	47	-1.3551975640906193
36	48	1.4973893842725985
36	49	-1.0945926500386332
36	50	1.2519141777642258
36	51	-0.4617532465032232
36	52	-1.3336057833561936
36	53	0.03719106078452896
36	54	-0.7087744705858535
36	55	-0.35047930080075346
36	56	1.6927746242602233
36	57	1.258411569744905
36	58	1.0189431486940888
36	59	1.8528786961393338
36	60	1.1086848756497343
36	61	-1.7857487109297117
36	62	1.3257571917940125
36	63	-1.3495024691399893
36	64	0.5591870388465828
36	65	-1.5388754150768307
36	66	0.8023363326137369
36	67	-2.1082227629226398
36	68	0.3723950000613969
36	69	-2.365241774265759
37	37	NaN
37	38	-0.5844208089017969
37	39	3.9676329970573163
37	40	-1.7543598399632703
37	41	3.1546815709599527
37	42	-1.472254449806075
37	43	1.7553570960548512
37	44	0.5086077338196937
37	45	1.6715222103404574
37	46	-1.5318003120159052
37	47	-0.8803914204628777
37	48	1.826546387723804
37	49	-2.282450315309449
37	50	0.713908385958807
37	51	-1.838980358366988
37	52	-0.39140669261643335
37	53	-3.816075735597103
37	54	-1.1768264886247901
37	55	-4.781666904146387
37	56	-2.1414458764346795
37	57	-0.20976011259021785
37	58	-2.555693510260274
37	59	-3.72485095895218
37	60	-0.449179449133476
37	61	-0.030072561827257156
37	62	0.9926309576974038
37	63	-1.604643785934177
37	64	-0.7326718351805055
37	65	1.0291208456814325
37	66	-1.6813256288077596
37	67	0.6771414225665227
37	68	-0.755019018355229
37	69	-2.732276781613376
38	38	NaN
38	39	1.002829288611032
38	40	1.881932680572659
38	41	0.48348646741483214
38	42	-2.456030216366458
38	43	7.771487624019336
38	44	0.26674871472690653
38	45	-2.1098459320670937
38	46	-0.6839971907144651
38	47	3.0711139115841624
38	48	-3.1548230280295466
38	49	2.047603287180513
38	50	-1.073113334771271
38	51	-1.5663964793019092
38	52	0.010584682188502947
38	53	0.47667194876692215
38	54	1.7436572950793958
38	55	3.7974864544706324
38	56	2.120460434034137
38	57	0.906296580176229
38	58	-1.444316516484229
38	59	0.11476470592443991
38	60	-1.4258356310541074
38	61	-1.0353748293403406
38	62	-2.1985146041693837
38	63	-1.5727084631531092
38	64	-0.9019528952839512
38	65	0.21771871631788814
38	66	-1.6105377876959937
38	67	-3.462556812528829
38	68	-2.347646837097532
38	69	-0.9538749749156518
39	39	NaN
39	40	2.65285602097662
39	41	4.610665733129462
39	42	-0.2748505900061219
39	43	-2.2861286097654334
39	44	-1.2869913459504503
39	45	2.1794406957267256
39	46	-2.1879441339563033
39	47	-1.1969424634233448
39	48	-1.9828424086885903
39	49	0.4680381255384311
39	50	-0.6849843299311588
39	51	-0.45964621071117107
39	52	-0.45941435516749124
39	53	1.2031423833321657
39	54	-1.2328960914171974
39	55	0.12113528336154754
39	56	-1.214721026081135
39	57	-0.45897878201358994
39	58	-1.2475562598958232
39	59	-2.863004661186686
39	60	-1.8333397339181923
39	61	-0.1349539040462448
39	62	0.3750061655682484
39	63	-1.4636330820299035
39	64	1.0546840304900393
39	65	-1.689045838494827
39	66	-2.0677744823760884
39	67	-2.1823794129849348
39	68	3.7337558132028343
39	69	-0.3060931673320538
40	40	NaN
40	41	0.9159321882518349
40	42	-1.7907586125068904
40	43	-1.9155907040339222
40	44	3.117665668840425
40	45	-1.9111327167869931
40	46	-1.6830389382104998
40	47	0.8925633004449762
40	48	-1.0413256832088327
40	49	2.098830472015853
40	50	-3.051070882560717
40	51	-2.2352979844443164
40	52	8.049415888434032
40	53	1.0192253373602762
40	54	3.441262596393756
40	55	2.7556637880298465
40	56	2.8589542018666725
40	57	3.0361441319210796
40	58	0.6908865064431342
40	59	0.040453711242076536
40	60	-4.444410164896539
40	61	-1.8392718207165073
40	62	-0.719948483121682
40	63	-1.0855102374029189
40	64	2.433808082189644
40	65	1.9666639506163703
40	66	0.1094214698988364
40	67	-1.6213167073316144
40	68	-1.2793394032231333
40	69	-1.2264460924896028
41	41	NaN
41	42	5.266878861937463
41	43	0.06438366015578353
41	44	-1.2789495596831033
41	45	2.1778888887476087
41	46	1.486114319305542
41	47	-0.3850088263426968
41	48	0.16840259892340317
41	49	-3.021129424399856
41	50	1.2860685819974875
41	51	1.0863481198538316
41	52	-3.3118889606738646
41	53	-1.9346874031512309
41	54	0.7911029832372088
41	55	3.4188065006260184
41	56	-2.973739530733031
41	57	-3.2028252691283017
41	58	-2.866286696100941
41	59	-1.59890415563071
41	60	-1.0495049856358494
41	61	-0.19917301371731783
41	62	1.2153368273063625
41	63	0.20490877876891006
41	64	-1.2389495994924289
41	65	-2.52216917581231
41	66	-1.4707043828409128
41	67	-3.2228384646961854
41	68	5.3103944891885275
41	69	0.24847531441406182
42	42	NaN
42	43	-0.437561456205991
42	44	-2.380523633450238
42	45	3.511871882764559
42	46	3.0072072637140908
42	47	-1.6416323739564114
42	48	1.745204262744734
42	49	-1.9323349894035515
42	50	-0.9173364347122342
42	51	-0.11870942342878493
42	52	-0.7694414199194449
42	53	-1.470571651347069
42	54	0.4123691345353752
42	55	-0.9066958371261945
42	56	2.7865616169616967
42	57	-0.8740835860706448
42	58	1.1450521355884749
42	59	-0.687383302284045
42	60	-0.9628176356032707
42	61	0.7897661768473004
42	62	0.13345408295365652
42	63	-0.6147933813212824
42	64	-0.12226011705024482
42	65	-1.0743785605139935
42	66	3.4536944005795465
42	67	1.9610858441306993
42	68	-2.111500059149256
42	69	1.3196361847709013
43	43	NaN
43	44	3.7975465465403615
43	45	-0.2601490196937901
43	46	-1.2339467565558158
43	47	0.1528034977819558
43	48	1.069431138400371
43	49	-1.5260008357071726
43	50	0.10730929567313406
43	51	-1.4266887978090965
43	52	-0.9673335174464575
43	53	0.583978630512724
43	54	-1.3599504987247866
43	55	-0.9555123458161402
43	56	-1.2224696374705784
43	57	-3.3778958875513077
43	58	-0.5232218677201588
43	59	-0.36707242067807927
43	60	0.4126770039777952
43	61	1.5567810368141946
43	62	2.8444621837372512
43	63	0.8609156564967427
43	64	-0.5551202353017719
43	65	1.6263780122439224
43	66	-2.0002350327239613
43	67	0.30864692424512813
43	68	0.7135975043750864
43	69	0.8118368886267084
44	44	NaN
44	45	-2.7065594998356324
44	46	-0.3870181759691364
44	47	2.1823678326917273
44	48	0.5836487661473109
44	49	2.8916417159507297
44	50	3.4084367122974513
44	51	-0.9340325830633731
44	52	0.6332469136538137
44	53	-1.1987257819926078
44	54	-0.3035518933359247
44	55	-0.2955409001454785
44	56	2.2714781641770956
44	57	-0.30890332151405564
44	58	0.5299842475706963
44	59	-1.691426874068915
44	60	0.12861461941984073
44	61	1.562058871037309
44	62	-0.7412505109080051
44	63	-0.5440909804477287
44	64	-0.2812252492120418
44	65	1.393878176845853
44	66	-1.1216744750523953
44	67	-2.6034872869442895
44	68	-0.2365518232372767
44	69	1.4316775004760351
45	45	NaN
45	46	6.628563275709256
45	47	-0.24968393077251627
45	48	4.023872569300096
45	49	-2.1633327754634535
45	50	0.616175482804997
45	51	0.2577696305339584
45	52	-1.4713706709943353
45	53	-2.90368275489193
45	54	1.1740109371916028
45	55	-2.7622682239102585
45	56	-2.330892509663718
45	57	-0.6649124094568797
45	58	2.465667994385009
45	59	-2.859209975507806
45	60	1.4260962336970122
45	61	2.7348716008034177
45	62	4.583302944643779
45	63	1.3530469781617487
45	64	-0.8670231144141529
45	65	-4.566641265009002
45	66	0.8645539712161963
45	67	-1.150911531769983
45	68	2.171268593164803
45	69	-0.9813594106001019
46	46	NaN
46	47	-1.058514047269559
46	48	4.343185885358388
46	49	-1.949940036797858
46	50	2.7412690031455207
46	51	-1.2531942326945127
46	52	0.9172057684339754
46	53	-1.3230537561584206
46	54	-2.1750646820697925
46	55	2.937789457908173
46	56	-0.7001867970277328
46	57	-2.6727897859859455
46	58	0.4697317684933037
46	59	-0.5123305678418627
46	60	1.6451890849066004
46	61	-0.03818793542372311
46	62	1.2252591292629151
46	63	-0.10959825622825928
46	64	-0.6710432045448735
46	65	-2.6779476959098165
46	66	-0.32940195648846476
46	67	-2.295609297475481
46	68	0.057465674570461214
46	69	-1.158760115365835
47	47	NaN
47	48	-1.2810675932312892
47	49	3.0480585695388522
47	50	-2.3799373841214555
47	51	-2.325417984928059
47	52	-0.02332653509159806
47	53	0.5862971560587156
47	54	0.20628846046475
47	55	3.8664799439825863
47	56	2.02546748612963
47	57	1.1502045853355873
47	58	-0.6217717086452474
47	59	0.4545103770535754
47	60	-2.2179400911234306
47	61	-2.3611691813559816
47	62	-3.3506346915163654
47	63	3.075975551333564
47	64	0.9222966717016577
47	65	-0.7632350991858761
47	66	1.2859841676914692
47	67	-0.43912801130223206
47	68	-1.7537750600616935
47	69	0.1656729397049318
48	48	NaN
48	49	3.375977877393593
48	50	2.280616139456201
48	51	-2.276954909823966
48	52	-2.3308663713314948
48	53	-4.20896688468543
48	54	-1.8632972875246399
48	55	-0.3688205353145198
48	56	-1.3400475617872116
48	57	1.5372766547407368
48	58	1.3298250419041953
48	59	2.3347924196771515
48	60	-0.49077279223416964
48	61	-0.9870943324904689
48	62	0.7515546187482238
48	63	-1.236249222292226
48	64	-2.288209229222868
48	65	5.670355340603431
48	66	-0.3301601563695231
48	67	-0.5478185901881258
48	68	-2.8005211576891433
48	69	0.9884729044070786
49	49	NaN
49	50	-2.140056840579356
49	51	-4.433811735856331
49	52	2.8811101289365335
49	53	0.8024720606624836
49	54	3.700979643453154
49	55	1.896752891729642
49	56	5.311988055627635
49	57	3.8196807935734447
49	58	-1.5413913535307997
49	59	2.470749532341472
49	60	-1.4780328374059029
49	61	-2.968624446387579
49	62	-0.6655552821895704
49	63	1.5803396882493297
49	64	0.48158882499331085
49	65	2.0812751425653877
49	66	1.0534532569326964
49	67	-0.39631548257247146
49	68	-3.2337254238341453
49	69	-1.7856587208291794
50	50	NaN
50	51	-1.8889143662743233
50	52	-1.3489634633147842
50	53	-1.2236799225681267
50	54	-0.5579533104931509
50	55	-1.61723555436394
50	56	-3.1264314612916353
50	57	-1.275736581885439
50	58	2.051746407546151
50	59	-0.6690998537252812
50	60	1.4839143362599476
50	61	-0.7990790686727436
50	62	-0.9352804504108405
50	63	-0.27534038965686924
50	64	-0.7115277967335875
50	65	-0.3288657581597454
50	66	-2.015431225126236
50	67	-0.8909639440943867
50	68	1.8148018150387883
50	69	2.2173983446481125
51	51	NaN
51	52	0.6107729353870034
51	53	-2.584345410188856
51	54	4.681682316941783
51	55	-2.0894596497524858
51	56	-2.626366381323808
51	57	0.3022143015616229
51	58	0.9808323337180699
51	59	-2.1052052328897295
51	60	0.05392295425570146
51	61	2.976545043795407
51	62	2.2110362759162285
51	63	-1.7932787228892295
51	64	-2.655062802867649
51	65	0.1452449578829924
51	66	-1.2967220067555025
51	67	51.459825214473526
51	68	0.4507233302621321
51	69	1.0210904880190579
52	52	NaN
52	53	-0.5660705634569021
52	54	-0.3298558853123661
52	55	3.2218049254844887
52	56	1.4386692307165905
52	57	-0.16185607263608132
52	58	1.2174791557843185
52	59	-0.770243006213229
52	60	-1.9537961204166996
52	61	-0.5193864449420178
52	62	-1.42153834379475
52	63	1.7144091728368145
52	64	3.5308561970207712
52	65	-2.1116975233713493
52	66	0.5844167281043549
52	67	-0.6308465134395813
52	68	-1.0521793909512256
52	69	-0.9996220329682418
53	53	NaN
53	54	0.5565099520115278
53	55	3.247085764295268
53	56	1.8996532385181133
53	57	-0.3555020119113138
53	58	0.044319106070118325
53	59	-1.1734267012064157
53	60	0.10440027896827478
53	61	-0.3873742375062365
53	62	-3.2804024697650433
53	63	2.835573281942546
53	64	-0.5522489708714803
53	65	1.6703216397998246
53	66	-0.8115034878869051
53	67	-2.7902204260408054
53	68	6.845845497459763
53	69	6.808595182489105
54	54	NaN
54	55	1.429766903405949
54	56	1.0422453655903012
54	57	1.3752328284798387
54	58	-2.2072604690090456
54	59	-0.39180282829700575
54	60	-1.3485732686380558
54	61	1.700967213133001
54	62	-1.338263673399989
54	63	-1.0189578709012932
54	64	-0.25180518077273456
54	65	0.7882855359621875
54	66	-0.14773569683640494
54	67	13.094921855141582
54	68	-2.0632118776786563
54	69	-1.9992336563901105
55	55	NaN
55	56	4.468275856105426
55	57	1.2657929826198595
55	58	-1.2866397007127917
55	59	-0.19509555139253504
55	60	3.4239823740905986
55	61	0.3539906818662422
55	62	-0.701196396035201
55	63	1.5667353257844796
55	64	0.9266453874297154
55	65	-0.8571977561355136
55	66	-2.808121359857086
55	67	-2.0136529317012055
55	68	-3.348959128051823
55	69	-0.464063498049068
56	56	NaN
56	57	4.117223893548517
56	58	2.4246025096541244
56	59	1.1812616263453324
56	60	-2.0475200276050254
56	61	-1.5334412680866711
56	62	-0.7810421144691579
56	63	0.3195814545183092
56	64	-0.8021677699811572
56	65	1.1418004440794571
56	66	1.9870720559700588
56	67	0.25228028130741476
56	68	-3.3639943226048765
56	69	-0.317754338323141
57	57	NaN
57	58	-2.3173555863404904
57	59	-1.4465834180233827
57	60	-0.24037464192888122
57	61	-2.028167610913562
57	62	-2.3267862474247774
57	63	1.3487943388693393
57	64	2.9588036357619507
57	65	0.9613624043908127
57	66	6.616794077500175
57	67	-0.6307620309130352
57	68	-0.9484451931146036
57	69	-1.5684323932266682
58	58	NaN
58	59	-2.202486335825648
58	60	0.7448774550893899
58	61	0.6748467523671681
58	62	-1.91682509559997
58	63	1.6275169151956894
58	64	4.456978053100729
58	65	-1.7884640880628349
58	66	-3.510080067555589
58	67	-3.0069590278299256
58	68	-0.5970940411173208
58	69	-1.0045405051908505
59	59	NaN
59	60	-3.373775293024975
59	61	0.8588317567895699
59	62	-2.5509380251392604
59	63	-1.2621094288936163
59	64	3.7284367375342473
59	65	-0.09457824646902115
59	66	0.23797590371241084
59	67	1.4204742301528377
59	68	-2.387592755327471
59	69	-0.23696882074397155
60	60	NaN
60	61	-0.5190253425391423
60	62	3.322506143239478
60	63	0.28919885713346927
60	64	0.7824422499935083
60	65	-2.5934182809480157
60	66	0.6051903900994177
60	67	1.7510116748505176
60	68	-0.20825834912291494
60	69	3.69421020265668
61	61	NaN
61	62	4.470471027684663
61	63	1.1519058881710342
61	64	-2.7123098214654244
61	65	-2.3903269710884603
61	66	-2.395170013044241
61	67	2.1248723053432887
61	68	0.07452550387442007
61	69	0.6499280149086128
62	62	NaN
62	63	0.252804352493173
62	64	0.03784300076473801
62	65	-1.5086064259507905
62	66	0.6654922582560283
62	67	2.5027332933001647
62	68	1.319808509800207
62	69	-0.05674364964326592
63	63	NaN
63	64	0.740407676139878
63	65	1.0572194835727295
63	66	-1.2580783733793688
63	67	-2.743963024379056
63	68	-2.270604078555235
63	69	-0.852866736485505
64	64	NaN
64	65	0.8759623506610443
64	66	1.802805874725403
64	67	-2.574611727465597
64	68	-0.3324837130751782
64	69	-2.7715047311173375
65	65	NaN
65	66	0.038108262289719974
65	67	-1.289992790029138
65	68	-0.8077241195208961
65	69	0.7124839890608313
66	66	NaN
66	67	0.32554655443859554
66	68	2.5484089461075388
66	69	-1.2989026404509674
67	67	NaN
67	68	-0.21588615024939126
67	69	-1.5015533741381693
68	68	NaN
68	69	-0.28435005877191954
69	69	NaN
