1	1	NaN
1	2	-0.755968605096599
1	3	-0.6775060084493906
1	4	0.46048322706024336
1	5	8.552120602677606
1	6	0.9438969609220985
1	7	8.395319771365525
1	8	0.17535937328104745
1	9	0.6371607069597289
1	10	-2.7314597049653835
1	11	-0.5667702218963477
1	12	-1.6451173976784481
1	13	-0.5692472967005834
1	14	-0.6320201140586247
1	15	-0.9067018117544532
1	16	-3.036279849628939
1	17	-0.910651155171282
1	18	-1.318136023146346
1	19	-2.1057877638975517
1	20	1.3127518351838192
1	21	0.09881213323689007
1	22	-0.1273801609121386
1	23	-0.6226858950415892
1	24	2.12559524346541
1	25	-1.7203729696118957
1	26	-4.588202510887538
1	27	1.6939064692962602
1	28	-1.7283416860233094
1	29	-0.4160960286177638
1	30	-7.642224049926035
1	31	-0.7785152828348793
1	32	-1.1137715884108066
1	33	3.506723319135922
1	34	-0.9725678371811801
1	35	-0.5377856743269231
1	36	6.364286575077982
1	37	1.9540544045687667
1	38	-0.07206894020496582
1	39	-0.4485579886459684
1	40	1.2249673019927518
1	41	-1.2897567997199735
1	42	1.2928452607752634
1	43	-1.1153925705444818
1	44	-1.2164875003384195
1	45	0.4237133134009984
1	46	0.5236848064523569
1	47	-0.6208008912261582
1	48	0.7363240822328749
1	49	-1.3693381126533493
1	50	-1.6362948945751097
1	51	-0.9967720863139999
1	52	1.1841736112978793
1	53	0.07433468329459138
1	54	0.16066586515039255
1	55	-0.3805926739697955
1	56	0.14938272833351263
1	57	1.6010628193883059
1	58	6.271668513830115
1	59	-2.1178479223518183
1	60	0.7822986014825187
1	61	-1.0733050556484742
1	62	-0.6609799409418059
1	63	-0.026458613181101192
1	64	-0.2195778811476462
1	65	0.7695660426891304
1	66	-0.415579687834158
1	67	-1.8941514244843611
1	68	-1.0857823319615107
1	69	-0.39476462539538676
2	2	NaN
2	3	3.501129053291437
2	4	-1.0471721087592252
2	5	-0.802025593854339
2	6	-1.4918462053493464
2	7	-0.48534906505673264
2	8	-3.0493879873031267
2	9	-1.0921972982612511
2	10	-1.5442664442173337
2	11	-0.24361964291292926
2	12	0.4527002322941602
2	13	-0.49705294558979907
2	14	-0.10944438114952676
2	15	0.23748082267403936
2	16	1.1839465844168953
2	17	-0.7113784872229367
2	18	0.8888772148287442
2	19	1.17417326459463
2	20	-3.1058992970718227
2	21	-1.010605359947152
2	22	-1.7363691779055628
2	23	0.27166957346826637
2	24	-1.5463474618554804
2	25	-0.446812922653234
2	26	-2.040075889221233
2	27	-0.09054031727770481
2	28	2.3312475139153794
2	29	-0.5256862809420582
2	30	2.049414465035332
2	31	1.0793743171809052
2	32	0.3359741888878908
2	33	0.07586687394814565
2	34	1.7492432870014172
2	35	-1.7810692056680648
2	36	-1.1102607770084876
2	37	1.1081023681795377
2	38	1.0014980971704939
2	39	0.06362837387214165
2	40	-1.5631289628574894
2	41	-2.0822383750958684
2	42	2.0680329345140898
2	43	-1.3858597912366981
2	44	1.3727228558213258
2	45	1.5958952099602568
2	46	0.041074368029520886
2	47	5.613883550530883
2	48	-2.3045370032237487
2	49	-4.52074391189165
2	50	2.920265342162264
2	51	1.4479765069383257
2	52	-3.8995746392438084
2	53	-1.5500035104416723
2	54	-0.21052198951322018
2	55	-0.4685589573915979
2	56	1.188749269791214
2	57	-1.9101555415256999
2	58	-1.8813198512927207
2	59	2.2674510613629493
2	60	0.8262046484519688
2	61	15.733078098062535
2	62	-2.6339330612437757
2	63	-1.344712432948801
2	64	0.16463284969223788
2	65	0.5597652583303262
2	66	0.4966263435419278
2	67	-0.9135077796405983
2	68	-0.5853719227151531
2	69	-1.6202492642316602
3	3	NaN
3	4	1.7374732686678003
3	5	0.9326532339152781
3	6	-2.7433265801148097
3	7	1.63191390545677
3	8	-1.9340257735169697
3	9	-2.6633088658803543
3	10	-4.26555859280529
3	11	0.51983090113064
3	12	1.6473983756965054
3	13	-0.8087324651413604
3	14	1.424514629000153
3	15	-0.5330911858199784
3	16	-3.4196097719867415
3	17	-2.3378525313299945
3	18	-3.5536116610415953
3	19	2.768212292939069
3	20	-1.2228142409983322
3	21	0.5967211957043136
3	22	1.1288767200235197
3	23	0.6119608970141154
3	24	0.08379323098431458
3	25	6.747030986685406
3	26	-2.8546682661509464
3	27	-0.3649577326737899
3	28	-0.9902734408346907
3	29	0.07229524707002316
3	30	-1.194139066598813
3	31	1.8373838283736967
3	32	3.540366256052061
3	33	-1.209480876281737
3	34	0.566610530337774
3	35	1.4789325716315975
3	36	-0.38465003606383624
3	37	-1.4643958301893527
3	38	1.418630196646874
3	39	2.6132476277599013
3	40	-1.0813500508647795
3	41	-0.6111293610893824
3	42	0.358201026286578
3	43	-1.189544527707797
3	44	-0.3150503903268738
3	45	-0.3503871422898867
3	46	0.18852450860187656
3	47	-2.8800110897386673
3	48	2.8687522104656034
3	49	-0.1017367321353923
3	50	2.7124923025779495
3	51	1.6326204161389555
3	52	-1.2251836276098074
3	53	-1.910333710839781
3	54	-2.2151336931375076
3	55	-2.4618804262689298
3	56	0.09555613106919375
3	57	-1.8168256646344598
3	58	5.109094106090808
3	59	2.6290618797623906
3	60	1.3503380155229145
3	61	2.890505399569405
3	62	1.2229639260871734
3	63	2.149088433995357
3	64	1.0142789647983703
3	65	1.2029915290396713
3	66	-3.637032161599987
3	67	-1.8383530673278312
3	68	1.3836741618588275
3	69	-0.8796607036760187
4	4	NaN
4	5	0.38729542720033183
4	6	-0.3531418190620804
4	7	1.0954336573297292
4	8	-0.6867331250192107
4	9	1.053695198628664
4	10	-2.0731883434613096
4	11	1.3513930420161875
4	12	-2.8848454674221573
4	13	0.4630258050114336
4	14	0.20799027962732067
4	15	2.1815718405193096
4	16	-0.6408324544868043
4	17	-1.7871508812931003
4	18	4.499778416852659
4	19	1.1661427732995213
4	20	-0.3038041826478784
4	21	-0.616654334769147
4	22	0.24133577107608936
4	23	-0.7411448235020052
4	24	0.8852632518258569
4	25	0.33754052302376647
4	26	-2.961464314833778
4	27	0.1418994893014332
4	28	1.0652859613690173
4	29	-0.38746886642360684
4	30	-4.039560411939378
4	31	-0.21839344798659746
4	32	-0.4583744652499505
4	33	3.6589974217145786
4	34	2.719872265160402
4	35	1.0314507994069169
4	36	-0.5034434674251138
4	37	-0.8219588241079065
4	38	-1.945732511547153
4	39	-3.3043388904385176
4	40	-0.9564806731019797
4	41	-1.8231107097038945
4	42	-1.197937249736921
4	43	-0.6366550775895169
4	44	-1.177782040711581
4	45	2.1430826071510047
4	46	-0.8715575044388302
4	47	-0.5933121461894748
4	48	-0.8852919684695885
4	49	0.19908331348729158
4	50	0.33888081497038
4	51	-0.7269581631731361
4	52	-1.8874386889388017
4	53	-0.6617829173560565
4	54	1.083176666302915
4	55	-0.785039037162569
4	56	-0.05181010344276201
4	57	3.651011549329007
4	58	-1.73412261443743
4	59	4.730406319351973
4	60	1.2351540246290258
4	61	-1.0491708416063543
4	62	-0.10238930555153798
4	63	-0.7083202933432098
4	64	-0.6704795439326409
4	65	0.5811385613202933
4	66	0.9578564282523186
4	67	-0.6846324038308937
4	68	1.0373680973454351
4	69	-0.932252292587945
5	5	NaN
5	6	0.5053513719323336
5	7	-1.3184836171211278
5	8	-1.224612173743098
5	9	-3.092500462503012
5	10	-5.204744740964401
5	11	0.3049148554120858
5	12	-1.8698057790212959
5	13	-2.381394797951611
5	14	-2.8292679102639346
5	15	1.5790228502001473
5	16	2.1329134761502093
5	17	-2.7605855161401522
5	18	-0.9517939227522739
5	19	-2.3818279583341226
5	20	-1.3815764191505893
5	21	1.9711720098329857
5	22	-2.666451483002724
5	23	-0.551358407135098
5	24	-0.8201193282335684
5	25	-1.9986557252725992
5	26	-1.8660713405563187
5	27	-2.7931057923910902
5	28	-2.3567175874442974
5	29	-0.2556261350726669
5	30	-1.5694397978260055
5	31	-1.0201724738004752
5	32	-4.094758343103313
5	33	0.6546897577961278
5	34	28.851692612995333
5	35	-0.6737855452693099
5	36	38.06460418653962
5	37	-3.093745114983182
5	38	-3.3033677942356103
5	39	-1.2305411087725167
5	40	-1.56786698199084
5	41	0.36410722573732074
5	42	-1.3407037129939496
5	43	0.40711902549995665
5	44	0.48410349222672655
5	45	1.3564683469654617
5	46	-4.428039998289258
5	47	-1.1211508386213807
5	48	-1.8321968593760425
5	49	-1.259300551528663
5	50	-1.4258063043203923
5	51	-0.04842084881167594
5	52	-1.606716803909317
5	53	-2.198645445546006
5	54	0.41347421383846655
5	55	-4.706686784077539
5	56	-1.958648805339779
5	57	-0.7102353626396677
5	58	-1.9729735218242421
5	59	-0.5277930732209943
5	60	1.2398063183610928
5	61	-3.608131842261369
5	62	-0.8612535781366658
5	63	-0.5613687877282063
5	64	-2.4293493937408583
5	65	1.1833397076363004
5	66	-2.151540493140495
5	67	0.8772338653500045
5	68	0.8914555093989092
5	69	2.5620315482557636
6	6	NaN
6	7	-1.0928542280005538
6	8	0.3472283169148921
6	9	4.01634378826961
6	10	1.1326741169184635
6	11	-1.1728661216161305
6	12	-3.679507261881621
6	13	1.6444931585433158
6	14	-1.225648260582149
6	15	-0.4652099501132701
6	16	0.04554292670641692
6	17	0.016889044244120483
6	18	-3.5025369904986605
6	19	-2.159496638860628
6	20	0.8751199362531346
6	21	0.7940302961467586
6	22	-0.6712820476916413
6	23	-1.2791370074040642
6	24	2.6748001615447894
6	25	-2.0725449255421315
6	26	-1.5278926330267635
6	27	3.4460868577225137
6	28	-0.7895746569115034
6	29	-0.4871460240071322
6	30	-2.8676262802956316
6	31	-2.6571321024963686
6	32	-1.574249333308794
6	33	2.156496868708399
6	34	0.165536316912593
6	35	0.0015554562533134726
6	36	-3.7675793364956864
6	37	0.4445078690479426
6	38	1.7066869420162323
6	39	0.7048039739168377
6	40	1.8091034275542477
6	41	0.9687673748285581
6	42	-0.8658868946740055
6	43	-0.6691934002329807
6	44	0.5234522487895571
6	45	-0.9742530166700342
6	46	-0.8376003166209709
6	47	0.9753746522684315
6	48	-0.3393054693098888
6	49	1.3682860063469724
6	50	-2.3368954163464153
6	51	1.4994675303780824
6	52	0.9797953839352735
6	53	1.7531153597855567
6	54	2.2775834393405927
6	55	3.843298437719727
6	56	2.8770530815473747
6	57	4.388992959497901
6	58	-2.071859021502578
6	59	-0.4316770211272389
6	60	-0.9398000847710238
6	61	-2.2386212223773474
6	62	-1.3281566185648557
6	63	1.0212055230287407
6	64	-1.082529286215713
6	65	-0.9375737025771304
6	66	1.445403463183822
6	67	-0.42424409581932676
6	68	0.8055605662000952
6	69	0.3160779440718364
7	7	NaN
7	8	0.16855707613901236
7	9	0.7527775545908877
7	10	-2.7933952039884753
7	11	2.0309014579664972
7	12	-2.6223362639987986
7	13	-0.09267666536070039
7	14	3.151622836980872
7	15	0.5175139726160665
7	16	0.07495318312150875
7	17	0.458126588867896
7	18	-2.1070065329473326
7	19	0.741167988594922
7	20	-1.031160574061222
7	21	2.3564032141867406
7	22	-1.1550126579444127
7	23	6.424407267756965
7	24	-2.1978250190201556
7	25	3.500113815679332
7	26	-3.486833259642555
7	27	-3.7404946661934697
7	28	2.367377539057598
7	29	-1.4915321531539225
7	30	-3.3951892131955996
7	31	-0.3324226402182107
7	32	0.7349482706648605
7	33	-2.2696585882208273
7	34	-1.953410947368486
7	35	-0.1783978852746701
7	36	2.9140041519779527
7	37	-1.8682493768880086
7	38	0.8138031863654568
7	39	2.421605407542435
7	40	-1.353505387123802
7	41	-1.5356678532341483
7	42	2.0511577386484294
7	43	2.1370811812001045
7	44	2.401356202437477
7	45	1.8364950137773561
7	46	1.4773685712047013
7	47	-0.6081935083759585
7	48	2.5814510939627167
7	49	-3.0379340552561405
7	50	-0.9507756880134222
7	51	-0.30468513204904946
7	52	-1.311055240167338
7	53	-1.9407835413927093
7	54	-1.6286332317058059
7	55	-2.8201344223011886
7	56	-0.021137178885166235
7	57	-1.0073144208012657
7	58	-1.210173731605415
7	59	-1.0548483871550418
7	60	-0.7683307679159795
7	61	1.4134446456340413
7	62	0.5023854796148332
7	63	-0.17115915085282554
7	64	0.8053145806928701
7	65	3.4719180179636098
7	66	-1.2742353460861668
7	67	-0.4516532899508246
7	68	0.4258793324170385
7	69	-0.41225017405552083
8	8	NaN
8	9	4.264027802293152
8	10	1.431192376764816
8	11	0.765724711320259
8	12	-2.0132426186458097
8	13	1.1546245211375017
8	14	1.9823189610058223
8	15	-0.5388883678194768
8	16	-2.8207255192152547
8	17	-1.2052299886668092
8	18	1.6565980129277447
8	19	-2.8823020994070854
8	20	0.594530260014422
8	21	-3.190612655303989
8	22	-2.2579447963262687
8	23	-0.7067600081443745
8	24	-0.252445905258687
8	25	5.076481760724133
8	26	-0.22951052966534166
8	27	1.7772983775893507
8	28	0.27617836052002875
8	29	0.051897478500053634
8	30	-1.1442133836678205
8	31	2.5333683606192614
8	32	-1.636781652076814
8	33	0.785019396044736
8	34	-0.6054304673066343
8	35	-2.1404089981293732
8	36	-1.986041125879276
8	37	15.099217520557312
8	38	1.9571648660143055
8	39	-1.348100797433146
8	40	1.832574086960599
8	41	-0.5588340527186407
8	42	-1.9476472715951605
8	43	0.022855847687936966
8	44	-0.12892944539462076
8	45	-0.6061115291701255
8	46	0.148894854989115
8	47	0.6628361295618483
8	48	-2.279104600819381
8	49	-0.6091196187209225
8	50	-0.21612503567455316
8	51	-1.5420361567708536
8	52	-1.714935476001427
8	53	-0.8276596267437066
8	54	1.5692527832662573
8	55	-0.24083696584576636
8	56	0.2966127664418678
8	57	3.7021079876523237
8	58	-4.358783653162641
8	59	0.045039556055730325
8	60	-2.8852248292904465
8	61	-1.057385641518059
8	62	0.7722483160776042
8	63	-0.3590983046937669
8	64	-2.90939812413009
8	65	1.2776619065625618
8	66	0.11699027427689963
8	67	0.8097284962830001
8	68	0.11025289647791117
8	69	-0.7180905942831014
9	9	NaN
9	10	2.296120270691157
9	11	-0.39479209273486093
9	12	1.937494649539752
9	13	0.5412807162553086
9	14	1.9774814362376512
9	15	-0.2898889710072673
9	16	0.21171194893199455
9	17	1.631885899681028
9	18	-1.8164083670575004
9	19	-0.8894742921304623
9	20	1.7276477425058054
9	21	-3.009313565171785
9	22	-1.07295202201471
9	23	-0.49441116179399736
9	24	1.5071104211318012
9	25	1.6945527267351228
9	26	-1.1136898005714722
9	27	3.101903427116977
9	28	-1.2243970952229626
9	29	1.5356717832992373
9	30	-2.2632667956746335
9	31	-2.614063521124363
9	32	-4.745846217846474
9	33	2.6836596219755062
9	34	-0.47671706692145976
9	35	-3.037114338561345
9	36	-3.9229624472506317
9	37	-1.2639735642006413
9	38	1.2419708290756784
9	39	-1.9755357378991334
9	40	2.3308440219151176
9	41	0.45058144063910543
9	42	-2.2972989198065843
9	43	2.1626166827148205
9	44	0.929891201226229
9	45	-2.1088921142955175
9	46	-0.40425960337555317
9	47	1.2738825204767368
9	48	-0.9054580850453241
9	49	0.059781382040028856
9	50	0.58777206554112
9	51	-2.3109279169108756
9	52	1.3519891521535279
9	53	-0.45750327266949065
9	54	-1.4432110961014564
9	55	2.8028001523844313
9	56	1.5914826655176333
9	57	3.9115314202517077
9	58	-3.005303052591641
9	59	0.529641806524739
9	60	-1.0086512914849286
9	61	0.918961717461517
9	62	-2.224390401341969
9	63	2.0003355499746247
9	64	-3.143187422581481
9	65	-0.7650490813237062
9	66	2.5220001660958036
9	67	-0.26008879443604277
9	68	-2.0334369143898594
9	69	1.7855589422788867
10	10	NaN
10	11	-0.056411398646464224
10	12	2.62357575753401
10	13	0.531447375274489
10	14	-0.7276429246384717
10	15	-3.939080356205353
10	16	-3.0397544648073733
10	17	32.80045406402325
10	18	-4.607925854328258
10	19	-0.6251653874743951
10	20	0.9420259789193013
10	21	-1.2026142209058053
10	22	-0.3318884489404818
10	23	0.6550186143181015
10	24	1.7134041699521958
10	25	-1.9610659558637349
10	26	-0.4084479924576233
10	27	0.35767776499446574
10	28	-1.2068272671717297
10	29	1.9843169975256905
10	30	-3.9930836314092475
10	31	-1.6550262873926307
10	32	1.3572962978351184
10	33	1.6299076855673424
10	34	-3.0236588263676207
10	35	-0.6661870742600737
10	36	0.8247425865184358
10	37	3.2668549689083717
10	38	1.119850316001936
10	39	-1.3613063923038906
10	40	2.197254097516143
10	41	1.6468675906049761
10	42	-2.3277276071225286
10	43	-1.1908464666326706
10	44	2.0109930702525087
10	45	-2.444926503471059
10	46	-5.936286490639266
10	47	0.3229523810544193
10	48	-3.3606171743981843
10	49	1.8345006637869081
10	50	-1.9362214853720603
10	51	-3.06250070968332
10	52	3.012673412145949
10	53	1.7517576815021874
10	54	-0.2897512821165529
10	55	0.13011955380760631
10	56	4.110303059993905
10	57	1.8535247767868201
10	58	-4.425996974432855
10	59	-0.8427411775131824
10	60	-1.52531555917252
10	61	-0.2991425204503059
10	62	-2.0462211441922706
10	63	1.7431326065746282
10	64	-0.30870349371102085
10	65	-1.837971336094463
10	66	3.298043340558122
10	67	-0.8496782857031138
10	68	-2.2760011796894952
10	69	-0.280751073053662
11	11	NaN
11	12	0.44080389212519094
11	13	-0.8554999745014062
11	14	-2.2971918521550654
11	15	-0.7852756781354124
11	16	-1.6077304424963061
11	17	-0.5615675705365514
11	18	-0.34422793336221646
11	19	-1.2525238967420909
11	20	1.1360105413623458
11	21	0.6651792521109066
11	22	-2.2314412627045295
11	23	-2.4134645216408455
11	24	0.37303386633029123
11	25	-1.2546003331036564
11	26	-3.649425164901772
11	27	-1.8510609881094828
11	28	1.9710208483895524
11	29	1.6967061871144877
11	30	-3.799619811762169
11	31	-0.9706772030156579
11	32	2.131323161644381
11	33	-0.3913494610245721
11	34	0.3829379618887961
11	35	0.9624017294601606
11	36	-1.2736220184435134
11	37	1.358070538722722
11	38	-1.0580303327410467
11	39	3.3930747144182822
11	40	4.886989276422145
11	41	4.992443781443813
11	42	0.6768879663894276
11	43	-2.6052563714868606
11	44	-1.6814492889756472
11	45	1.3061975703208624
11	46	-0.30384733912165074
11	47	0.156277988129236
11	48	0.6583617348531623
11	49	0.0376974404910967
11	50	2.232683521674471
11	51	-0.4710390812509754
11	52	3.949499358170165
11	53	-0.4425745928496887
11	54	-1.3369768654797853
11	55	0.7880980043181353
11	56	-0.18745645558121088
11	57	-1.557743531496189
11	58	-3.402611838575494
11	59	-1.70843566589084
11	60	-1.5654330173472386
11	61	-2.0941518211738486
11	62	-4.162813181555373
11	63	-0.23025037982925717
11	64	0.7854856452776445
11	65	2.9255387847386785
11	66	0.15195037765301642
11	67	2.021648127523986
11	68	3.0500016081732513
11	69	-1.1356761910051851
12	12	NaN
12	13	1.2780666752299705
12	14	1.8463143251236735
12	15	0.26663058103845866
12	16	-2.220766679474786
12	17	-1.3611321589765462
12	18	37.372568811396015
12	19	1.271225332122178
12	20	-2.4305848180557432
12	21	-0.24799131633055596
12	22	1.0572654829529604
12	23	-1.6556462715397628
12	24	-1.8741213884607426
12	25	1.463274971054164
12	26	-1.6293045320306254
12	27	-0.8030390846862417
12	28	1.7326663165933736
12	29	-2.7384770615133633
12	30	-1.7056045895507246
12	31	0.5529310086591069
12	32	2.8404520828649895
12	33	-1.4919622161588997
12	34	-1.933741948729719
12	35	-1.2034587901974374
12	36	0.9826662182722291
12	37	-0.3423710735032969
12	38	-1.194719646850815
12	39	2.631810799153418
12	40	-3.7085467646943253
12	41	0.06900990979383123
12	42	2.6662685259833836
12	43	2.08980744652009
12	44	-1.734200918388703
12	45	1.6925924030631168
12	46	3.4987965837816954
12	47	-3.389580008364802
12	48	3.7788856247715907
12	49	-3.3772590402588407
12	50	-0.9172036466710676
12	51	-5.012997980308579
12	52	-1.8519841625719577
12	53	-3.5583602939893613
12	54	-2.680277108117982
12	55	-0.1439411602659389
12	56	-1.18655376079652
12	57	0.48781832957375654
12	58	2.984614518045415
12	59	-1.0459538772082515
12	60	4.755569266169507
12	61	-1.369002706828443
12	62	-0.05677794676397593
12	63	1.8748865691618268
12	64	-0.7220033931734741
12	65	-1.4127591908763475
12	66	-2.803419084914708
12	67	-0.22294708549130068
12	68	1.1861021142396997
12	69	-4.889883595526493
13	13	NaN
13	14	1.2326409094725315
13	15	1.7432190940556114
13	16	-1.872520487431219
13	17	1.5091741024286875
13	18	-1.6652643668007963
13	19	-2.329862380179807
13	20	0.7702766807543875
13	21	-2.5071391504506018
13	22	-0.3006428017592339
13	23	0.6186370298645043
13	24	0.6030048085164178
13	25	-0.5040612984443996
13	26	-1.5717246200655208
13	27	-0.8534509663768953
13	28	-0.5939391119055184
13	29	0.23322242670056417
13	30	1.8452683111286747
13	31	-1.187267591635496
13	32	2.569875953453615
13	33	1.8721830263059671
13	34	3.3926778745276325
13	35	0.3273812762660722
13	36	-1.1378368674479562
13	37	-2.2972121113390975
13	38	-0.3354461926681273
13	39	-1.3271984580245848
13	40	4.422393530746197
13	41	0.6013642379283151
13	42	0.4794184797321801
13	43	1.166695746825864
13	44	-0.08614484045590817
13	45	0.6123396617147882
13	46	0.853082035606285
13	47	-0.7250142666432842
13	48	-0.7928928351570582
13	49	1.1108773740063214
13	50	-2.3590222706859807
13	51	-1.3550700239434827
13	52	2.3721508804286335
13	53	0.6186489746591207
13	54	-0.0509050983012063
13	55	1.440847957128798
13	56	0.2225239599683162
13	57	1.2620925586888752
13	58	1.4204561652347096
13	59	-1.3590410258447525
13	60	-1.6347167185332094
13	61	0.2683171998374962
13	62	-4.031013359597277
13	63	-0.5212037780198304
13	64	-0.3173344670764556
13	65	-2.8339189567999887
13	66	-1.1291694816857154
13	67	-3.00520850205013
13	68	0.9244352373496513
13	69	1.6739854726344354
14	14	NaN
14	15	3.9508060070036652
14	16	0.3538808365821308
14	17	-1.083391691401785
14	18	-4.354163471486543
14	19	2.4338997966452856
14	20	-1.9923141684611638
14	21	1.8736623013632543
14	22	-1.1850617963349053
14	23	-0.8487117510184731
14	24	0.22154814292611588
14	25	0.6874841400406212
14	26	-2.932802487334397
14	27	-0.6828695919218523
14	28	3.1805230128605126
14	29	1.3078757407265815
14	30	-2.7470089791186423
14	31	2.1307258813400383
14	32	-0.39926718583366133
14	33	-0.7892785010741342
14	34	-1.0890691592335016
14	35	-0.2530987805665328
14	36	-0.6156971358394022
14	37	-1.6198145373490036
14	38	0.4597413567055203
14	39	0.6705255216328949
14	40	0.26633889025410606
14	41	1.6823017656531103
14	42	-0.3769399000030252
14	43	0.30546472870095825
14	44	-1.290406594640086
14	45	-0.07874858672914425
14	46	-0.13356570307675403
14	47	-1.5768841987505002
14	48	1.5195878104749145
14	49	-1.2803807715666746
14	50	-1.2835686682600427
14	51	-3.9629242741464834
14	52	0.6125339379031296
14	53	14.698762860822606
14	54	0.9075386608838488
14	55	0.08562323484220641
14	56	-0.7166527394433075
14	57	-0.6482751064955304
14	58	1.1646313018146015
14	59	-1.1295901328046716
14	60	0.166402645151038
14	61	-0.006124780211698153
14	62	-3.804840911061216
14	63	-1.8122147546205734
14	64	-0.26334450035620716
14	65	0.6073777234185238
14	66	-0.031676184649863756
14	67	0.4276737904355935
14	68	-2.331398959381487
14	69	-2.4399808662930877
15	15	NaN
15	16	6.124810268428065
15	17	-0.10033478962404735
15	18	0.3472377706340891
15	19	2.89666795122241
15	20	-0.7276182955199496
15	21	1.542718441291975
15	22	-0.5973184705773728
15	23	-2.33904962989851
15	24	-3.1572937559384533
15	25	-1.4411682422685763
15	26	-1.0326693657308699
15	27	-1.5298050551309643
15	28	1.0220818665949043
15	29	1.6311133436544274
15	30	-0.9798115949094627
15	31	0.12807724881706004
15	32	-0.886924497593145
15	33	-1.8024833105734144
15	34	-0.45945007167879154
15	35	0.5054616826382164
15	36	1.0849439988162566
15	37	-0.7450503802172526
15	38	1.737126086578142
15	39	-0.7004461362403299
15	40	-1.8201466109801965
15	41	-1.1613403451368312
15	42	-0.6845470581170264
15	43	1.6977013110338204
15	44	0.13619915673555227
15	45	1.513814565882835
15	46	4.814400453543508
15	47	-0.7757938357030031
15	48	1.8735807546803995
15	49	-2.786434823997809
15	50	-1.6142104258491943
15	51	1.4947203650761147
15	52	-2.267340735448437
15	53	-0.09958008719218527
15	54	2.191183655281663
15	55	-2.511732998343373
15	56	-1.017960409727332
15	57	-0.6843937956049174
15	58	-1.818731453593769
15	59	0.20956511775899503
15	60	0.3381166093299225
15	61	-3.7925805504793435
15	62	-0.2963782856646832
15	63	0.5379714865054704
15	64	1.1336912412660805
15	65	1.7830870194570543
15	66	0.03708613451801065
15	67	3.7660511176850227
15	68	0.19695463461294205
15	69	-0.3915663559030976
16	16	NaN
16	17	-2.50352742258526
16	18	-3.0679986095678533
16	19	3.078121467768224
16	20	-3.233859378346504
16	21	-1.2179492618771997
16	22	-0.9276714095200684
16	23	0.26913449162256337
16	24	-1.1531391750947773
16	25	-1.8852630909488521
16	26	-2.597980227576445
16	27	-1.71505640056368
16	28	3.4161144019192546
16	29	2.293755957749668
16	30	-4.944592534933946
16	31	0.847816240414064
16	32	2.5482626336057286
16	33	-0.5497832983962081
16	34	1.4845347856577873
16	35	0.8714102526193999
16	36	-0.031452154156766235
16	37	-0.2029615154058175
16	38	-2.594933658813847
16	39	-0.17438328763446742
16	40	-2.033945120052212
16	41	1.0986223078631783
16	42	4.259886990075993
16	43	1.9788950201844593
16	44	-1.220970603558584
16	45	-3.4519036927229627
16	46	-0.6340060484438345
16	47	-2.3089827620030734
16	48	0.7834822820256441
16	49	0.7747215603210084
16	50	0.7597147944690942
16	51	4.110692178599452
16	52	0.8534015497690224
16	53	9.195503861190387
16	54	-2.7091534807313087
16	55	-0.34806207705680303
16	56	0.7479755913984223
16	57	-0.0007339096842677856
16	58	0.49522382610464
16	59	-2.5826672508174795
16	60	3.340188274205065
16	61	-5.243748969742971
16	62	1.0738401973011826
16	63	-0.6455658377699808
16	64	-1.9045654556239167
16	65	1.135986833511105
16	66	-1.9009252766188343
16	67	0.577621161899295
16	68	2.665459843009593
16	69	13.378203336298428
17	17	NaN
17	18	-0.925039160481149
17	19	-1.6455166074219332
17	20	2.520763564560842
17	21	0.6093614174202979
17	22	0.7505687345880484
17	23	-0.15955865789348767
17	24	0.8297116612390155
17	25	-0.3738154994599371
17	26	-4.698379362892647
17	27	0.751489812699628
17	28	-1.0169826537213524
17	29	-2.473372106706118
17	30	-2.0884230480892985
17	31	-2.4507883914927002
17	32	1.103815552052522
17	33	1.14411041617392
17	34	-3.0452337162198555
17	35	-0.30197669311617614
17	36	-3.0804827847247633
17	37	-1.1997947028113558
17	38	-1.0493477367154884
17	39	-1.1335237425636544
17	40	1.5829561508987255
17	41	-4.240513200849153
17	42	-2.6405548193609483
17	43	-0.614915274753695
17	44	0.3306137623881673
17	45	-2.04761460380218
17	46	-1.6518533516560463
17	47	1.6746857105721287
17	48	-3.341882106123847
17	49	1.7048584631083534
17	50	0.8284444108510164
17	51	-1.212656092092696
17	52	1.1733126445276318
17	53	5.7169298644908935
17	54	-0.6066756331531464
17	55	2.8493760379570516
17	56	0.8839784172747632
17	57	0.13782897555266044
17	58	-1.5593978890174054
17	59	-1.8302235939221183
17	60	-0.8991706005710048
17	61	-2.063937243572513
17	62	-1.6101464107614105
17	63	0.717202129974483
17	64	1.3454707427925074
17	65	-2.3824320484258608
17	66	0.31650702970519307
17	67	-0.4093513000091745
17	68	-0.21285177528967092
17	69	1.3423317676854913
18	18	NaN
18	19	5.765129591159942
18	20	-1.546413567850199
18	21	-2.3564322659788224
18	22	0.46890142054968914
18	23	-0.5502150509735549
18	24	-2.7916092282931584
18	25	1.2501369552767196
18	26	-1.2771659763391614
18	27	-1.2031880872789986
18	28	-2.2160368875729275
18	29	-1.1454466869566466
18	30	-0.01902148646358058
18	31	1.3716883207973525
18	32	2.355455603972165
18	33	-1.4645684906381482
18	34	1.096792576488825
18	35	-2.1604258870599296
18	36	1.6635075945570021
18	37	-1.084374519457386
18	38	-3.571992932698715
18	39	3.9858309423003138
18	40	-0.18765368692941037
18	41	-2.150724869446615
18	42	1.806220221497504
18	43	2.661166519065025
18	44	2.798240253697816
18	45	4.620298073536975
18	46	3.0077619974439758
18	47	-1.332004415725716
18	48	-1.7844094686603333
18	49	-2.291676403064414
18	50	-1.5220481118113325
18	51	-0.876123087947004
18	52	-3.8232065847763934
18	53	-3.4638954383145184
18	54	-0.4247690908121679
18	55	2.1136574899165
18	56	-1.8010200815096629
18	57	-3.667085818697141
18	58	-0.3691109932969582
18	59	0.03815094525290801
18	60	3.1518857225339216
18	61	-1.0764372776082516
18	62	0.5709966771718589
18	63	-1.632913769495158
18	64	0.534778424010906
18	65	1.2971889146660496
18	66	-2.474670930332701
18	67	-1.999565217764675
18	68	-2.0242820756906217
18	69	0.9855687027510539
19	19	NaN
19	20	0.8009738661043663
19	21	3.894932829115992
19	22	0.03333498359187681
19	23	3.0329336604423003
19	24	-2.4496241307180506
19	25	1.1439616256491467
19	26	2.9235633690149707
19	27	-1.4046101242634579
19	28	-1.6589019232052238
19	29	-3.1022952054633084
19	30	1.0577267530282952
19	31	1.8771386843065927
19	32	3.733255382953969
19	33	1.1812661968270561
19	34	0.9045938381163059
19	35	0.7980856434359839
19	36	-1.4574477178362526
19	37	-1.7228027558576708
19	38	0.40036878417853256
19	39	-1.7788438121946417
19	40	0.7318228182019842
19	41	0.5400513593902525
19	42	0.3136261657785279
19	43	1.2968614046414806
19	44	-0.7300498624619315
19	45	-1.6935457015786768
19	46	3.2005635812977506
19	47	-2.4911514199649
19	48	-1.6377761992335895
19	49	-3.400955329768604
19	50	-1.4084474316932591
19	51	0.10953966225450176
19	52	-1.9022522024600097
19	53	2.5352360205926154
19	54	0.07339588585349766
19	55	-2.168619096022396
19	56	-2.8565851827499693
19	57	-2.0868117062237563
19	58	-1.98976336398609
19	59	3.9167776643666823
19	60	0.38530111872630557
19	61	3.9138605959868045
19	62	3.131958731723277
19	63	-0.3083544057234523
19	64	3.1169285569515504
19	65	0.7954860921387129
19	66	-3.253436399006185
19	67	0.4087139366331431
19	68	-4.5262152813939664
19	69	2.390634288525817
20	20	NaN
20	21	-0.6233554214840358
20	22	-0.16767509572948355
20	23	-1.2932263247964317
20	24	4.485887072744637
20	25	-1.4176669246019031
20	26	-1.5841970491838935
20	27	0.8134572527425398
20	28	-1.532879060157
20	29	1.2747579094179742
20	30	-1.626404477677483
20	31	-0.8450278711181547
20	32	0.33257456333772145
20	33	1.6123819139289355
20	34	-0.5685496166020395
20	35	-1.1096436713289486
20	36	1.6813929761100215
20	37	0.8587450181696354
20	38	0.2643831674848546
20	39	1.5291302584703894
20	40	2.3663475339272675
20	41	-1.5901683381241107
20	42	-2.4980951963812967
20	43	-2.9388509485545833
20	44	0.7089284093758551
20	45	-3.781800445721889
20	46	-1.4690799827171415
20	47	1.3751675332350888
20	48	-0.3740740265752649
20	49	1.2398576285968288
20	50	-3.75207969577992
20	51	-2.6733383782140048
20	52	1.4863224251320217
20	53	4.113349065242514
20	54	0.6886079653305563
20	55	3.6053643288090935
20	56	2.013622824427369
20	57	3.5076007025003677
20	58	-3.800423625638401
20	59	0.06567967889141496
20	60	-0.9586256196281209
20	61	-1.62320484763695
20	62	0.4256122826396163
20	63	-0.10533125625050312
20	64	-0.20122980518282887
20	65	-2.158569429934038
20	66	0.7683566142638474
20	67	-1.9626250803489809
20	68	-3.2617056282738965
20	69	11.657681050540848
21	21	NaN
21	22	3.058887360809803
21	23	2.8160456676388805
21	24	-3.151025059918767
21	25	-2.3248607795256246
21	26	-0.5861859491245829
21	27	-0.8517140226585797
21	28	-0.3895202449890589
21	29	0.49057318953469004
21	30	-2.001074091684152
21	31	-1.3617085165137248
21	32	0.6538389108871692
21	33	-3.435313408891982
21	34	-0.43203721727555344
21	35	-0.3213524470935414
21	36	-2.2491368863268226
21	37	6.652248392899959
21	38	-0.2128983320079694
21	39	0.8983809554012501
21	40	-0.8380577106698184
21	41	1.042065947497837
21	42	2.8212394628008295
21	43	-0.1732572098477076
21	44	1.2272285335987387
21	45	-1.954166317948304
21	46	-0.9767343034991283
21	47	-2.626927628682671
21	48	2.0903650485701877
21	49	-0.7881277929276561
21	50	1.4840551447853856
21	51	5.499059067870422
21	52	-0.2438574257191385
21	53	-0.8404162535755549
21	54	-0.6491020934625203
21	55	-0.5744697895180892
21	56	-3.683849759020927
21	57	-1.5846741351493652
21	58	1.8106558317076196
21	59	-1.283898703769365
21	60	-0.2879208216417426
21	61	3.125909755976171
21	62	0.609925813450741
21	63	-1.2963526650312818
21	64	1.9862351582713695
21	65	3.025369998209465
21	66	-0.5837288729468083
21	67	1.5129321978908594
21	68	0.5301090260031279
21	69	0.9708056303081549
22	22	NaN
22	23	2.773994886417766
22	24	-0.9018237588353065
22	25	2.137703037192961
22	26	0.5534904626317743
22	27	0.020435667506060913
22	28	0.26584116610603925
22	29	4.098260507256688
22	30	-3.310741897299141
22	31	1.7026381529260048
22	32	1.32831402970745
22	33	0.13634525838815012
22	34	1.0693237609761432
22	35	-0.029963985389338605
22	36	1.0030041550484878
22	37	0.7865824533991167
22	38	0.15685746463529268
22	39	1.8416522450937225
22	40	-2.6643203777416913
22	41	-0.8512159372611869
22	42	-1.311028512356551
22	43	0.35719286546141565
22	44	1.8010670121154888
22	45	0.585076154847747
22	46	2.693833583283262
22	47	0.17670478310400414
22	48	0.5643158819337494
22	49	-1.5423132896312413
22	50	-1.5222512076320336
22	51	-0.2816884925391668
22	52	-0.8144706451464754
22	53	0.2815261018215002
22	54	0.3206797044665496
22	55	-1.8119459697636093
22	56	-2.7354200485050657
22	57	-2.6719526988613618
22	58	-0.8395172231387781
22	59	0.9227805507854551
22	60	-0.16100230282057643
22	61	0.40504941418046975
22	62	0.7064741640833704
22	63	1.051442130065248
22	64	0.4573883697849213
22	65	0.9177194616772675
22	66	-0.5483980383286808
22	67	2.34517924801014
22	68	2.0306063139038595
22	69	-0.2323242234561597
23	23	NaN
23	24	0.19624194331666805
23	25	-1.5889500722768568
23	26	-1.7368840510769545
23	27	3.8107697773526814
23	28	0.10876214806770294
23	29	0.7714137315658238
23	30	0.4290300159019262
23	31	-0.10004880403024734
23	32	-0.41178588173792724
23	33	-2.299244898893538
23	34	0.7013464207685548
23	35	1.6382565005870102
23	36	0.7953628649213312
23	37	1.264146243891451
23	38	-1.0842414642078255
23	39	-0.5530756678080156
23	40	-0.07840133057532919
23	41	-2.0184642175832983
23	42	1.245570224771922
23	43	-1.8772774543724096
23	44	2.5206236778943913
23	45	1.2221067965928856
23	46	2.463708048273526
23	47	-1.0004394937798562
23	48	0.024666262245762714
23	49	-1.1544664596426828
23	50	0.8670246209345028
23	51	-1.5403962751748645
23	52	0.015953268298974838
23	53	-2.0384260823556235
23	54	0.2230077275776144
23	55	-2.209094434170345
23	56	-0.776151776908939
23	57	0.6320889378359426
23	58	-2.9108889839667067
23	59	-0.9385798808226736
23	60	0.35318846960174294
23	61	4.327783598073357
23	62	-1.1048688374983004
23	63	-2.4682843231634766
23	64	0.46333969329913194
23	65	0.4048961612341034
23	66	-1.6455369215959899
23	67	0.3202809087247169
23	68	2.441637365583228
23	69	-1.299559789181791
24	24	NaN
24	25	-2.6940236351212543
24	26	-5.503110430856757
24	27	1.6287495932807863
24	28	-3.055756618048174
24	29	-1.501808634987583
24	30	-3.923831526651413
24	31	-1.0389700037813878
24	32	-1.6678066782645624
24	33	2.9469486045680755
24	34	2.287881777909931
24	35	2.989824019055244
24	36	-1.5185975369345734
24	37	3.2907826263757083
24	38	0.6257814549021163
24	39	-0.05175098182794231
24	40	3.748271405950691
24	41	0.5126419407215096
24	42	-0.20110792983269085
24	43	1.3911140566803089
24	44	1.1840128153955498
24	45	-1.8568348896061957
24	46	-1.2916444813543098
24	47	2.4315523237509136
24	48	-0.35522918184382263
24	49	3.2941567662401083
24	50	-1.3178665400552187
24	51	-0.6627229801728463
24	52	2.3166841564069953
24	53	1.0637425273744696
24	54	2.0041240709481665
24	55	1.926828392653013
24	56	1.4994291661962516
24	57	1.7071263947865178
24	58	-2.3281408388314784
24	59	2.0732770726185534
24	60	1.1741877111735146
24	61	-2.3371375513219648
24	62	-1.9025845266078112
24	63	0.24547636204049356
24	64	-2.9784589385973432
24	65	-1.4736676108547202
24	66	1.6803138938419022
24	67	-2.397841950993535
24	68	-0.333160268222425
24	69	-2.0530676946341204
25	25	NaN
25	26	2.2084318350627465
25	27	1.3545310149970053
25	28	3.25418399722671
25	29	3.7323176927002772
25	30	-1.3808170686917167
25	31	-2.3235881912158676
25	32	1.4149220328786016
25	33	-1.8602330674028762
25	34	3.6612460586368334
25	35	0.3384555953612976
25	36	4.230310920683089
25	37	-1.174724280390085
25	38	0.9762275751770354
25	39	-0.8852677329752717
25	40	-2.9460802675429716
25	41	1.8471244838531455
25	42	5.012787508992024
25	43	1.9111029555925987
25	44	-3.3438248004791076
25	45	-3.337841567618687
25	46	4.092054501580791
25	47	-2.393433555970358
25	48	1.7312093973606668
25	49	-1.6237421361223052
25	50	-1.3303686613958763
25	51	-2.9703308034250355
25	52	-0.4090247617634555
25	53	-1.5573116181397766
25	54	0.5967927451115678
25	55	0.3074757770291096
25	56	-2.6974252938124867
25	57	-1.4894587944365723
25	58	2.8161330113974645
25	59	1.1370365986584323
25	60	0.27381220562376
25	61	-0.1561501218309351
25	62	0.26499650204496683
25	63	-0.8746767539061838
25	64	0.25951361157476927
25	65	-1.4742829978169347
25	66	-2.6332289152531536
25	67	-1.6492385310032565
25	68	2.080196211178071
25	69	-0.28098602642074605
26	26	NaN
26	27	-3.395261366394881
26	28	-1.2880090299234146
26	29	1.8986876677455478
26	30	164.76493882192713
26	31	-2.5819697413753424
26	32	-1.2494577297451743
26	33	-0.677077607444077
26	34	-3.7462611831723422
26	35	-3.5920572347763273
26	36	-3.0841135086217846
26	37	-3.201133733957076
26	38	-1.1969325659863514
26	39	-2.117716499793729
26	40	-4.204316837142068
26	41	-1.6677187024956392
26	42	0.3226332226817832
26	43	-3.6530499220434294
26	44	-2.231333296009274
26	45	-5.089528709913232
26	46	0.5842116715593013
26	47	-2.5022650999598777
26	48	-0.2988836326258689
26	49	-2.2210551885939886
26	50	-1.9643291747701699
26	51	1.8498409119161876
26	52	-3.684576697613138
26	53	-3.8265582593590626
26	54	-3.01931746716053
26	55	-5.1385752831966816
26	56	-3.561002042749016
26	57	-1.3135504040529897
26	58	-1.598709637042735
26	59	0.030233697230281093
26	60	-3.7829952502034474
26	61	-3.0558414455419873
26	62	-4.2863241972500585
26	63	-4.026762249063636
26	64	-0.5099448470801232
26	65	-1.0732890912005888
26	66	-4.676505249690185
26	67	-5.183985776642898
26	68	-0.8163523558635981
26	69	-2.6458174958453577
27	27	NaN
27	28	-1.2427246574857425
27	29	-0.4986544420290363
27	30	-2.484596763557634
27	31	5.497139083570242
27	32	-2.6282121503630287
27	33	2.9089583701008994
27	34	-1.8581369187246353
27	35	-0.08112438027149753
27	36	-2.479951559667822
27	37	-0.24810705155334148
27	38	1.356254544843875
27	39	-1.4569876755275215
27	40	1.5369528046416805
27	41	-0.0027485665682431253
27	42	-0.7066750161075921
27	43	-0.08952061810813625
27	44	0.19833463539817361
27	45	-0.45647299583090767
27	46	0.15263972576330326
27	47	1.8844316885291381
27	48	-0.12288867526307626
27	49	2.2586942105060377
27	50	-1.8662677036752395
27	51	1.2504117058115398
27	52	3.3736051589174796
27	53	1.9717669760066738
27	54	-2.7781513911532865
27	55	2.8718951317929937
27	56	1.5610579317308129
27	57	0.8037576337817207
27	58	-0.05154483134245254
27	59	1.9594685258701159
27	60	-0.3017944754897797
27	61	-3.6304568676861715
27	62	-0.9546770850713383
27	63	0.32911902921522984
27	64	-0.39847318974909335
27	65	-1.6292708065228232
27	66	0.9082712557135211
27	67	-3.5916014095234274
27	68	-1.1887569550784451
27	69	-0.4779449844163397
28	28	NaN
28	29	0.8407565890291825
28	30	-5.608816748724771
28	31	4.64184904076499
28	32	-5.149764764336192
28	33	-1.6266266380823544
28	34	-1.0874379510018035
28	35	16.586975803126496
28	36	0.20204440793791073
28	37	-0.9612402182252524
28	38	-0.9639824245784984
28	39	0.2309109560628826
28	40	-2.8918838428366795
28	41	-0.22636169622881852
28	42	1.9759111626545864
28	43	1.1041188257364032
28	44	0.8416387757289773
28	45	-0.9954295277971679
28	46	-2.3337708617059802
28	47	-1.1336732268861414
28	48	-0.1596812618907143
28	49	-2.1599976047991034
28	50	1.0849274776165898
28	51	2.191196944519407
28	52	-1.8957980205460103
28	53	-0.9582113165688202
28	54	-0.4003210738039932
28	55	-1.168258513269897
28	56	-0.08780865597733013
28	57	0.4146344320109615
28	58	-3.8718530738178885
28	59	1.099430811115215
28	60	1.9084922122884305
28	61	-0.13346509527286238
28	62	-4.246041749741897
28	63	-1.0497075089615204
28	64	0.6056555724516398
28	65	0.5387835174375523
28	66	-1.2362952414337431
28	67	2.8889090016799153
28	68	1.2132356970538591
28	69	0.7741830355059589
29	29	NaN
29	30	3.6249323688384982
29	31	6.1390990635151095
29	32	1.8858041055361963
29	33	-3.004149464588501
29	34	-4.195348130676807
29	35	-0.1578538621165745
29	36	0.5255666480302532
29	37	-2.0361112908325136
29	38	-2.5262478593187496
29	39	-0.9388375131154922
29	40	-2.284255235723443
29	41	1.760172006337741
29	42	-0.07151357934082259
29	43	-0.8076210171156633
29	44	-1.5142389723903726
29	45	3.161870281861461
29	46	1.8679119547806393
29	47	-4.162627290715613
29	48	0.6405729083249292
29	49	-1.6268126948790196
29	50	2.6678809299946855
29	51	1.7147388796800516
29	52	-2.431353038424074
29	53	-4.2767605562766775
29	54	0.5901390554795585
29	55	-0.7739170163362402
29	56	-2.1008176971638095
29	57	-1.256812815479719
29	58	0.9460302821102593
29	59	0.4199005796839283
29	60	0.4430710410878715
29	61	3.058686776467867
29	62	0.7031602638239872
29	63	-1.2651642653018116
29	64	0.36138436230138893
29	65	1.4550492765559162
29	66	-0.8602303831597637
29	67	2.6274243952751273
29	68	-1.4616157052216852
29	69	1.8653899832540737
30	30	NaN
30	31	3.883950148948852
30	32	-1.956654598081935
30	33	-4.102736452688843
30	34	-4.4215249480056915
30	35	-3.2959633835485453
30	36	-1.320934353795622
30	37	-1.9417621308431092
30	38	-2.040146741050482
30	39	-0.940046688073686
30	40	-2.063575708537478
30	41	-3.8810187733433086
30	42	-0.7683015723056884
30	43	-3.1211873391909726
30	44	-3.427068659537206
30	45	-3.1423216706562007
30	46	-2.225365628539587
30	47	-3.437271186746386
30	48	1.9881789063262967
30	49	-2.6593912886291924
30	50	-3.130118547293782
30	51	-2.47379859863014
30	52	-0.697253206497381
30	53	-1.391386404154322
30	54	-3.673276532800786
30	55	-3.7917114012969946
30	56	-3.019198639815856
30	57	-5.348367345325921
30	58	0.2036308484396837
30	59	0.13032596094635285
30	60	-1.7596502885641345
30	61	-3.253678359361061
30	62	-1.3128210530719573
30	63	-1.1642549311632393
30	64	-0.3862122731282801
30	65	-2.309486659731966
30	66	-4.2530677543219975
30	67	-4.694087064911788
30	68	-1.523769841219687
30	69	-3.970694480819954
31	31	NaN
31	32	2.7747906404564167
31	33	-2.975460514968128
31	34	0.7964567414497741
31	35	-0.6768437246570894
31	36	-0.10902511028067101
31	37	0.04910305042919996
31	38	-2.0419290518842135
31	39	0.6124405157354642
31	40	0.4950893391910849
31	41	0.09855616019871428
31	42	-1.399612128431433
31	43	2.578614209120801
31	44	-1.5697114932788332
31	45	0.9486514402809155
31	46	-1.3382632062090432
31	47	0.6429198303573492
31	48	2.1869562897522323
31	49	-2.6561483425747503
31	50	2.132688992759582
31	51	-0.9222574784985982
31	52	0.33520183811730314
31	53	-3.366294391448523
31	54	-0.7231528917525726
31	55	-1.6309701460055037
31	56	2.1181898135454547
31	57	-0.2991348153354626
31	58	0.0658073123255466
31	59	0.5699124034712627
31	60	-1.6410393610009146
31	61	-0.7045270917036817
31	62	-1.4358288802429193
31	63	2.5388735306107164
31	64	0.6597071355554276
31	65	-2.459828548670427
31	66	-2.1761617834281477
31	67	2.4407746655898195
31	68	0.05325143249463945
31	69	-1.6763466683187227
32	32	NaN
32	33	-1.5368853777341032
32	34	0.6547756142383037
32	35	0.18409920142940067
32	36	0.07542332131828275
32	37	-0.32447139601111147
32	38	0.5787354033609079
32	39	-0.4949832342720987
32	40	-1.3898553204090591
32	41	1.879311972963053
32	42	-0.1416284644479667
32	43	2.4533693848038984
32	44	-0.8689353503061555
32	45	-1.5035540556121416
32	46	0.33261084832127813
32	47	-0.20522574466611232
32	48	5.509493049358253
32	49	0.2628707730959054
32	50	-0.07917300819692764
32	51	-1.5044657190020967
32	52	-3.6994552583620206
32	53	-0.19350942318867495
32	54	-0.9063060023163726
32	55	-0.25858410414665417
32	56	-1.1053133614945376
32	57	-0.5296885260309457
32	58	0.39063561798412844
32	59	0.3304544121497488
32	60	-0.10952532822750131
32	61	0.32013221681531795
32	62	-0.10475359796010952
32	63	-2.0628068045905423
32	64	2.4373618012764156
32	65	0.04104236000986676
32	66	-1.1570346462927237
32	67	1.6358027404541058
32	68	2.2812081910970075
32	69	0.28855814618319797
33	33	NaN
33	34	-0.9371511943549401
33	35	0.7886290892098354
33	36	-1.649837236127416
33	37	-1.4530517556255007
33	38	0.6487205095728712
33	39	-0.7737571141179056
33	40	1.7575251247343822
33	41	1.7464113487245312
33	42	-3.9071271667010157
33	43	-0.7673065471045407
33	44	0.6920152192255457
33	45	-0.6173857539033968
33	46	-2.1497461538815097
33	47	2.695881320033073
33	48	-0.13395667771737924
33	49	5.626659359769559
33	50	-2.192024393796532
33	51	-3.5109672649199326
33	52	4.486839632187746
33	53	0.5700754793588297
33	54	1.0170527541234584
33	55	2.8675007665739436
33	56	1.9366430988564396
33	57	3.500654431581804
33	58	-1.57173939751166
33	59	-0.9190658386776921
33	60	-2.7004790531628386
33	61	-3.0160805501002494
33	62	0.8005123172366237
33	63	0.5307991771596847
33	64	-1.8498695234472011
33	65	-2.1593963854687774
33	66	3.2002206243720055
33	67	-0.39798201622372065
33	68	-1.2610888010846901
33	69	-0.37559444310522355
34	34	NaN
34	35	0.060227856807023826
34	36	6.365513224543348
34	37	0.6363260693871347
34	38	-3.251059455265545
34	39	-3.1186427682624025
34	40	-2.1940990930030524
34	41	-0.2817072577644224
34	42	-1.1006124690574959
34	43	2.182712419934644
34	44	-0.4500659893572702
34	45	-2.645625070847065
34	46	-2.8990079189905296
34	47	-0.9730077685940615
34	48	-1.7714343045395828
34	49	0.9333034084747808
34	50	0.24794311786592663
34	51	0.4271777448213747
34	52	-0.8864668642327034
34	53	-2.0272127362396466
34	54	-0.03536008730105792
34	55	-1.6487940940049526
34	56	-3.784250390644199
34	57	-1.7329468021068593
34	58	-2.9149055568956617
34	59	-2.7814025327015917
34	60	-0.5402462079166561
34	61	0.3747852935407452
34	62	0.820521096117706
34	63	-0.5728510738397644
34	64	0.9649629210738686
34	65	1.1604819071351948
34	66	-0.4022444386771612
34	67	0.6126184755647328
34	68	-0.9545091329995563
34	69	3.358063639502438
35	35	NaN
35	36	0.6128827213947977
35	37	1.0718583885857549
35	38	2.37183440061683
35	39	-0.17452587181491336
35	40	-0.47453189226065456
35	41	-0.9037002158398385
35	42	2.080390075870782
35	43	0.5716118179603674
35	44	-2.3688046220048764
35	45	0.12263652054006928
35	46	-2.414821635689773
35	47	0.13213309582943933
35	48	-0.2895879259312584
35	49	-0.032764906671807405
35	50	0.08857103090740791
35	51	1.5165624919241774
35	52	0.9025268206638289
35	53	-0.6630536722529808
35	54	-0.4945424019222688
35	55	0.17767687398432688
35	56	2.06798207781453
35	57	-1.0881546178575414
35	58	-1.7218019986747672
35	59	-1.8213495776821746
35	60	-0.6837581587482976
35	61	-0.6022974757106772
35	62	-1.514346274936861
35	63	0.6730293329561075
35	64	-2.9714140125698894
35	65	0.5861138323669867
35	66	-0.9564342650212129
35	67	-0.41153825830583196
35	68	-0.9995630063359581
35	69	-1.626013212346103
36	36	NaN
36	37	1.7596174963482436
36	38	-1.7751270138379476
36	39	-0.933982329927954
36	40	-3.734116379670986
36	41	-3.3477814552953906
36	42	-2.257217124789049
36	43	0.2770859055580509
36	44	0.7394427607729287
36	45	-0.504554136941856
36	46	0.8950282430671086
36	47	-0.6649764056882883
36	48	-2.3892840661873365
36	49	0.16114057845965918
36	50	-4.373098178368342
36	51	-0.4339743281060555
36	52	-0.32940518265068336
36	53	-1.410433746289435
36	54	-0.5849252708835865
36	55	-5.544785261809435
36	56	-0.35415185826392914
36	57	-1.8295675849575161
36	58	3.0977505184150975
36	59	0.8121270207831677
36	60	0.025889934324812507
36	61	-0.5244214371567818
36	62	1.1723770959354118
36	63	-1.9191957408720388
36	64	-0.02164639306739266
36	65	1.4110189877395505
36	66	-2.696523114173388
36	67	0.011247914658385113
36	68	-1.410837407076418
36	69	-1.2327434602054956
37	37	NaN
37	38	-1.4975694173060685
37	39	1.3066478601875495
37	40	1.585398597459291
37	41	-0.9544680044285752
37	42	-2.6203042117009567
37	43	1.2245961038167053
37	44	0.6419342235532016
37	45	-0.37949466201385057
37	46	-1.8131189111424295
37	47	-0.6337333198400252
37	48	-1.7607456253169407
37	49	-0.5622360237605477
37	50	-2.725920760632461
37	51	2.063593817526171
37	52	0.6574486444343035
37	53	0.8912479423844839
37	54	-1.7620163444002583
37	55	0.7697024184913407
37	56	1.2857964400275332
37	57	1.21835540070601
37	58	-1.6211282604794282
37	59	-0.6740402914216715
37	60	-1.792855713785733
37	61	0.40682498875965134
37	62	-4.462900659818003
37	63	-0.5997907618336544
37	64	-2.3085129175055386
37	65	-0.9640124032649594
37	66	0.7052681481690172
37	67	-0.679621646730442
37	68	0.6542792282410145
37	69	0.497811118436658
38	38	NaN
38	39	2.2360419370457896
38	40	0.3451626204235562
38	41	0.16988113779349048
38	42	-0.04777086993445843
38	43	4.237649720310865
38	44	1.6195409312371933
38	45	-0.7773219113024955
38	46	2.094226863167711
38	47	1.5337889404191782
38	48	-0.05362272612434046
38	49	2.25824427956784
38	50	0.7350990953883954
38	51	-2.1940120293234093
38	52	1.7127549237012067
38	53	0.17632671261752741
38	54	0.4146568545651429
38	55	1.4206498293806469
38	56	3.1499389734861327
38	57	0.3884144016994727
38	58	-2.078356984410962
38	59	-0.2785523058212852
38	60	1.192717024478079
38	61	0.35691928222466773
38	62	1.3459399820981832
38	63	-0.76379458752152
38	64	-1.052365600161462
38	65	-3.5744843020750396
38	66	2.3904145150807237
38	67	-2.350449568946527
38	68	-2.176337308117608
38	69	-1.562664132769115
39	39	NaN
39	40	0.4478406678414416
39	41	1.3183056573709493
39	42	3.319764834540307
39	43	0.6589834989338756
39	44	-1.7451118929906437
39	45	1.9353446173752957
39	46	3.1322293038787072
39	47	-2.4290324523683937
39	48	-0.7462130033281674
39	49	0.8826085950537597
39	50	1.918604740754479
39	51	1.5775549105446849
39	52	0.7277158428687541
39	53	-2.5848250891072677
39	54	-1.3991968127349905
39	55	0.15581421212146715
39	56	-1.125066427551503
39	57	-2.05802427445473
39	58	-2.9413096063788995
39	59	-0.7853199032111161
39	60	3.445071498763952
39	61	-0.5526998456869647
39	62	-0.7114474770800773
39	63	-0.7481589247044588
39	64	-0.3049009527047859
39	65	6.560865211250779
39	66	-1.0615344777945475
39	67	-0.2957209797109543
39	68	3.2834873882333024
39	69	-3.279774649380298
40	40	NaN
40	41	-1.6888366044377119
40	42	-3.466770813074038
40	43	1.0372926044812978
40	44	1.7997308778921612
40	45	-1.2734723275391544
40	46	-1.9127246224396208
40	47	1.8474460734472709
40	48	-2.337699538715904
40	49	4.404697955343671
40	50	-1.544456635841357
40	51	0.9234310244817158
40	52	2.1833960730858917
40	53	0.7269682079326631
40	54	0.7581410188791485
40	55	6.361402875474009
40	56	2.0127657228690468
40	57	2.666496867058709
40	58	-2.9673070754808597
40	59	-0.5916938548771634
40	60	-1.8100213280454975
40	61	-2.4034823410989876
40	62	0.09712457379662195
40	63	2.543316449313001
40	64	-1.7123356994743688
40	65	-0.26424632074201315
40	66	2.1368778674414166
40	67	-2.518063236640967
40	68	-3.5774382906345
40	69	-1.6718578009439624
41	41	NaN
41	42	3.410471515871148
41	43	0.15974895282607063
41	44	-3.7618093631787355
41	45	-1.5012323490106803
41	46	2.0359924503923086
41	47	-0.22263936257276842
41	48	-2.018182839353347
41	49	0.1747381837735603
41	50	3.3097389961940964
41	51	2.3673817304289506
41	52	0.826967342180255
41	53	4.842135901763965
41	54	1.6636973335713068
41	55	2.599950828592742
41	56	-0.6653042446564112
41	57	-3.36191745509694
41	58	2.092421974423316
41	59	0.754731566085369
41	60	-0.7653815248553979
41	61	-0.0020945355167067106
41	62	-1.327359627244182
41	63	1.1752856723783958
41	64	0.7166438853693726
41	65	-0.5923059896655878
41	66	-1.1226269449910125
41	67	3.6100331846047133
41	68	1.8669988363352719
41	69	-3.30585733781901
42	42	NaN
42	43	1.737794470375294
42	44	-0.04482326134663345
42	45	1.9294984388696348
42	46	5.254303452450821
42	47	-1.9873198057634682
42	48	2.243848020242107
42	49	-3.1756172755125402
42	50	-1.147375754879193
42	51	1.756876043832554
42	52	-3.322539174369825
42	53	-0.8698867038696576
42	54	0.004568763677083907
42	55	-2.257857281981516
42	56	-1.5155023754365005
42	57	-3.102674410232963
42	58	-1.3817195631641968
42	59	-0.22701259780634406
42	60	2.397876897771639
42	61	1.9475715549143193
42	62	3.542750978893408
42	63	0.5051605612769986
42	64	0.07933396651007572
42	65	-1.4764075456789476
42	66	-2.435980001961017
42	67	1.2612942279849844
42	68	4.252760618592921
42	69	1.7898256167157283
43	43	NaN
43	44	-1.091356541845242
43	45	4.909697842880075
43	46	3.299972147893945
43	47	-0.4995272633998437
43	48	-0.6783633720253487
43	49	0.22518611183790016
43	50	3.825059155135481
43	51	-0.5328867210929064
43	52	-1.4807521687866416
43	53	-2.852079976347864
43	54	-2.045326527315225
43	55	-2.11108846189969
43	56	-1.372069417487577
43	57	-0.6292359151213964
43	58	-3.37513683140782
43	59	1.9094299976913816
43	60	2.222457317377802
43	61	1.4904424795840732
43	62	-1.459129651018185
43	63	-1.899223757939852
43	64	-0.6681303956180031
43	65	-0.8383443718562342
43	66	-4.021262730956027
43	67	-3.508177496714826
43	68	1.8998355999406709
43	69	-0.07011028758431327
44	44	NaN
44	45	-0.30218251709903693
44	46	-0.1921619102047017
44	47	1.5880121536541103
44	48	-0.24108378768689354
44	49	2.085442461331127
44	50	0.3496629088611259
44	51	0.40250646646540084
44	52	0.5150660086439922
44	53	-1.6368331928489757
44	54	-0.8869141093608375
44	55	0.9500072659886037
44	56	1.7035595177075304
44	57	1.0230488466528878
44	58	-2.6515146888996117
44	59	-2.2240382858003476
44	60	-1.3629973596374594
44	61	1.2356489651630214
44	62	-2.1425295668298707
44	63	0.2212905399340958
44	64	-0.3984074139856592
44	65	-0.6874580773249764
44	66	3.5799697582902836
44	67	0.508432708327396
44	68	0.15323355182614934
44	69	0.2716412151908914
45	45	NaN
45	46	5.869791525708922
45	47	-1.7964239321965467
45	48	-0.1890662574963399
45	49	-3.178871898526079
45	50	0.9152048275280237
45	51	0.09063485728362697
45	52	-1.80061291610264
45	53	-0.004520189787084641
45	54	-0.452195632984969
45	55	-1.5199327681883017
45	56	-2.4474756778997913
45	57	-0.7426728531042411
45	58	1.048046044004277
45	59	0.5559379623790155
45	60	3.452514912632767
45	61	4.720029133523143
45	62	0.28321652080556803
45	63	0.9353242129862918
45	64	0.8432057794266399
45	65	1.5589889040489222
45	66	-0.3697321700712829
45	67	2.7180649380885438
45	68	3.201384153697401
45	69	0.39660379838495174
46	46	NaN
46	47	-2.0911154760367143
46	48	6.2178497052900195
46	49	-2.789664265226573
46	50	-1.2063817603106453
46	51	7.904467503409022
46	52	-2.6665182834204217
46	53	-0.7990850367858561
46	54	1.6062968972271554
46	55	-4.904963642650215
46	56	-2.839697668019285
46	57	-0.6732429824158386
46	58	-5.614593779286033
46	59	-1.9034003312446612
46	60	0.7436610739255832
46	61	2.928140913716576
46	62	-2.038560914076933
46	63	0.07423387853502533
46	64	-2.043121971359124
46	65	0.4821449525379143
46	66	-1.5416532719150144
46	67	0.7846968382696154
46	68	-0.34037956454462104
46	69	-0.26379629969076046
47	47	NaN
47	48	-1.142935271454365
47	49	0.9413895140209181
47	50	2.090475672473668
47	51	1.0300927771768393
47	52	1.3960704245308282
47	53	-0.9007080879597194
47	54	-0.06464127170448446
47	55	1.7508456192115462
47	56	2.903753811038379
47	57	2.1167979695549923
47	58	8.929977721063267
47	59	-1.241863096109041
47	60	-1.319106141392405
47	61	1.0641909927414872
47	62	-0.7680181989763619
47	63	2.236689328568498
47	64	-0.854599291647313
47	65	0.6202446243711215
47	66	1.5299177936509991
47	67	-2.1242561810942373
47	68	-1.4352458491104298
47	69	0.37200248997739255
48	48	NaN
48	49	-0.21908613682961248
48	50	1.9905240009846494
48	51	-1.5414344983485464
48	52	-1.4487310165424032
48	53	-0.7576510225496398
48	54	2.089755719083271
48	55	-1.5806713510749668
48	56	-1.2266476128307982
48	57	-0.29542562583824683
48	58	1.4222519864560204
48	59	1.132284101377465
48	60	-0.1384289522860933
48	61	1.4854733529732307
48	62	4.030488157596319
48	63	-0.8239395198781188
48	64	0.4937193204288174
48	65	-1.6427486928395032
48	66	-1.0999857227408547
48	67	0.38406216312924196
48	68	-1.7010280753132498
48	69	0.32188176941182073
49	49	NaN
49	50	0.37933320956775973
49	51	-1.37826398263362
49	52	6.241612483425509
49	53	1.0236268223282867
49	54	7.543754073424109
49	55	3.162254019697679
49	56	3.6140230916754987
49	57	1.7031558654873047
49	58	-1.967681095236175
49	59	-0.12835680390263174
49	60	-0.9000533575436797
49	61	-0.2260814106984469
49	62	0.7121133412109713
49	63	2.9069174739091896
49	64	-3.2372586218333934
49	65	-1.618088679282592
49	66	3.0010313633412506
49	67	-0.6969710922328792
49	68	-1.129879956997334
49	69	-2.8719251329204654
50	50	NaN
50	51	1.0691083892790048
50	52	-0.9660867762440288
50	53	-2.399618908998658
50	54	0.1614567300500805
50	55	-2.7575081410303546
50	56	-2.288273125582315
50	57	-1.5933997811063751
50	58	-1.9905537801890405
50	59	-0.5722206382665064
50	60	-2.6886832509335448
50	61	1.5179438190897345
50	62	0.7992908539295301
50	63	1.305536177666654
50	64	-1.3550950838348623
50	65	-1.1940227519538817
50	66	24.58574003662297
50	67	-0.27675961171052826
50	68	0.1791853986659853
50	69	1.5624557350806096
51	51	NaN
51	52	-0.6729113616970922
51	53	-0.5891077098105896
51	54	-0.19631424121481766
51	55	-1.2335213248146926
51	56	-1.7413913068714526
51	57	-4.29002801587394
51	58	0.47510560057284806
51	59	-0.8212641198573534
51	60	1.5488237519038042
51	61	1.919696024480318
51	62	-0.6667718565787325
51	63	-2.7327665183948646
51	64	0.7829635104643102
51	65	5.283330637966821
51	66	-2.5085188420531095
51	67	2.1933469253036737
51	68	3.139453874632276
51	69	3.1915606121778035
52	52	NaN
52	53	4.152111844461082
52	54	0.6870018747171726
52	55	3.802390684375766
52	56	1.9604992462105446
52	57	2.7613587391772514
52	58	-0.7260217123826289
52	59	-1.530786623844766
52	60	-1.4394110486000418
52	61	-1.5096412267050503
52	62	-2.0950458061845816
52	63	1.772665690009682
52	64	-1.8630252673969128
52	65	-3.315838967896864
52	66	1.8766977020975861
52	67	1.25855772767966
52	68	-1.3117856834573765
52	69	-1.9131850662952699
53	53	NaN
53	54	1.1529268934068415
53	55	1.0957729720493874
53	56	0.01381759506958264
53	57	-1.215464092901207
53	58	-1.8249344983615285
53	59	-0.6528252063463026
53	60	0.37128611904770215
53	61	-0.6591991243664296
53	62	-2.379844316054618
53	63	0.6626960415952556
53	64	-0.6449447864825126
53	65	-1.981916697045564
53	66	-0.2820218157347206
53	67	-1.1149934590461836
53	68	-3.781346349797512
53	69	6.9981916320938184
54	54	NaN
54	55	0.7112875995432498
54	56	1.0119212818662873
54	57	0.3152176724320712
54	58	-0.50112630239761
54	59	-0.9133592674011471
54	60	-0.26821135835829174
54	61	1.5240646421822774
54	62	-1.8901137483899817
54	63	-0.290061453026149
54	64	-3.054682767773942
54	65	-1.375863820620474
54	66	0.8741593668495786
54	67	-2.1553956297266983
54	68	7.43127693860897
54	69	-2.213540358159616
55	55	NaN
55	56	2.069343827999511
55	57	1.8861661066135889
55	58	1.1672406346863848
55	59	-0.8201694340215113
55	60	-1.7320416144290818
55	61	0.31635892523512005
55	62	-0.8443445318613135
55	63	1.5595599966975449
55	64	-2.7682645380586424
55	65	-1.7387278042352272
55	66	1.0477432204523018
55	67	7.4268036214630175
55	68	-1.1203905975595412
55	69	0.2785433519508687
56	56	NaN
56	57	4.02651328972936
56	58	-1.7508222577608736
56	59	-0.9421132704971219
56	60	-0.8905427206000103
56	61	-1.2746493988512853
56	62	0.5713371467184141
56	63	2.9255087883259137
56	64	-0.3979488051914346
56	65	-0.5095439148587738
56	66	2.2186746753099236
56	67	0.5622455759281959
56	68	-3.5713853352861262
56	69	-0.9305470858934807
57	57	NaN
57	58	-1.4153930509708936
57	59	-1.4352222476441647
57	60	-0.8486107581561354
57	61	-3.387066069876835
57	62	-2.326802572860076
57	63	-0.15526075561307587
57	64	7.7051311196664525
57	65	-1.5286134828355549
57	66	1.6590588230274623
57	67	0.24039480990483947
57	68	-0.6092604267889591
57	69	-1.1285238496097512
58	58	NaN
58	59	0.8964567125577517
58	60	5.694063726297591
58	61	-1.0387402728714805
58	62	52.04221539913631
58	63	1.3955565016659706
58	64	0.8413122777240862
58	65	2.1143213189733805
58	66	-2.275619767305174
58	67	-0.3752808600111839
58	68	-1.5858190162403094
58	69	-1.1797987777366066
59	59	NaN
59	60	2.854172938063837
59	61	-0.7351615851779076
59	62	0.026875901137599554
59	63	-1.6541543277504038
59	64	8.167462921408806
59	65	-1.2424449189228535
59	66	-0.1909793871754718
59	67	-1.1019991154396014
59	68	0.19346250637721904
59	69	0.9056617076279629
60	60	NaN
60	61	1.893434267868853
60	62	1.0380778558002497
60	63	0.13926227863548174
60	64	3.0837772043651395
60	65	-0.6610016764800203
60	66	-2.0759639263016925
60	67	0.3549394332377037
60	68	-2.653846519990079
60	69	-2.459534265096512
61	61	NaN
61	62	5.019663691432321
61	63	-1.152500160467609
61	64	0.8522093856582895
61	65	1.2664407011494756
61	66	-1.25912929150689
61	67	0.8429312432452839
61	68	-1.2614908120331454
61	69	-5.166081736047027
62	62	NaN
62	63	1.7788447730884578
62	64	-1.7944901379258928
62	65	3.71756196889694
62	66	-2.8583079699118197
62	67	-1.6744602432722764
62	68	0.558363918425716
62	69	-3.8558650851724408
63	63	NaN
63	64	-0.32033808215882154
63	65	0.21623471338843195
63	66	2.1854672469038205
63	67	-4.822631520117728
63	68	-0.2313119837559485
63	69	-3.843462453589384
64	64	NaN
64	65	1.8501188075390456
64	66	0.047750368910379086
64	67	4.886815133981432
64	68	1.3121295540267826
64	69	0.9978699388312826
65	65	NaN
65	66	-0.8478765554074644
65	67	1.894447376708326
65	68	1.8149052514955357
65	69	0.41592730600422495
66	66	NaN
66	67	-1.1771097280475173
66	68	-0.9860884234220176
66	69	-0.5675411912625011
67	67	NaN
67	68	5.152146151179929
67	69	-0.3678572867922602
68	68	NaN
68	69	1.7290345704486525
69	69	NaN
