1	1	NaN
1	2	2.8248146267447614
1	3	2.8233474809941863
1	4	-2.3487311304744733
1	5	23.949367341979507
1	6	0.7479875942805432
1	7	0.32652787467514993
1	8	-2.981350933414525
1	9	2.6986989216892288
1	10	-0.5861176200181051
1	11	-2.759929152101831
1	12	1.0578088410390836
1	13	0.877382701637723
1	14	-1.7008915937785098
1	15	-0.24889260652951195
1	16	-0.8840644838258962
1	17	-1.296929936121268
1	18	3.1947959234156693
1	19	-0.8897054489313241
1	20	-1.51281676297982
1	21	-1.0826395247485927
1	22	-1.183361366127089
1	23	-1.4192169115637325
1	24	-3.1111572107331296
1	25	-0.49318301533040343
1	26	-1.1831681079500542
1	27	-0.9163273347277237
1	28	-1.9200499765838404
1	29	1.5164655612866462
1	30	-0.4087040843760954
1	31	-2.9744081019945896
1	32	-1.148579142491367
1	33	0.33167394804192085
1	34	2.9945813996416377
1	35	-1.2749329882221938
1	36	25.460108993097442
1	37	-1.7633388766778035
1	38	-0.05315614428619269
1	39	0.1597813119190936
1	40	-1.066750225565434
1	41	-4.308530083482015
1	42	-0.6024978385986264
1	43	-0.5483920463924196
1	44	-0.28947736200652546
1	45	0.44592860320790856
1	46	-1.4338459935069883
1	47	-0.918808840654682
1	48	-1.844286047218474
1	49	-1.668596487868333
1	50	-0.5182118573858204
1	51	-0.9866564522273844
1	52	-0.8048423326065057
1	53	-1.3690374091801534
1	54	-1.1824744279678006
1	55	-3.2178710631655076
1	56	1.7498931674365021
1	57	1.0718450047487342
1	58	-1.8263864115505741
1	59	-0.3627339484507163
1	60	-0.8075208260755187
1	61	-1.7257209079126703
1	62	1.3314728984102304
1	63	-0.7800270515768492
1	64	-1.8235855149537705
1	65	-0.5885250257674215
1	66	-3.244009889528819
1	67	-1.504950437554001
1	68	-0.0620315229686113
1	69	-1.497991494355269
2	2	NaN
2	3	-1.4675102786747225
2	4	0.923929188234802
2	5	2.59978355308199
2	6	-2.356799435684018
2	7	-3.1798593500379
2	8	-1.7746348746448906
2	9	1.0517430263399232
2	10	0.40991826201635606
2	11	-2.7162975307259742
2	12	0.9059518084989246
2	13	2.3681047972812457
2	14	0.3230747508322533
2	15	-1.7854328642814028
2	16	-0.38710924515190626
2	17	-0.6492691210104906
2	18	-0.22695396467190818
2	19	2.5796815268902007
2	20	3.113805251920648
2	21	1.0514294492690914
2	22	4.896292097927616
2	23	0.7357372489628394
2	24	-1.7673859562324206
2	25	5.417197837597751
2	26	0.8975442951883498
2	27	-0.6742034810809563
2	28	6.386571478524629
2	29	8.540020255853177
2	30	-2.0499941015817544
2	31	1.6299560048146942
2	32	-2.5509520451150838
2	33	0.894173278232627
2	34	1.3058312294100447
2	35	-0.48557635368498864
2	36	-1.2402444041444185
2	37	1.5377310412478833
2	38	-2.685393440244579
2	39	5.248717130256508
2	40	-0.66411273532304
2	41	-2.8598823370591027
2	42	1.5707865805086982
2	43	-0.9522495288643228
2	44	-0.8274597398427949
2	45	1.0862659972695525
2	46	2.6722014476417155
2	47	-3.2017057714267185
2	48	0.8056511138339604
2	49	-3.7677026185298095
2	50	1.0084815698529177
2	51	-3.706789107307739
2	52	-1.7361053130763082
2	53	-2.6837755881255916
2	54	-0.003161410578774839
2	55	-3.0397020009712823
2	56	1.0256158546759266
2	57	1.88582310942582
2	58	-3.981040271633463
2	59	-0.48015224499845127
2	60	4.382852548640818
2	61	-1.4516131632363944
2	62	0.2502645592520372
2	63	-2.605439554962828
2	64	-0.9845548238460977
2	65	0.013409753028783602
2	66	-0.43353125913494767
2	67	0.14461797516911715
2	68	0.08573164211776121
2	69	-0.9497722050949698
3	3	NaN
3	4	2.9929129129947087
3	5	-0.15521837875832026
3	6	-1.2887290136518825
3	7	-1.2456401680409297
3	8	-1.621058129272905
3	9	0.26581984017446847
3	10	6.024254244458782
3	11	-1.2792345237413998
3	12	2.7826751757041253
3	13	-0.12357147391982404
3	14	0.5320811611040036
3	15	2.573764054491664
3	16	-0.167297923722334
3	17	1.4486623372407574
3	18	-1.092095600259914
3	19	1.4784024632527732
3	20	-0.7486129240639888
3	21	1.8076705241878759
3	22	-0.2966599783496865
3	23	0.6515988887545366
3	24	0.8350572685746882
3	25	-0.5146642145316727
3	26	-1.436884744093963
3	27	-1.5483238951707112
3	28	1.9762149683868453
3	29	2.5666783036941196
3	30	-0.11808102030341126
3	31	1.0350092244464293
3	32	-2.43563105749176
3	33	1.522344878757659
3	34	-3.941548281332784
3	35	-1.0460153031566262
3	36	1.2559610467213445
3	37	3.800659880298863
3	38	-0.8044064348931923
3	39	3.0022059004205093
3	40	-1.7633211453993038
3	41	1.3013282550207728
3	42	3.544508217801502
3	43	-0.1910083809675672
3	44	-0.19052843117478427
3	45	-4.44077438291582
3	46	2.210986679929447
3	47	-3.2126212748410183
3	48	-0.7728750364667739
3	49	0.03978147244656343
3	50	3.7261946011229408
3	51	2.3705383742255566
3	52	-2.9939102503960386
3	53	-3.058064150938515
3	54	0.7977082095797614
3	55	-0.8368953549048368
3	56	-0.4525648015766026
3	57	-1.1796411593674363
3	58	-2.6993564039073235
3	59	-1.3791873862742903
3	60	1.7078513551533823
3	61	3.055619998246851
3	62	1.8879979149793107
3	63	-1.8442085540614337
3	64	-2.2406811282879233
3	65	-0.24648637835922693
3	66	-0.3700020802897525
3	67	-0.9777765472250557
3	68	-0.3352748687164277
3	69	-1.6851397721121744
4	4	NaN
4	5	-3.5197032077245796
4	6	2.7323292907050805
4	7	1.0256511265102486
4	8	-0.07393713191220719
4	9	0.7138766858181149
4	10	1.7109587549047918
4	11	-1.090440530901945
4	12	1.3600562458560819
4	13	-0.7203933196607412
4	14	-0.6169012700448893
4	15	0.3973283209791393
4	16	0.5219274660871893
4	17	1.8031701804927371
4	18	-2.020741737725483
4	19	0.38913420854444225
4	20	1.3236651696355688
4	21	-1.5573541801477744
4	22	-0.7498474809821523
4	23	-0.921380589946935
4	24	-0.729011721972509
4	25	-1.4637254174467396
4	26	-2.6864328644529136
4	27	2.4058013813887333
4	28	-1.0895808263561209
4	29	0.33804076242098924
4	30	1.1380174103040133
4	31	-2.6291829832721336
4	32	-1.3510218451523464
4	33	8.878972553171721
4	34	-0.5120365029855585
4	35	0.21032667278092268
4	36	-0.06418198363397438
4	37	-1.9509430154297653
4	38	0.7134299742116628
4	39	-2.8324848670163285
4	40	2.4897713416131904
4	41	-2.717460351922228
4	42	0.5289628439689309
4	43	-2.66560904877423
4	44	0.4103842530606154
4	45	-0.4080092276511279
4	46	-0.24209549061240915
4	47	0.7563874618746522
4	48	-0.14789721708596373
4	49	2.669679787692245
4	50	-0.9092096661014332
4	51	-0.6872073046146773
4	52	-0.9890009530113684
4	53	-0.28910563743608886
4	54	-0.6738015397822407
4	55	-1.0028841971708466
4	56	2.834077891699337
4	57	0.793856020560961
4	58	2.1516706322783605
4	59	1.6073139414076716
4	60	-0.36152805697186535
4	61	-1.1267928250283175
4	62	-4.084923293632683
4	63	1.5621234075029862
4	64	-0.0852419499990948
4	65	0.3403074271966711
4	66	0.5628116534818597
4	67	-2.555804058560789
4	68	0.6379836282951684
4	69	-1.6331765551743929
5	5	NaN
5	6	-1.2681760402451079
5	7	-1.5449282934300224
5	8	-3.9143879566007715
5	9	-3.7949973406350224
5	10	-1.3268716009706163
5	11	-1.1866086172233756
5	12	-1.2265624597191533
5	13	-2.6594732183065353
5	14	0.9329918605663463
5	15	-2.263218126411186
5	16	-1.1771551762767762
5	17	-4.522118630212988
5	18	0.1455667000593849
5	19	-0.5475122375282111
5	20	-4.349645247233807
5	21	1.6126929683908722
5	22	-0.13998078043981596
5	23	-0.4494664598527321
5	24	-2.626701629319441
5	25	-0.9113337274648733
5	26	-1.8853047366949705
5	27	-2.8857343616815965
5	28	-1.617485451287283
5	29	2.4767845287409433
5	30	-0.4699864848305765
5	31	-3.889084861712673
5	32	-0.18277860883693678
5	33	-2.994899937324495
5	34	60.792960464010655
5	35	-1.4895005498033407
5	36	-2.2854420757574614
5	37	-0.3026908943534144
5	38	-1.5280964401970727
5	39	-2.6859034457238615
5	40	-2.870637527870158
5	41	-2.709685372473935
5	42	0.2521533815358049
5	43	-2.338881621586698
5	44	1.0957626125551516
5	45	-1.3326098952718262
5	46	-0.6481728474957994
5	47	1.7883045880884747
5	48	-0.49540905743617575
5	49	-2.950304790465412
5	50	-1.3165059231104013
5	51	-3.173069715779335
5	52	-2.690143205787473
5	53	-4.3068069895609264
5	54	-1.1699561464032493
5	55	-0.8389860155893347
5	56	-1.9999917292594507
5	57	-3.070924360405204
5	58	14.115869117173723
5	59	-3.2155106582534208
5	60	-0.5647598981218244
5	61	2.988015860508753
5	62	-1.058448893397675
5	63	-2.5925544438505193
5	64	-2.9120241522954116
5	65	-2.413843992080517
5	66	-2.0019216024423425
5	67	-3.3375608198612943
5	68	2.1290071837102125
5	69	0.4156491646334837
6	6	NaN
6	7	0.7125447492391846
6	8	-0.45246127277571463
6	9	1.0291830607639096
6	10	1.361782538449315
6	11	0.38022129030780144
6	12	0.6886372720577169
6	13	0.7216901935664403
6	14	-1.5963657655988495
6	15	-0.36271228335889044
6	16	-0.8766279140370022
6	17	0.9664912670936192
6	18	-1.538644393931266
6	19	-2.7856255576967497
6	20	0.23658856959961394
6	21	-1.3677196492409862
6	22	-2.792827148468642
6	23	-0.3177156611484566
6	24	0.5516497330347794
6	25	-3.3908335488326817
6	26	-0.5432805207468868
6	27	1.158835923649465
6	28	-0.38821605799794096
6	29	-0.18027666845889004
6	30	-0.9293796276767089
6	31	-2.6603757092719396
6	32	-2.8584330839724355
6	33	-2.3343286328727055
6	34	0.03204553499162859
6	35	2.1694745440460235
6	36	0.2877595864283122
6	37	1.6504097455497113
6	38	1.0260983511965727
6	39	0.9890126820003345
6	40	0.8958228498756048
6	41	-0.8391884403588663
6	42	-1.9244705713488275
6	43	0.03412330189276827
6	44	-0.14243827805173803
6	45	-0.8396868251769262
6	46	1.3424166446612453
6	47	2.0058230167338214
6	48	-0.09259051419993314
6	49	2.4571505855546256
6	50	-0.8938802240022782
6	51	-3.5888819377229892
6	52	1.7284248499224018
6	53	-0.023648057375283735
6	54	-0.16651547512320145
6	55	1.3619567117036475
6	56	3.526052053991489
6	57	-0.22155757319939867
6	58	1.9442845357119425
6	59	0.1324499984723987
6	60	-2.2389456837462003
6	61	-1.0494026535257388
6	62	-2.136817004429395
6	63	2.407886388864963
6	64	1.95686409807613
6	65	1.4307249646358
6	66	4.070374591776024
6	67	-0.6227303728416407
6	68	-2.0112131162465716
6	69	-1.6397023150356649
7	7	NaN
7	8	5.303288857485347
7	9	4.331100035407711
7	10	1.0974317367366582
7	11	1.228397023575894
7	12	-1.1340657913145678
7	13	0.5378297969581328
7	14	-1.7216946727759341
7	15	-1.4619206626041163
7	16	-0.6975620761073251
7	17	0.27038721841513924
7	18	-2.0350234906676383
7	19	-0.09653766958298128
7	20	2.2438702054717488
7	21	-0.33022658573394825
7	22	-1.2667242524656612
7	23	1.3748903184220056
7	24	0.9679992998415552
7	25	1.4301131168910657
7	26	-1.9109223687801113
7	27	1.4513912910635867
7	28	-2.6862422651635427
7	29	-3.7373646530934486
7	30	-0.09357294773884571
7	31	-0.602714783115826
7	32	-6.6728396980124165
7	33	-3.687687246931473
7	34	-4.240861772425871
7	35	2.7550852693384598
7	36	2.5847852788795738
7	37	-2.4425043621144362
7	38	1.3773498016242547
7	39	-1.0442909147048163
7	40	4.6123993625422886
7	41	-0.269099131059332
7	42	-0.6829150388565233
7	43	1.6721002349061722
7	44	0.4231271222057023
7	45	0.40678737435767454
7	46	-0.3231159402770613
7	47	4.721904007607303
7	48	-2.315486903868494
7	49	2.176996425813783
7	50	-2.7404930643277314
7	51	-5.644404756786535
7	52	3.7574410569116403
7	53	1.4291253716490329
7	54	0.5295234305474397
7	55	3.3915596057352486
7	56	3.7680096509561403
7	57	2.0513589055395305
7	58	2.6097257141079324
7	59	-0.9408443258473743
7	60	-3.8153588467517876
7	61	-1.2773381748869312
7	62	-0.11202528755109678
7	63	1.8718707271047947
7	64	1.5373492230442791
7	65	-1.4979288351379696
7	66	0.9365932644822956
7	67	-3.218245927326643
7	68	-1.331092057695605
7	69	-1.558263240900683
8	8	NaN
8	9	3.0487501691137817
8	10	2.186749128431722
8	11	-0.12740145507454767
8	12	-3.7887830059739085
8	13	-1.7070757217572676
8	14	0.15233940392618575
8	15	-1.4378469190773813
8	16	-0.8864371024072887
8	17	1.2604161913468277
8	18	-1.1103992485624512
8	19	-2.8983705873618377
8	20	-1.8375692572750022
8	21	-0.9323829852276336
8	22	0.7396980178184892
8	23	-2.045738316074506
8	24	1.779181063574967
8	25	-1.8951397794150788
8	26	-2.712748238620952
8	27	2.8319437271607626
8	28	0.9315061186147173
8	29	-1.6098708661910617
8	30	-2.536691630445945
8	31	-0.3982251885368025
8	32	0.4717525458507364
8	33	-3.2688044432357786
8	34	-2.353331249160335
8	35	0.7159834752649074
8	36	-0.5150024898002077
8	37	18.607179620464837
8	38	-0.3480211290388228
8	39	-2.486705922370546
8	40	0.14343612763986469
8	41	-0.7230900397661117
8	42	-3.1563440164814867
8	43	-2.8809753044528907
8	44	2.1648834465924978
8	45	0.5580192243184255
8	46	-2.869147693788393
8	47	2.0511959712788643
8	48	-1.141982184939615
8	49	0.16942352886090148
8	50	0.6231807360410812
8	51	-5.16033749830643
8	52	3.1163816865492184
8	53	23.14008207210201
8	54	-1.7409033087420578
8	55	2.254203408744785
8	56	1.1597290155204585
8	57	-0.8230485489408008
8	58	0.042334466486055856
8	59	-0.8337836170197517
8	60	-0.326329105576777
8	61	-2.0488543598281184
8	62	0.4155615498739626
8	63	0.0406616475691799
8	64	0.24492135567547454
8	65	-1.7478639472831903
8	66	-1.6020741142658412
8	67	-2.5337030186276897
8	68	-3.967691590960782
8	69	-0.9300433779367954
9	9	NaN
9	10	1.9236258359909286
9	11	-1.167630704844463
9	12	-1.0555172166408648
9	13	-3.197994131361527
9	14	0.2580390983212061
9	15	0.3803331169350571
9	16	-3.7151953946497223
9	17	2.4284223997900556
9	18	-1.1455648504097073
9	19	-3.9286648718617156
9	20	1.4974417265444444
9	21	-1.8980753037381042
9	22	-0.8641897218190945
9	23	-1.0754117870089923
9	24	4.515947913211084
9	25	-0.891476613982982
9	26	-0.07026492943387917
9	27	1.9299346783867286
9	28	-3.271528494755619
9	29	-3.5791974830249544
9	30	-2.550692096036914
9	31	1.3312864895829803
9	32	-3.5103622930055947
9	33	-0.49826835290333954
9	34	-1.2438862406030649
9	35	3.388966705660443
9	36	-2.6556734567815288
9	37	-1.4948064099551317
9	38	2.7113319497609436
9	39	-1.0862833451736473
9	40	2.862002427914124
9	41	1.2878744311901367
9	42	-2.0444582028149116
9	43	-0.41339891843066856
9	44	1.7160066130667715
9	45	-1.7884404387022403
9	46	-2.619077784467196
9	47	3.182534255390492
9	48	-1.2023411809865407
9	49	2.2193455877641703
9	50	2.9321110517885463
9	51	0.5531312124643285
9	52	0.2024241822767338
9	53	0.6976772401397366
9	54	-1.9676185484540738
9	55	1.0826858170963698
9	56	2.6435171029966167
9	57	3.2092103751949597
9	58	0.06619730393621348
9	59	1.1550463099699688
9	60	-3.855161331716024
9	61	-1.4537934621151731
9	62	-2.282347893685868
9	63	1.3847760323678702
9	64	2.264814794863781
9	65	0.060253600353998314
9	66	0.30165905193688286
9	67	-1.6783251732082478
9	68	-1.8619287555120094
9	69	-1.7767588674056802
10	10	NaN
10	11	0.966002248937578
10	12	1.6432669117426173
10	13	1.9131365133851364
10	14	-0.7692600976430773
10	15	0.9805639164498272
10	16	1.7114218884319679
10	17	0.18767050021065335
10	18	-2.1047713402594646
10	19	-2.1401426748190944
10	20	0.1741363336797606
10	21	0.6178484991979042
10	22	0.021858120325424894
10	23	-2.2511645298370215
10	24	1.4484584677631882
10	25	0.3633724770036581
10	26	-1.4339133277772511
10	27	1.5792322662096019
10	28	0.3233621712498001
10	29	-1.3310874588588322
10	30	-0.7234131189220058
10	31	-1.6441466435165262
10	32	-1.0115265767881327
10	33	-0.7158314392069806
10	34	1.4135747342625595
10	35	-1.1928053865889354
10	36	-1.3413083057041315
10	37	5.163902467471392
10	38	-1.6632979676670128
10	39	8.88314086200772
10	40	-0.2257489179299195
10	41	-1.101670966880363
10	42	1.615413402433916
10	43	-2.8155867377526986
10	44	-1.0568780830345474
10	45	-0.08913376200106726
10	46	0.8851732350613895
10	47	-3.896322546418503
10	48	-1.4044402420492594
10	49	-0.4701077351557344
10	50	-1.0448878128363481
10	51	-3.436575120873414
10	52	5.036289960570617
10	53	-1.514581489445496
10	54	0.8538157648325455
10	55	-3.2493803283816356
10	56	-1.4152122776969762
10	57	0.6461900963594115
10	58	-0.26800993457803957
10	59	-0.5621728147863039
10	60	-1.4376773175995954
10	61	-1.3006916655017144
10	62	-2.012811894893247
10	63	0.6242916640321309
10	64	-1.5790616224911573
10	65	1.2956242333834542
10	66	0.20562335463197837
10	67	-2.2815895193175746
10	68	1.8806879990369123
10	69	-2.100733704547267
11	11	NaN
11	12	0.49208477204553763
11	13	-1.8868013952863965
11	14	-0.18748969986883943
11	15	0.13738841941854202
11	16	-3.9368193804480045
11	17	3.532449704184853
11	18	-0.6040455739851952
11	19	0.325453249221177
11	20	-1.5141960635911957
11	21	-0.216123527083111
11	22	2.3659368246459054
11	23	-2.6514688129485813
11	24	-0.4809962721980224
11	25	3.098648775198335
11	26	-2.668177268419035
11	27	1.8598574450316914
11	28	1.61503643322505
11	29	-1.432807338923342
11	30	1.1099193506206815
11	31	-2.6501101044356132
11	32	-1.1044133098290843
11	33	-0.5169850296477322
11	34	0.1985368456510007
11	35	0.9500045522056716
11	36	0.48046597182808576
11	37	-0.05237367231365675
11	38	1.6217261371619236
11	39	4.2440778778427655
11	40	1.8217745495751287
11	41	0.9242247033639952
11	42	-1.1142368968409202
11	43	1.8791016267673166
11	44	-0.6826519215370048
11	45	-0.24908180611453357
11	46	1.0719619102875535
11	47	-0.673883328004487
11	48	0.9592808255430423
11	49	1.4043273571982269
11	50	2.2401144268907056
11	51	-0.5733862931934756
11	52	1.0378200816088141
11	53	0.7919847807929971
11	54	-0.10973470081372613
11	55	-0.022656194875842497
11	56	-0.002207088482064849
11	57	-0.6222744034064389
11	58	0.29389834461840636
11	59	-2.0268146795305237
11	60	-2.3701995940747898
11	61	0.49681355501334173
11	62	-2.150915181045395
11	63	0.9949660019025718
11	64	2.173550516591238
11	65	-0.13724312467193997
11	66	-1.9124347170873304
11	67	-1.0347849492840975
11	68	-0.01851808524666829
11	69	-0.012318784855014699
12	12	NaN
12	13	3.172991617895121
12	14	2.545429267864601
12	15	2.6418361347702786
12	16	1.8211523634888043
12	17	-1.029515325920866
12	18	0.8474861423858198
12	19	-1.892276195214421
12	20	-0.7696079831409285
12	21	2.4449020923883986
12	22	2.360061754483979
12	23	2.7710519708004875
12	24	-1.8849022558827426
12	25	0.519299742866111
12	26	-0.9268801911382317
12	27	0.25955147566727893
12	28	0.37167393236510016
12	29	1.293446192917951
12	30	-0.016622805984770693
12	31	-1.24551993323849
12	32	3.3395554684072777
12	33	2.3686770139639592
12	34	-0.9352042513717029
12	35	-1.553470941576718
12	36	2.325423640630391
12	37	0.43015497596642804
12	38	-0.26145948970182004
12	39	1.9476372775128417
12	40	-3.241399909365856
12	41	0.29392837300438096
12	42	1.8276198966377186
12	43	0.7283364513569447
12	44	0.9032665015596312
12	45	0.5348582072347993
12	46	0.36895234020760553
12	47	-0.9882060686592979
12	48	3.6230648362606916
12	49	0.02422904350777562
12	50	1.2891072176994343
12	51	-1.8278085532148904
12	52	-0.4564735586586676
12	53	-2.085339372417013
12	54	-2.9630394521031382
12	55	-4.768385234078084
12	56	-2.436532184750253
12	57	-2.8129026796070353
12	58	-2.054166118241096
12	59	-2.7290712572996823
12	60	0.07067581822990383
12	61	-0.41743445139376856
12	62	0.5951410074547359
12	63	-2.0768376743473733
12	64	-1.4832803931687972
12	65	-3.117504625074405
12	66	1.5977959977975429
12	67	-2.348749925307865
12	68	1.4728468735175309
12	69	1.3407518630763282
13	13	NaN
13	14	1.5188885873954008
13	15	6.42268629907632
13	16	-1.9180114476879377
13	17	-1.3331153818553856
13	18	3.7092008178825946
13	19	-0.4439350077304138
13	20	1.3555341607151252
13	21	2.7233500251297373
13	22	0.6760990795745194
13	23	-0.9853320524011439
13	24	-1.3812668070959058
13	25	-0.051649511960276936
13	26	1.0017988567380063
13	27	0.9301484859289058
13	28	0.9526730634017924
13	29	-0.25998059355532904
13	30	-0.2298957243622209
13	31	1.2613442631799592
13	32	2.1129290640677603
13	33	-1.180248161127978
13	34	-1.1201319285981708
13	35	1.4584118328049573
13	36	0.35761982810549064
13	37	-0.24514657781395738
13	38	2.3162821047731765
13	39	0.8224607858858237
13	40	-0.04940398507481725
13	41	-1.6100752432988898
13	42	1.7507062229271055
13	43	-0.49686506566267463
13	44	-2.8657821353406825
13	45	0.18887794026826774
13	46	2.4803214052879263
13	47	0.14393248390053864
13	48	-0.2334950243002244
13	49	-0.9952314473662185
13	50	-1.2878619540033243
13	51	-2.0861905092610367
13	52	-3.9362788208756827
13	53	-0.5715014297150641
13	54	-1.1785700481291643
13	55	1.5079044380425346
13	56	1.3946059615785695
13	57	-0.5222281034109736
13	58	-1.6152903070117042
13	59	-5.042767547535873
13	60	1.7244191208179729
13	61	0.4813781188125813
13	62	0.3624818951333682
13	63	-0.748566402396649
13	64	-1.9217812155582543
13	65	1.2935646120397004
13	66	0.2825056685904777
13	67	-1.165604172144348
13	68	-0.7539680377411563
13	69	-1.222929063489068
14	14	NaN
14	15	3.703806869588006
14	16	1.719144064990656
14	17	0.3122490057142192
14	18	1.7757079232331792
14	19	-1.814417361760203
14	20	-2.7037833762560086
14	21	0.3573564535443845
14	22	1.462035831212799
14	23	2.7496798891157077
14	24	-2.015303314387584
14	25	-0.24525234012763292
14	26	-0.5481401012792492
14	27	0.21438579588814066
14	28	-0.24210207965009303
14	29	-1.9576750617514453
14	30	0.5425790741300006
14	31	-3.6105397970686095
14	32	1.4816607055937745
14	33	-1.0562939561468296
14	34	-0.7402818797993245
14	35	-1.668682572288637
14	36	1.2537474939900437
14	37	-1.0576211347449078
14	38	0.438304453501148
14	39	0.13382385423286572
14	40	-2.6455830489242618
14	41	0.03275711004389407
14	42	-2.181602605442127
14	43	2.033027678712946
14	44	-2.379614434455328
14	45	5.201992337034985
14	46	-0.4158105698677284
14	47	-1.6924150070988178
14	48	3.7394755800948514
14	49	-1.1454895995637955
14	50	-1.4391278712124898
14	51	-1.0713053604890501
14	52	0.4732276993668856
14	53	10.902991759989149
14	54	-0.7517035706927971
14	55	-2.571430488033929
14	56	-0.7913219184678364
14	57	0.03531072408255087
14	58	-0.7510427754605821
14	59	1.0655456984960925
14	60	2.187290115181759
14	61	-0.30272737877264394
14	62	-1.5523618206903924
14	63	-1.3665759979100764
14	64	0.8445848837713723
14	65	-2.133119470543671
14	66	0.055298653322653976
14	67	-1.4321079422266139
14	68	1.3919558074832374
14	69	-2.074544426550387
15	15	NaN
15	16	1.4595287408190825
15	17	-3.3280629655118963
15	18	3.7848547022351444
15	19	2.7493183317821295
15	20	-0.7260274937672561
15	21	-1.112716020825305
15	22	4.304485708695878
15	23	1.2736338917928975
15	24	-1.6903149198491008
15	25	2.819877681880542
15	26	3.794514311001348
15	27	-0.7881874698620657
15	28	-0.752194552359633
15	29	0.6039908874844476
15	30	-3.3915899213124883
15	31	-1.074237880583487
15	32	-0.7106822111522688
15	33	3.223231535970128
15	34	-2.3521854569361
15	35	-3.305646372150976
15	36	1.0721152024771794
15	37	-0.3896928023335349
15	38	1.8180811489229212
15	39	0.17801804739246302
15	40	-0.5646249345200585
15	41	0.5291774847863366
15	42	-1.6597226904369657
15	43	0.41527582401113544
15	44	1.6303135167440859
15	45	0.7939776799566417
15	46	-1.2383930030000467
15	47	0.06600541030637858
15	48	0.9732684429287676
15	49	-1.7236689776889285
15	50	2.2066811670431186
15	51	0.6310826493582595
15	52	-1.6676386108093915
15	53	-4.317847489476028
15	54	-1.5916547426402496
15	55	1.6212097252680513
15	56	-3.0232782034051175
15	57	-0.22254678597981595
15	58	-2.413276538804596
15	59	0.828274781321573
15	60	-0.059845886303749186
15	61	3.111741967075578
15	62	1.160169074249052
15	63	-2.7417249801971737
15	64	-2.3836680346610772
15	65	-0.45555415344650263
15	66	-1.5355824725658163
15	67	-1.4542525158268556
15	68	0.21026961995768698
15	69	-0.37158634136464885
16	16	NaN
16	17	-1.428457979235039
16	18	-2.0613759175306967
16	19	2.573095834965142
16	20	-1.1629910916933717
16	21	-0.36479143757370563
16	22	0.8744872379070558
16	23	-0.36979853955528436
16	24	-1.2248639519309084
16	25	-0.019815712980834788
16	26	2.299444068832374
16	27	-1.932808748366949
16	28	1.3864129204602618
16	29	0.9818300840048032
16	30	2.5264732136102683
16	31	-3.954699811766134
16	32	4.307604236268327
16	33	2.8701081715015837
16	34	-1.9713297634633544
16	35	-1.9905976182369496
16	36	0.9180216140571482
16	37	2.5093836316944715
16	38	-0.22199007548103405
16	39	0.7978325987483902
16	40	0.5593243310558019
16	41	2.1470276544881743
16	42	-0.7067690547475242
16	43	-0.18522126230495287
16	44	0.7647237665511478
16	45	0.2835163050220629
16	46	-2.7589535082267425
16	47	-2.783613752948451
16	48	1.9658817213429416
16	49	0.5429001074200553
16	50	-0.05645578242108025
16	51	-1.249858209500086
16	52	-2.86469104765161
16	53	8.414156738844037
16	54	0.4359836121936898
16	55	1.6036710160981076
16	56	-1.410904836579702
16	57	-3.882946068645789
16	58	0.5083137857462681
16	59	-0.6295325186818926
16	60	1.9092141841677939
16	61	0.8193374678601206
16	62	-2.741093263248335
16	63	-1.1327328592365213
16	64	-0.8855359874566839
16	65	-2.5533212484914087
16	66	-1.8304206971157986
16	67	-2.807508838233964
16	68	0.581928273523727
16	69	16.213326375843256
17	17	NaN
17	18	-0.4905192187290364
17	19	0.0643291110184646
17	20	2.39770152724204
17	21	-2.7976818034103528
17	22	-2.3458243222075184
17	23	-1.4301440478582108
17	24	0.2752396860407337
17	25	-1.5820314143299505
17	26	-0.8985636559153781
17	27	1.0961697762040727
17	28	0.3651733231271248
17	29	-1.6383821763603583
17	30	-0.21745493403256963
17	31	-1.8689981119555947
17	32	0.01224665270546818
17	33	-0.7757207749563607
17	34	-0.09418723864730597
17	35	1.6138069661825294
17	36	-3.3242803606198503
17	37	-0.9545843256809533
17	38	1.367391978837571
17	39	0.9942828647024099
17	40	2.444140133681692
17	41	0.5444014742117703
17	42	-2.3864183300587087
17	43	0.5563122064924177
17	44	-0.43915768584385767
17	45	-0.24028477971799467
17	46	-2.2239982999997205
17	47	0.9428770331373948
17	48	-1.9986075754302937
17	49	1.2791167991793804
17	50	0.118151105364856
17	51	-3.7368229056513234
17	52	1.5171304512296908
17	53	5.075080324778754
17	54	1.924016182969389
17	55	1.1492329857721706
17	56	1.2137078032795026
17	57	1.8982926185853572
17	58	1.601906613716172
17	59	1.271094191515711
17	60	-1.1077681792736127
17	61	-1.795804051429237
17	62	-2.117608186379401
17	63	1.0892842443658521
17	64	1.2697506233981537
17	65	1.4841714611207897
17	66	-0.46070066575198504
17	67	-1.1214472737329892
17	68	-1.664018124515764
17	69	0.21862202467512484
18	18	NaN
18	19	3.6087159243895126
18	20	0.6843774784211097
18	21	1.1564939507714593
18	22	0.9270533002529837
18	23	2.0272334086481796
18	24	-2.707504819848309
18	25	1.0871747404538792
18	26	-0.04471902635338417
18	27	-1.7560722209770852
18	28	0.6167119291198788
18	29	-0.9865312281513985
18	30	2.3727903274192106
18	31	0.8935886714173799
18	32	1.4262945819925439
18	33	0.04441797930879397
18	34	0.14157771871019367
18	35	-0.31894044706008423
18	36	0.4523165619217225
18	37	1.6510610066560676
18	38	-0.94408535075122
18	39	0.8999097875219574
18	40	-2.696630809080848
18	41	-1.0291840199903985
18	42	-2.393971706483236
18	43	1.0364502682706043
18	44	1.2306049626729274
18	45	1.5723762329150306
18	46	-1.3426306888520225
18	47	-3.8972133960769972
18	48	2.539578786122716
18	49	-2.341904928705908
18	50	0.4834545685208837
18	51	2.1800542222852615
18	52	-2.5807963971113903
18	53	-2.1609496518328166
18	54	0.3499613109087709
18	55	-0.7883642517040793
18	56	0.9191277538826684
18	57	0.3513108291773034
18	58	-0.9766034678205806
18	59	1.0579879135446504
18	60	6.101872374901703
18	61	0.4720339388144852
18	62	1.3874280910610899
18	63	-1.9986769634567756
18	64	-1.4352892983359582
18	65	-2.5790125039183778
18	66	-3.547524387624555
18	67	1.8380079902590725
18	68	-0.8791808471512941
18	69	-0.7014008127746629
19	19	NaN
19	20	3.500376757151612
19	21	0.9952737699474039
19	22	2.9755960145485982
19	23	-0.08417236269669419
19	24	-1.195204327730574
19	25	0.3260202080677482
19	26	1.7323311479850676
19	27	-1.3333173616369174
19	28	2.9449844522581357
19	29	1.5845310742606433
19	30	0.025521917209552155
19	31	-0.21251297182869067
19	32	1.643293201888055
19	33	1.6705174764853323
19	34	-1.4442415087162894
19	35	-4.317781423440101
19	36	2.7577442603200586
19	37	1.206733553517684
19	38	-1.07016492598995
19	39	1.2322718417209608
19	40	-0.7287937672475394
19	41	-1.5120458099894756
19	42	3.1632808776366397
19	43	-0.8057918570673185
19	44	4.012076703323152
19	45	-2.5052054011749947
19	46	1.1293754249824666
19	47	1.1995696903419526
19	48	1.3596658589422053
19	49	-1.7868979400354639
19	50	1.8996152183556996
19	51	-0.9050548443487394
19	52	-1.5802915096022332
19	53	-2.7706886280478606
19	54	0.6411103742539966
19	55	-1.740182409734328
19	56	-3.3023128216630906
19	57	-1.2065543486693084
19	58	-0.8622041162314328
19	59	-1.5036451624425606
19	60	1.2771856560878343
19	61	-0.8201614386502956
19	62	2.024724611150151
19	63	-2.0398513565631893
19	64	-2.354066020181161
19	65	0.6648095316216759
19	66	0.7936935182945227
19	67	3.5171783788517215
19	68	0.18221235341188344
19	69	0.5129923197460601
20	20	NaN
20	21	0.07683511434131522
20	22	-1.0568723508861764
20	23	-1.4336401445928095
20	24	1.5529030454183022
20	25	1.7923341312800793
20	26	-0.26393191170426406
20	27	0.10459375938618626
20	28	0.6063341036448074
20	29	2.607370790754147
20	30	-1.1344426286534908
20	31	1.3317834324196642
20	32	1.4437916663619728
20	33	1.5137162814150968
20	34	-1.6048186842673922
20	35	-0.13627660166548927
20	36	0.236096055113311
20	37	-2.356054118124869
20	38	1.079183341910934
20	39	1.0775034184223926
20	40	-0.4077802217118469
20	41	-0.16153514578418768
20	42	0.8227965397153059
20	43	-0.059585737592901866
20	44	-2.521702762323312
20	45	-0.6468433830232662
20	46	1.9682861746309859
20	47	3.69759732736341
20	48	-4.006000095993994
20	49	-2.6568708476493823
20	50	2.36312257579064
20	51	-2.7620646161859828
20	52	0.01943105790598887
20	53	1.6754480262646292
20	54	-1.7966448046291614
20	55	-1.526713428489239
20	56	0.6503433272928127
20	57	-1.9157981069093133
20	58	1.088564367641017
20	59	-3.925259533111898
20	60	0.4637157231268267
20	61	-1.2079617633322453
20	62	2.5074106192564467
20	63	1.2905996777518813
20	64	0.41128106053692004
20	65	0.4430447898174547
20	66	0.368123166706495
20	67	-2.9975452357522188
20	68	0.2802927976071696
20	69	5.453615477839021
21	21	NaN
21	22	-0.3668267785488398
21	23	0.6888624962563479
21	24	-1.8024336985479328
21	25	-1.033335008249241
21	26	1.2794770032247895
21	27	-1.847601670427331
21	28	-0.2068210249993273
21	29	1.0861209580921927
21	30	-0.4630737793065996
21	31	1.4495026168036158
21	32	5.75345910166204
21	33	-0.027973810586962234
21	34	1.6564371764407453
21	35	-2.1518114217532456
21	36	-0.5751499572695589
21	37	-0.5061571540520878
21	38	-3.6259561431570178
21	39	-0.6448395500407784
21	40	-2.279077324652179
21	41	-2.292887047187504
21	42	-0.6647078966718624
21	43	0.4041418627864587
21	44	0.600139215896067
21	45	0.65883904370934
21	46	1.1244964089701506
21	47	-0.8397644556065111
21	48	1.6122217350851973
21	49	-1.7841743761621136
21	50	2.964792847925205
21	51	-2.7861975801903545
21	52	-2.3523617679681905
21	53	-2.1988478525853385
21	54	-0.5646847880550235
21	55	-0.9548462710187707
21	56	-1.4032470294271948
21	57	0.7829106501195058
21	58	-0.5847723920932466
21	59	-1.56727875965582
21	60	3.8197083599785357
21	61	3.9228017037574507
21	62	-1.0343921103676272
21	63	0.7304246882434631
21	64	0.19922117987534588
21	65	1.9308113470828854
21	66	1.5696074475512765
21	67	-0.4053798196547044
21	68	1.797589063279896
21	69	2.8481786810268264
22	22	NaN
22	23	0.5869358646884267
22	24	1.4857902969398715
22	25	1.8885761458059895
22	26	-1.2506405824323064
22	27	-2.999354162712967
22	28	2.3589361215706948
22	29	2.9956621571338204
22	30	-3.8030682392752007
22	31	1.5161518959835858
22	32	0.6054543726169896
22	33	1.3680339773367767
22	34	1.2095353796446444
22	35	-0.9669853620031791
22	36	0.23188712234409284
22	37	-0.42458955579853874
22	38	0.3104817794837247
22	39	1.3284670687354225
22	40	-0.4103968010554815
22	41	-0.6056010397590541
22	42	1.6885501208711544
22	43	0.11823375462998711
22	44	0.40152041315840853
22	45	-0.47450547898719864
22	46	2.956102096392458
22	47	-1.2048763473840542
22	48	-0.3828074797517415
22	49	-1.2013380499449797
22	50	3.80121484868131
22	51	3.7361549834209002
22	52	-3.224822413985534
22	53	-2.8404791165045955
22	54	-0.7182802309692239
22	55	-0.11851049591170724
22	56	-3.7285375244249344
22	57	-1.2401471770349062
22	58	-1.1972540673910776
22	59	0.04368712377027366
22	60	0.7062914186965229
22	61	2.305694349139286
22	62	0.8209187890175451
22	63	-0.8728453684028836
22	64	-2.94842240462868
22	65	-1.7343104408956767
22	66	-0.43488612783578573
22	67	-4.451212159338659
22	68	-1.4031194812646386
22	69	-0.6030163632788712
23	23	NaN
23	24	-0.7441876236816329
23	25	2.510373580580446
23	26	-1.7132790514452056
23	27	7.414392175407472
23	28	1.4311613320100056
23	29	-1.2449076429180397
23	30	-2.823636439650719
23	31	-0.613981983327492
23	32	4.162549159793609
23	33	2.1392002550638285
23	34	0.0020225304118020645
23	35	-2.591648736168479
23	36	-1.0187637478365676
23	37	0.5827362644455574
23	38	-0.14384587285213116
23	39	0.8969062464495584
23	40	-0.5969320452641753
23	41	-0.19624540451209896
23	42	-0.5415513082017805
23	43	0.72514936880974
23	44	-1.0667045841658491
23	45	-0.8338815204579384
23	46	3.402524385403024
23	47	0.7263089771552325
23	48	2.882946461787616
23	49	-1.5067474822008784
23	50	-0.28851163927109985
23	51	3.110702905443536
23	52	-2.743831044501555
23	53	-1.189509087608218
23	54	0.5094373048272877
23	55	-3.0103492727689036
23	56	-0.016423591277263217
23	57	-2.2966169600829427
23	58	-0.6808435167654764
23	59	-0.44143031766554597
23	60	1.647185367966707
23	61	-1.4520680391385767
23	62	-1.469983417811775
23	63	-3.300941831370269
23	64	0.6794953015335654
23	65	0.8939503136112681
23	66	-0.5579125196971342
23	67	0.8324548449865351
23	68	0.6959445817734407
23	69	-0.25636231448322533
24	24	NaN
24	25	0.4069969121935068
24	26	-0.8988119642413969
24	27	0.8979502303685362
24	28	-1.3945818182894971
24	29	-1.4523677126209547
24	30	0.32806751597650696
24	31	0.19294034982461747
24	32	-2.22014823088089
24	33	-0.06805523025926097
24	34	-3.313849585035526
24	35	3.691776166470088
24	36	-1.9642348571970827
24	37	-0.004779117100368408
24	38	1.6559494779093828
24	39	0.6842357136024064
24	40	2.053875720366385
24	41	-1.6464402507022873
24	42	-1.9043191528946246
24	43	-2.190826890799711
24	44	-0.6821932919608674
24	45	2.25183978589756
24	46	-1.4828754440649232
24	47	4.0911217607913635
24	48	-0.764183268662855
24	49	2.1024486733927086
24	50	-3.1766268380729583
24	51	-3.5125597804805784
24	52	2.512036378785946
24	53	1.1476205995066033
24	54	1.1389888725738018
24	55	3.388641264450989
24	56	2.4197610844954025
24	57	1.8217674491395375
24	58	2.2362079075405314
24	59	-0.03301925519025403
24	60	-1.1861093866724923
24	61	2.6436005530999087
24	62	-1.1046519972220397
24	63	3.50165386624123
24	64	1.212655750946044
24	65	1.9566798533889604
24	66	0.32961605548238504
24	67	-3.497261139547137
24	68	-2.5632983284260975
24	69	-0.9937465385908414
25	25	NaN
25	26	-0.00495158195239091
25	27	-2.45373915449686
25	28	0.7012840795227603
25	29	3.035219260904639
25	30	-1.6836523514900625
25	31	-0.28962787101875526
25	32	-2.3987846117286287
25	33	0.05466368527841792
25	34	1.8730136394430537
25	35	-2.9155326451711403
25	36	0.7030490824384358
25	37	-1.2964161021905907
25	38	-2.441574114412494
25	39	-0.8918026836464933
25	40	-1.340053613285526
25	41	1.931588602473418
25	42	-0.7012177305686005
25	43	2.148203384958171
25	44	0.4229049479370846
25	45	2.4227174015803374
25	46	1.3223965277320175
25	47	-1.695988450533971
25	48	-0.7092049135786074
25	49	0.775803771574411
25	50	1.3465967310356919
25	51	1.9549471346833938
25	52	-1.3211291354259806
25	53	-0.8418582521553835
25	54	-0.8576344507277708
25	55	2.701306040889829
25	56	-1.0679880818993248
25	57	-2.4703901965587995
25	58	-4.284544521802216
25	59	1.5926136259779295
25	60	-1.25294140923485
25	61	0.20640976085332244
25	62	1.9426159664405398
25	63	0.46828231719304914
25	64	0.2996031558359099
25	65	-2.0280490075721773
25	66	0.2812523372904189
25	67	-0.321883700278134
25	68	1.5886643253516448
25	69	-1.3220649756300975
26	26	NaN
26	27	-1.2541105223785576
26	28	-1.5198616042672035
26	29	2.604315852160646
26	30	36.34803667007578
26	31	1.0423393654531625
26	32	-2.371598150664356
26	33	-2.1844163254033924
26	34	-1.0551802411561715
26	35	-2.260045197328777
26	36	0.18917264457314645
26	37	0.4225981240527788
26	38	-3.0236902442662577
26	39	2.2441761105810123
26	40	-3.3314049624923427
26	41	3.863359942397083
26	42	2.8823821413609334
26	43	1.871940107454041
26	44	-0.5023457682339137
26	45	1.679498015869022
26	46	1.7095745556507367
26	47	-0.14463330657256285
26	48	-0.6244257470711977
26	49	-4.386246168808484
26	50	6.171184887269387
26	51	0.6436609214838298
26	52	1.0977982071293935
26	53	-3.178401297355791
26	54	-3.749326743071736
26	55	-0.7012443918639107
26	56	-1.4995590678156014
26	57	-0.4372858960482471
26	58	-1.3725550223872105
26	59	-0.20019423540851816
26	60	-1.2191907059908698
26	61	1.095205092701971
26	62	2.9055829843275323
26	63	-0.6450720967381747
26	64	-3.69162719006391
26	65	-2.5797805479636677
26	66	-2.168412916122519
26	67	0.33999986513303815
26	68	-1.636558845164281
26	69	-0.324934853473503
27	27	NaN
27	28	0.9730810049139291
27	29	-1.4951760899080264
27	30	-1.217454525534383
27	31	2.982633182073182
27	32	-1.6334538912434822
27	33	-1.455306370841968
27	34	-1.7680586933083422
27	35	3.6533163605859076
27	36	-2.616838263996133
27	37	-2.7244997676558174
27	38	0.05005513464349117
27	39	-0.9046636478255375
27	40	2.9956429277468115
27	41	-0.33634217701816393
27	42	-0.4466706920661122
27	43	0.6015778239760861
27	44	-0.476972025803674
27	45	-2.7286539361501827
27	46	0.014267253513168257
27	47	-0.8425612151920892
27	48	-1.1346182638912095
27	49	1.3634375230633176
27	50	-1.4147184786618885
27	51	-2.072841589770636
27	52	0.9920427521381313
27	53	0.960900629366001
27	54	1.1144388746067826
27	55	2.354522696705097
27	56	3.173470207354833
27	57	1.7070243196009602
27	58	1.1413417194410858
27	59	-1.4262334849201488
27	60	-2.3325989337112194
27	61	-1.1410999003959632
27	62	-1.0703974379257437
27	63	1.039922603861745
27	64	-0.2025776303308205
27	65	0.2594639597243233
27	66	-0.36654217546121964
27	67	-0.5198258788025297
27	68	-1.5195606056195352
27	69	-2.0322560026174177
28	28	NaN
28	29	4.053808462331125
28	30	-0.5423319725243579
28	31	-1.6136507078695077
28	32	2.7120769928314377
28	33	0.6594193683071371
28	34	-1.3720125664510134
28	35	1.3973332023964484
28	36	-0.8051467988207657
28	37	-2.444465134352217
28	38	-3.3204574257325254
28	39	-1.2063105892247004
28	40	-0.5115479961672569
28	41	-1.621901155954958
28	42	0.21197874913988024
28	43	-1.0717766339726138
28	44	0.1857951856073637
28	45	1.5632280097437794
28	46	1.8802938178530713
28	47	-1.7298580330838205
28	48	1.559062045650688
28	49	-0.4888786897374571
28	50	-2.5867099264954607
28	51	0.752671090603007
28	52	0.40354741152973655
28	53	-2.852349580838803
28	54	0.18639927258999398
28	55	-1.3839112163606746
28	56	-0.8110027016073255
28	57	0.33919394744029924
28	58	0.3872361315749213
28	59	-0.7122539285424445
28	60	-0.6695679281377575
28	61	5.165101954434741
28	62	-1.4184207976277257
28	63	-0.8461742078710237
28	64	-1.9013149775675386
28	65	0.2978424757320657
28	66	-1.817982309968747
28	67	0.07580116901606315
28	68	4.972641030194345
28	69	-0.6206946034810453
29	29	NaN
29	30	3.863684524375599
29	31	1.5448107673478015
29	32	0.5776767022453428
29	33	0.17718184036238996
29	34	-0.182169887640552
29	35	-3.329441995232815
29	36	2.810036362993552
29	37	-0.4553837501500081
29	38	-1.5659394032816651
29	39	0.3308200841680084
29	40	-3.780962342780681
29	41	-0.7882706500451413
29	42	0.41086113580169964
29	43	-1.4384061309054272
29	44	-0.09904994366200057
29	45	1.1278693775287318
29	46	5.910377182225853
29	47	-2.559827553912283
29	48	0.6138968704728908
29	49	-2.84812614555376
29	50	4.216962889095974
29	51	-2.6693176452545613
29	52	-2.3024441353828036
29	53	-1.5439055536909443
29	54	-0.603046118324175
29	55	1.1917659372646
29	56	0.9655275777579377
29	57	-0.8617334726270636
29	58	-0.4904571343474528
29	59	-1.5252743510066762
29	60	1.4509628489052915
29	61	-3.408656533030174
29	62	1.095808638317263
29	63	0.6324765757952792
29	64	-2.2433937337986376
29	65	-1.7352308127879177
29	66	2.136588306739335
29	67	-0.6874501773569277
29	68	-0.7656250234466367
29	69	2.1453088844887627
30	30	NaN
30	31	0.6426649941941136
30	32	0.6443708127516999
30	33	2.591279584800534
30	34	-2.9981790874600116
30	35	-4.4690016646873385
30	36	-1.8049914051254674
30	37	-0.2124322246300471
30	38	-1.5871838647760816
30	39	3.3220144049228635
30	40	-1.4093478585908252
30	41	3.5696173680368055
30	42	2.6399350053794173
30	43	-0.4065152087714619
30	44	-0.5249758702980681
30	45	2.0852355422475233
30	46	-0.13651150140733126
30	47	-5.30978075650677
30	48	1.0496403245586066
30	49	-1.8123176294705792
30	50	-0.35540449190884466
30	51	-0.0512800360573414
30	52	-1.4233794150802126
30	53	-2.8280486116713686
30	54	-1.4580832940444388
30	55	-1.1601271063153178
30	56	-0.852913421635155
30	57	-3.769181354679826
30	58	-0.30132758460348624
30	59	-1.9930267366082797
30	60	-1.2847618969526873
30	61	-3.352838886047388
30	62	2.247238035035852
30	63	-0.9913582901129869
30	64	-1.2106426078040458
30	65	-1.5568350235702397
30	66	0.26061333514875784
30	67	-2.5909576464134108
30	68	6.216221124618584
30	69	2.1604976527200948
31	31	NaN
31	32	4.635651002788727
31	33	-1.0691820584136722
31	34	0.23422600320285572
31	35	3.2402422944690583
31	36	2.332135460187237
31	37	-0.5170385686704544
31	38	0.34233951457300776
31	39	0.6811233910262853
31	40	0.9436558297854645
31	41	2.832960881336175
31	42	-0.22041154785187098
31	43	-2.4062808258579613
31	44	-1.9060539540188064
31	45	2.5922693336131624
31	46	-1.803385809190129
31	47	-0.8172064135234953
31	48	1.2723166587573034
31	49	3.0113817391357647
31	50	-1.2171879572049253
31	51	-0.3580144543322974
31	52	0.9537617828770937
31	53	-1.1604704375106147
31	54	-0.4387160883842177
31	55	2.5369966732404485
31	56	0.8229337432425974
31	57	3.5144198092523884
31	58	-0.8123465744916963
31	59	-0.2048485049442618
31	60	1.2322116654342667
31	61	-0.799180221034486
31	62	4.463873219961704
31	63	0.7475456267944527
31	64	-0.8211801618606375
31	65	1.5558670895170685
31	66	-4.642393472598094
31	67	-0.04736089523109904
31	68	-0.6505124608928069
31	69	-2.627786352254509
32	32	NaN
32	33	1.5738992125184832
32	34	4.069627845907936
32	35	-2.318586633325451
32	36	1.465659432995984
32	37	-1.3450627952850105
32	38	-2.4866357762536913
32	39	-0.5294152280733114
32	40	-0.15407974574378647
32	41	2.7413577019803816
32	42	0.5559312998370821
32	43	-0.647130596162638
32	44	0.11524809132621236
32	45	-0.3885541821149565
32	46	2.3706384522573964
32	47	-0.1909288723264368
32	48	-1.0182094910020343
32	49	-2.6246306998336864
32	50	2.5072047443476855
32	51	1.1490798571366296
32	52	-1.6559516402831036
32	53	-1.5045794144640692
32	54	-1.1697061171162706
32	55	-2.63163189163715
32	56	-2.2057015422658006
32	57	-0.2018731720529795
32	58	-2.4419731849696635
32	59	1.6334403618034659
32	60	3.7075853623218027
32	61	4.978477580393396
32	62	0.9443336164189128
32	63	-0.2514151510977603
32	64	-1.661780408123148
32	65	-1.6806785609022354
32	66	0.435605657064626
32	67	0.2110223499555762
32	68	0.9177611023253898
32	69	0.10287374978146176
33	33	NaN
33	34	-0.4999310186818446
33	35	-1.7133997124115583
33	36	2.7308504042879753
33	37	3.9140372913380377
33	38	-0.4200430114514655
33	39	0.027920450608230462
33	40	1.0560500070705856
33	41	-0.03894114599950776
33	42	-0.3563717223941965
33	43	4.2210519652449525
33	44	-1.4766989019830208
33	45	1.8843204978574633
33	46	-4.149607336125847
33	47	-2.003371320516102
33	48	1.0481666374879086
33	49	-2.935594839478232
33	50	-1.6504644600518337
33	51	0.640484170817755
33	52	-4.118513427661762
33	53	-2.1947189662546265
33	54	0.19835811768801695
33	55	0.013676759915814357
33	56	1.0561536166340553
33	57	-3.721389243728318
33	58	0.22449084828579965
33	59	-1.4610513411744595
33	60	4.653026350743676
33	61	0.46891171989432384
33	62	0.6865856508079555
33	63	-1.9990376109013805
33	64	-1.587823825071432
33	65	-1.3219681725763217
33	66	1.5361841496782673
33	67	-2.651851945063097
33	68	1.8679429665019696
33	69	2.3680505695032092
34	34	NaN
34	35	-0.42872553682015935
34	36	-2.010764072235701
34	37	-2.028961016980402
34	38	-3.0894799181930863
34	39	-1.847038305600829
34	40	-3.526563617858928
34	41	-1.0955060215983614
34	42	-1.6214731712013042
34	43	-2.516363949101942
34	44	-0.42346356995571616
34	45	-1.0261518794949365
34	46	3.312415703063284
34	47	-2.448093952812103
34	48	-0.7753264976112881
34	49	-1.681131321722867
34	50	2.285406173830821
34	51	2.700519896495772
34	52	-2.1690240189510663
34	53	-3.893470595873816
34	54	-1.2410423041102832
34	55	-1.5767133709906458
34	56	-2.4370517442639317
34	57	-1.9860443564841292
34	58	-0.8381858263619737
34	59	-1.0460586246921024
34	60	-3.131178578856515
34	61	1.3360960058059255
34	62	1.0782805503283965
34	63	-3.5772471341079175
34	64	-1.9355684065752043
34	65	2.5183556526176125
34	66	0.30771763342454683
34	67	-1.920965649800925
34	68	-0.7730608045552695
34	69	-0.04379641445024307
35	35	NaN
35	36	-1.618146081057963
35	37	-1.4177018698980073
35	38	2.507596569696512
35	39	1.049909998988657
35	40	3.9128679827924615
35	41	-3.0044679924034416
35	42	-2.0374608020028555
35	43	-1.8984910264673975
35	44	-0.46862383231297217
35	45	-1.4486929084186817
35	46	-1.6820669809381792
35	47	1.9152595734234135
35	48	-4.0343476477892715
35	49	0.26564392223887034
35	50	-2.015377961512374
35	51	-0.5253942058080985
35	52	3.080778837787151
35	53	2.8279821781822716
35	54	3.543793021449617
35	55	1.0492866721887737
35	56	3.0860487347449643
35	57	5.2694836509952525
35	58	1.7289876355881315
35	59	0.46236423445842784
35	60	1.9511744934077213
35	61	-3.1237385287711095
35	62	0.7448663946945211
35	63	2.7466757559411596
35	64	1.4159715752393527
35	65	1.6589419938277177
35	66	1.5515140833667855
35	67	-0.7473985407646808
35	68	-0.22815420164320085
35	69	-2.1583692551093976
36	36	NaN
36	37	1.609160140475236
36	38	-0.3160769141897835
36	39	-0.13550164310816495
36	40	-1.452768612171417
36	41	0.9103236726945553
36	42	-0.7135499608434774
36	43	1.9707823087478222
36	44	-1.391635632559752
36	45	-0.8316064047642782
36	46	-0.33594418640445883
36	47	-2.036616039111665
36	48	1.751125248061762
36	49	-0.7085390980220746
36	50	-2.981794942304285
36	51	1.6600662840059672
36	52	-2.778235229165889
36	53	-1.1451400669507665
36	54	-2.131319824907205
36	55	-0.17772235686670576
36	56	-2.8579666003740414
36	57	-1.7843952682728978
36	58	-0.9526887732723829
36	59	-1.2422377555768769
36	60	-1.7932556338400345
36	61	0.9062567341730892
36	62	0.9907388021185005
36	63	-0.633508008548036
36	64	-2.2861702723128743
36	65	-1.5620726505130744
36	66	-1.7364477568143886
36	67	-0.13194863961229694
36	68	3.009417916423805
36	69	1.1313662213834081
37	37	NaN
37	38	-2.098009402420411
37	39	0.6481513099563393
37	40	-1.5948895199930306
37	41	-1.1179247796174752
37	42	-0.23505821698001556
37	43	1.88864126482536
37	44	-1.5776025015525437
37	45	0.2625097046214575
37	46	1.1361699610888498
37	47	-0.9213743280827407
37	48	-0.01049948105636918
37	49	-0.5421229184786612
37	50	-0.8280348772778113
37	51	1.0070181289719107
37	52	-0.8033623057899455
37	53	-3.2747379269981307
37	54	1.1610475172714494
37	55	-3.424773250363469
37	56	-3.6319029016872877
37	57	-3.8840508954813737
37	58	-3.7002489280694726
37	59	-2.3608139755589526
37	60	0.18896913985420472
37	61	3.346493303593511
37	62	1.3497087879264444
37	63	1.7002996455449277
37	64	1.2378582430992406
37	65	0.9603555785554617
37	66	3.1676598929037487
37	67	-2.2962005660217604
37	68	1.4472586072508697
37	69	-3.171713903300846
38	38	NaN
38	39	-1.7998311678079335
38	40	1.8295872595795133
38	41	1.6514639494025913
38	42	0.7781398468624194
38	43	2.5189120830971516
38	44	0.7181482938265613
38	45	-1.645162665706351
38	46	-0.6819331035132248
38	47	0.25023697392859356
38	48	-2.231594067386882
38	49	2.3138575280771088
38	50	-2.9531089858071105
38	51	1.296860642005553
38	52	0.9856552653037239
38	53	1.266920346937211
38	54	1.5544788968581393
38	55	1.9867104968221279
38	56	2.0521119419965452
38	57	1.356418128084881
38	58	0.6836447698487012
38	59	-0.8786307716434479
38	60	-0.1690984416026289
38	61	-0.513781351360905
38	62	-1.1832115770770002
38	63	2.3686505586685342
38	64	0.8468565405710553
38	65	2.505635351907112
38	66	1.6159090458473342
38	67	-0.8269494046554162
38	68	-2.3333997033449814
38	69	-0.8141711496265183
39	39	NaN
39	40	-1.566413752550427
39	41	2.0075938171628485
39	42	4.14737308820843
39	43	1.0893073817974335
39	44	-2.62090856192193
39	45	1.8844254861812866
39	46	0.5787550135877573
39	47	-0.2819608314137369
39	48	-0.035158999627049776
39	49	-2.00593783937885
39	50	0.332438609608484
39	51	0.26377906525311456
39	52	-2.254232846339298
39	53	-3.242606326377788
39	54	-0.16856256957898275
39	55	1.1948804498205783
39	56	-0.8902660058069714
39	57	-1.9008116303732925
39	58	-3.867010266827028
39	59	-0.9715169509317058
39	60	0.02955849983367291
39	61	0.08760311031211239
39	62	-1.2667660212992178
39	63	-1.179228308484505
39	64	-1.1366620636609495
39	65	-0.49355314941998363
39	66	-3.106203913039813
39	67	-1.9530030195675638
39	68	1.8133856972963234
39	69	-1.0111605740122698
40	40	NaN
40	41	-0.7323790890345592
40	42	1.9353859731084415
40	43	-1.4509602899959815
40	44	1.5203317541582526
40	45	0.4476717863636334
40	46	-3.7402325266851224
40	47	0.9476156552128676
40	48	-2.8925778524327117
40	49	3.029264897509501
40	50	-3.282664575026854
40	51	-2.00331365134646
40	52	3.1862345825444294
40	53	1.6537235840592723
40	54	0.8654478221900298
40	55	1.5556928856578887
40	56	2.69658215538897
40	57	2.602814358949435
40	58	1.9839431281443471
40	59	2.7615730470123028
40	60	0.3712747867015755
40	61	-1.8158940346506722
40	62	-3.707015039475351
40	63	1.615986687457693
40	64	1.9592072440924104
40	65	0.5557802027652073
40	66	0.8936288917220772
40	67	-2.982070437299615
40	68	-2.616648890524709
40	69	1.012027261598135
41	41	NaN
41	42	6.06656886473538
41	43	0.47956074158579154
41	44	-0.7205359418817116
41	45	3.6500908385189272
41	46	1.2289231300975036
41	47	2.3828122851197406
41	48	0.85944042855292
41	49	0.01344963276452137
41	50	3.1016761231847867
41	51	-0.9599333087552019
41	52	-1.284283338153431
41	53	1.0768755394289082
41	54	-2.357277881552965
41	55	-0.19290705459673854
41	56	0.05124951426677826
41	57	-2.1194493587057806
41	58	0.3716217588405786
41	59	0.1183802452258048
41	60	1.592391622658418
41	61	0.3493655676217031
41	62	-1.7537331380910417
41	63	-2.4524402854594176
41	64	-2.314809496504392
41	65	0.040764379352617945
41	66	0.08238658894891206
41	67	0.8868367699920909
41	68	2.058534503560677
41	69	-1.7823055679746853
42	42	NaN
42	43	2.8268053904386905
42	44	-0.4816021254737252
42	45	-1.304562136882931
42	46	2.9045308669287593
42	47	2.6603091781221613
42	48	4.061883198046103
42	49	0.24696620403999314
42	50	-0.7471393939309151
42	51	-3.9058132298897896
42	52	-1.151699572981544
42	53	-2.548106008640032
42	54	-3.2211886219526042
42	55	-1.084886521046918
42	56	-2.4103899583467268
42	57	-1.3615576265798626
42	58	-1.33293840552047
42	59	1.3059128503046566
42	60	1.7104162895954753
42	61	0.9281442902822254
42	62	2.7517009289431127
42	63	1.156427761262961
42	64	-3.1743260353725744
42	65	-3.9922432583989957
42	66	-1.3142820446479035
42	67	0.19019744636257624
42	68	2.72154596901531
42	69	3.1270880704497133
43	43	NaN
43	44	-1.6755738337847865
43	45	6.309868581906226
43	46	4.728890150178811
43	47	-0.19978762916973863
43	48	-1.208581952374214
43	49	-1.5089462002118017
43	50	1.2244956556159727
43	51	3.0785608931100135
43	52	-1.5196128981607233
43	53	-3.166267944722312
43	54	-0.6559371918305369
43	55	-2.380866192295401
43	56	-4.35330507884379
43	57	-1.4315738199050638
43	58	0.08210919820225758
43	59	-0.47206269745979507
43	60	-0.6972365120823991
43	61	1.2965381894926087
43	62	2.8695721356434087
43	63	-0.7816386642804656
43	64	-0.6421380316750437
43	65	-0.7554941628422779
43	66	0.13852610002245205
43	67	-0.36454975080018354
43	68	0.48031849908996
43	69	1.1110399491795544
44	44	NaN
44	45	-0.7204333530402135
44	46	-1.2927729828790644
44	47	-0.24744439636015625
44	48	2.358948011676517
44	49	3.510027283549757
44	50	1.0123747541458268
44	51	0.8602272412513536
44	52	-0.16669172356758621
44	53	0.5197109745237732
44	54	-0.5948284130567568
44	55	-2.1480233135381726
44	56	0.16422319156707213
44	57	-2.2991205296356436
44	58	-0.900292364250899
44	59	0.7869132425912017
44	60	0.9859797037734862
44	61	-1.5691103590671223
44	62	1.7467843778927359
44	63	-0.05390870335848761
44	64	1.5815363747102025
44	65	-0.4600933054998547
44	66	2.7161531007496578
44	67	-0.8120813559119764
44	68	1.4930593871825868
44	69	-1.0086980493054472
45	45	NaN
45	46	2.744743194775607
45	47	-1.2912984715272717
45	48	-0.07776996398821506
45	49	-2.8781255802372105
45	50	4.451992811406062
45	51	0.024796609933393134
45	52	1.3582760871515152
45	53	-2.6747463544721466
45	54	0.32456536067020925
45	55	-2.0175799482985886
45	56	-2.402360784319902
45	57	-2.894648812905137
45	58	-0.7335844972748603
45	59	-2.015913313399953
45	60	2.3108938147439093
45	61	0.8370570900379329
45	62	0.9109982073444313
45	63	-1.3028762273147176
45	64	-2.1785165640365247
45	65	-2.1446684564757628
45	66	0.5001397181017271
45	67	-0.3868136908663235
45	68	-0.46737200541950485
45	69	0.5999809091407269
46	46	NaN
46	47	-1.1507487808841317
46	48	-0.4936000240396934
46	49	2.2807195054699183
46	50	-0.4355730579553051
46	51	1.86688757873552
46	52	-1.4575821458595883
46	53	-2.914512004948556
46	54	-2.637059866444273
46	55	-2.718977587155332
46	56	-2.2700797233817838
46	57	-1.0608905112092417
46	58	-1.0749306939538674
46	59	-3.322998562621918
46	60	0.010093383814586169
46	61	-1.3438437187397172
46	62	1.153363941130581
46	63	-1.1784523025668283
46	64	-1.2660805850866275
46	65	-0.4850767370647995
46	66	0.8165285657260751
46	67	3.5300084147745303
46	68	3.631884036974598
46	69	-1.6919600335513039
47	47	NaN
47	48	-2.152412956943851
47	49	1.7785772253181034
47	50	0.6550221068221974
47	51	-0.9088641112696908
47	52	4.719392086051727
47	53	0.33832373127145166
47	54	0.10499530453861865
47	55	2.2225946359580466
47	56	-0.4142744660575946
47	57	4.842517187047834
47	58	-0.5893994014771642
47	59	1.940109459252368
47	60	-1.5918808793589234
47	61	1.3437802791081666
47	62	1.2875923239009406
47	63	1.967203655957579
47	64	0.24097514953407753
47	65	5.27429477584636
47	66	-0.8996823662772212
47	67	-2.1351080780375344
47	68	-3.0977431315642043
47	69	-0.5198290116943907
48	48	NaN
48	49	0.32890341277220314
48	50	-0.13194232271110692
48	51	2.0209376341047447
48	52	-2.079607871339436
48	53	-1.56405000873137
48	54	0.884875009342435
48	55	-0.22182932810143285
48	56	-2.976442091638851
48	57	-2.201963425250916
48	58	-2.2190718223293486
48	59	-0.20640906909069237
48	60	0.41619877906829156
48	61	1.6190930132293153
48	62	4.857261011131036
48	63	-0.08313524713517244
48	64	-1.0469256410754368
48	65	-1.6632923593659952
48	66	1.9535316227201835
48	67	0.18893632092871837
48	68	3.9429580394973924
48	69	0.5460945859644126
49	49	NaN
49	50	-1.6665911456040123
49	51	-2.0207134707221996
49	52	2.585899942679184
49	53	0.9165375985505774
49	54	1.7683972673520942
49	55	1.3302519696775505
49	56	1.2201725221206368
49	57	1.9370181662394013
49	58	0.9669234181915775
49	59	0.34077281261236786
49	60	-0.36727318684763677
49	61	-1.007868295917913
49	62	-1.2368912900678042
49	63	3.0540385972339115
49	64	1.791544900296928
49	65	3.4724668021579324
49	66	-0.1924556227538101
49	67	-2.7174315663673414
49	68	-1.3156593618669943
49	69	0.111395622258082
50	50	NaN
50	51	1.8754084501997903
50	52	3.607302106128811
50	53	-0.5558920318672436
50	54	-1.4834019257776117
50	55	0.4757052561553203
50	56	-3.364190851841989
50	57	1.3460339756355564
50	58	-4.75708307469965
50	59	0.3348379998298301
50	60	5.012034370932804
50	61	-2.0401575674583263
50	62	0.8801125969349604
50	63	-1.3915406069375769
50	64	-3.375412047593632
50	65	-4.378062913886648
50	66	-3.2191498422239433
50	67	-0.294575984616097
50	68	1.0980474552860158
50	69	-0.23366020056090506
51	51	NaN
51	52	-0.8037636506522746
51	53	-0.8681944875223271
51	54	0.0422225182436084
51	55	-1.3205988363181544
51	56	-3.6051158224544775
51	57	-0.8809701042485151
51	58	-0.3160713254666025
51	59	-3.8108089728797285
51	60	0.43184264580083803
51	61	1.3973898201721582
51	62	2.5053317697347657
51	63	-3.1363657842763093
51	64	-2.0769108179826477
51	65	-0.19827489914874388
51	66	0.5868052776653145
51	67	46.79616246499767
51	68	0.41267741713936257
51	69	-2.4748197958400335
52	52	NaN
52	53	2.1655833962219337
52	54	2.1363315059296157
52	55	5.377283818836262
52	56	4.028100465414743
52	57	1.6311283412524338
52	58	3.624944586277334
52	59	-1.2859932926158868
52	60	-4.210659490631726
52	61	-0.6196626173097947
52	62	2.8007672957589875
52	63	0.8953434461788259
52	64	-0.5931608402134267
52	65	1.4438244986655913
52	66	0.17375944366416068
52	67	-1.0018377400742968
52	68	0.38357358042427353
52	69	-2.3410697069076423
53	53	NaN
53	54	1.2449270498413278
53	55	-1.5879704439630087
53	56	1.1771892616370503
53	57	1.0046192136968546
53	58	1.5437558365418311
53	59	-1.160984179435166
53	60	-4.433972005426218
53	61	-0.04887947547058216
53	62	-1.993383440915835
53	63	0.4962830132102481
53	64	2.5670281518905465
53	65	-1.0966379020352182
53	66	-2.2012874431850187
53	67	-0.8182051015843201
53	68	2.524376208095846
53	69	6.7747043098636
54	54	NaN
54	55	0.5667307621541976
54	56	2.2030417845947214
54	57	-0.37698723825165803
54	58	0.11337395389797737
54	59	0.49128858528564323
54	60	-2.0228901919470017
54	61	-1.8374229890959137
54	62	0.783887290566193
54	63	2.4486997309303944
54	64	0.5438197963434015
54	65	1.0241233996859755
54	66	0.6415787870000789
54	67	10.184650287106619
54	68	-0.28098012329693495
54	69	-0.29780073025711234
55	55	NaN
55	56	5.504508587908593
55	57	3.359392929830441
55	58	2.0519909324334287
55	59	-0.4300508384696168
55	60	1.5389719524938643
55	61	-0.2704506025126867
55	62	-2.3149261329667783
55	63	-0.36439779939587935
55	64	-1.0249444425400567
55	65	0.956659531238924
55	66	-0.12400213826055341
55	67	-1.3537956289792483
55	68	3.4515638647051508
55	69	0.5906579808690495
56	56	NaN
56	57	3.954536201365684
56	58	3.5896545259725756
56	59	-0.2279737404858903
56	60	-3.605759767280829
56	61	-3.991236888328517
56	62	-2.5502652669234975
56	63	2.52583033899507
56	64	1.8018466457978373
56	65	6.082798884068552
56	66	1.4214082182605243
56	67	-1.1320435130366981
56	68	-2.2022769033755702
56	69	-1.4899707291496078
57	57	NaN
57	58	4.836222351500235
57	59	0.6548887186650011
57	60	-2.4322048506314378
57	61	-3.4954215441614176
57	62	0.84402375168685
57	63	0.7408586133337695
57	64	2.0671598541842866
57	65	5.003711638062272
57	66	0.3355163157883368
57	67	-0.22283943971536835
57	68	-2.019225844025203
57	69	0.16400189764639703
58	58	NaN
58	59	0.43498235555931164
58	60	-2.852176613227749
58	61	-3.8683590526849034
58	62	-1.112632352277434
58	63	5.359090009483918
58	64	2.1607303815711467
58	65	-0.7910778825350336
58	66	2.5642317527148815
58	67	-2.4352241576649996
58	68	-1.8289736128104404
58	69	0.09479806624628848
59	59	NaN
59	60	-0.49152847100713515
59	61	-2.0871587805695073
59	62	-1.2076092611646654
59	63	2.6770733988708475
59	64	34.3628977910874
59	65	-1.2773305817693275
59	66	0.2604436383582093
59	67	-0.7728577262052267
59	68	0.8909554594311516
59	69	0.6964567979243654
60	60	NaN
60	61	8.872238539646153
60	62	4.20851355008772
60	63	-2.8219773089004696
60	64	-3.7449159013383277
60	65	-0.6268510892010636
60	66	1.766689521696002
60	67	0.3417761271055029
60	68	-1.1761242102657996
60	69	1.5110529516521234
61	61	NaN
61	62	0.5276044399256462
61	63	0.5513230746405955
61	64	-2.4746169454772367
61	65	0.09007568795828894
61	66	-0.1327103011605843
61	67	0.8444093307957646
61	68	1.6683680164130945
61	69	1.8071512186568504
62	62	NaN
62	63	1.118066883890843
62	64	-3.7126177164330114
62	65	-0.1891909768144184
62	66	-1.4289167666666385
62	67	2.126000045853695
62	68	-3.482356793452474
62	69	-0.3021360794448345
63	63	NaN
63	64	0.7559689528599977
63	65	1.6488223350967568
63	66	-0.6188757505354464
63	67	-2.4385923301922583
63	68	-4.7597987078932595
63	69	-0.22586091667286098
64	64	NaN
64	65	1.9453490633099642
64	66	-0.021306883505609404
64	67	1.4355224095531696
64	68	-2.2906861821889772
64	69	-0.6611808466655389
65	65	NaN
65	66	1.117945125226931
65	67	1.8159567584788556
65	68	-2.0562035914878805
65	69	-2.4397702976758335
66	66	NaN
66	67	0.2903503532121093
66	68	0.04146740388575465
66	69	0.23705083388708856
67	67	NaN
67	68	1.2006767931739606
67	69	-1.0957077587463464
68	68	NaN
68	69	-0.8682036745985536
69	69	NaN
