1	1	NaN
1	2	-0.14180428786542254
1	3	-1.8576096412843415
1	4	-0.8681997338464373
1	5	1.9301531816602686
1	6	1.1389908293039903
1	7	0.19828650811491738
1	8	1.908954280412083
1	9	4.042327881376794
1	10	1.0555653371981806
1	11	-0.5422070025371748
1	12	-0.5889073743841985
1	13	0.8347872093168249
1	14	0.842307739450148
1	15	0.9221787094471378
1	16	-1.5482965679388803
1	17	1.1741467861818902
1	18	-4.191367773957463
1	19	-2.371709241680653
1	20	3.404386480403892
1	21	-2.3451479991004773
1	22	-2.5518231415016213
1	23	-0.5904498314288269
1	24	2.710184174792937
1	25	0.9734889755009171
1	26	-1.1421347907289963
1	27	-1.0008360337008892
1	28	1.3449399743103934
1	29	0.1697174340367309
1	30	-2.1209312228425614
1	31	-1.3516290902462267
1	32	-2.1009627721682484
1	33	1.1994149786324184
1	34	0.5178931940239945
1	35	1.0333293446092762
1	36	0.21507312476809345
1	37	-0.37772467730687836
1	38	0.8435920142456974
1	39	-2.0416907701905105
1	40	1.8550343436387484
1	41	-1.357425302136875
1	42	0.417762367683397
1	43	-2.224113784343918
1	44	0.8475853991609489
1	45	-1.6345331091805078
1	46	-1.53872263717081
1	47	-0.018498790728287605
1	48	-2.168220032537572
1	49	2.988171293762129
1	50	-2.0079235562139157
1	51	-2.0438385596158284
1	52	2.61985317452108
1	53	1.2108183148118965
1	54	0.6494292610491993
1	55	1.2763887344443492
1	56	1.831741950691702
1	57	-1.808488095331701
1	58	2.412749101593018
1	59	-2.8214351783579468
1	60	0.5609638916346212
1	61	0.7089289574709235
1	62	-3.6412863875781083
1	63	2.643658051214267
1	64	-0.7029604411166225
1	65	-0.004221124284730159
1	66	0.7285103980092871
1	67	-1.6837569561462038
1	68	-2.646515087137291
1	69	1.7752850634939603
2	2	NaN
2	3	2.6019455707733696
2	4	1.4757281377020903
2	5	-0.407144133407838
2	6	-1.1643566069933156
2	7	-0.03400993560030584
2	8	-1.9364570370913778
2	9	-3.0905643622064956
2	10	0.18407623042374602
2	11	-1.3631453592205884
2	12	-0.7393108268058323
2	13	0.6797271329812933
2	14	-1.529366512910637
2	15	-0.21353307998657967
2	16	-0.8003585573184723
2	17	0.1518359078432342
2	18	1.0382759330306344
2	19	1.2684557725563124
2	20	-3.1711253334069713
2	21	-1.7746067209449472
2	22	2.1198680058543147
2	23	-2.215726140450758
2	24	-3.4367262256152773
2	25	-1.1600514517980207
2	26	0.8451312104587593
2	27	0.2146339213685917
2	28	-1.351549998984292
2	29	-0.994304193955135
2	30	0.24037297140588082
2	31	0.596544779286835
2	32	-1.9515530608444087
2	33	-0.6081865780982398
2	34	-0.1391295411779646
2	35	0.9827531435109922
2	36	-0.4225962894526004
2	37	0.7740079684787666
2	38	-1.5104426707127505
2	39	-0.05162454510010737
2	40	-3.950930204604947
2	41	-1.0950227041084915
2	42	-2.1347884806300055
2	43	-1.7911679073064644
2	44	-0.21778399932326792
2	45	1.8549981359529177
2	46	-0.8939549405750947
2	47	-0.909785005452662
2	48	0.3646193775638165
2	49	-2.367930106535354
2	50	0.12485307291216295
2	51	0.5262564651937751
2	52	-0.8454069415589637
2	53	0.4951424335270201
2	54	-2.453814362302377
2	55	-1.7633848866798634
2	56	-0.6539741447616624
2	57	-0.21234986839030232
2	58	4.568086687240987
2	59	0.5585578263649364
2	60	4.312926214685556
2	61	29.483079395911197
2	62	-2.4103900381284427
2	63	-1.5921878657125534
2	64	-0.46178947796382963
2	65	1.1821244102473853
2	66	-1.5319998933863868
2	67	0.04861626116742196
2	68	-0.9659698006024235
2	69	-0.9757753758506428
3	3	NaN
3	4	2.611402200085038
3	5	0.6129507114922731
3	6	-3.909829690378203
3	7	-2.2795862671967666
3	8	-1.774784547433253
3	9	0.5480722120455097
3	10	-1.3057967905399765
3	11	1.7144735603996324
3	12	0.8556533642413159
3	13	4.72922974783583
3	14	2.0067310398452527
3	15	-1.442108513165405
3	16	1.5104722559475203
3	17	-0.22884108161040334
3	18	1.0407734225469618
3	19	0.4200400692188708
3	20	-0.6496325869584333
3	21	-1.5070059598820214
3	22	-1.7676542442786078
3	23	0.013882068193827233
3	24	0.06863350300470805
3	25	2.311987299967261
3	26	-0.1501948606926273
3	27	5.735901001727249
3	28	-1.2307514459289137
3	29	2.134723073318883
3	30	1.451954941954725
3	31	3.2035894253275203
3	32	1.2392930968666358
3	33	-2.2252819936368184
3	34	-0.7953765026904995
3	35	-0.8686470035639501
3	36	-0.5685349823134764
3	37	0.0014271613985762292
3	38	-1.5380640429236516
3	39	3.973899163330584
3	40	-5.449953007721417
3	41	-1.416592931438252
3	42	1.4834866999573593
3	43	0.96742602342281
3	44	-2.0705411123030397
3	45	1.6100178936005884
3	46	1.5110453989314794
3	47	0.0806371221513521
3	48	0.044265137263320244
3	49	-4.07427296561804
3	50	3.81818132246534
3	51	0.6710045487488717
3	52	-1.0374019106450676
3	53	-0.20025311119744035
3	54	2.1257420826661777
3	55	-1.4559966298222935
3	56	-1.349227894784718
3	57	-1.4148633846156597
3	58	-2.501103291139033
3	59	4.555640599098746
3	60	0.14601644976719358
3	61	-3.578467501839684
3	62	0.9449565102308574
3	63	1.7321898153367328
3	64	0.16589537761306358
3	65	0.27637617740218984
3	66	-2.1721319050503496
3	67	-3.4706213818009446
3	68	-1.3438233412757083
3	69	-0.6512904168317032
4	4	NaN
4	5	0.7701552467344932
4	6	-0.9856373368673035
4	7	4.653871075636133
4	8	-2.300995491267211
4	9	-1.1015970886568105
4	10	-0.6701740889499044
4	11	-0.679149977220487
4	12	2.79155477854234
4	13	-1.3620776161164947
4	14	-1.3073971324788485
4	15	-1.562887949882126
4	16	2.1912757206318516
4	17	-2.6205888938989137
4	18	2.2107901930847436
4	19	0.06321259857024147
4	20	-1.4480492929634359
4	21	1.2801009395543783
4	22	1.418981833604691
4	23	-1.9508510797066967
4	24	-0.9890289620242981
4	25	-0.23959152890244148
4	26	-0.9705911254572046
4	27	3.7964065458533858
4	28	-1.7245021552089514
4	29	0.11634086352684449
4	30	-2.2734754838675304
4	31	-0.24986624470498453
4	32	-0.5581966116477823
4	33	2.6492668663279866
4	34	-0.4847010884062868
4	35	-2.736903834207356
4	36	1.8533779538020405
4	37	1.5355597992737462
4	38	-1.4556868208716516
4	39	1.6580756456887034
4	40	0.016694555042800003
4	41	-1.8335695667823677
4	42	1.6855223910202182
4	43	2.8286784104763876
4	44	-2.3304459466343306
4	45	1.9662887539315257
4	46	1.0917476915697983
4	47	-0.04164827621101877
4	48	4.514784842740624
4	49	-0.19034638077842259
4	50	1.5144095716381376
4	51	0.7244503173659951
4	52	-0.5310317504931207
4	53	-2.2736759138722036
4	54	-1.9746996651977375
4	55	-0.16007229593589428
4	56	-1.8991173904219714
4	57	-0.3862364042013032
4	58	-0.5750909803982771
4	59	0.6099088615082349
4	60	-0.5775024217213593
4	61	0.650664452009499
4	62	0.7486989703290974
4	63	0.7644013597015407
4	64	-0.08719165676081742
4	65	-1.1009517029736933
4	66	0.6886878001712297
4	67	1.0684190324375484
4	68	0.08267028556426613
4	69	-2.623005760777364
5	5	NaN
5	6	-2.5289558123201066
5	7	3.4835734821727757
5	8	-0.9957999615518236
5	9	-3.896776296678929
5	10	-1.6845629557914377
5	11	3.2116142891961954
5	12	-1.3113633812679852
5	13	-0.6037424306341017
5	14	0.018707353455175234
5	15	-1.1345338764648991
5	16	0.8180419584188547
5	17	1.4111276175582987
5	18	4.003331061375837
5	19	0.13991450466781777
5	20	-0.4099052096264193
5	21	1.4156355481366834
5	22	0.5988629223427472
5	23	0.41913106618546087
5	24	-1.1879111744420836
5	25	-0.28938622888788323
5	26	1.1659790526321
5	27	1.1912456315876019
5	28	-2.527679701723469
5	29	1.4929245275851144
5	30	0.6295986899074084
5	31	-1.4727620846886618
5	32	0.5202972829140623
5	33	4.04845187164291
5	34	11.303763513900904
5	35	-2.4197283545680626
5	36	2.3398457434348563
5	37	-0.9846904319613665
5	38	0.5349627123153373
5	39	-0.39903012696432083
5	40	-3.0635823597709275
5	41	-1.559195778883278
5	42	3.5389366122585875
5	43	-0.7019359770077185
5	44	0.5957788906619842
5	45	-1.0977328374655821
5	46	0.02593498967278326
5	47	-0.6606066752769549
5	48	-1.1940803529399688
5	49	-4.0822308245442445
5	50	-1.7740974720418483
5	51	3.1092560556306617
5	52	-0.36993197643389897
5	53	-2.387819721489301
5	54	-1.0522802554033928
5	55	-1.8626367822500016
5	56	0.04271082752211163
5	57	0.5178432525183287
5	58	-0.29427019031244517
5	59	-0.20605493994917667
5	60	-3.9198662735194287
5	61	1.2614528417317585
5	62	-0.7036361268869912
5	63	-2.8336359316569886
5	64	1.7848214718997015
5	65	-0.23728757067497358
5	66	0.859367462817875
5	67	-3.094881930398313
5	68	3.0389599532388787
5	69	-1.7586829213204838
6	6	NaN
6	7	1.2455820868659664
6	8	0.5903909177299371
6	9	2.5840309293815844
6	10	2.1009438685696353
6	11	-0.9626915000672625
6	12	-2.198640241684975
6	13	3.4914071014793144
6	14	-2.184734725895274
6	15	-2.615691292369117
6	16	1.0626588013714968
6	17	1.9971081675588407
6	18	-2.578583561360112
6	19	0.49186097919018446
6	20	2.2129551589468335
6	21	-1.8693049077875166
6	22	-2.5378066108110566
6	23	0.2880305148356788
6	24	4.906992767170117
6	25	0.004850582733534724
6	26	-1.8718339138926126
6	27	-1.4808324795846264
6	28	3.142357282132641
6	29	-1.7633880113878264
6	30	-4.102867293978172
6	31	-2.605723504054285
6	32	-3.1885663496893226
6	33	1.4602526080259282
6	34	0.05940840582428204
6	35	5.390085061784603
6	36	-0.4419792328939784
6	37	-2.627728105997637
6	38	0.7100552716140343
6	39	-1.0290894731537898
6	40	3.2733699144520974
6	41	0.7412464895516481
6	42	-0.48434832985192156
6	43	0.5633591797041686
6	44	1.7093672162394276
6	45	-1.3089707118797167
6	46	-0.2737595512892322
6	47	-1.183436137456847
6	48	-2.08010569556864
6	49	3.1435047850076163
6	50	-2.5255975385060827
6	51	-0.3795654763012037
6	52	2.5517101445158477
6	53	1.4399215283635882
6	54	1.4120024025082967
6	55	3.744602202895513
6	56	1.9210210692322942
6	57	2.3819595079989546
6	58	-3.587550630728338
6	59	-0.9173668518800939
6	60	0.5477021481226005
6	61	-1.4592875964191026
6	62	-1.7847958048267132
6	63	2.208483027020852
6	64	-3.2940675779820934
6	65	-0.5367346638740443
6	66	0.47323352840110783
6	67	-1.098281477494253
6	68	-0.15628919021028428
6	69	-0.8178820627355388
7	7	NaN
7	8	-0.12694848806378004
7	9	1.8495509755813653
7	10	-1.2933813254202966
7	11	0.8890793423427023
7	12	2.4145768777864913
7	13	-4.741049001306694
7	14	-1.344339373639506
7	15	1.6689657119673234
7	16	1.176252964701635
7	17	-1.429467001747417
7	18	4.604794293066778
7	19	1.496049983775858
7	20	-2.3168563316903654
7	21	-1.02837882564537
7	22	0.2977088880639214
7	23	-2.7515612252045023
7	24	-1.7993954076343386
7	25	1.8854432112740385
7	26	-1.0708640625170633
7	27	-1.0280512211699222
7	28	-1.7469777198911236
7	29	2.1866624443966267
7	30	-0.7945303536968596
7	31	1.2898748133513558
7	32	2.5198268344421595
7	33	-1.7624438956988855
7	34	-1.645590095798983
7	35	-0.5113960153000051
7	36	0.9930181773548188
7	37	-0.27967735652132697
7	38	0.33971874301230964
7	39	0.5916318780461209
7	40	-1.480363499311814
7	41	1.163538230162115
7	42	1.9950153501866361
7	43	1.5781971180386847
7	44	-0.031146463314791168
7	45	0.740648823160129
7	46	-0.46034273733638187
7	47	2.093722294634296
7	48	-0.9450628001586773
7	49	-1.3943281456210683
7	50	-4.389850456589576
7	51	-0.7462686262700717
7	52	-2.695881505536433
7	53	-1.4262937989898012
7	54	-2.0480952383106197
7	55	-3.556262852772992
7	56	1.2918260522968235
7	57	3.6762347452727577
7	58	0.757044827762327
7	59	1.4284262600158337
7	60	1.0766032586143683
7	61	1.0716481521084635
7	62	-0.1992247043841935
7	63	-0.015032282294658162
7	64	-3.507913876359294
7	65	1.7094181147255831
7	66	-2.0314517583863028
7	67	-0.007759583997340739
7	68	2.8503354441895845
7	69	-1.0779121401475662
8	8	NaN
8	9	1.5885466818161247
8	10	1.144575660198914
8	11	-0.5702320031921119
8	12	-4.772960128453121
8	13	-0.787848707322265
8	14	-0.2314908465813814
8	15	-2.258620589916483
8	16	-0.3719154958977968
8	17	0.32925943996641716
8	18	-1.936221057852993
8	19	2.2711863068550824
8	20	1.1528674764412121
8	21	-0.8227578550922166
8	22	-0.0037939823010136433
8	23	1.2119737002381779
8	24	0.9824904793213498
8	25	0.772593061846038
8	26	-0.742033074000045
8	27	-0.4015237446542827
8	28	-0.7522276501377966
8	29	-3.507272594702502
8	30	-4.445172678238773
8	31	-4.325440050506243
8	32	-2.792977982154589
8	33	2.0719679926260555
8	34	-0.3927631646101048
8	35	-1.1470148768728328
8	36	-2.41527992228596
8	37	24.73981845907351
8	38	1.7532236765982245
8	39	-1.0728275924191388
8	40	3.2053388703552605
8	41	-0.6847450917699948
8	42	-1.0207763346552667
8	43	-0.8808686879462362
8	44	0.9124417662778799
8	45	-2.7058828171127516
8	46	1.452682272975052
8	47	-0.1669494096891985
8	48	-1.3996321116384034
8	49	1.5088075694724932
8	50	-1.1073186323804836
8	51	0.11842221160368156
8	52	0.07085388238887884
8	53	0.8517059841503958
8	54	0.22516099600954842
8	55	3.8756563402568927
8	56	-0.6540879765909255
8	57	-0.56625477409795
8	58	-2.56472192388664
8	59	-0.663867440861264
8	60	1.7655369834900116
8	61	-0.5050616860877307
8	62	0.6223244022492836
8	63	0.8811501876751003
8	64	-4.170826881740738
8	65	-0.3088597481759277
8	66	1.2299161277359225
8	67	-1.65145393982267
8	68	-1.0255792276187854
8	69	0.2825623173255561
9	9	NaN
9	10	2.7720327680980192
9	11	-2.336768559847263
9	12	-1.7414512813362402
9	13	-0.22492268730022605
9	14	-0.545697301143085
9	15	-0.6093034231209247
9	16	-1.2941191082495727
9	17	0.9930218916149316
9	18	1.049313080416529
9	19	-0.6437266394055746
9	20	1.5235105017292776
9	21	-3.066880405333445
9	22	-2.4068483240302965
9	23	1.293736123329918
9	24	5.032528549811965
9	25	-0.4478657927099341
9	26	-2.9375327009674543
9	27	-1.649598504653782
9	28	4.846934146191154
9	29	-0.5645435605179381
9	30	-0.18000164779233385
9	31	1.7132748865861225
9	32	0.212735375773714
9	33	2.579184463466046
9	34	-0.12670397352094778
9	35	4.169194881089796
9	36	-0.9225232635667987
9	37	-1.0848812482123564
9	38	0.09177633641155379
9	39	-2.5001668980455753
9	40	1.6620968927847553
9	41	0.5055732775947518
9	42	-1.109265527396012
9	43	-0.6950044666308447
9	44	-0.9418826809089325
9	45	-3.8900595671391582
9	46	-2.1351353142976963
9	47	2.1964361939368655
9	48	-2.4651950289400317
9	49	4.74766305914072
9	50	-1.5238372402163611
9	51	-2.5375653933067293
9	52	2.2505692483925723
9	53	1.9472692925465662
9	54	-2.555131403234904
9	55	2.9940404867576924
9	56	2.4938308729525334
9	57	-1.947219113904467
9	58	-3.2540984407388556
9	59	-0.670570230053043
9	60	-3.253111565403
9	61	-2.586683755904929
9	62	-2.16123571801139
9	63	0.35055083820304855
9	64	-0.5408974775094606
9	65	1.2888049255929122
9	66	4.191704786074538
9	67	-3.5794838125917403
9	68	0.8364718504551133
9	69	0.7843840131862233
10	10	NaN
10	11	1.620736095825099
10	12	-1.4951565917608742
10	13	1.4928737499796447
10	14	0.6456152278264533
10	15	-1.6563985371452359
10	16	-2.092817656632926
10	17	7.7505846307190716
10	18	-3.2718746648021826
10	19	-0.6717639839814762
10	20	1.5733722533752381
10	21	-2.608220484868585
10	22	-1.1732825966670757
10	23	-1.264477268369864
10	24	2.4164789374669344
10	25	1.0924083701022014
10	26	-1.093516337382811
10	27	-1.268932597144203
10	28	0.6197485370050478
10	29	-3.7015621521555824
10	30	-2.7285214745992663
10	31	-2.4106408643457513
10	32	-1.6287279242264103
10	33	0.38715554013001297
10	34	-0.44608606452073524
10	35	1.266583041139617
10	36	1.2310521130107723
10	37	9.897960225114915
10	38	1.5300877307777705
10	39	6.568897727080005
10	40	2.389079237788516
10	41	-0.09105153768946654
10	42	-0.829148076509786
10	43	-2.8777388620059043
10	44	1.5125092034980736
10	45	-2.03703804127782
10	46	-2.335696197380159
10	47	-1.1147914431761539
10	48	-1.7067603612487032
10	49	1.7741651781980234
10	50	-1.399424652801639
10	51	-2.364141265881759
10	52	1.4318279098674962
10	53	0.19776905947388063
10	54	-2.1319574424856955
10	55	1.5581031388372863
10	56	1.56954297052211
10	57	-0.7023587410891435
10	58	-3.8180894584252387
10	59	-2.887185233803216
10	60	-2.959181986503761
10	61	-0.2173496552611558
10	62	1.2404523630897561
10	63	0.5006176663372924
10	64	-0.6258132961795463
10	65	-1.629326093102622
10	66	0.1292389349666685
10	67	0.5259553948770835
10	68	-0.8970201585897025
10	69	0.6461039214003325
11	11	NaN
11	12	1.8642747489888878
11	13	-1.2347160747709727
11	14	0.4925850275967678
11	15	1.0089391157437435
11	16	-3.0575924164325725
11	17	-0.625820806937583
11	18	0.5305576531076174
11	19	-1.2106008801363843
11	20	-0.7909904035405657
11	21	1.4931662586935444
11	22	0.2090092436729862
11	23	0.5138178803275731
11	24	0.7321698017847119
11	25	1.4717081249752906
11	26	-2.5540449334871167
11	27	0.23143153293015617
11	28	0.13260557761628858
11	29	1.337340090636821
11	30	1.3131067954667166
11	31	3.928552459479418
11	32	-1.8775397271715757
11	33	0.46985804268930137
11	34	-0.9010220057044805
11	35	0.6314109572166522
11	36	0.2530759618167494
11	37	0.9904846645319567
11	38	-1.2624303493630282
11	39	-3.5156566387736934
11	40	2.4690267842641873
11	41	3.168910227675002
11	42	-3.311288107360656
11	43	-0.08665488817449696
11	44	-1.185674889703385
11	45	3.4995143695252438
11	46	1.7332751755943807
11	47	-2.033271824358734
11	48	-1.353178976789359
11	49	-1.8894047011696955
11	50	2.7999695834354656
11	51	-0.45216523067941977
11	52	-0.33362248541506845
11	53	1.035924394921468
11	54	-2.657455506753204
11	55	0.01300445622898739
11	56	0.2695594452696398
11	57	1.7469431054679152
11	58	-4.679633619888332
11	59	0.2034615852411094
11	60	3.0535184129791313
11	61	-0.6934117514479093
11	62	-0.3244129660577536
11	63	-0.18357595466346407
11	64	0.133035677959736
11	65	-2.1598347245303584
11	66	-1.803310435498971
11	67	-0.6472982446836085
11	68	1.9387382439276903
11	69	-2.0934136042435356
12	12	NaN
12	13	5.928336023062802
12	14	-0.8114013361476643
12	15	4.934079411888021
12	16	2.7462436202460405
12	17	-2.865395142775769
12	18	-1.4435862734260931
12	19	0.4086171524290985
12	20	-2.1839537915346363
12	21	2.541952077274374
12	22	-0.3185566706450362
12	23	-1.5670105213455996
12	24	0.3252669470723571
12	25	0.05467319951762267
12	26	-1.7415253960439623
12	27	-2.6990637434601754
12	28	-5.058502857211404
12	29	-2.649521381527432
12	30	-0.8212138244642062
12	31	-0.27073513655895115
12	32	-0.38125672373303787
12	33	-3.2307822579761596
12	34	-0.9519625068389441
12	35	-0.3191928114583817
12	36	-0.2905704237483611
12	37	0.6658835244482221
12	38	-0.6396242528791556
12	39	3.1627333441006438
12	40	-3.585278010931967
12	41	-0.5303760802554313
12	42	3.717259460104938
12	43	2.8310076466000234
12	44	-0.42796356169985555
12	45	2.7474859328066024
12	46	5.086106050155383
12	47	-1.07668638612669
12	48	0.2703098820310284
12	49	-4.127495920868836
12	50	1.0048684623802404
12	51	0.287158356205994
12	52	-3.3414610984244733
12	53	1.6307864965588164
12	54	-1.0427144809571303
12	55	0.26261140531807414
12	56	-0.738313666872247
12	57	1.7659117099887913
12	58	2.644138045090223
12	59	1.3757065784617983
12	60	0.9671180591760816
12	61	3.9033926288230805
12	62	0.5265932419374939
12	63	0.8408906641250524
12	64	-1.2457578828196163
12	65	1.2276572784651736
12	66	-0.7201044914680702
12	67	2.78467348055696
12	68	3.128092447353342
12	69	-0.09905936762458295
13	13	NaN
13	14	-0.8511262758982293
13	15	-2.0412989897374407
13	16	-2.8392473474771007
13	17	-0.022903143056473917
13	18	1.0880565975279872
13	19	-0.4914978393253888
13	20	-0.706360659811731
13	21	-4.082564584318043
13	22	-1.3264372191029832
13	23	-1.1949805894662917
13	24	-0.43815933611713126
13	25	0.9481778176894124
13	26	-3.3980517300691555
13	27	-1.269878587712711
13	28	1.1226834280386948
13	29	-1.832130209435586
13	30	-1.7687083366582235
13	31	3.1588274253488144
13	32	1.438190499364522
13	33	1.593568981250763
13	34	1.813606739263601
13	35	1.4879529722329599
13	36	-2.38536075800883
13	37	-1.931730469618555
13	38	1.1295525963628918
13	39	-1.209467331489287
13	40	1.883447082328718
13	41	0.18580061689905356
13	42	3.7722297128768187
13	43	0.7022381995777681
13	44	0.061789844826217355
13	45	-1.3276431574079637
13	46	0.021042399637895604
13	47	-0.3721529321602178
13	48	0.6733685114682568
13	49	1.1578335486074292
13	50	-0.23848299351929533
13	51	-0.7875808895938277
13	52	1.5347828293373702
13	53	-0.9787498541616807
13	54	1.2409781683679153
13	55	0.8633400835404401
13	56	0.643503799360129
13	57	-4.018791299200039
13	58	-0.8669601316190927
13	59	-1.5840077463080786
13	60	3.807854480717939
13	61	-3.315671674100493
13	62	1.302357033761162
13	63	2.6293852617913216
13	64	-2.4422470392498274
13	65	-0.4381012105648214
13	66	2.052293135424593
13	67	0.3553437862123358
13	68	-2.7045742542699722
13	69	0.6112763928335957
14	14	NaN
14	15	1.0516387345347855
14	16	0.08832270200255611
14	17	-1.4375377085461623
14	18	-1.0183723505882372
14	19	-2.7419375752679818
14	20	0.04253004067008168
14	21	1.713127729886621
14	22	3.2998210990806673
14	23	-0.0007692664425430253
14	24	0.18400572185732544
14	25	-0.9687513367324049
14	26	-0.2993254763082978
14	27	-1.042920533061059
14	28	-0.5011720514097623
14	29	1.13323501549831
14	30	-1.3769430386206314
14	31	0.36259701211075823
14	32	0.05017398148045057
14	33	-0.8736757405996084
14	34	-1.1975532894356242
14	35	-2.319567549662349
14	36	-1.4104319794024769
14	37	-1.2801861983472531
14	38	0.46978182231882093
14	39	-0.6515587310544442
14	40	-2.234328801899775
14	41	1.6625488783261861
14	42	1.61523086538117
14	43	-0.528361280498096
14	44	-0.5193163673162027
14	45	2.0558918503710286
14	46	-2.157460691562903
14	47	-2.830611393199868
14	48	-1.2211279272400035
14	49	-0.7107304334922759
14	50	0.9864738328025295
14	51	-3.308568749572847
14	52	3.3833902577530237
14	53	12.859374498357875
14	54	1.5845796524320002
14	55	0.24391191967890308
14	56	-1.105798192950857
14	57	-0.33003317255200976
14	58	-1.956281712808431
14	59	-0.29306955749782615
14	60	2.287850860598263
14	61	3.1135913181311294
14	62	2.5141449020296296
14	63	-0.1548965916294231
14	64	-1.5500286017509675
14	65	-0.2477381232550844
14	66	-0.9661152260809898
14	67	-1.9839282523421742
14	68	0.9277029629121168
14	69	-0.5349629579112902
15	15	NaN
15	16	2.060791194652873
15	17	-0.8927886139950986
15	18	-0.4201038389983106
15	19	-0.08872573568677102
15	20	-1.7371214689023629
15	21	2.4630987134235065
15	22	-0.27623800388495395
15	23	-1.8922304514309023
15	24	-2.5190185998150114
15	25	-0.42192372087682184
15	26	1.3338096748662953
15	27	0.3744695220979007
15	28	-0.1102044963633977
15	29	3.055482298074235
15	30	-0.6942566208942454
15	31	-3.48892116112666
15	32	-2.269938114138927
15	33	0.27230655259346265
15	34	-1.4020176690612898
15	35	1.9638472598254701
15	36	-0.9494470641289636
15	37	1.506468062043689
15	38	-1.1098201362891063
15	39	2.8120275644871695
15	40	-0.3372546053665569
15	41	1.8359796165307813
15	42	0.9408881653819
15	43	1.3718652487941845
15	44	0.8355303884546491
15	45	-1.5299106955664359
15	46	6.373849286252568
15	47	-0.020165882613684794
15	48	1.1341169243972127
15	49	-1.920213381529444
15	50	-3.524864885901088
15	51	-2.5037164691017524
15	52	1.4953719637689717
15	53	-2.2962153267144423
15	54	1.7266235329296222
15	55	0.4648769792924614
15	56	-2.2269623552120734
15	57	-2.148251797071337
15	58	0.26709662098990083
15	59	-1.084320636579362
15	60	2.868830637727135
15	61	0.41256915172617203
15	62	-0.7870774065302483
15	63	0.7145983514349427
15	64	-0.2579699813549287
15	65	-0.4357625780543748
15	66	5.400750061592739
15	67	1.6809179974616715
15	68	3.040593672727855
15	69	0.415301634407763
16	16	NaN
16	17	-2.681067121491698
16	18	0.21987596234462292
16	19	-1.6964530311789188
16	20	-1.0740895036033367
16	21	2.8994251862543448
16	22	1.89685245719069
16	23	-0.8634087604364435
16	24	1.1200411920960565
16	25	-0.7423414929923771
16	26	-1.7611131000030538
16	27	-3.1595452646002733
16	28	-2.115697631674685
16	29	-2.0652366722096063
16	30	1.162187306369774
16	31	-0.7501766743181268
16	32	-3.18389251401895
16	33	-0.20333530407037653
16	34	-0.18896844211801878
16	35	0.5645643729161463
16	36	0.1914114131802369
16	37	-0.04288917632379801
16	38	-1.0426141281909809
16	39	3.849020807196911
16	40	-2.491540399408835
16	41	0.5158935581839635
16	42	-0.13635195682501916
16	43	-1.1165393144912448
16	44	-0.8228974345065615
16	45	-2.4891311072978115
16	46	2.211763396310212
16	47	-0.6215472170353552
16	48	5.638629395962934
16	49	-1.484544068895254
16	50	-1.6139991462929708
16	51	-0.1710307983447563
16	52	2.0443762045173233
16	53	4.148707009167319
16	54	-0.2798238338436548
16	55	1.3471156526660055
16	56	0.8856838754801425
16	57	-4.407142847784564
16	58	2.7536179494200064
16	59	0.933935811222608
16	60	2.8614355860904275
16	61	0.6890204231332908
16	62	3.0236807570950406
16	63	0.16631949760057863
16	64	-0.7015373238069005
16	65	0.795745056831316
16	66	-0.9845425106919108
16	67	-2.1085395031827856
16	68	0.2959106496339165
16	69	4.536624790288118
17	17	NaN
17	18	-2.757453910021102
17	19	-0.6607030887286712
17	20	1.4868454311959838
17	21	-1.1701979503398892
17	22	-2.5031342314133473
17	23	0.0527356082571064
17	24	1.2324146966072536
17	25	-2.9977077243131713
17	26	-3.140666752283785
17	27	-0.4783204787428021
17	28	1.3914643854746707
17	29	-0.7011600262235288
17	30	-2.6466579604460447
17	31	-0.4410315950173268
17	32	-1.2967050300210048
17	33	0.0543067921757871
17	34	-2.606025136589099
17	35	-0.5776699781913606
17	36	-0.13299164469166422
17	37	0.1955668466905291
17	38	1.9244429921264503
17	39	-0.6975235235959434
17	40	-0.3583963877482872
17	41	0.3635883420942926
17	42	-2.7988518058569327
17	43	-1.3309808029439534
17	44	-0.38086708609969633
17	45	1.3924212938351082
17	46	1.987219681439407
17	47	1.2158610635580807
17	48	-0.5249951061571002
17	49	2.6214944881247493
17	50	-0.14234573777607823
17	51	-2.1515981890237215
17	52	3.6023560320160817
17	53	6.278017694232882
17	54	0.9721343720481899
17	55	1.425656581536826
17	56	0.836625551048574
17	57	-0.3114485147367335
17	58	0.8895389616391086
17	59	0.8390768708779299
17	60	-2.348985309703241
17	61	-1.1215416797738857
17	62	-2.341995821134724
17	63	1.3515597765325724
17	64	-1.4099737155202277
17	65	1.3110269704817366
17	66	-0.856950428632117
17	67	-0.30815302552099977
17	68	2.565147908353102
17	69	1.3177963925701934
18	18	NaN
18	19	-0.07448654958948535
18	20	-0.14060959049594923
18	21	3.4582873477145912
18	22	2.088944221182101
18	23	0.2847175640629262
18	24	-3.845894253136745
18	25	2.9066114016247138
18	26	0.391543067540557
18	27	3.4487672048071785
18	28	-0.21770916136944338
18	29	-0.7470412982291428
18	30	-0.5679436833096783
18	31	-0.2602342174078051
18	32	1.8862565768808883
18	33	-1.9288882662524973
18	34	-0.04048051738432015
18	35	-0.21962230287577045
18	36	4.23461361118015
18	37	-0.1726851524001914
18	38	-1.6140163425552656
18	39	-0.04983623377749938
18	40	-3.4829585787051465
18	41	0.2981589966125396
18	42	1.5920727075404695
18	43	0.3253808604781677
18	44	-1.0294297560142034
18	45	-3.8969529319134804
18	46	2.6341791168535735
18	47	-0.5559926266028093
18	48	-1.063467298137641
18	49	-2.475660358191748
18	50	1.7420251728018599
18	51	0.854126006414735
18	52	-3.643115030318455
18	53	0.6486246072844685
18	54	-2.7798138616290893
18	55	-3.1147479596183243
18	56	-1.8623338388029016
18	57	0.22084153558400732
18	58	3.2901726909757585
18	59	2.99706287825355
18	60	-0.8407504732875645
18	61	1.049305580379223
18	62	3.698312402838664
18	63	1.7682412249557427
18	64	-1.3962800309567738
18	65	-3.6085338289819435
18	66	2.703349031585817
18	67	1.1009426908060782
18	68	-0.14233925899325847
18	69	5.109610928074669
19	19	NaN
19	20	0.7990810691504581
19	21	-0.49242098282687774
19	22	0.36830565842918583
19	23	2.20084081974933
19	24	0.27721960457203937
19	25	0.3191478003718286
19	26	1.6666543361576172
19	27	1.819913872813023
19	28	-0.16450976667772843
19	29	1.4164409366083859
19	30	-1.0647171986334474
19	31	1.5288530038420847
19	32	1.0288554122375204
19	33	-1.255075633634293
19	34	-3.2897152880114136
19	35	-0.9461370298905596
19	36	0.9679564464192807
19	37	0.048949076811440735
19	38	-1.7597517399234588
19	39	-0.8781573348992842
19	40	2.6615377980535855
19	41	-0.3989516216722033
19	42	-0.15588133725120423
19	43	1.3463223062625573
19	44	-1.0071020955734196
19	45	0.37015079788230587
19	46	0.5745103674455011
19	47	-1.124764313182565
19	48	0.9373421497668373
19	49	0.6541618677554064
19	50	0.16693768429423528
19	51	-0.1695473241362604
19	52	-0.578118061076787
19	53	0.04184041401910574
19	54	0.3284866171014902
19	55	-0.8049240881480348
19	56	-1.1477131055987337
19	57	-0.8643172036886845
19	58	3.185601687371117
19	59	-3.290233933159744
19	60	-1.2098403239683726
19	61	-0.8494853292086403
19	62	1.073960215352221
19	63	-1.099868830964002
19	64	0.7589377974954193
19	65	-0.17281185476639074
19	66	-0.1341547614726479
19	67	-0.7565674775110347
19	68	-2.959784534334749
19	69	6.428923499139821
20	20	NaN
20	21	-1.304496698090541
20	22	0.049863301944620894
20	23	3.8323923734563956
20	24	4.369378738286321
20	25	-1.8713153172945203
20	26	-0.09630089025156385
20	27	-0.23233586099569514
20	28	1.5421966928029838
20	29	0.660627071050874
20	30	-1.2648787248618008
20	31	-1.4897376139821479
20	32	-3.469875671665867
20	33	0.64972664929347
20	34	-0.2352638063786163
20	35	1.4883026178337948
20	36	-4.214292244555662
20	37	-0.4407682137957259
20	38	-0.7867647283033822
20	39	-2.3147344958725067
20	40	2.2410672622980568
20	41	0.6446509821002032
20	42	0.8672156286099274
20	43	-2.104547223642207
20	44	1.8632248123936668
20	45	-3.2284422729567734
20	46	-0.8608964059888011
20	47	0.34360118820099084
20	48	-2.201183865244933
20	49	3.8054087789283995
20	50	0.6932043793655295
20	51	-0.6188982287318547
20	52	2.0791905027475144
20	53	3.7321865950457105
20	54	0.3950552808504189
20	55	2.6485581607307673
20	56	2.783437725951262
20	57	-2.3407311987767154
20	58	-0.2963331360745807
20	59	-0.19447229602213273
20	60	-1.476925543473809
20	61	-3.620575876384688
20	62	-2.5000937016591647
20	63	0.14527531918141492
20	64	-1.354084929183659
20	65	0.8744963979672306
20	66	1.9391740233780868
20	67	-2.172865869174717
20	68	1.5160519484303734
20	69	0.8635217371809127
21	21	NaN
21	22	0.7270520445239746
21	23	1.1534848890298577
21	24	-2.244990259734908
21	25	0.8668506885410853
21	26	3.5765735509191083
21	27	1.480263086946448
21	28	-1.6906658023102241
21	29	-1.800628752793861
21	30	0.42754221523130204
21	31	2.421075342986414
21	32	1.590120427440373
21	33	-0.16549471572439894
21	34	0.2687435387911617
21	35	-1.475247628747461
21	36	5.066460491419069
21	37	0.10015058464393387
21	38	-0.8053848206291855
21	39	-1.5969590919696137
21	40	-2.0249286520858796
21	41	0.8601435188187163
21	42	-2.5542015436125
21	43	-0.5730765611356885
21	44	-1.6828788575028675
21	45	-2.3504973806330103
21	46	-2.3766067509156996
21	47	1.5506115738220694
21	48	-0.8675168320680561
21	49	-1.5407436953682936
21	50	0.15032879192772924
21	51	-1.1579132427826409
21	52	0.05215904430715404
21	53	0.4783687193794257
21	54	0.3815427012144991
21	55	-2.0078314644259674
21	56	-0.15227823339843996
21	57	1.6970521661059323
21	58	3.995117370635825
21	59	0.46793866528046846
21	60	3.45451066721681
21	61	-0.725454316331482
21	62	1.3878551234515502
21	63	1.4719137730955645
21	64	-0.694840408542469
21	65	-1.9653978386721511
21	66	3.034559505825078
21	67	-0.5112246560937163
21	68	1.664234487121826
21	69	0.39273147388246765
22	22	NaN
22	23	0.44389845135551653
22	24	-1.8008539674292658
22	25	0.3005509993570923
22	26	-1.1569315915453489
22	27	0.5064427096736572
22	28	0.3756504255336424
22	29	-1.5284536803856352
22	30	0.9835478820014201
22	31	3.3739559765289537
22	32	0.9342843886022616
22	33	2.0554675957421544
22	34	-0.6978917633992217
22	35	-0.832613549560222
22	36	4.119074292042921
22	37	0.48953968987369084
22	38	0.06326502938777206
22	39	1.6459291931952362
22	40	0.960908457773095
22	41	1.1414695623072368
22	42	0.7793706113898256
22	43	-4.334061093166449
22	44	1.0182175999229408
22	45	0.47123338814025423
22	46	0.2853519552907363
22	47	-0.6707409063327715
22	48	2.245635652097987
22	49	-0.7424287059791148
22	50	-0.5291111099751327
22	51	4.304165473914375
22	52	0.8776028188654194
22	53	-0.23678909334069792
22	54	-2.5571375358808894
22	55	-2.490009811404444
22	56	-2.9049885986546875
22	57	-2.9219470578793905
22	58	2.3946299030209897
22	59	1.8447144288406512
22	60	-1.9385977202337403
22	61	1.1069856404626888
22	62	-0.15901788281015325
22	63	0.581917698092533
22	64	-3.501144819707065
22	65	0.7483984469828676
22	66	0.7324717996252619
22	67	0.00632701424847825
22	68	-2.6352351955032187
22	69	2.0486302979860143
23	23	NaN
23	24	0.5088427516928197
23	25	-1.3904812098334347
23	26	-3.1345632317463465
23	27	7.146215955281087
23	28	-0.04032821317088539
23	29	-0.2834629321603589
23	30	-5.5696695669563265
23	31	-0.3814974370835687
23	32	-2.5777898364048335
23	33	0.9590587117047075
23	34	0.44958648795281003
23	35	-0.2022999153625105
23	36	0.47867737231364776
23	37	-1.0310218337258485
23	38	1.2097425110336437
23	39	-0.10943497708487816
23	40	0.27731516816354185
23	41	-1.2014633521906808
23	42	1.789852042265776
23	43	0.17330818692459066
23	44	0.9388824107828406
23	45	0.9216053158178102
23	46	-0.62216369570671
23	47	-1.2859808834077884
23	48	-1.0277986683926932
23	49	-0.4489946569248509
23	50	-2.0447928047974053
23	51	-0.6824517089028787
23	52	3.724545345083166
23	53	0.06936594044652883
23	54	2.2170497409697365
23	55	1.1126982581239182
23	56	0.45901768101568446
23	57	-0.30944082213752727
23	58	0.11182637854289569
23	59	2.170598927309335
23	60	0.9305057971584045
23	61	-0.8120912825470523
23	62	-1.3789590125086333
23	63	-0.49523099368300033
23	64	-2.004056123448013
23	65	1.5451653467456208
23	66	1.012452147090618
23	67	-2.762541504707013
23	68	-0.0684694290715239
23	69	0.728614028161971
24	24	NaN
24	25	-0.4089470234524093
24	26	-1.2134466550713072
24	27	-4.6364790525705075
24	28	3.130579190917247
24	29	0.472210296712782
24	30	-1.6647938033647907
24	31	-2.363187145936126
24	32	-1.1168231103343667
24	33	1.3302444798221171
24	34	0.2689745962888398
24	35	2.268421797431084
24	36	-1.9264576283129444
24	37	-0.3835052935982897
24	38	1.4212521778764362
24	39	1.3342978887823989
24	40	3.988625152791216
24	41	-0.5780730048893986
24	42	-1.3854740140430202
24	43	0.08982505907549344
24	44	1.9491329556692227
24	45	-0.2617546298766828
24	46	-2.8814663833703085
24	47	-1.0466607898869424
24	48	0.006197343004530227
24	49	2.113210600253785
24	50	-3.051108066607607
24	51	-2.5259989195789743
24	52	3.7627498456558097
24	53	0.3383396249489469
24	54	1.8580540835931072
24	55	5.721393743314861
24	56	3.1531289923963515
24	57	-3.113661168469646
24	58	-2.308679488397512
24	59	-2.7622712485555887
24	60	-2.8581555311656
24	61	-2.314809110511381
24	62	-3.08383415532863
24	63	1.3757479181721175
24	64	-0.756893789249202
24	65	1.3858447290408813
24	66	0.5301387728531322
24	67	-3.1859248506284743
24	68	-0.7397897745503063
24	69	0.2603202617296009
25	25	NaN
25	26	-3.7249201148275
25	27	-0.6400625580770564
25	28	-0.7012132352614664
25	29	-1.4930641920497323
25	30	1.010552060273865
25	31	-2.621071629419716
25	32	4.328825113263695
25	33	-3.7696456074597555
25	34	0.31264952623816084
25	35	11.427649481153889
25	36	2.52445983721933
25	37	12.305458969572413
25	38	-2.4156344312168243
25	39	-0.052509005373944595
25	40	-1.1028668877793912
25	41	-0.7328266028750697
25	42	1.0284860096122053
25	43	3.3262837205561837
25	44	-2.4433473996656203
25	45	-0.02834989701044557
25	46	2.332434312576756
25	47	-2.4905500574159865
25	48	-1.3559065521953297
25	49	0.43848533219260993
25	50	0.8014394409862261
25	51	0.9424409024321971
25	52	-0.11970288588080882
25	53	-1.7144268988601945
25	54	-2.7695938889074325
25	55	-0.24467680647892556
25	56	-0.26318173121850175
25	57	-2.4293680661094825
25	58	0.03170346055273179
25	59	-0.8221966877880789
25	60	-1.7995531095359052
25	61	0.056943698949400885
25	62	2.204782178512635
25	63	-0.5834147433367295
25	64	-2.8379143166803344
25	65	0.1092943875685988
25	66	-1.3340767627743182
25	67	-2.3224787994288
25	68	-0.5642591868572735
25	69	-1.030753924061926
26	26	NaN
26	27	-2.6896173754529458
26	28	0.31905221776929704
26	29	-0.9982120849840093
26	30	81.56125165930906
26	31	-0.6451182849459086
26	32	-0.288545917548143
26	33	-1.0830243783406768
26	34	0.8352034165700832
26	35	-2.1048923303692937
26	36	-2.587737016448242
26	37	-2.736773823952869
26	38	-1.4750037227773325
26	39	-0.1172391349847181
26	40	-2.5701923258170614
26	41	-0.2975190159992406
26	42	-2.2074880123604745
26	43	0.2983485773739935
26	44	-1.6435028518470174
26	45	0.434220712610689
26	46	-0.2424241748252005
26	47	-2.306209375896657
26	48	2.2633358686792597
26	49	-1.3381932062968085
26	50	2.233403701674856
26	51	-1.7112178514443352
26	52	-3.3336930471993798
26	53	-2.211792844696161
26	54	-3.8173393245948044
26	55	-1.5623757424162867
26	56	-3.8748561366153806
26	57	-1.482101023659303
26	58	-4.599624404819778
26	59	0.18616495599394922
26	60	-3.737440814740112
26	61	-1.3058825406030812
26	62	1.139389376348841
26	63	1.1187745350170388
26	64	-2.1436781016362016
26	65	-2.260177362688944
26	66	0.841026155720854
26	67	2.273818701971097
26	68	0.1024429389924603
26	69	-5.332610676204557
27	27	NaN
27	28	0.5870760964414233
27	29	0.5073294877482964
27	30	-0.3540242156059664
27	31	0.31102136947879455
27	32	4.383512807030974
27	33	0.6795573996356489
27	34	-1.1228423335863031
27	35	-1.2036687895854772
27	36	1.246190397815354
27	37	1.0971151369976146
27	38	-1.0312516393123148
27	39	-0.36459459404259004
27	40	-1.30106709618552
27	41	1.0847712194281816
27	42	0.8290819052932271
27	43	3.001052075126312
27	44	-2.1967321589521505
27	45	4.30704373485346
27	46	2.5904475110515994
27	47	-3.342090826749916
27	48	1.4650778185106124
27	49	-1.3920685270342905
27	50	-0.1570375588994206
27	51	2.809539659912162
27	52	-5.131814703500323
27	53	-1.9344775430830223
27	54	1.1423266277285038
27	55	-0.12620105884169602
27	56	-2.554365272470848
27	57	-2.6851513371264635
27	58	6.222190695629692
27	59	0.7632648578463492
27	60	-1.029984480667701
27	61	1.7733024129290267
27	62	-0.3658216713101378
27	63	-2.972579459831332
27	64	0.1247981211001766
27	65	-0.476737111022469
27	66	1.4071829152943103
27	67	2.764165773147243
27	68	-0.5669390531231555
27	69	-2.582957996360499
28	28	NaN
28	29	-2.5661531471607817
28	30	-1.3427668040488987
28	31	-1.5958188331892984
28	32	-1.556311833930836
28	33	2.093592805867666
28	34	1.375685432704567
28	35	8.435249937842183
28	36	-2.2146707236139243
28	37	-1.5342046686483777
28	38	2.281264717443853
28	39	-1.932530285012034
28	40	4.429107433134709
28	41	1.6892485612265054
28	42	-0.3715356752069559
28	43	1.8083663472934268
28	44	1.1939949191281969
28	45	-1.1035133597622304
28	46	-2.4419404581010906
28	47	3.0752254191119786
28	48	-3.1242809180151054
28	49	1.7515793802249378
28	50	-1.3067489611639427
28	51	-2.764726242913252
28	52	2.9649529794800076
28	53	0.9801608686021663
28	54	2.0865642678641594
28	55	2.386849699119749
28	56	3.124438472283424
28	57	-2.3954270395480757
28	58	-1.5975240313232268
28	59	-1.898360435950548
28	60	-2.031677220229276
28	61	-2.344752887532118
28	62	-1.9877227391838965
28	63	2.203906544435336
28	64	-2.251876528832499
28	65	-0.9817899439706033
28	66	-2.8573138384895627
28	67	-2.3671773696752383
28	68	-2.5372090371542697
28	69	1.162808933486678
29	29	NaN
29	30	-0.2206854715982054
29	31	5.058458778610577
29	32	3.942330161907533
29	33	-1.8550970949217094
29	34	0.7220751533157413
29	35	-0.747578880724501
29	36	2.701730382728545
29	37	1.513152560520093
29	38	0.6011707282805421
29	39	3.8195497698129732
29	40	-0.8210191687152522
29	41	0.03505814356227154
29	42	0.4015665124324972
29	43	2.8072991768854663
29	44	0.3952763386389734
29	45	4.814472502591923
29	46	1.1995999004490516
29	47	-1.7144637293176201
29	48	2.644792409884356
29	49	-0.5763617636348354
29	50	2.7748404426733737
29	51	-1.4731770070906975
29	52	-2.158001921771241
29	53	-2.5280739028128387
29	54	-1.5788778500782026
29	55	-2.0159220978093995
29	56	-1.8217216681903978
29	57	4.9747444033060235
29	58	-2.1982123394402118
29	59	-1.7956266848420865
29	60	0.7669114968094796
29	61	4.0936145493749425
29	62	-1.6657738639533555
29	63	-1.6525763789786636
29	64	-0.021775743842867266
29	65	2.995739158218601
29	66	-5.000069860525325
29	67	-2.5970348016883746
29	68	1.6641825591432102
29	69	0.2544014172465477
30	30	NaN
30	31	0.911589433998242
30	32	1.5379090505484367
30	33	-4.764136544233733
30	34	-0.23599713850023002
30	35	-1.6242414388744573
30	36	-0.32555466424043067
30	37	-5.518898068927452
30	38	-2.7439911158358594
30	39	-0.04682924708424122
30	40	-1.904527412815498
30	41	0.6094296917683302
30	42	0.22167757753179917
30	43	-0.06476374026351348
30	44	0.10833102755425958
30	45	2.339774238512752
30	46	0.49321127270927045
30	47	-1.3108560230037216
30	48	0.7885668304348701
30	49	-0.21302873944758535
30	50	-0.44646829676324973
30	51	-2.9467862178754722
30	52	-2.1418401577438853
30	53	-3.0771776007667895
30	54	-2.3510116403953583
30	55	-2.0746055307676547
30	56	-1.441604632215937
30	57	2.368828499077124
30	58	-0.6983096693750735
30	59	0.21980741293483003
30	60	-5.442550629090649
30	61	-2.544349327089842
30	62	1.4554325263766457
30	63	-3.6310492792449875
30	64	-2.9833820552207877
30	65	-3.917611760803445
30	66	-1.991152825227088
30	67	-0.12363330739884366
30	68	-0.7437373972446236
30	69	-3.6570976621864055
31	31	NaN
31	32	2.597621437977821
31	33	0.050316201481500795
31	34	0.228630362181209
31	35	-4.621375449206713
31	36	4.373488443672362
31	37	0.1254588734686362
31	38	-0.41725527450192795
31	39	-0.8397757867192677
31	40	-0.987091192811472
31	41	2.0730749605357586
31	42	-0.3600328148675987
31	43	0.26850033983956473
31	44	-0.5179184754340205
31	45	4.197881681157223
31	46	-2.0739751509564504
31	47	-0.33937530284995737
31	48	2.8322958207377256
31	49	-1.7900736721235493
31	50	1.6870982929758447
31	51	1.3999562419930218
31	52	-2.5476087440903803
31	53	0.007459611178249096
31	54	0.874121459650236
31	55	-3.295107561265513
31	56	-1.195798573235605
31	57	-0.9465435408620412
31	58	0.6990890925786551
31	59	3.6273298569331525
31	60	2.2812335251060363
31	61	-0.04179880024832709
31	62	-1.2811849724558904
31	63	0.7712616293243351
31	64	-0.47897578194723456
31	65	-0.32520544175296134
31	66	-0.8936206557506707
31	67	-0.6071904166075446
31	68	-0.38408512900056097
31	69	-0.6554748192619707
32	32	NaN
32	33	3.9990338256651468
32	34	0.19375134139427203
32	35	-0.21578877521001993
32	36	0.5313837238415379
32	37	-1.0198710878976924
32	38	-1.5290408805087323
32	39	-0.7924109438531525
32	40	-3.222347907785408
32	41	-0.15070314447187072
32	42	2.2778612560102016
32	43	1.184802436324928
32	44	-0.2890450419125929
32	45	3.890463211730755
32	46	3.7218835511898876
32	47	-0.4170753333956318
32	48	-1.8148795239006443
32	49	-0.7420181062312547
32	50	-2.492757075798117
32	51	1.0689905600384637
32	52	-2.6922994638542503
32	53	-3.6805507523513055
32	54	-0.48333931228229887
32	55	-2.0148225486014795
32	56	-1.8217590168654194
32	57	1.4905345943451198
32	58	2.509326264842648
32	59	1.5627835195110011
32	60	2.1014410170242153
32	61	-0.021898853205397258
32	62	2.5647317011677395
32	63	-0.1895331104641662
32	64	3.0223889653894838
32	65	1.4361010766949416
32	66	-0.3187923956905667
32	67	2.363871868998049
32	68	-1.36548722787212
32	69	1.4074447695882635
33	33	NaN
33	34	-0.05024971957970685
33	35	1.8988979864208777
33	36	0.5874852912306555
33	37	0.5399881716891762
33	38	2.6760564770991246
33	39	-2.9848678895022047
33	40	0.718415381296549
33	41	-0.9795350782025212
33	42	-2.232311307952611
33	43	-1.2529998193509995
33	44	-1.5448489201925264
33	45	-0.33391551596119123
33	46	-1.6624698854075097
33	47	0.27493931793746607
33	48	-0.6967656170423272
33	49	2.1835742686994664
33	50	-0.6392361603092127
33	51	0.4768805379146326
33	52	0.7212775552877002
33	53	2.072044989810677
33	54	1.238561424233013
33	55	0.810340819727713
33	56	2.3042106566074696
33	57	-2.0306400103896394
33	58	0.8790330587898788
33	59	-2.1022264847465055
33	60	-0.37627047917589956
33	61	-3.9675475195560836
33	62	-0.5666595255005711
33	63	-0.4433526620424491
33	64	-1.5640849252707945
33	65	-0.8552353373202498
33	66	-0.19493587528939268
33	67	0.6048694096463577
33	68	-1.038272422303212
33	69	-1.9343293431456285
34	34	NaN
34	35	1.7750445303947708
34	36	3.5485277521676997
34	37	-1.1319967874199028
34	38	-0.8090490338749059
34	39	0.3719353648315163
34	40	0.9276457401831794
34	41	-0.6428041270375272
34	42	-0.2993823303551578
34	43	-0.38611003269422206
34	44	-0.9188790891781506
34	45	2.5474641336078405
34	46	-2.1402327592278896
34	47	-0.3707907819173957
34	48	1.122310708482356
34	49	-2.3717938044862255
34	50	1.770382485846724
34	51	-0.26537823680149875
34	52	-0.12380118845447428
34	53	0.5839177885421624
34	54	0.10818538497333884
34	55	0.1674608897663599
34	56	-0.9015236092796582
34	57	-1.824640264005136
34	58	-0.03885792412822387
34	59	1.6319276947925094
34	60	-0.7106005767765178
34	61	-0.11012290709328387
34	62	1.6862457214422155
34	63	0.3679694463313181
34	64	-0.4807075186996398
34	65	-2.017139393575348
34	66	-2.7376051279603835
34	67	0.21704543024042916
34	68	-0.6324345087547236
34	69	-2.8981839619079666
35	35	NaN
35	36	2.980923908367506
35	37	-2.13724166554153
35	38	0.5437447458579917
35	39	-3.7231778003908027
35	40	1.4819359739392897
35	41	-2.3764300642200977
35	42	1.1147669817244006
35	43	-1.0742155695625921
35	44	-1.461270712683317
35	45	-1.524317595100315
35	46	-0.7544632964196407
35	47	-1.2870212320576466
35	48	0.4997398426670232
35	49	1.8676187462387517
35	50	-0.013495721548535764
35	51	-6.046484387969295
35	52	3.259137832361299
35	53	-0.49805972591455355
35	54	0.5273315881175576
35	55	2.043268443505483
35	56	1.721344896676987
35	57	-1.7130037759251886
35	58	2.9829595693758404
35	59	-2.4603898277763934
35	60	-2.3417472321452117
35	61	-2.8212166530120033
35	62	0.35911070984445165
35	63	-1.368686814231704
35	64	-2.279560407239557
35	65	-3.1538252555301036
35	66	-0.6292666914152051
35	67	-2.7280082493532456
35	68	-3.2918136839944774
35	69	-0.10864078168084483
36	36	NaN
36	37	0.028580407499725038
36	38	-1.2406518689649881
36	39	-0.07889693167682435
36	40	-3.864555062450992
36	41	-1.4041324898309846
36	42	0.32474026617631574
36	43	1.865504752095441
36	44	1.7494078813358385
36	45	0.006360839017094364
36	46	-2.3688653107816084
36	47	0.2481958268722608
36	48	0.9878152115170683
36	49	-2.9991281726610626
36	50	-3.7666686435007577
36	51	1.2504750302145755
36	52	-0.159199118652753
36	53	-0.843700214469242
36	54	0.051205676991694066
36	55	-1.1122646198658137
36	56	-2.156775850771423
36	57	2.6807657015494373
36	58	-2.009731337908944
36	59	-0.136496427533386
36	60	0.23804356563649656
36	61	0.9045503046020651
36	62	-2.040015610813463
36	63	-0.13581449863396647
36	64	1.9973610231776788
36	65	-0.890081716642936
36	66	1.5679406493156345
36	67	-2.362379580434763
36	68	-1.3427191001067977
36	69	0.6863761966225819
37	37	NaN
37	38	-0.4805194520003416
37	39	-0.29012011100328433
37	40	-1.6753785711879412
37	41	-1.960375115342184
37	42	2.256202340377191
37	43	-0.12885634931617937
37	44	0.25115491381659905
37	45	-0.5623340354915483
37	46	-0.6222482627983016
37	47	-1.4027691734582286
37	48	-0.3921789608842439
37	49	-2.337524058710602
37	50	-0.3484117643914333
37	51	2.5616152237606102
37	52	-3.1718218136090144
37	53	-1.105591690790068
37	54	-1.7596493457774818
37	55	-2.619752631201768
37	56	0.027232150756572315
37	57	-1.2541052541196633
37	58	-5.191901168578336
37	59	1.3199641083449591
37	60	-1.7265860192731766
37	61	-2.5528426626853284
37	62	-3.709966315435407
37	63	-0.47975828126176706
37	64	-2.680087023191408
37	65	-0.7766996094908506
37	66	-3.2154648709357345
37	67	-1.769126742669148
37	68	1.776805510861119
37	69	-0.9653225675894606
38	38	NaN
38	39	2.0931276780359305
38	40	0.6894632352086655
38	41	-1.1570984034100087
38	42	-1.282360971937062
38	43	2.8352037068950726
38	44	-0.6070258771249479
38	45	0.6237442545382996
38	46	0.7171347716210705
38	47	-0.7298665403203998
38	48	0.5411484241138051
38	49	1.3349673505178452
38	50	1.2461562702074311
38	51	-2.956584015384266
38	52	1.510116935143121
38	53	0.8959713619797588
38	54	1.7775888837425948
38	55	1.471694113480692
38	56	3.196563095934318
38	57	-2.4957440859638527
38	58	-2.219323513637526
38	59	-0.9690878103348108
38	60	-1.0915588993949572
38	61	-0.4895101455554564
38	62	-0.30626568231400064
38	63	-0.2991464772511626
38	64	-0.7734288845682284
38	65	-0.2146972488275835
38	66	-0.14633157068260993
38	67	-0.24628977690447082
38	68	0.1075194833558793
38	69	0.6222688559277977
39	39	NaN
39	40	3.008335549457499
39	41	3.942582923778426
39	42	0.6373991117961078
39	43	-1.7253786043401285
39	44	0.3349465209542269
39	45	1.639148700961785
39	46	-1.3840641054935028
39	47	-2.9861819682789577
39	48	1.3665354514701977
39	49	-1.8826592643378601
39	50	0.5310463029241738
39	51	0.17973105767782732
39	52	-2.041129512588124
39	53	-0.1676908743383651
39	54	-1.5247691435576018
39	55	-0.8456378793115084
39	56	-2.097929331622923
39	57	0.8751732804440794
39	58	5.229499176707502
39	59	-3.0163795975172167
39	60	5.449565891015701
39	61	0.4999204752587874
39	62	-0.22469272721336825
39	63	-5.480629974414059
39	64	2.6604218409281324
39	65	1.6208099538669676
39	66	2.2378534608877296
39	67	0.09874420877405346
39	68	2.0024431369474636
39	69	-1.8541187032917719
40	40	NaN
40	41	0.5152743005331165
40	42	-3.70574762739441
40	43	-2.2091051496126295
40	44	3.290376005924416
40	45	-0.5742639799907514
40	46	1.0709433500907077
40	47	0.6468594085914532
40	48	-0.2315685867075865
40	49	4.832170527331592
40	50	-1.9965019404476352
40	51	-0.7922706045134271
40	52	3.861552941599641
40	53	0.49501197181113993
40	54	0.12899474269397887
40	55	3.0899282265986288
40	56	4.187860070640085
40	57	-0.880471904864552
40	58	-1.0632624597422404
40	59	-1.0416098266463487
40	60	-3.663128474651188
40	61	-1.9314247528069854
40	62	-0.7064459595785313
40	63	1.0429625851274908
40	64	-2.2292193682993613
40	65	-0.6378640828945205
40	66	1.0921009231721
40	67	-2.955894399086413
40	68	-0.23652937461530918
40	69	3.821974155961167
41	41	NaN
41	42	0.6334420429550783
41	43	-1.1310113977637486
41	44	2.292287919456869
41	45	0.7334366632132389
41	46	1.502942337129938
41	47	-1.1009522587032792
41	48	-0.9599142035935514
41	49	-0.5050806861282721
41	50	2.6738101742719147
41	51	-0.714795319682851
41	52	-1.674368838194118
41	53	-1.058154042323443
41	54	-1.9320769874151005
41	55	2.4553026834096725
41	56	0.42959753469856726
41	57	-3.2706669946226534
41	58	1.8885061112981067
41	59	2.2003829249207794
41	60	0.6816111672672024
41	61	-0.003187348734510316
41	62	0.033573106121833396
41	63	-2.395919263924552
41	64	0.4064461385167823
41	65	-0.6146318757951664
41	66	1.9479544592260873
41	67	-1.0854173853727669
41	68	-0.7178757861129554
41	69	-2.916407764889884
42	42	NaN
42	43	-0.49024675700751275
42	44	-0.42134147003438405
42	45	-0.3063371904728298
42	46	1.1491174517752323
42	47	-0.4045409854062824
42	48	2.43811965250988
42	49	-1.246923843716266
42	50	1.3303241137173347
42	51	1.659872717421547
42	52	-1.4602206270982236
42	53	0.061524137872263095
42	54	-1.652765208182538
42	55	-1.497461769041203
42	56	-2.3814988779280433
42	57	-1.8165265673698312
42	58	1.4585893497765672
42	59	1.9694433197191923
42	60	1.1717380297988342
42	61	-5.698157524805712
42	62	0.944070784835653
42	63	-1.4053150958433938
42	64	-1.1717495626671122
42	65	2.7955891346790076
42	66	4.237694562735359
42	67	-0.07215316541389573
42	68	1.6508629520551048
42	69	0.5926391082708248
43	43	NaN
43	44	-0.43350957389595224
43	45	-1.2455095301841341
43	46	3.4494877643381856
43	47	0.21410875046784902
43	48	1.7296853958767793
43	49	-1.8831059155148346
43	50	1.2742443808551067
43	51	-1.3485808053398178
43	52	-0.055327993369573406
43	53	-0.6970039576108673
43	54	-3.09521347531045
43	55	-1.5604470650403381
43	56	1.7472153596531559
43	57	1.7096438620016385
43	58	-1.7883203792254678
43	59	-1.3396277449363618
43	60	4.654237353757925
43	61	2.8141688904421476
43	62	2.0169271825346846
43	63	0.5636626470396826
43	64	1.902477451393625
43	65	0.3933370135397107
43	66	-4.123315880652945
43	67	-1.2208860898967295
43	68	1.9188577733624768
43	69	-2.2043531709196147
44	44	NaN
44	45	1.9657281878094983
44	46	-1.511792901149881
44	47	1.6512748260374797
44	48	1.5732413753879282
44	49	2.3030454841725008
44	50	2.6588990547242406
44	51	-0.7975905323154784
44	52	0.5168224974774057
44	53	0.22577695252021698
44	54	-0.5631359701227227
44	55	1.7599075073274637
44	56	0.9123104488289402
44	57	0.05262564863078869
44	58	-0.6811321995016673
44	59	-1.613449908031851
44	60	-0.22786437056614087
44	61	-0.5957386914957145
44	62	-2.047374811145142
44	63	-1.1602734596078483
44	64	-0.5391542536482176
44	65	-0.23345636001068673
44	66	-1.5394252689376051
44	67	-2.147108548675727
44	68	0.18121864773619983
44	69	-1.0447385616560352
45	45	NaN
45	46	-0.15721155477911533
45	47	-1.794553284317872
45	48	1.29020732399845
45	49	0.023529714885134563
45	50	1.0409109544136204
45	51	0.4003151438643208
45	52	-2.610008139467737
45	53	-2.168103948853947
45	54	0.23216738398265435
45	55	-2.283961780982843
45	56	-3.2178707550148036
45	57	2.3568335600261223
45	58	0.11518618532895718
45	59	0.10880243524031528
45	60	-0.9274571413788563
45	61	0.6542529379744771
45	62	0.008520355382288493
45	63	-1.8322989680898432
45	64	2.809727031727698
45	65	0.023960398315084067
45	66	0.0024221459963082686
45	67	-0.8666321896722815
45	68	2.07930806293228
45	69	-2.0733812601223303
46	46	NaN
46	47	-1.3046813422873145
46	48	5.257511286857101
46	49	-0.4445482571074719
46	50	1.7522246850391578
46	51	-2.999469479965867
46	52	-1.9071786517639409
46	53	-0.5792594152092544
46	54	-0.8070095064424861
46	55	-3.6265217371701945
46	56	-2.195320099791268
46	57	0.17813989093478172
46	58	-1.9828496301124467
46	59	3.2591984661512408
46	60	2.246512829722175
46	61	-1.052503650568885
46	62	1.4976271104869532
46	63	-1.6918399863282758
46	64	-0.49442441603907944
46	65	0.9873922915017653
46	66	3.940311135559357
46	67	-0.33719086761255124
46	68	-1.6871627659555215
46	69	-0.6941108684489844
47	47	NaN
47	48	-1.8029089271723213
47	49	0.10617364408265682
47	50	-0.0858814936250901
47	51	-0.5015467088815464
47	52	-0.3393835121306972
47	53	-0.3607626608555093
47	54	-0.23486239433035214
47	55	1.1074717861229426
47	56	1.5430690989356668
47	57	0.421705484211829
47	58	21.564785479750494
47	59	-1.7569348548418224
47	60	0.37067961433167673
47	61	-1.382257567952631
47	62	-2.41582561784904
47	63	5.5102567922627514
47	64	1.2395321302004758
47	65	0.05853777868358296
47	66	-1.922793569703584
47	67	-0.176540747323813
47	68	-1.1023973974568297
47	69	1.0802484643039587
48	48	NaN
48	49	-0.963388467436339
48	50	2.1433094838519304
48	51	-1.3110375654219557
48	52	-3.6267915747708113
48	53	-2.5175865674175735
48	54	0.4231716328287856
48	55	-1.3170051506432983
48	56	-2.8863527075430566
48	57	1.3255124040424398
48	58	2.7101744988380427
48	59	-0.610536108932687
48	60	1.3416835089709414
48	61	-4.3374406161291095
48	62	5.859558581888495
48	63	2.0472862416991915
48	64	-1.3546054288397409
48	65	-0.38599077606700666
48	66	0.6381116356612052
48	67	-2.8165582399628404
48	68	1.61394548686892
48	69	-0.24121838481295219
49	49	NaN
49	50	0.09742523484339782
49	51	-1.1145901173448616
49	52	2.8323417456592406
49	53	0.9845105592486157
49	54	3.974713854851684
49	55	4.197237677950221
49	56	1.5501056951613446
49	57	-2.7495433798978173
49	58	-2.197448968266928
49	59	-1.3590395191596143
49	60	-1.0828342681839724
49	61	0.23313007685561796
49	62	-1.0039062984470701
49	63	1.1929839507990412
49	64	-1.839739855332713
49	65	0.9676346672778763
49	66	0.12477134012649588
49	67	0.17532756533348262
49	68	-1.1368067832723996
49	69	0.6930225839966442
50	50	NaN
50	51	4.603921754291241
50	52	-0.7910284647170632
50	53	-2.2211112506326325
50	54	-1.568897704738482
50	55	-0.7143391785701465
50	56	-0.5837132254725024
50	57	-0.1441585873317212
50	58	-0.2875787933748661
50	59	0.6842446607577994
50	60	-1.720853025420552
50	61	-0.7865086833661744
50	62	3.330891450588237
50	63	1.705168848100966
50	64	0.3518288001163768
50	65	-0.13772147584717986
50	66	0.16541263775004053
50	67	-2.1771001778416585
50	68	1.7200235474508412
50	69	-0.7530593394829325
51	51	NaN
51	52	-2.853934589647152
51	53	-1.5525751977582207
51	54	0.3376022950855206
51	55	-2.486851355202807
51	56	-0.7467632744763477
51	57	-3.199420243251943
51	58	-1.0767038322083822
51	59	1.4736456299744998
51	60	-0.39642718675251093
51	61	0.6483000576828298
51	62	-0.6205383690143398
51	63	-1.3783791772896907
51	64	-2.454579577291906
51	65	-0.16472013839440905
51	66	-1.0648170326307875
51	67	45.14915578603219
51	68	-0.9752052129570538
51	69	-0.1654888036100735
52	52	NaN
52	53	1.5568682967515117
52	54	3.783317715923543
52	55	1.221825966971707
52	56	2.5894059398644074
52	57	0.22777361114836495
52	58	-4.638816360207747
52	59	-0.9661092279456568
52	60	-2.1537624839047442
52	61	-0.2562220676134877
52	62	-0.10551746580227443
52	63	1.9465966832234958
52	64	-3.0193131606704844
52	65	-0.6212354994489191
52	66	-0.27614010956599505
52	67	-1.8889503724558219
52	68	0.10971300697137583
52	69	2.198159417032518
53	53	NaN
53	54	0.2181022953878331
53	55	1.6882048588975103
53	56	0.729793525234739
53	57	-3.2722259159365716
53	58	0.5856699276740852
53	59	-1.838638966681684
53	60	-1.1760248739769825
53	61	-3.146047953870918
53	62	-0.08478410544863395
53	63	-0.47827291725004345
53	64	-3.700858127069875
53	65	-1.7869398332087723
53	66	-1.570131746422597
53	67	-1.3396971884718056
53	68	4.490470641849146
53	69	1.208454667218806
54	54	NaN
54	55	-0.5495609913491443
54	56	3.4669591473713646
54	57	-2.0757146249339855
54	58	-3.3135714108046685
54	59	-0.06376449981662363
54	60	-0.48412542169960765
54	61	-0.8720942874537415
54	62	0.5872800061442024
54	63	0.456489612356533
54	64	-1.0676593227466367
54	65	2.0318998351577107
54	66	0.6309237540187442
54	67	13.488702294715432
54	68	1.3763325606642431
54	69	-2.125632619278536
55	55	NaN
55	56	4.348286992619635
55	57	-0.8073258263923159
55	58	-1.5478559981938487
55	59	-4.465069917851298
55	60	-4.493710292723342
55	61	-1.007990566638734
55	62	-0.44595221382082445
55	63	0.35984692521459344
55	64	-2.5610249384607875
55	65	2.712885757417626
55	66	2.7058806352841227
55	67	-0.9825652344148866
55	68	-1.406603371112432
55	69	0.6228650458072414
56	56	NaN
56	57	-2.564759622513844
56	58	-0.7292348218652466
56	59	0.23384448146893316
56	60	-2.7315514938165113
56	61	-2.4459144758714815
56	62	-3.369421244677689
56	63	2.7511897662886406
56	64	-2.303460000165795
56	65	-0.10366166985940688
56	66	1.4810182109867134
56	67	-1.6118324806650954
56	68	-0.07245868847876905
56	69	1.312508157494188
57	57	NaN
57	58	-3.968877771477496
57	59	1.8318989979630635
57	60	1.4426883550522618
57	61	1.0493496656149757
57	62	-2.6790199515059756
57	63	-2.2401426410912975
57	64	42.89182631031497
57	65	1.1388135003093693
57	66	-2.938423199972394
57	67	1.1518475662574443
57	68	-1.6806285279817101
57	69	-0.11786645270692939
58	58	NaN
58	59	3.4757243410307463
58	60	4.5819699789653106
58	61	-0.9833752312083258
58	62	3.1878617922306693
58	63	0.9220762267223604
58	64	-2.0661772988136624
58	65	-2.2700641023670056
58	66	-1.3170066504447955
58	67	-0.4534561709589037
58	68	-0.025514315248849413
58	69	-2.292377591388272
59	59	NaN
59	60	2.6960934830914103
59	61	-1.0689584756202712
59	62	-1.476239841497432
59	63	-0.34196311210573155
59	64	11.846265731599637
59	65	-0.7982867171413867
59	66	0.04925306507902364
59	67	-2.009806686739653
59	68	-1.7553859410973787
59	69	1.0394507808665894
60	60	NaN
60	61	2.253273698815292
60	62	4.6581048174184545
60	63	0.35411980678043137
60	64	0.12724828399235785
60	65	0.6781736039668165
60	66	0.3267145064316573
60	67	0.9089515189008273
60	68	-1.0278647540604435
60	69	0.3232724191635005
61	61	NaN
61	62	5.249388936155615
61	63	-1.1344664225532162
61	64	1.460412457393597
61	65	1.934575218384208
61	66	-2.034008566685218
61	67	-0.7775976805946426
61	68	2.207526928835862
61	69	1.773348740252971
62	62	NaN
62	63	0.8021402946728914
62	64	1.214718821895452
62	65	-0.12463500335293844
62	66	-0.7958171616369417
62	67	0.20518785123203365
62	68	-1.6332522215989451
62	69	3.2564155589720327
63	63	NaN
63	64	-1.3834230643301089
63	65	-1.8924043456364448
63	66	-0.44598352943142083
63	67	-3.1030969093894933
63	68	-1.896892830868971
63	69	-0.8825490697933928
64	64	NaN
64	65	-0.6710422323275825
64	66	-1.4971586475679162
64	67	0.36897213976818444
64	68	0.6447376819482039
64	69	1.2982937498522462
65	65	NaN
65	66	-0.021378295477848648
65	67	0.6848983744503574
65	68	4.278796847001186
65	69	0.8859905692405784
66	66	NaN
66	67	1.7635923113443752
66	68	1.915000601838685
66	69	-0.5423045304935985
67	67	NaN
67	68	-1.021290289067612
67	69	-3.592873775459667
68	68	NaN
68	69	-1.2738307760272698
69	69	NaN
