1	1	NaN
1	2	1.652469194776867
1	3	0.0371779798388634
1	4	0.8235831230842511
1	5	3.8193259111076645
1	6	2.5080705901122213
1	7	2.64683048231479
1	8	0.9516065796259442
1	9	0.9040916239822423
1	10	2.0232649439141928
1	11	-1.3652387776301114
1	12	-0.8035559410391427
1	13	0.11718504757186472
1	14	0.5256173369476689
1	15	-0.8244133383707484
1	16	-0.7541688220263466
1	17	-0.6916885215566335
1	18	-1.4342167179166432
1	19	-0.12822142429086106
1	20	-1.830452450437056
1	21	-1.0640735009618252
1	22	0.5069313480069856
1	23	-2.2557572412154463
1	24	1.8411855370798207
1	25	-0.1358439754475928
1	26	-1.512880452288222
1	27	-2.473561110120033
1	28	-0.8102093755113364
1	29	1.1979520303041362
1	30	-3.4658403979038748
1	31	-1.6628286829592
1	32	0.35751910262538944
1	33	0.39990172519885
1	34	-2.8450611993964796
1	35	1.6122574625074042
1	36	-1.8532841292701725
1	37	-2.573386468292529
1	38	1.249265784488729
1	39	2.0328743777374227
1	40	0.5703838316933949
1	41	-1.7723338777460043
1	42	3.060304769653903
1	43	-2.5901151454824527
1	44	-1.059024607447148
1	45	1.3834888053619547
1	46	-1.0436468275816564
1	47	2.4019275293371622
1	48	-0.10910481574965541
1	49	1.5878046691504952
1	50	-2.8504751182496753
1	51	0.6186178951581343
1	52	2.137051656274394
1	53	-1.7832804953502064
1	54	0.7690599741843838
1	55	1.2718055409086724
1	56	0.3098753864043666
1	57	1.1683640137483255
1	58	7.320386748809974
1	59	0.3502069721001825
1	60	-0.6779574372115549
1	61	-1.7624379904351941
1	62	-2.9330580885107493
1	63	-0.5463777735205255
1	64	0.7527023521080424
1	65	-3.7598017459736215
1	66	0.19459355981814452
1	67	-0.8201760316335542
1	68	-1.011338666269925
1	69	-1.299543258299738
2	2	NaN
2	3	-0.8156589762196549
2	4	-1.2049665129180063
2	5	2.3433779857941186
2	6	-1.4292376669569897
2	7	2.0447197030603483
2	8	-2.1587851903431097
2	9	-1.5196125369373252
2	10	-3.5460243875906476
2	11	1.2865286983357276
2	12	0.831916433348553
2	13	-0.22411523300808936
2	14	2.698321864886046
2	15	-0.1777496507250281
2	16	0.9296659778662426
2	17	-3.732136599537837
2	18	3.6552862054658184
2	19	0.32264078577686744
2	20	-0.47370562028794766
2	21	-2.586871122564002
2	22	-2.869776545352295
2	23	-0.6306853580509648
2	24	-1.5798783265047502
2	25	1.6853769942824282
2	26	0.5656785317032724
2	27	1.9766448022810057
2	28	1.8080563822383429
2	29	-1.1180330532657865
2	30	0.7092264073925185
2	31	2.006668696469956
2	32	-2.60979912822544
2	33	1.6121714149104749
2	34	-2.3373591783841237
2	35	-0.38575290391507494
2	36	1.1830355577626495
2	37	0.4855535934550495
2	38	-0.05995061767192508
2	39	-1.8175783500320322
2	40	-0.18306403235303736
2	41	-1.882181417963105
2	42	-2.4791749028548935
2	43	0.9610916663931212
2	44	1.2111615323135587
2	45	3.115714294173096
2	46	0.9628910171954774
2	47	1.062404276694092
2	48	0.2866783013553002
2	49	-2.392037557266924
2	50	2.114818392893452
2	51	-0.49792781654336826
2	52	-1.7402903590344403
2	53	-3.155153551292685
2	54	0.8270007671826167
2	55	-0.7135388468609666
2	56	-0.45562584361689
2	57	-0.607584789525747
2	58	-3.128964192201493
2	59	-0.6493116337261089
2	60	-0.3267795193592562
2	61	5.580528059172459
2	62	3.564346658477968
2	63	0.9223014757877075
2	64	0.649870316091405
2	65	3.303846704484485
2	66	-0.7226495059541919
2	67	-1.6759462647857666
2	68	-0.6352874560964439
2	69	1.7905349148385754
3	3	NaN
3	4	1.415435380652453
3	5	1.1630735943697537
3	6	-6.178474070905007
3	7	-0.0022179064315359085
3	8	-3.943105689303827
3	9	-0.6920337152546846
3	10	-1.197238078275117
3	11	-0.11162874780562436
3	12	2.456522491179705
3	13	-0.9374130345075641
3	14	1.0564953055874504
3	15	-0.7619233023729165
3	16	-3.5203870615484854
3	17	-3.2500640642141083
3	18	4.01947224891658
3	19	0.28900303985472486
3	20	-0.035431707371950484
3	21	-2.4880723334563193
3	22	1.259215109531908
3	23	2.9798419340320543
3	24	-2.4422552608019066
3	25	0.5665473361889234
3	26	-1.7169398308457908
3	27	0.6319944391216955
3	28	-1.0048124525975028
3	29	3.0742340859207213
3	30	-1.681493562821998
3	31	-2.587524147849305
3	32	2.5675851548247564
3	33	1.3130723613561137
3	34	3.344729151616995
3	35	-1.9644306289994908
3	36	-0.4938111002394184
3	37	0.029992589573114122
3	38	0.526342481549006
3	39	2.808628962326716
3	40	-1.5920348215560896
3	41	0.46128910708792636
3	42	-1.3564721522998726
3	43	-0.14195419796669548
3	44	1.475454754371188
3	45	-0.9275081825885915
3	46	1.1610491854923966
3	47	3.3835895023396336
3	48	0.2840583628499122
3	49	-3.294336502721137
3	50	2.7608955950662786
3	51	0.5478783326443757
3	52	-0.9131892868274625
3	53	-1.3039484480187624
3	54	2.383422512479181
3	55	3.0835797397711917
3	56	-1.2098196719976635
3	57	-0.10717242301862714
3	58	-1.9847926382661405
3	59	-1.2168128130230496
3	60	1.848947334338146
3	61	2.2154371429616466
3	62	5.975743271840101
3	63	-2.8434850416717063
3	64	1.3161556784208237
3	65	1.9837553526452214
3	66	1.8121324773986514
3	67	-0.5125157882445788
3	68	0.18376386608375442
3	69	-0.026541436843868532
4	4	NaN
4	5	-0.8817737950503336
4	6	3.404025268626417
4	7	-1.1919143834312154
4	8	0.0565415444857394
4	9	3.217840787502537
4	10	0.35988941501847177
4	11	0.23627120125806675
4	12	0.20460680820486685
4	13	-0.009528160560800901
4	14	0.19553465810624715
4	15	-1.41650979566367
4	16	-1.7960097060988551
4	17	3.172263386225806
4	18	-1.842747532892658
4	19	-1.8670266852150657
4	20	-0.536228828999992
4	21	2.3667885995947007
4	22	-1.6405401910499995
4	23	-2.8383869196658886
4	24	2.9017954520889657
4	25	0.5572388688684058
4	26	-3.58429328132096
4	27	-0.6829639882237661
4	28	-1.7313492318502688
4	29	-2.6267639740302147
4	30	-3.0038522763343085
4	31	-0.40705172588214394
4	32	-0.8854386520049817
4	33	4.98348060864389
4	34	-3.4748611996415812
4	35	2.889013759197154
4	36	-0.8820829145080883
4	37	-1.360277238378656
4	38	2.4371730908336757
4	39	1.4022925910869273
4	40	2.7523584386309388
4	41	-0.9908890715286782
4	42	-3.0931174594417383
4	43	-1.8993596988229493
4	44	-1.2322802414575635
4	45	-2.040266060892304
4	46	-0.684981130956215
4	47	1.0575549113101514
4	48	-1.6087951934421938
4	49	1.377269685970293
4	50	-2.1547714076891635
4	51	0.6347401264792826
4	52	1.6834426172402306
4	53	2.383941984401069
4	54	1.3431137810208778
4	55	-0.17664137594813256
4	56	1.4460757711303744
4	57	3.3462880002968607
4	58	-3.3685904846159938
4	59	7.08866914236901
4	60	-1.5415825058566883
4	61	-1.2512268264533135
4	62	-2.1300386607281796
4	63	1.3247721497857103
4	64	0.2530201831193768
4	65	-0.3664819325277253
4	66	-0.049024152028461374
4	67	0.7753068530544028
4	68	-1.1451505544872294
4	69	-1.4450519197131353
5	5	NaN
5	6	-0.1515270827427007
5	7	0.4226086405702495
5	8	-1.466767631199601
5	9	-0.6186389878899518
5	10	-0.9231747153061499
5	11	-0.8431239259665498
5	12	-0.7250912687124457
5	13	-1.643635292417348
5	14	-1.9656951579200923
5	15	-2.0159211444750667
5	16	0.5242095043280823
5	17	-0.8213830000135423
5	18	0.5028449679745709
5	19	0.8181552649801859
5	20	-2.6580273633087788
5	21	-2.1676086723592616
5	22	0.24190119184142195
5	23	0.7372614668084232
5	24	-1.082475383339095
5	25	0.21910757889168891
5	26	0.6486021225190078
5	27	-1.035833385511447
5	28	2.4573196765557697
5	29	2.009368026924286
5	30	-0.5041353167079772
5	31	0.13245910412237172
5	32	1.6277605819295895
5	33	-2.08657251160209
5	34	50.26260887189768
5	35	-0.41347776095202926
5	36	-5.597866128959929
5	37	-2.355679042591365
5	38	-3.859697987850501
5	39	-0.9547763098288242
5	40	-1.1594385348713505
5	41	0.30460247396575535
5	42	1.1876158720359906
5	43	-0.8981020269503912
5	44	0.45293457122683617
5	45	-0.6690330988901098
5	46	-3.330443032108281
5	47	0.9927495857371019
5	48	0.24105503430253253
5	49	-1.7227199293001387
5	50	0.14124295613990231
5	51	0.5428566338385209
5	52	-0.32431341589538626
5	53	-2.7064942091455597
5	54	-1.3428237347724215
5	55	-2.3141608333589985
5	56	-2.8331325058080163
5	57	-2.6501046923127625
5	58	-2.8388695300888203
5	59	-3.0835786972042576
5	60	-0.8807224903204112
5	61	-6.088806255294448
5	62	-3.3229171726098334
5	63	-3.1077158125706017
5	64	-1.8798429890911836
5	65	0.017577397304132793
5	66	0.5142571307590137
5	67	0.6958882645238856
5	68	2.969651987712729
5	69	-1.8957042337955583
6	6	NaN
6	7	1.181756943651143
6	8	0.14579660393489655
6	9	2.2692225359271716
6	10	4.992093367857514
6	11	0.03798928251277309
6	12	-3.152687838634184
6	13	-0.9994478489923995
6	14	1.7267656488092953
6	15	-1.7565545338402744
6	16	-0.5856533038638777
6	17	1.2566394672920775
6	18	-0.2072874275736032
6	19	-1.5408990574277721
6	20	1.337404009117381
6	21	1.1661461555228787
6	22	-1.7593965427447074
6	23	-2.792256545820068
6	24	3.9618190646223868
6	25	-2.003993772434206
6	26	-2.3230255160250555
6	27	-0.09056541899515336
6	28	-0.7938175641232338
6	29	-1.5334704968502717
6	30	-2.8650891522520285
6	31	-2.6591476291857377
6	32	-1.8903794629224941
6	33	5.987534038065186
6	34	-1.9124294271449571
6	35	2.604304655218528
6	36	-0.7626268954181624
6	37	-1.907083975223599
6	38	1.0130686369789588
6	39	-0.4046323005502069
6	40	1.1865556299430178
6	41	0.13449005807742212
6	42	-1.3832774823591614
6	43	-2.520841720123578
6	44	-1.2578440622189853
6	45	-0.18559464707377546
6	46	-2.8251840306161644
6	47	2.076432483128796
6	48	-0.6811636503271425
6	49	2.044373563687644
6	50	-3.215487647339161
6	51	0.05515896911732873
6	52	2.275556836577578
6	53	0.8890277447694195
6	54	-0.02399667726885184
6	55	3.972280494053476
6	56	2.279103831053152
6	57	4.92722934113072
6	58	-2.807407783807054
6	59	4.911772487956527
6	60	0.276348930096394
6	61	-3.4309523479831774
6	62	-1.7731105464005505
6	63	1.3456265613223977
6	64	0.9050594642384947
6	65	-0.39329874752498667
6	66	-0.5223783294032666
6	67	-1.1055790990551575
6	68	-0.2130265393370416
6	69	-1.5902640978760771
7	7	NaN
7	8	-1.0338087833596168
7	9	0.24654595954814093
7	10	-0.276513320663192
7	11	1.1892015175159112
7	12	-4.41266824040711
7	13	-1.4208870196804084
7	14	-2.1304196597923184
7	15	3.969038698937761
7	16	3.4004929986647063
7	17	-1.9866124248994825
7	18	0.989524167353569
7	19	0.37061708445597036
7	20	1.9115197687380514
7	21	-4.342151384693063
7	22	-0.1505680327965589
7	23	-0.2988710546171677
7	24	3.0968316298243765
7	25	-1.912078337255669
7	26	1.9362933771810287
7	27	-2.2545038824934953
7	28	1.3604295079512403
7	29	1.5863131837950892
7	30	-0.45531399707589704
7	31	-3.015473649504989
7	32	-1.6283330978913122
7	33	1.8008018614354921
7	34	6.1746305161698025
7	35	-0.545644350883304
7	36	22.421918747301987
7	37	3.7315143880349786
7	38	3.306502883252424
7	39	1.9376992220361116
7	40	-3.095864266383016
7	41	0.4272205694960262
7	42	1.3462523203573578
7	43	-1.4540845185168845
7	44	3.4535549096825418
7	45	-2.9750948271469917
7	46	0.0117207655928954
7	47	-2.858312220674205
7	48	-2.7408367242120604
7	49	-2.7704290845901522
7	50	-4.913520195275947
7	51	-1.9281318137747627
7	52	0.602284453578042
7	53	-6.092635922549476
7	54	-1.0257541132571124
7	55	-4.284835061555945
7	56	-0.752154616980282
7	57	-3.331195175907603
7	58	-0.12417924906645239
7	59	0.2175040900432413
7	60	3.01734634200733
7	61	2.6949585805200997
7	62	-1.615781867333698
7	63	-0.17360492136576267
7	64	-0.6371234603369478
7	65	-0.5052025555878875
7	66	-0.7081031209887543
7	67	-2.1299672833753998
7	68	-1.6286295508936885
7	69	0.8403645206700966
8	8	NaN
8	9	0.830337376783143
8	10	1.0833333059212606
8	11	0.18608137831595026
8	12	-3.3460423762099007
8	13	-2.0684929415438003
8	14	0.44900644474866486
8	15	-4.010004898925781
8	16	-0.5047714628843651
8	17	-0.7675742251008406
8	18	-0.32238481642627026
8	19	-2.4086627778561036
8	20	4.198391970858399
8	21	53.12689852535779
8	22	-5.090217748007864
8	23	-3.759172423293067
8	24	1.5685430771851467
8	25	-3.7756549386723
8	26	-3.793225322582752
8	27	0.41608942419348866
8	28	-3.5842828924832855
8	29	-0.8271321220997064
8	30	-2.9418825887058575
8	31	-4.806507037384054
8	32	-3.5177982273585116
8	33	-0.9403447870254821
8	34	-2.513668563907095
8	35	-0.1386678372547107
8	36	-0.6153052182187183
8	37	13.649430583838212
8	38	0.1493179445905564
8	39	-4.067676484975383
8	40	0.9923040025609529
8	41	-3.982285004162611
8	42	-2.469953343925059
8	43	-4.996105061215339
8	44	-1.7014319721388242
8	45	-2.365136967158295
8	46	-6.99576229672302
8	47	-1.9148119776560715
8	48	-2.2092203333821914
8	49	2.741674274153463
8	50	-2.6348151447147616
8	51	-1.9282581776737449
8	52	1.5748936046945874
8	53	30.690301750632646
8	54	-0.9979126821914949
8	55	-0.19749769913240667
8	56	-0.10079383708877791
8	57	1.6967933011415948
8	58	-4.035444450768851
8	59	-0.8190728455197044
8	60	-3.6972721596842852
8	61	-3.613901016672804
8	62	-0.7480821413563037
8	63	-1.339574930411466
8	64	-2.032827072968946
8	65	-0.8569517265209339
8	66	-1.38670015398513
8	67	-2.581895553085155
8	68	-3.0549776568929006
8	69	0.5316172299784918
9	9	NaN
9	10	4.163611783362824
9	11	0.8906450867989265
9	12	-4.87556184699131
9	13	-1.697821275592963
9	14	-1.926588323393267
9	15	-4.145793644991331
9	16	-0.9632026830660081
9	17	2.0734813229104003
9	18	-3.335385163670009
9	19	-3.353608475584288
9	20	-1.1942799712937757
9	21	0.4162205669845298
9	22	-3.6995284861654665
9	23	-2.5004823991464487
9	24	2.698953381885953
9	25	-0.6702232682005053
9	26	-1.8734280292022778
9	27	2.542434001448635
9	28	-0.1343022419618349
9	29	-4.134742335028807
9	30	-1.7348012981096226
9	31	0.8851500758616938
9	32	-1.2179753198155348
9	33	0.17362395237841266
9	34	-1.4889088712778291
9	35	1.3680445839208022
9	36	-1.4796124314115624
9	37	-0.17494155870989345
9	38	5.398075010413959
9	39	0.1304548099620737
9	40	4.776806943838362
9	41	0.5086560589350895
9	42	-3.0035955035455704
9	43	-1.2190588904639723
9	44	0.053659229274776524
9	45	-0.9785533196606845
9	46	-2.262465179044588
9	47	2.088733035081267
9	48	-2.5391319399644283
9	49	4.5724796273423305
9	50	-3.4655159751852063
9	51	-2.503375472869616
9	52	4.125431017154206
9	53	1.1644053198694357
9	54	3.771319156276597
9	55	1.1137622027917458
9	56	8.31670053356532
9	57	3.0132159508347724
9	58	-3.3905549018969174
9	59	0.2328406638129412
9	60	-1.485599110712653
9	61	-2.6096074191577805
9	62	1.1474501611601842
9	63	1.8396841262272998
9	64	0.7908041316426347
9	65	-0.856465141909536
9	66	0.7472584290964844
9	67	-1.3419211486082836
9	68	-1.4241584360866055
9	69	-2.1302930615309625
10	10	NaN
10	11	0.9909568228343215
10	12	-1.705256096566244
10	13	-0.18014551111404245
10	14	-0.4893908603373904
10	15	-0.7378557972000745
10	16	-2.6740674329961722
10	17	21.734982793195144
10	18	-0.6744344986453472
10	19	-2.124371361875923
10	20	-1.20618867184698
10	21	2.8197823439804988
10	22	-2.5909255051837485
10	23	-3.5255106246265187
10	24	1.8420744358846068
10	25	0.6196271710637863
10	26	-2.854465105475224
10	27	-0.27127060466253644
10	28	-3.870842029732774
10	29	0.1467529785259571
10	30	-6.229942459061959
10	31	-2.337392946919674
10	32	-2.277711274770397
10	33	-0.6190852147200104
10	34	-3.3846576440427354
10	35	4.33853696993716
10	36	-1.8698154429395053
10	37	-0.9094962111746512
10	38	1.206509655356512
10	39	-1.9569922852620698
10	40	1.8017943577562092
10	41	-1.479230852252859
10	42	0.23560622984701446
10	43	-1.4099089799327675
10	44	1.0139079438100485
10	45	0.20517395259258928
10	46	0.5473477728536732
10	47	-0.232434955633883
10	48	-1.3174147782862786
10	49	2.2390175117576185
10	50	-3.089119644177189
10	51	-4.5210008793707726
10	52	2.0260375192651625
10	53	1.9577772376500127
10	54	1.4435140895893197
10	55	1.558072485662324
10	56	2.702271972071059
10	57	3.5874708213954505
10	58	-1.46911995639841
10	59	2.3578794737895703
10	60	-1.2375886027139422
10	61	-3.3793207089332493
10	62	-3.944552938979182
10	63	2.048820851131013
10	64	1.1057895866925287
10	65	-1.4232456255614176
10	66	1.2532383772205866
10	67	-1.645675141085071
10	68	-2.2709510569623417
10	69	-1.1859474781383166
11	11	NaN
11	12	-0.3871963407870159
11	13	1.4521689057821174
11	14	-2.4453185763174874
11	15	0.06709008827630655
11	16	-1.7548789841929366
11	17	0.1826027115331024
11	18	0.6677254430288353
11	19	0.9103277706743446
11	20	-0.5587676011330877
11	21	0.28256776814192897
11	22	1.2342813171547284
11	23	1.101658680500712
11	24	0.1665342373417736
11	25	0.36339371255409136
11	26	-1.069587897381484
11	27	-1.3839915468677708
11	28	-0.2647585593627601
11	29	-1.0921645654712164
11	30	-2.156037912918354
11	31	0.9822487358232911
11	32	-0.2926984079085478
11	33	1.5362048382435558
11	34	-2.8052911191359495
11	35	-0.24722037536788813
11	36	1.9224680848972338
11	37	-0.8839179206456872
11	38	0.8058096564810787
11	39	1.6569235064676324
11	40	0.8188832626114558
11	41	2.5007797700206233
11	42	-1.4651406495467838
11	43	-2.868461946421329
11	44	-0.1562760725898991
11	45	-1.4521789499079196
11	46	-0.6226904966313668
11	47	-0.06746549055806547
11	48	-0.22616712948900647
11	49	-0.5006828041463043
11	50	2.956713136793622
11	51	-0.3515879269366617
11	52	2.943598524638304
11	53	1.5191507737798904
11	54	-0.37338620402470346
11	55	-1.0769699372523658
11	56	-0.863454327052117
11	57	0.4786119392347733
11	58	-0.06705162453248979
11	59	-0.558950534816867
11	60	-0.07362454802296368
11	61	0.654893787319286
11	62	-0.25581473800488724
11	63	-0.447214616414065
11	64	0.32480023953808707
11	65	-2.4442556892811025
11	66	-0.15604010651892106
11	67	0.6824771912707281
11	68	-1.5229552139951403
11	69	0.07222804617744963
12	12	NaN
12	13	4.706932776026992
12	14	2.5277058529505227
12	15	3.2872843708065465
12	16	1.5384198363940844
12	17	-0.7180980601837217
12	18	3.1521020961813035
12	19	3.928128443041549
12	20	0.09806931032799598
12	21	-3.4622261777732346
12	22	-1.4591336044578418
12	23	-3.804628955648137
12	24	-2.820904841731569
12	25	4.303167429679655
12	26	1.6361005382238094
12	27	2.2354580664758705
12	28	-2.064278419314172
12	29	0.6552972894859869
12	30	1.2540225108763374
12	31	-1.486099868711979
12	32	1.9122528646181507
12	33	1.4462334101742371
12	34	-3.743528323203777
12	35	-0.4198773577239487
12	36	0.08487594716472754
12	37	1.5829086095289224
12	38	-0.23805297471155648
12	39	-1.3447836253979577
12	40	-1.4494770694770887
12	41	4.016979419069246
12	42	1.6405399083888557
12	43	3.63841969881434
12	44	3.66064061985354
12	45	2.8559769542072475
12	46	1.547979626270717
12	47	-2.2630416458369056
12	48	1.3573035729612302
12	49	-3.034912539347531
12	50	3.383557773308897
12	51	0.5213965823126824
12	52	-1.4037177722323773
12	53	-0.9451775201573757
12	54	-2.5112008678228066
12	55	1.1575803204506605
12	56	-4.79672426791865
12	57	1.5787952102520868
12	58	-0.7681187101852625
12	59	1.3510271261851017
12	60	0.5280404533916847
12	61	-1.526592642777291
12	62	1.1534651909857447
12	63	-0.8313810970437026
12	64	-0.8118727853647809
12	65	0.836198098388623
12	66	-0.5464801089516358
12	67	-0.03615675271368688
12	68	4.094475373130688
12	69	-0.13012381853147886
13	13	NaN
13	14	-2.0230461010396588
13	15	0.8644140985052611
13	16	2.8412945213006204
13	17	-2.2846467472140772
13	18	0.3336297085617656
13	19	-2.004988827968372
13	20	-1.643287447258586
13	21	0.3655024139099828
13	22	2.077648551468618
13	23	0.5444906703061709
13	24	-1.7869103099430366
13	25	1.4773485250099825
13	26	-0.5531642804729157
13	27	0.5147397324108954
13	28	1.1831025968515418
13	29	0.9670262082377461
13	30	1.642032352249286
13	31	-0.5867255581314462
13	32	5.664361436153944
13	33	-0.9933472900621368
13	34	-0.06706533808605222
13	35	-2.1559961021264566
13	36	-2.0609404722458358
13	37	-3.7691867280881657
13	38	-1.94618545458426
13	39	0.6217305485916591
13	40	-0.6263632642502053
13	41	2.9519814563584927
13	42	2.572466863122892
13	43	3.8676678589077267
13	44	-0.4687554145811923
13	45	1.3919185785621624
13	46	-0.21812057788164704
13	47	-2.97082313039041
13	48	1.7310266786115658
13	49	-2.1408624962274563
13	50	2.404878456949391
13	51	-1.0419943439118746
13	52	1.4769353454687968
13	53	-3.9858698742887295
13	54	-1.2389063879422388
13	55	0.5469144856069839
13	56	0.5842396222948396
13	57	-1.159704197473296
13	58	2.1146359474276624
13	59	-0.4270071238073577
13	60	1.4115792144750339
13	61	-0.29712697947605476
13	62	0.5436698509240814
13	63	0.7942693663671759
13	64	1.7727549308248776
13	65	-0.6041600431368004
13	66	-1.8758510137383129
13	67	-0.6953412489937292
13	68	0.8502063682495761
13	69	2.1876708541829957
14	14	NaN
14	15	2.4610687738639077
14	16	1.8738359316170958
14	17	0.2805730109114732
14	18	2.891632997870369
14	19	-0.2513747117811062
14	20	1.1663958746832352
14	21	0.21855597522384274
14	22	-1.5073640327657851
14	23	-1.5118912000393778
14	24	0.6148640505839132
14	25	0.6997722630689098
14	26	-3.0829855746666133
14	27	-0.35508903652052876
14	28	1.0798379616253748
14	29	1.3900519637862807
14	30	-3.292344708496124
14	31	2.855071924247285
14	32	-2.1734768338938
14	33	0.8138507582886587
14	34	-3.1350499384861714
14	35	-0.14245979434135428
14	36	-0.4496083823859587
14	37	-0.22030163545045003
14	38	-0.47618200407947614
14	39	1.16719723342012
14	40	-1.521269913735036
14	41	-1.3465025189658286
14	42	1.7201780010207999
14	43	1.1236774944221122
14	44	-1.0965695500733545
14	45	0.5765294187065081
14	46	0.6024260670662641
14	47	-0.45165044868370097
14	48	1.3360530633673382
14	49	0.5506204733720151
14	50	-0.3097047807481332
14	51	-0.22879727736696195
14	52	0.3482371601752391
14	53	11.433882536277476
14	54	-1.9314632455054002
14	55	0.06338303447513109
14	56	0.03503269037420585
14	57	-1.425290991466508
14	58	-2.377302254775645
14	59	-1.0992018583019965
14	60	-0.13120370762032105
14	61	1.7866439063135526
14	62	-1.257135900059189
14	63	0.17047282137201947
14	64	-0.7909823827008141
14	65	-1.4896595439760856
14	66	-1.032496191569116
14	67	-2.112406802297556
14	68	-2.1350199663286484
14	69	0.6358845013030631
15	15	NaN
15	16	6.540672139327528
15	17	1.0238630020020187
15	18	2.8507770170473368
15	19	1.5209133868642708
15	20	-1.0458602155733914
15	21	-1.3468434791865438
15	22	3.073506137875412
15	23	0.24935535214754675
15	24	-1.8717090716751004
15	25	0.6392581552365758
15	26	-0.6878869039019556
15	27	-0.05010207425071456
15	28	1.5731821371659185
15	29	0.3464162301071351
15	30	1.317425439014233
15	31	0.7893195147322136
15	32	1.578922347669683
15	33	-0.4951405688968239
15	34	2.4592518392061984
15	35	-3.0879300618934575
15	36	3.5541675370570007
15	37	0.01835164840778247
15	38	-1.1043028358410725
15	39	2.0099778794002345
15	40	-1.3534912292214845
15	41	-0.38370107038927653
15	42	-2.89325269359747
15	43	-0.8749642107344817
15	44	0.9995138373106793
15	45	-2.0402697085998667
15	46	2.765874418774184
15	47	1.738084172654526
15	48	1.1077449670040411
15	49	-2.889156025902569
15	50	-0.03347728276239767
15	51	-3.7511923340904807
15	52	-3.3263238919161355
15	53	-3.1944837064688825
15	54	-0.4150207995177681
15	55	2.0473944177968053
15	56	-2.3166719981219988
15	57	-0.745860000169764
15	58	2.7076719840499703
15	59	-0.23085059195987634
15	60	4.51198592511866
15	61	-2.2213489821830814
15	62	-1.4824651551354855
15	63	-0.4861236811946935
15	64	-1.1555015453881181
15	65	0.15083466753352404
15	66	-3.246557337517368
15	67	1.4370568402200918
15	68	1.507990695266862
15	69	-0.07759456577327582
16	16	NaN
16	17	-1.6287307336808836
16	18	0.3558919964246865
16	19	1.6667150681325034
16	20	-0.9851344176248147
16	21	-2.0410658883011736
16	22	0.7361842943996928
16	23	-0.4927442797685427
16	24	2.653708464226389
16	25	-0.2813334125950317
16	26	-3.784115961571704
16	27	0.33958902090618487
16	28	-2.227458295207239
16	29	3.4685985117520923
16	30	-0.11683359634403243
16	31	-2.679921657798847
16	32	1.1644818490036275
16	33	0.3754266725940263
16	34	-0.5437797123778652
16	35	-1.0134373876459144
16	36	0.024501592127065087
16	37	-0.2942537153193736
16	38	-1.476665295441451
16	39	2.462420897232308
16	40	0.37814737301912515
16	41	0.3996341194959077
16	42	1.5271491420870185
16	43	0.4923301788104243
16	44	-0.1095550576792452
16	45	0.8100136319344658
16	46	3.23623122152377
16	47	-1.2634336797963226
16	48	2.2212627652253323
16	49	-0.8312531741232898
16	50	1.252807693252128
16	51	1.1128061223473453
16	52	-1.355288222431077
16	53	1.5328410647662498
16	54	-1.2415318950129715
16	55	-0.6298016308514802
16	56	-4.084290718573351
16	57	-1.491428829546789
16	58	1.2450817787920048
16	59	-0.18317169995585997
16	60	-1.8286044018509695
16	61	3.714780830783386
16	62	2.944493011795598
16	63	-0.7464804168651878
16	64	-1.7799440660842973
16	65	-1.9303484272214775
16	66	2.5503602370618017
16	67	-1.374975666686854
16	68	-0.5977943447130086
16	69	0.24760561225337296
17	17	NaN
17	18	-1.7798515167181812
17	19	0.3634898261089386
17	20	-2.222413897930098
17	21	15.725247003209143
17	22	-2.282806509311671
17	23	-0.648108257340828
17	24	1.7474440200421442
17	25	-1.9023771142378993
17	26	-3.5919082150134614
17	27	0.8325872456793421
17	28	-0.24930201059149085
17	29	-0.921345983909866
17	30	-2.7787426995880606
17	31	-1.6381611962902884
17	32	-0.16827501102197792
17	33	-1.101674433528933
17	34	-2.6173768605656114
17	35	0.389000103327207
17	36	-1.2607836377514827
17	37	-1.5796276206920397
17	38	0.7039837745589027
17	39	-3.074131362371964
17	40	1.398072917763584
17	41	-0.193524858054579
17	42	-0.012034123408437082
17	43	1.3058104903427028
17	44	-4.40026769346878
17	45	-0.17353559283988476
17	46	-1.6060451034754577
17	47	-0.35360665380971296
17	48	-0.327209360749287
17	49	1.0678507153631644
17	50	-0.17888353146952127
17	51	0.032602212017885684
17	52	2.576053359200516
17	53	3.7162381223627756
17	54	1.0351881368667595
17	55	-0.24787277697744384
17	56	0.9729334819148192
17	57	1.4901607926252654
17	58	-1.9312556009569835
17	59	1.4145826805627764
17	60	-1.269455567084705
17	61	-2.4771336363388863
17	62	-3.9563991187579433
17	63	0.9120842268870831
17	64	0.170793690505035
17	65	-1.6611865969539255
17	66	-1.838093888742726
17	67	-0.7936437642362839
17	68	-2.155118931963254
17	69	-1.4266447213027689
18	18	NaN
18	19	1.6547079829789297
18	20	-1.7401773171897434
18	21	-3.141652394306962
18	22	-0.1212380618409764
18	23	0.8512935825987575
18	24	-3.417826748693089
18	25	-1.5480311852826014
18	26	1.5832812506265959
18	27	2.7017970146634336
18	28	-1.1517557023885385
18	29	-0.14775436952648768
18	30	2.525301703929218
18	31	0.48034787039650007
18	32	2.9525403555164993
18	33	-0.6873842742669174
18	34	-2.41512917293375
18	35	-1.763883396680295
18	36	2.4853041504524622
18	37	2.2959246544570266
18	38	1.021100517496486
18	39	-0.6094669032363461
18	40	-2.2657932777609116
18	41	1.2311787838536017
18	42	1.235952984485351
18	43	-1.439187896421016
18	44	-1.560312018758198
18	45	1.3483440259647865
18	46	-0.6599681545194941
18	47	-0.9685530798864392
18	48	0.3584267602773242
18	49	-1.1541162823077704
18	50	1.087688720302913
18	51	0.11066878917125697
18	52	0.6160905663129292
18	53	-3.3047092223206254
18	54	1.8608149494895787
18	55	-2.6917226399971703
18	56	-1.448549014726829
18	57	0.5865139258043904
18	58	-0.7617981560302379
18	59	-1.5380355670978763
18	60	0.5630445224970291
18	61	1.8079831501202854
18	62	0.28701902541350394
18	63	-0.29176279609450073
18	64	1.0556078063138734
18	65	1.9275251402637068
18	66	0.4373424701587576
18	67	-1.6503587698115227
18	68	-0.8792979578084669
18	69	0.7114358250841443
19	19	NaN
19	20	-0.2852379588225729
19	21	-0.4323726486009962
19	22	5.83227848943848
19	23	-1.0785848730194418
19	24	0.3089177964387606
19	25	0.18552741181922924
19	26	-0.3954987954940433
19	27	-1.4809833567370816
19	28	-1.458925214008813
19	29	-0.14368787684956216
19	30	-1.1535918265482628
19	31	5.39503887840518
19	32	-0.8375386453979818
19	33	0.3143303597513121
19	34	2.1857246897497986
19	35	-0.6127549610151822
19	36	-1.4183802876110005
19	37	5.051110256630843
19	38	0.7540230571460093
19	39	-0.5282949206560525
19	40	-4.2894004028806405
19	41	1.368712805458742
19	42	0.38451280512793967
19	43	-0.16714826275380013
19	44	3.342206531278765
19	45	4.352615859431204
19	46	-0.4537478315459526
19	47	-1.2946903189143841
19	48	-1.0827356054364974
19	49	-1.2025357700734596
19	50	1.2637274006753116
19	51	-1.3882380240006897
19	52	0.17412503836287183
19	53	-0.7485976796736821
19	54	-3.1942538619346346
19	55	1.595084277935051
19	56	-2.4921896413013753
19	57	-1.8492023263841124
19	58	2.0106407978611207
19	59	-1.6386140804784233
19	60	1.306376000920756
19	61	0.8208721891757579
19	62	0.028085762408921303
19	63	-2.5896132317311378
19	64	-1.4456860929093425
19	65	-0.20460752278293412
19	66	0.2567280048550218
19	67	-1.5879312824005911
19	68	2.5117937044478484
19	69	1.0518913790788729
20	20	NaN
20	21	-3.597782447757221
20	22	-1.638129204263181
20	23	-0.8199624010273222
20	24	3.6913542407337148
20	25	-1.5746452196003224
20	26	-5.087512612564017
20	27	-2.4317216654823173
20	28	2.6185735839405173
20	29	0.6906276388957566
20	30	-3.5500437547500803
20	31	-2.286870440640459
20	32	-2.7176142413480777
20	33	1.0794977163911514
20	34	1.68104049791396
20	35	-1.874114668348609
20	36	0.0887504591716886
20	37	1.137794719183798
20	38	-0.7676605684298995
20	39	-0.9310120668178085
20	40	-0.06731909791902478
20	41	-0.4289551525174141
20	42	-2.2834678286958168
20	43	-1.4164379415747317
20	44	-0.8485332402153762
20	45	-4.038044724443471
20	46	-1.3227344745644796
20	47	-3.2018214547482087
20	48	-1.2768313432885239
20	49	-0.49212629384314555
20	50	0.7077912076785912
20	51	-0.4561790877636339
20	52	0.9200383186834422
20	53	19.794039580537216
20	54	0.09127995782419854
20	55	4.2850247077692245
20	56	-0.30545754302076594
20	57	1.4376883694076263
20	58	-2.5267650701709368
20	59	-0.7420641301387916
20	60	0.6716131929651705
20	61	-1.4237965601969895
20	62	-0.435984902655594
20	63	-2.9585533660003778
20	64	-0.1453070001630447
20	65	0.832777376054948
20	66	0.9746371448156278
20	67	-1.2997319217594399
20	68	-1.155019051589709
20	69	18.886944046907313
21	21	NaN
21	22	1.4992979150846688
21	23	-1.7877203463812688
21	24	1.4486344898447192
21	25	-0.28043637010585926
21	26	-1.6784773124480619
21	27	0.42558710291922913
21	28	0.42494099780005556
21	29	-0.7211616879861455
21	30	-2.9612262041865995
21	31	-2.7016143483460713
21	32	-0.2755155880397179
21	33	1.1653349116034972
21	34	-3.410149904399911
21	35	-0.1119174396440069
21	36	-4.118887332363088
21	37	9.129580250127436
21	38	-0.5709214165921582
21	39	-2.1942305128331725
21	40	-0.03633815593439092
21	41	-1.9752835926830674
21	42	-3.5496511681357634
21	43	-4.738080804673283
21	44	-2.1048267209027944
21	45	-1.3404524072536494
21	46	0.9060816450139181
21	47	-0.9562124019696393
21	48	-1.5552029633559554
21	49	0.8366482341975133
21	50	-3.1045972792113794
21	51	-0.9773677660354598
21	52	0.5396490377127479
21	53	1.8999205899700229
21	54	-2.1469057270036487
21	55	-0.35259971853848354
21	56	2.1305602660278176
21	57	0.017107526834224864
21	58	-4.317622790986747
21	59	-0.5285761418673237
21	60	-1.269745198813038
21	61	-4.867129368994535
21	62	-2.748102581920254
21	63	-2.1290279405423482
21	64	-1.2368873198850074
21	65	-3.1114745901218104
21	66	-1.84023522702613
21	67	-2.971115618154107
21	68	-3.705962443921506
21	69	-1.9923409455797223
22	22	NaN
22	23	3.5353810279520097
22	24	-0.7523068218986548
22	25	-1.1775936526010011
22	26	-2.3779440359209545
22	27	-0.5688375609618824
22	28	1.8020698736101934
22	29	0.1874155922028849
22	30	-2.80674289241386
22	31	-0.40506247332378614
22	32	0.4393818453897169
22	33	-2.529454469631035
22	34	1.8290071859910209
22	35	0.031803788342438466
22	36	1.3088862854119503
22	37	0.13780958686848918
22	38	-3.397542955541308
22	39	0.23007099416977173
22	40	-1.4871227364366228
22	41	3.652598046060679
22	42	2.7326109236964444
22	43	1.7117720064109911
22	44	0.7801263737199202
22	45	2.245304247400992
22	46	-3.6764321654222316
22	47	-0.8318297806951008
22	48	1.355621554902165
22	49	-2.57525852893606
22	50	1.7092172991145917
22	51	0.6408544569008364
22	52	-2.2384546375807735
22	53	0.35045845659600405
22	54	-0.2794872971896677
22	55	-2.9189212525275265
22	56	0.21741865395420462
22	57	-1.888634822883421
22	58	-0.0967401151381758
22	59	4.311342415748322
22	60	2.240974231558661
22	61	0.9208716396639097
22	62	4.0161434711895465
22	63	0.7342364676685694
22	64	-2.216544427376264
22	65	3.5859419856585584
22	66	1.3343716249749986
22	67	2.095131999190638
22	68	0.824326834896463
22	69	0.13538309296628775
23	23	NaN
23	24	-0.7292821658761613
23	25	1.4500551257186056
23	26	0.8592916386619814
23	27	-0.9425296443355188
23	28	0.9727288515649853
23	29	0.6588127789265664
23	30	0.551069466081319
23	31	4.730497470653208
23	32	0.48629807498422123
23	33	-0.21537986122050412
23	34	-1.0861734333095945
23	35	-1.3720452708458455
23	36	3.263609999845742
23	37	2.910371543684352
23	38	-1.5021976404310848
23	39	1.0183653226210794
23	40	-2.6353261349586
23	41	-1.0431270455892423
23	42	4.045913296315068
23	43	1.083530180887633
23	44	2.545070119391014
23	45	1.9049693985455343
23	46	1.4458633910119347
23	47	-1.2712498372887078
23	48	-1.005737003027432
23	49	-2.965630001548729
23	50	1.2199895991628682
23	51	1.5492031976168037
23	52	-0.8380757031270131
23	53	-2.7994157755621103
23	54	-0.8321606845963692
23	55	-1.149577810038488
23	56	-0.3281976468763371
23	57	-1.2345186815435754
23	58	3.3403960664433727
23	59	-0.5904172519649213
23	60	3.174151645619198
23	61	1.3979322137824892
23	62	4.535171760892523
23	63	-2.1683374127098696
23	64	-2.517329224297971
23	65	2.9906066046039568
23	66	-0.03751457818289078
23	67	1.3475664185923706
23	68	3.4368771275877887
23	69	0.3369684292454924
24	24	NaN
24	25	-2.6490171874361486
24	26	-2.6797047388635766
24	27	-0.7231645495442864
24	28	-1.567831579105143
24	29	-2.353921816091286
24	30	-0.8784068139033134
24	31	-1.0515564681230496
24	32	-1.3758580485035192
24	33	0.9118510499049551
24	34	-0.9041440887017917
24	35	1.7240762445403313
24	36	0.5507960458585167
24	37	-2.4554183901278286
24	38	3.076828227090237
24	39	-1.8559624970322357
24	40	3.1294101034720527
24	41	-0.9947104088537095
24	42	-2.7888544549996777
24	43	-1.913224509101443
24	44	-0.4741181587284519
24	45	-3.136211090717104
24	46	-0.4310205229532861
24	47	0.5312570193933447
24	48	-0.657953208401265
24	49	4.040172951857625
24	50	0.8143607137959736
24	51	-1.5747476838370102
24	52	3.1179102778287904
24	53	1.7475755909299178
24	54	-0.8527214746676636
24	55	1.0185556797237927
24	56	3.277419432782189
24	57	2.6336475963681005
24	58	-3.330499936196786
24	59	0.5015792751270174
24	60	-1.6502065807601702
24	61	-0.6131630565470793
24	62	-3.136963264685362
24	63	2.5809569536525316
24	64	2.025282776410898
24	65	-1.6436101413140383
24	66	-0.22025988496171559
24	67	-1.5332943540530746
24	68	-2.1298145237887263
24	69	-1.149149084903516
25	25	NaN
25	26	0.4894127212884364
25	27	3.012960159286784
25	28	-0.9523916891177931
25	29	-2.7569327471485847
25	30	2.426596703134393
25	31	-0.7616002543100636
25	32	1.1392320396206281
25	33	-2.8791653508180803
25	34	0.6928731576506365
25	35	-1.3663944722007433
25	36	1.5295237388667673
25	37	0.2061597726741936
25	38	-1.6174514673061644
25	39	3.496567133318863
25	40	-1.9644002409152623
25	41	3.4529859798747693
25	42	3.461442988746092
25	43	-0.08347945983945651
25	44	-0.9886799987564365
25	45	-0.020914646124887
25	46	2.60090241171793
25	47	-0.7930320718493209
25	48	-2.2523146162032237
25	49	-3.105121912925106
25	50	-0.6680183053174885
25	51	3.7211885609016133
25	52	-1.5081825937622932
25	53	-0.8682910777020234
25	54	0.2593424928772168
25	55	-2.1234168962192297
25	56	-1.497160625710669
25	57	0.8260056921092583
25	58	-0.5740592681541371
25	59	2.639147460571637
25	60	0.8145266161491236
25	61	0.38213576429029117
25	62	3.219584812342362
25	63	0.6684127731014868
25	64	-1.999884309919762
25	65	1.9104908114061636
25	66	0.3161015701651394
25	67	-0.5228940200992893
25	68	0.5565947296545347
25	69	2.349479804890643
26	26	NaN
26	27	-3.5438783459043344
26	28	2.8685041398128033
26	29	0.9841296245801301
26	30	88.56698271074966
26	31	-2.606354453276035
26	32	1.6409146190785804
26	33	-2.048412322657886
26	34	-0.604690872951759
26	35	-0.7073307368078406
26	36	-1.4792461143602744
26	37	-1.0677641269378886
26	38	-3.0698776303344535
26	39	0.328201422602383
26	40	-0.05143136377007922
26	41	-2.430602834934029
26	42	2.645525841983958
26	43	-1.1355350043170123
26	44	-2.6140162880085147
26	45	-0.6087350196394813
26	46	2.2448315291529757
26	47	-3.974730651389704
26	48	2.1024039620513966
26	49	-1.3251716505255313
26	50	0.4528707942880606
26	51	-0.17622072510415318
26	52	-3.0026507942527725
26	53	-3.924968934153544
26	54	0.6846132732742813
26	55	-1.6472200877696175
26	56	-2.960335536585626
26	57	-5.399713437015442
26	58	-1.2669007187985184
26	59	-2.708097841214382
26	60	1.7693438049633368
26	61	0.8667204754874038
26	62	-3.5346459998329167
26	63	0.3162283254624436
26	64	0.313798420255354
26	65	0.1060074410413117
26	66	-3.3470762293972385
26	67	-0.35941957342223846
26	68	2.001807276028978
26	69	-4.5306337091442925
27	27	NaN
27	28	1.6260181951000214
27	29	0.08887338813377474
27	30	-3.8566862607439103
27	31	11.724355145280581
27	32	0.8775840723307955
27	33	-0.2915222477960989
27	34	-1.751474411071483
27	35	1.785197676628183
27	36	0.6334735138407269
27	37	1.5826625115944837
27	38	-0.23785121759333772
27	39	-2.7250554225348553
27	40	-1.681051644608234
27	41	-3.294079318642543
27	42	-2.0916132836980297
27	43	1.1147892611644568
27	44	-0.8086082420640734
27	45	0.6384956705289193
27	46	4.68342643562162
27	47	-0.4838436999904797
27	48	-0.6475849949127539
27	49	1.93942193464057
27	50	-0.8309104123616284
27	51	-2.4285812232406987
27	52	-1.3363391873361066
27	53	-1.1165016476596588
27	54	-1.8131712684355155
27	55	4.291168753776115
27	56	-1.4537323585445925
27	57	0.2127256253848732
27	58	-2.09263857775552
27	59	-0.8797886807771442
27	60	-1.700640373984674
27	61	1.5227281625172668
27	62	-3.2777881761461076
27	63	0.07206594088669371
27	64	-3.408171370619911
27	65	1.893654970179404
27	66	0.7980258115440494
27	67	1.0022934718946603
27	68	-0.1522526278610183
27	69	1.5691704212995214
28	28	NaN
28	29	-0.7610150731426452
28	30	3.435333630646932
28	31	1.8901330146718256
28	32	-1.191330840725378
28	33	-2.1067519753205985
28	34	0.11178412065223703
28	35	-2.410082733626626
28	36	1.1611275837717248
28	37	2.0829318150527594
28	38	0.1128058997210971
28	39	1.5529228346822508
28	40	-1.864698167647775
28	41	1.1946564717661043
28	42	1.8676565395935252
28	43	0.41001888532658926
28	44	-0.4122534963681216
28	45	0.483398173933016
28	46	-0.8046788870285568
28	47	-0.5455725625027744
28	48	0.4365610262333167
28	49	-2.4369655408020137
28	50	2.372927671243042
28	51	1.7378616250855206
28	52	-2.2238487735220107
28	53	-1.82606638811948
28	54	-0.021923146563262573
28	55	-1.6325174236202118
28	56	-0.044119223350016945
28	57	-0.9007672440509515
28	58	0.13311025304510735
28	59	-0.9704191353589395
28	60	1.9720761440452448
28	61	1.7102291249681163
28	62	-0.8549567472557015
28	63	-0.7828727743320378
28	64	-0.8386098982458362
28	65	-0.8636629961625993
28	66	-0.3309295875401572
28	67	4.482702806393498
28	68	1.1611808164375397
28	69	0.4769411566161098
29	29	NaN
29	30	1.3066147833023876
29	31	0.998965438512409
29	32	-0.5022997576644422
29	33	-1.686181829833016
29	34	-0.13699440649162062
29	35	-0.7856070833389248
29	36	0.38657218613350225
29	37	-4.038674762186768
29	38	-1.2772500527796429
29	39	5.009183423213302
29	40	-3.047202791601731
29	41	0.31237087093957416
29	42	4.92104259458533
29	43	0.09207037472562615
29	44	0.5545874808674941
29	45	2.3644309389983382
29	46	-0.6101208897848679
29	47	0.9359205336810567
29	48	0.6501898868626859
29	49	-1.0108237310905557
29	50	1.5051710983969462
29	51	2.1748337357149206
29	52	-0.26727015310257995
29	53	-1.7398640118780255
29	54	-0.8886379693363801
29	55	-1.4484535557714802
29	56	-2.284519725559956
29	57	-0.45780881316986427
29	58	1.4819679603150016
29	59	2.512966758028838
29	60	-0.8759250266440662
29	61	-4.906219392107747
29	62	-2.2190491081486927
29	63	0.6526045335248498
29	64	2.777480083450015
29	65	1.830909901280145
29	66	-2.9257321503093596
29	67	1.4790205395740352
29	68	4.760458649065392
29	69	1.0262692865386895
30	30	NaN
30	31	2.0485524637936825
30	32	0.7754341616441752
30	33	-0.5070219487774507
30	34	-2.7047442555528187
30	35	-2.6607194281697466
30	36	-4.781654090807146
30	37	-2.304385065844299
30	38	-0.4685849260248492
30	39	-1.2156022900946324
30	40	-0.7381127709002413
30	41	-3.091751315788493
30	42	2.0916189474128872
30	43	1.6805841630363727
30	44	-1.9841438470942587
30	45	-0.45319305853635006
30	46	-3.544603990245707
30	47	-0.07815918443922076
30	48	-1.1556007234164296
30	49	-1.303779668323452
30	50	-2.40229872839385
30	51	0.3994216934684552
30	52	-2.1617856249317593
30	53	-2.8302687862349485
30	54	-2.0592128765295943
30	55	-0.9952203759689756
30	56	-1.878948475361686
30	57	2.326003108068223
30	58	-4.444678946935689
30	59	-0.31060738802889043
30	60	0.12364470179007941
30	61	1.2548861636391377
30	62	-4.91544272918994
30	63	-2.2610734662739427
30	64	-3.3938782286640166
30	65	-1.105872253978238
30	66	-3.7731971044785717
30	67	-0.12344212367523273
30	68	3.972274170977699
30	69	-2.0526207255146796
31	31	NaN
31	32	-0.7726461984531403
31	33	1.7164207729067424
31	34	1.7685357239363952
31	35	2.7768806441655918
31	36	1.0164773532406122
31	37	-0.044220508981832406
31	38	0.4269856797756652
31	39	0.6450337391876335
31	40	0.935619824926994
31	41	-0.45306453662188856
31	42	1.5352750598954812
31	43	2.59398215068537
31	44	0.2761724352832372
31	45	1.3683427677941904
31	46	2.271077136059276
31	47	0.6169104625216284
31	48	1.1587730373303289
31	49	-1.7509121198702968
31	50	-0.06893307259187331
31	51	-1.6455003419946461
31	52	-2.514924985832439
31	53	-2.932788681797602
31	54	-1.7482268413656445
31	55	-0.9488539200946853
31	56	-1.2125172913603273
31	57	-0.7820717230438178
31	58	-4.2307893739267435
31	59	-1.8658353106793217
31	60	2.311888107096601
31	61	-1.1552146605545033
31	62	-0.6738895124049846
31	63	-1.3697853785653196
31	64	-0.053693130173919384
31	65	1.2281400263108102
31	66	0.2010104234677586
31	67	0.06143934200577846
31	68	0.6021320350523037
31	69	-0.6656244079859921
32	32	NaN
32	33	2.602964059964029
32	34	0.6085663114595187
32	35	-1.2236832502090946
32	36	3.2046589395153893
32	37	0.5557645929500437
32	38	-1.1096739846153938
32	39	0.3598481193962145
32	40	1.024752470970193
32	41	1.8382047841365505
32	42	3.4721780896724748
32	43	3.4064711646526247
32	44	0.8805901080609283
32	45	2.193843657616832
32	46	-0.44622463974338017
32	47	-2.973308364153085
32	48	1.2909705641895175
32	49	2.095818086848897
32	50	1.2196798657239154
32	51	1.6481635948544808
32	52	-2.8287040553702956
32	53	-3.843403040177728
32	54	-3.4194084790400363
32	55	-1.992157655272637
32	56	-3.084178774006601
32	57	0.20699993621041402
32	58	3.0036168538564274
32	59	-2.486684540549349
32	60	-0.2653301987488552
32	61	3.304491759618739
32	62	0.37032985602165464
32	63	-3.8325294735186444
32	64	-2.386144142568595
32	65	-1.9137850680672024
32	66	0.7572256188407454
32	67	2.31722352236815
32	68	1.1096283816301915
32	69	0.678393928460936
33	33	NaN
33	34	-0.7895838240213618
33	35	-2.021875085469835
33	36	0.722646019428132
33	37	-0.2700195037388206
33	38	1.9843558870503426
33	39	-4.471300639035907
33	40	-1.4895881629584797
33	41	-1.8195226966377804
33	42	0.7671689165597653
33	43	-3.817699155003875
33	44	2.0971872986272695
33	45	-1.823963381065356
33	46	1.3600367549579158
33	47	-1.1580721200522812
33	48	-1.6147581647601412
33	49	1.6136908666142111
33	50	3.2861084474040356
33	51	-0.11894851088628094
33	52	-2.289691977498233
33	53	-1.760645844248547
33	54	-0.20943625955649411
33	55	1.3713432316393805
33	56	-0.41815402444945793
33	57	-1.1111785436082202
33	58	-2.983837050339362
33	59	-0.37486627047965276
33	60	1.3118427158264294
33	61	1.67752531633408
33	62	4.136604823885649
33	63	-1.2932625378681264
33	64	0.5021915105502838
33	65	-0.951571676218401
33	66	-1.6682201602304378
33	67	1.1930223639102684
33	68	-1.9866343256169856
33	69	1.441265550257069
34	34	NaN
34	35	0.09962532380818881
34	36	1.125299236395354
34	37	-3.3236098830422502
34	38	-0.9273631517548652
34	39	-1.0961021031137954
34	40	-3.1191754315827294
34	41	-0.8039444864010253
34	42	-2.2397566844705046
34	43	2.186031752012832
34	44	-0.8096221762154079
34	45	-2.4782198848027437
34	46	-1.2935886043908118
34	47	-1.2818412539534088
34	48	0.10005142488912434
34	49	-2.0691470513079153
34	50	4.465192295263837
34	51	-1.5231201692355258
34	52	-2.8894988130943564
34	53	-4.603344302853439
34	54	-1.8087606697960674
34	55	-2.288016481209811
34	56	-0.4144588414687124
34	57	-0.25988252820324415
34	58	0.21140067520598477
34	59	-0.2760458759571584
34	60	0.27881755066146763
34	61	-1.4645682845178436
34	62	-0.6525396733862213
34	63	1.4618082327472104
34	64	-1.9837913575935242
34	65	0.7232083762661483
34	66	-0.4329135196425621
34	67	-2.150633336655197
34	68	1.760119130018272
34	69	1.104356647664103
35	35	NaN
35	36	2.0436431342102486
35	37	3.687955096770539
35	38	2.6136555261270615
35	39	1.5263423133436729
35	40	3.7081461571339913
35	41	3.249743565459198
35	42	-4.730958104766399
35	43	-0.2815186243871105
35	44	-3.013214303908017
35	45	2.1599637884046996
35	46	-2.5603301817206
35	47	-2.1870215123473775
35	48	-2.77853531110344
35	49	4.113614732445341
35	50	-3.5353379860107
35	51	-1.954207583871471
35	52	2.83753063332128
35	53	0.6857675452064599
35	54	0.6892633976152671
35	55	1.80709275702953
35	56	2.605646633372316
35	57	5.41149437968145
35	58	-2.5237889059858625
35	59	0.6998785231812054
35	60	-1.9591802257459299
35	61	-0.8226191162991138
35	62	0.2167372861265969
35	63	3.8360601273992834
35	64	-1.220556038650683
35	65	-4.363668076027332
35	66	0.6805885822024581
35	67	-2.8680478579762356
35	68	-0.48396583717247244
35	69	-2.4456003692110837
36	36	NaN
36	37	-1.2438324985412519
36	38	-0.662330668330581
36	39	0.10515969326381852
36	40	-1.1682394323520187
36	41	-2.126510808808232
36	42	2.6508619316278215
36	43	-1.3811031057373604
36	44	-0.19150002542514707
36	45	-0.5176269455392686
36	46	-0.4220142356446592
36	47	-1.0908648988630292
36	48	-0.3167307086629191
36	49	-2.3976962635749812
36	50	1.5004580698174785
36	51	-0.7908634571836919
36	52	0.5756700021189263
36	53	-1.6174023080903281
36	54	1.6378107670833453
36	55	-2.0168799481090405
36	56	-0.6341025266111043
36	57	-1.1076110160287187
36	58	-0.18500311260761024
36	59	-3.5458943697097034
36	60	1.0207273118681963
36	61	1.170071448897869
36	62	0.05879786888503874
36	63	-1.0532278768101289
36	64	1.1877522136257306
36	65	-1.3478130433279556
36	66	1.9779950373735276
36	67	0.11804400483875975
36	68	-1.2531947572505258
36	69	-1.7375258862657494
37	37	NaN
37	38	0.03439129876066679
37	39	1.8306646927790038
37	40	-1.3197049550155684
37	41	1.4554583257388933
37	42	-1.7547323375666282
37	43	-1.2916803889463138
37	44	-2.138040415613192
37	45	5.3087849288207245
37	46	1.819374296949902
37	47	-1.4522716102403452
37	48	2.86432584978388
37	49	-0.5419265028625461
37	50	0.22601239310990373
37	51	-0.8111158023100626
37	52	-1.394617894719075
37	53	0.7062409392951011
37	54	-2.3459061592811907
37	55	0.08127808083975506
37	56	-1.3818209870162894
37	57	-0.8507888298485405
37	58	-2.5537299429472053
37	59	-1.6827682004507687
37	60	-1.5706886782974316
37	61	0.2627206462515036
37	62	-2.5660815643731425
37	63	-2.4977076953958552
37	64	0.9058001021009675
37	65	-2.148369118985068
37	66	-0.0653242220798032
37	67	-1.407511970047733
37	68	0.3058181173362735
37	69	-1.868879119961174
38	38	NaN
38	39	-0.9891164379606033
38	40	0.5431951509214862
38	41	0.8360970320922854
38	42	-1.511304712559033
38	43	3.8302285774365443
38	44	-1.3430707911055613
38	45	-1.9059873099576186
38	46	-1.9444393918235647
38	47	-0.9008830828276296
38	48	-2.3308255482281837
38	49	1.4471246314590072
38	50	0.36344399026018254
38	51	-0.15164274718879153
38	52	2.6418982881349007
38	53	0.12311342723096233
38	54	-0.9250700481647001
38	55	-0.29961540714868434
38	56	1.9872316935125391
38	57	0.5288591439052049
38	58	-0.33951881259749267
38	59	-0.620940249455703
38	60	-2.545319640172144
38	61	0.12465906472192924
38	62	-4.792285484177724
38	63	1.6832528773053514
38	64	1.5220697415688824
38	65	0.4667019959984683
38	66	-1.1360723423875034
38	67	-2.3493368688438903
38	68	-0.5175320437056703
38	69	3.469647038918409
39	39	NaN
39	40	1.3195603139115035
39	41	4.62905953506565
39	42	0.5140632430038262
39	43	2.7455005153605256
39	44	-1.944667177879077
39	45	1.4982636604284685
39	46	4.09895473811825
39	47	-1.519591423543541
39	48	0.16565449716384315
39	49	1.053218449658982
39	50	0.5560538805495442
39	51	-0.7311863248530799
39	52	-1.5773218005475784
39	53	-3.638103773511753
39	54	-1.3455561930594364
39	55	0.8987369633211881
39	56	0.2986286101958128
39	57	-1.5989988789981948
39	58	-0.21743004363069576
39	59	-1.5210062949120176
39	60	-0.08778592542962663
39	61	1.598503467614704
39	62	-0.44744590925686345
39	63	-1.2249938732100794
39	64	-1.0476536492094242
39	65	-3.1168178178944657
39	66	3.373042519800395
39	67	-1.0514022201460558
39	68	-1.02622398147843
39	69	-0.054444800747659235
40	40	NaN
40	41	0.40480925128043027
40	42	0.39750849827831164
40	43	-0.4486235288820387
40	44	2.8771613057773515
40	45	0.8298430268440287
40	46	-2.0036583663646628
40	47	-0.41974596459171715
40	48	-1.4973397048969361
40	49	5.433827430741552
40	50	-1.1821865499408064
40	51	-1.0797644527565147
40	52	2.3899145509109863
40	53	-0.10176042032711533
40	54	1.4746161598977279
40	55	2.025521196900717
40	56	3.0445323446696766
40	57	2.7468871820771583
40	58	-3.6539229548185426
40	59	2.5342230385712643
40	60	-0.9261589701654279
40	61	-0.5279747805303158
40	62	-0.0604070825794597
40	63	3.4252517587543303
40	64	0.493924665180447
40	65	-0.9991955313809902
40	66	-0.690632667247706
40	67	-0.9237225188522887
40	68	-3.8371205855579276
40	69	-1.1977620171100283
41	41	NaN
41	42	2.4950909476351777
41	43	2.264439572535066
41	44	-0.9672874755731857
41	45	-2.437543498813378
41	46	2.246748178921829
41	47	-3.023334206476848
41	48	4.465613582731712
41	49	-1.53108519895799
41	50	2.1629876922428615
41	51	-3.08075890320351
41	52	0.5481071745995955
41	53	-1.9223156352572621
41	54	3.6682372509652343
41	55	-1.3315913012900553
41	56	-1.0353817422435376
41	57	2.279931947551852
41	58	1.1757108148451818
41	59	-2.170073174173293
41	60	-0.8659623423347422
41	61	2.285711227828691
41	62	-1.1768862895656247
41	63	1.098544674081746
41	64	-2.392635747023348
41	65	-1.8829023915774457
41	66	0.0012396416495303545
41	67	-1.4512613086401078
41	68	0.35369010287727953
41	69	-1.503742861680123
42	42	NaN
42	43	1.5474652646996558
42	44	-2.1400950095520805
42	45	2.057594064313291
42	46	0.9595848495310034
42	47	-0.7788728445580388
42	48	-0.22718239070269552
42	49	-1.5704685921866073
42	50	0.5617535491252744
42	51	3.6190528742632178
42	52	-1.0204039338841866
42	53	-1.3310215681049453
42	54	0.2423507381885868
42	55	0.24270405928918082
42	56	0.0344206099878455
42	57	-0.06698523034463859
42	58	2.2292561831673785
42	59	2.4062711319203944
42	60	0.6637427188883022
42	61	1.5924727959578597
42	62	-1.557699514017692
42	63	-1.2393538148262915
42	64	-2.371424530315226
42	65	-1.636016929776868
42	66	-0.15315267250372766
42	67	-0.5214771091058946
42	68	0.6536124582256554
42	69	-4.038699014056326
43	43	NaN
43	44	1.0955363936363782
43	45	2.5634882182769583
43	46	7.83167667604177
43	47	-2.0294132467576733
43	48	-0.18833879906545753
43	49	-1.1578789625057855
43	50	0.6758408067997751
43	51	2.6794459198661746
43	52	-1.509284139623918
43	53	-3.7305149667491913
43	54	-1.1990069153192067
43	55	-2.422964826407284
43	56	0.2661401988097228
43	57	-0.9200548518649253
43	58	2.8464615579524546
43	59	-2.3175667590784803
43	60	0.8511960139533797
43	61	1.9488254941804364
43	62	1.8472163443648464
43	63	0.14427255448092766
43	64	-0.6139986617316802
43	65	-0.6383060672395342
43	66	-0.3720000026268572
43	67	0.06853013961853315
43	68	4.099346051766925
43	69	-1.2880081926865756
44	44	NaN
44	45	2.0558706680514534
44	46	0.3447152896347509
44	47	-1.752669596270387
44	48	1.216916597418075
44	49	1.0507832313022811
44	50	0.7333545267050957
44	51	1.6809323364131452
44	52	-1.4333442730034538
44	53	-1.3501755656789427
44	54	-1.3547778450786472
44	55	-1.7571993572755187
44	56	-1.2279744542162545
44	57	-1.1756583653231267
44	58	-2.249586475435169
44	59	-0.28667309248114614
44	60	1.2081028484057061
44	61	2.1550451984164236
44	62	2.2649531692373195
44	63	0.9923243344803585
44	64	0.37510339300732054
44	65	3.687278324493952
44	66	-0.9313861512519973
44	67	1.0441746236213092
44	68	0.7111132900435254
44	69	2.1979686627816646
45	45	NaN
45	46	4.312130407225139
45	47	-0.4619775010468079
45	48	-3.457797013888221
45	49	-0.9402151372302312
45	50	0.22797027349796167
45	51	-0.49363005722128567
45	52	-2.984302057577361
45	53	-2.9130925867275637
45	54	1.5510079306213524
45	55	1.5998700961747712
45	56	-1.3473176047295914
45	57	-2.491699222065989
45	58	3.0382334527864305
45	59	-1.7614057304848476
45	60	4.0125528657076615
45	61	0.09714118475065191
45	62	0.6330115666332429
45	63	-1.678442857739891
45	64	0.9024063502609777
45	65	0.30022722060292145
45	66	0.4628012929617399
45	67	-1.1679116502714595
45	68	-0.782877434338852
45	69	-0.04362976451565152
46	46	NaN
46	47	-0.599639801230379
46	48	0.9364694299606282
46	49	0.8696047079289871
46	50	-2.424926113330483
46	51	-0.40612003955004017
46	52	-0.6955069039914101
46	53	-0.3885564001236541
46	54	2.224841445614632
46	55	-3.1678702423174214
46	56	-2.590261670906823
46	57	1.7448930622158614
46	58	-1.0816915445989002
46	59	3.6210864770244537
46	60	0.00980637538239274
46	61	-1.3995784391863821
46	62	-0.11882176199012504
46	63	-2.0298698437407965
46	64	-1.3513191976827421
46	65	2.124155347900024
46	66	1.5407805633950358
46	67	2.2374025468110097
46	68	2.3840281122838904
46	69	-1.7886314267126335
47	47	NaN
47	48	1.1225580625962959
47	49	0.06900002646617
47	50	-1.8947506405168895
47	51	0.09317586530976509
47	52	-0.014278556193089332
47	53	-1.267114465704679
47	54	-2.2026050471514416
47	55	0.7868186132394476
47	56	3.612462940170076
47	57	-1.6328639773582196
47	58	21.772423694239265
47	59	1.7192374604004124
47	60	-0.003007286930369297
47	61	-1.4096019472907186
47	62	-0.5934569591926976
47	63	6.940775612948601
47	64	0.5686111639701938
47	65	1.166207948366577
47	66	-3.6291683697615253
47	67	-0.6446433934738249
47	68	0.8197891105265025
47	69	-0.7278077839528394
48	48	NaN
48	49	-1.4157944266574227
48	50	2.776495517069634
48	51	-1.1177329592673533
48	52	-2.671941654631001
48	53	-3.0864792418411664
48	54	1.7947160633903392
48	55	-0.13236288723558268
48	56	-0.05292403651277941
48	57	-3.115771853775372
48	58	-0.8822754897716992
48	59	-1.2771255161487876
48	60	0.459335272657991
48	61	4.922895801366357
48	62	1.7763039540990342
48	63	0.46069010737099836
48	64	2.840605386240484
48	65	2.5815063607488296
48	66	1.2544244068694392
48	67	2.0150514976163976
48	68	-0.1870712191729158
48	69	1.7283973165490225
49	49	NaN
49	50	0.5932530168859306
49	51	-3.235266552799435
49	52	3.534091936822325
49	53	1.3627210765898075
49	54	3.4329481993584
49	55	1.6810460347120701
49	56	4.628081916062907
49	57	2.857376226740275
49	58	-1.8791632605369153
49	59	0.8814003942866481
49	60	-2.060719427777084
49	61	-1.107873971872342
49	62	-2.1193119777650313
49	63	1.950813325825067
49	64	-0.2351887994795327
49	65	-2.462225416861194
49	66	1.669521824484841
49	67	-1.5316192184985682
49	68	-0.1472211648270163
49	69	0.08855152256432748
50	50	NaN
50	51	3.032470587149774
50	52	-1.377510255483335
50	53	-1.6968544256621547
50	54	-1.2175274638174578
50	55	-0.39135159876657294
50	56	-2.4937320442543243
50	57	-0.9497764682342199
50	58	-3.5902162609432833
50	59	-0.8183227787784061
50	60	2.2023458152187585
50	61	-0.6222304384815731
50	62	0.4769624743368836
50	63	-0.922818309979904
50	64	1.516673546567859
50	65	0.4352376518087188
50	66	2.498113973699453
50	67	-4.0960625377917586
50	68	1.219499766589071
50	69	0.4338299727676272
51	51	NaN
51	52	-0.09794729761717767
51	53	2.4296760462751292
51	54	-2.7933797534781957
51	55	0.42966476196796705
51	56	-2.8247816649602204
51	57	-3.9921535805788078
51	58	0.6397778121460028
51	59	-1.4505690754484781
51	60	-0.44691515069375387
51	61	1.2700361073206088
51	62	-0.18899079719159348
51	63	0.2540039825106163
51	64	-0.6092417688025902
51	65	0.05483006599023251
51	66	0.43875577212320943
51	67	23.372885810817518
51	68	1.486373995521357
51	69	3.2273561678664002
52	52	NaN
52	53	1.6030488143910353
52	54	0.2608463032440049
52	55	-0.35322286415177284
52	56	3.588765170969002
52	57	3.935975393856606
52	58	-3.0930093682067095
52	59	0.7025142130682848
52	60	-1.249893847164529
52	61	-2.082954126321726
52	62	-2.9907184227413026
52	63	1.9066306097664432
52	64	3.574298051327218
52	65	-0.7350705687073203
52	66	0.802912912368097
52	67	-0.4476040957677533
52	68	-0.1428425117610375
52	69	-0.9003009437217337
53	53	NaN
53	54	0.09317987923581846
53	55	0.6257810127538271
53	56	0.37661810342171903
53	57	-1.0365547810329674
53	58	-3.2522102812220806
53	59	-1.9851191716776742
53	60	-2.889808870064266
53	61	-0.7113525996355363
53	62	-4.627767368291005
53	63	-0.28338978288519656
53	64	-0.7745632747474628
53	65	-2.2896530088878544
53	66	-0.304884863438898
53	67	-3.3190960413210564
53	68	2.324922611794833
53	69	6.661347433708988
54	54	NaN
54	55	1.0262441700210747
54	56	1.6575448214425157
54	57	-0.8740220116732591
54	58	-1.0709873933050762
54	59	-0.685948415896057
54	60	-0.6752022135414684
54	61	-1.4449423470251008
54	62	1.3522968174838308
54	63	0.8117759525716147
54	64	-1.6909081096742296
54	65	0.7027588430007663
54	66	0.25511757119688216
54	67	14.684703783008107
54	68	-0.429058209516539
54	69	-2.2061558398068515
55	55	NaN
55	56	4.433713394432637
55	57	1.6779323741471681
55	58	-3.4298480051008147
55	59	-0.6523805778039095
55	60	-2.2969322356769415
55	61	-1.0403973656496224
55	62	-0.7107852365718343
55	63	0.7611555350420595
55	64	0.2815290772632484
55	65	-1.6511614668341617
55	66	5.441592037354998
55	67	1.053595221066825
55	68	-2.551784050273788
55	69	0.23303722210698286
56	56	NaN
56	57	4.171580023108747
56	58	1.0099021520199536
56	59	1.4276149738671262
56	60	-1.7960778787392135
56	61	-2.355639035475216
56	62	-0.8701189548270957
56	63	2.3767631370443705
56	64	0.7483308211793759
56	65	3.545303355597001
56	66	0.1970785527122951
56	67	-1.915199860780126
56	68	-2.9431540293378884
56	69	-4.388934103427795
57	57	NaN
57	58	-2.714158114157882
57	59	0.5062960900886362
57	60	-2.3971115708958624
57	61	-2.443235517034686
57	62	-2.891851630157068
57	63	0.5139708238947274
57	64	1.8344500369876489
57	65	-0.13666657368668295
57	66	1.2524031384435135
57	67	-2.4217217947181933
57	68	-4.304304752670296
57	69	-1.4455023202536847
58	58	NaN
58	59	0.24482671147797938
58	60	0.180003084060381
58	61	4.77616111703018
58	62	37.68707316550509
58	63	-0.08129463502832543
58	64	-0.5610944890228416
58	65	4.073629334672003
58	66	-0.9210414650629949
58	67	-1.4999780905415336
58	68	0.9062689155014524
58	69	-1.8808685351722716
59	59	NaN
59	60	1.8926061378023995
59	61	1.1689566581213933
59	62	1.2722116159944754
59	63	0.2765050362707375
59	64	4.334072885183272
59	65	-0.13232648232048028
59	66	-2.0553465613716884
59	67	-1.2630963130062012
59	68	-2.4292461064576534
59	69	-2.094614335239853
60	60	NaN
60	61	3.5848930331711264
60	62	3.173436257704761
60	63	-2.106700577836944
60	64	0.12162158386049625
60	65	1.2223611169322792
60	66	-1.895917211479098
60	67	0.957724460083709
60	68	0.9737815814710354
60	69	-0.4465023421281537
61	61	NaN
61	62	2.9119940992263196
61	63	-1.0956418644483874
61	64	-1.965432435030113
61	65	1.0114327153844536
61	66	-0.9037509237585603
61	67	1.1438679105090706
61	68	0.40898098478377815
61	69	0.00815009878303559
62	62	NaN
62	63	-4.082390087263445
62	64	-1.7615189825051627
62	65	1.6264382129655948
62	66	0.08240805457787041
62	67	-0.1999289926569382
62	68	2.9344975703472467
62	69	-1.6045623360401495
63	63	NaN
63	64	1.7548350626577085
63	65	-0.8545783757481415
63	66	0.08277577529538623
63	67	0.3459669688644335
63	68	0.38292421882510547
63	69	-1.2640504362279428
64	64	NaN
64	65	3.3818733874070595
64	66	1.4179887403725655
64	67	1.2866603205407705
64	68	0.9235794879115736
64	69	-0.23154755490286724
65	65	NaN
65	66	1.8442618236237944
65	67	-2.1203751714849846
65	68	1.8444840916739795
65	69	-0.4079945454994892
66	66	NaN
66	67	1.2082960803134168
66	68	-2.0194398010708285
66	69	1.0990927909841448
67	67	NaN
67	68	-1.3325472524851896
67	69	-2.6816824376065185
68	68	NaN
68	69	3.331490667841134
69	69	NaN
