1	1	NaN
1	2	0.60499507825931
1	3	0.8496116742478231
1	4	0.3744199722998112
1	5	0.7530398256480825
1	6	1.3477270939530814
1	7	1.8069390840763335
1	8	0.11306109277053851
1	9	0.7963154553828895
1	10	1.689537961315765
1	11	0.9716746873337583
1	12	-3.777456413477552
1	13	-0.6708224356211424
1	14	-1.7758512302636924
1	15	-0.3793402740012896
1	16	-1.6004318352653926
1	17	0.338302125924541
1	18	-4.478811058398857
1	19	-2.027699978255946
1	20	1.339811748083902
1	21	0.7210657408496927
1	22	-0.3875883119070534
1	23	1.7872870194495982
1	24	1.9710911869650738
1	25	2.1079051578931702
1	26	-1.574472452283201
1	27	0.7979742690256659
1	28	0.15273384898891265
1	29	-1.253512092884779
1	30	-0.5928372952937694
1	31	0.716144387488381
1	32	1.2822625746916718
1	33	-1.229699877331439
1	34	-0.4987917165522593
1	35	1.7094474435643932
1	36	-0.7148627465980474
1	37	1.0162932641580718
1	38	0.36951567181779826
1	39	0.547047650648118
1	40	-0.15984956148387833
1	41	0.33925882514811906
1	42	1.5099972171391587
1	43	3.2216124391642693
1	44	-1.7895820368381041
1	45	0.500053416219245
1	46	0.049869240574639796
1	47	-0.15605031275203088
1	48	-0.9084387588169625
1	49	0.9164865402855321
1	50	-1.6576763813100686
1	51	-3.1143683973359564
1	52	1.2395712996647272
1	53	-0.1383287434195105
1	54	1.4752196930129582
1	55	0.7663099020309437
1	56	2.2625408951906825
1	57	-1.1245052525427695
1	58	-0.7972911961925765
1	59	0.08413393340366405
1	60	-2.1656659195503742
1	61	-1.1327236284794473
1	62	-1.4831797586209572
1	63	1.4074140759640976
1	64	-2.996364667548227
1	65	-2.26221512359093
1	66	-0.1947607192943889
1	67	-0.38338358647143417
1	68	0.5752138482533463
1	69	-1.118527515272388
2	2	NaN
2	3	-1.1494940946408343
2	4	-0.6582893142265575
2	5	-2.140121391898783
2	6	-0.5467721195516698
2	7	1.473733042654628
2	8	-1.6038448327822823
2	9	2.2189247915910313
2	10	-1.1066703020762487
2	11	-1.8420212776860645
2	12	-0.8314480691497992
2	13	0.2778199422896904
2	14	-0.7900147804573758
2	15	-0.40795843219348865
2	16	0.7843143154189548
2	17	0.6439490263678361
2	18	-0.33999997315729974
2	19	1.4856690167987465
2	20	0.021280836058150756
2	21	0.2500942879738799
2	22	-0.18231255732175988
2	23	3.227735503771033
2	24	-2.3990653570917684
2	25	-0.6726463627216217
2	26	-0.6636449027090069
2	27	-0.5515781002509527
2	28	1.3617070664954152
2	29	1.2553152665550624
2	30	5.397731215225057
2	31	-0.7154429632440246
2	32	0.16711578951031245
2	33	1.0139152378466998
2	34	-2.5258234659189185
2	35	-2.0383466388393914
2	36	-0.6430891214569923
2	37	-1.1134139432603218
2	38	-0.41989971657873243
2	39	0.13289252493184192
2	40	-2.3940899257396446
2	41	-0.7621812767068114
2	42	3.918962241555207
2	43	-1.0484100884822076
2	44	1.0482201116548537
2	45	0.009748345819285673
2	46	0.5111005669475965
2	47	-0.8256467347387969
2	48	1.5767024118271618
2	49	0.5121178206784907
2	50	-0.008257333457036407
2	51	1.206782933894557
2	52	-2.5943597358934194
2	53	-1.0224813658036678
2	54	-0.9598822266896919
2	55	-4.43115546471955
2	56	-3.808838431151352
2	57	4.795891381663955
2	58	1.8854650630414715
2	59	3.4165155459198124
2	60	2.0052203760651817
2	61	3.253745602146799
2	62	-0.7011865796895584
2	63	2.427383280759308
2	64	3.5881761828967518
2	65	-0.14367235844199439
2	66	1.4856931564245155
2	67	-0.49362011392025934
2	68	-1.4749087135908943
2	69	-0.48585786246116874
3	3	NaN
3	4	-1.8906520462683754
3	5	-2.7370969173035835
3	6	-1.8527194394378121
3	7	-2.108453771838822
3	8	-1.940568015687055
3	9	-0.19224602001141125
3	10	-2.9420960396150986
3	11	-2.87169867555551
3	12	3.7570624435727202
3	13	-0.42250578963162483
3	14	-0.7138933220290515
3	15	2.5169379993206804
3	16	-0.5794667290463309
3	17	-2.505374037261715
3	18	4.096787571792668
3	19	3.3432472915430345
3	20	2.625991934206076
3	21	3.573658247097173
3	22	2.193431927872842
3	23	1.5289898221252878
3	24	-1.9595078327379951
3	25	-1.2845683615616978
3	26	-0.8335148216631504
3	27	-0.23385656439146216
3	28	2.4904896062432993
3	29	1.7539998040821687
3	30	1.4740168450764182
3	31	-0.7608903054562668
3	32	-2.180222076087749
3	33	2.5364898360389847
3	34	-2.2124512631496067
3	35	-2.09826039406665
3	36	-1.6607769525859823
3	37	-1.5873900947288693
3	38	-2.5340682946162256
3	39	-2.1218375052419476
3	40	-0.8594100656071162
3	41	-0.6356267177527631
3	42	1.0546714130934984
3	43	-0.08275778329598013
3	44	2.9659894302841097
3	45	-1.578919098572457
3	46	-2.005652750481872
3	47	2.3437918339081825
3	48	4.016109370947468
3	49	0.552547879963403
3	50	-0.169313465413995
3	51	-0.9778931384092268
3	52	-1.8217262716680243
3	53	-0.9493658091926886
3	54	0.08309355160580555
3	55	0.03269307386134912
3	56	-0.9587881658810957
3	57	2.1157937467356374
3	58	0.02854896321307843
3	59	-0.7671281350901566
3	60	1.2816548824733018
3	61	-0.02120995056647834
3	62	0.148915987667951
3	63	3.30344668998783
3	64	2.6311727104894733
3	65	-0.7887610275067892
3	66	0.6464924517164077
3	67	-0.27067372744942353
3	68	5.872622506330711
3	69	-1.1539268727407532
4	4	NaN
4	5	-6.653452590144696
4	6	-0.8801757691553771
4	7	-0.4344105987345601
4	8	-0.7453554670631172
4	9	1.6928964704518676
4	10	1.0668587649627201
4	11	-0.4701887174820499
4	12	-0.216119396657255
4	13	-0.23837483606071808
4	14	0.18457062167707822
4	15	-2.6561234300544996
4	16	-2.1388787445035313
4	17	0.14590944528226807
4	18	2.099244376945267
4	19	1.5940960131877937
4	20	-0.4578973610399535
4	21	-0.2346861120917766
4	22	-1.0671475125903558
4	23	1.0943351474446472
4	24	-0.006459580581872686
4	25	-3.747446851609832
4	26	-1.5090073485629418
4	27	1.2292358839242743
4	28	-1.4614493754318363
4	29	-0.6934007855914467
4	30	-1.5412755102203288
4	31	0.502546320258041
4	32	-0.43517768160717213
4	33	13.79811878463448
4	34	0.6631868696237098
4	35	0.5516158598802813
4	36	-3.5491749872337226
4	37	1.4484973929799148
4	38	0.9738355750274433
4	39	-5.5829199145481505
4	40	-1.2643230846179094
4	41	-0.5441144166116998
4	42	-1.8736084631289711
4	43	-2.05866972215088
4	44	-2.77954566903462
4	45	-3.4492659332867075
4	46	-1.4433988918869796
4	47	-2.027455417885452
4	48	0.02218628020656112
4	49	0.0054489070836410995
4	50	-1.5540861092129792
4	51	-5.405758813355048
4	52	4.354876112246734
4	53	0.11810963707822211
4	54	-0.5228328830425523
4	55	5.086508785563821
4	56	-1.430228838215132
4	57	7.916764636000418
4	58	-3.6055170905389358
4	59	20.27864164868005
4	60	5.310387781787293
4	61	-1.8936799555080945
4	62	-2.690167730631008
4	63	-0.49238100901016124
4	64	-2.837563858269366
4	65	1.1165972896746317
4	66	1.952212508451245
4	67	0.1850115501733979
4	68	0.3377905354725403
4	69	-2.4674689392444518
5	5	NaN
5	6	-1.4099861065094705
5	7	-2.475380423377423
5	8	-0.9608098878543984
5	9	-3.518545567317
5	10	-3.919084185934931
5	11	-4.430766403291511
5	12	-2.766902057468799
5	13	-1.9268156325364736
5	14	-0.38538114236150106
5	15	-3.9404788007224094
5	16	0.6825757331304598
5	17	-1.4099086472533082
5	18	-1.9144254379769856
5	19	-2.4520782501740905
5	20	-1.9830128573329657
5	21	-1.4173177923815827
5	22	-2.2628146373257394
5	23	-3.196413617830594
5	24	-2.977312961383262
5	25	-2.8359500644276134
5	26	-1.4063384452863477
5	27	-5.100661156960931
5	28	-0.06890584142017084
5	29	-1.9989328592585232
5	30	-2.497006586048821
5	31	-0.25750089445873586
5	32	-0.7224338370109433
5	33	0.6747092107017305
5	34	60.56553603776637
5	35	-0.865470792628111
5	36	52.119266590653105
5	37	-2.4282069944070477
5	38	-5.511896642280473
5	39	-2.8961823622773624
5	40	-2.680247164507004
5	41	-0.7014690596990232
5	42	-1.0542936089900532
5	43	0.6548229518831042
5	44	-0.023806618631025317
5	45	0.21177140481857157
5	46	1.0754774498890907
5	47	-4.474384755956019
5	48	1.4490883526382605
5	49	-4.023894934460408
5	50	-1.1447818219266948
5	51	-2.07442444732445
5	52	-1.9414087367915895
5	53	-5.056468748223262
5	54	-0.8059237297521707
5	55	-1.7372201536150054
5	56	-1.6523255272425974
5	57	-0.9510772957152906
5	58	1.317961200593807
5	59	2.741281766798539
5	60	-0.9323248201302357
5	61	-0.964496355822207
5	62	-0.06493229474577683
5	63	1.6739866833154364
5	64	-2.0927212378815216
5	65	-3.3888833908330036
5	66	-1.6548607564237663
5	67	-3.6040412232742747
5	68	0.5859835332487963
5	69	0.6365568543530333
6	6	NaN
6	7	1.280335917263342
6	8	0.6953208852944843
6	9	2.7116442015441136
6	10	3.0613884271896774
6	11	-1.0152465463488203
6	12	-2.666440099641967
6	13	2.8331849024696942
6	14	2.2929238178932736
6	15	-2.674099430671209
6	16	-1.7171470141486103
6	17	1.7581125335573984
6	18	-2.8651053463421126
6	19	-2.2348347275865486
6	20	1.155375608875306
6	21	-3.179323382245319
6	22	0.3322253369844153
6	23	0.168256038668279
6	24	5.720102350355143
6	25	-1.0563373988518923
6	26	-1.6624440342492963
6	27	2.224363644338209
6	28	-3.699820187708566
6	29	-0.8790992067859421
6	30	-1.5056896190996731
6	31	1.2102032483761578
6	32	-2.6314662216169085
6	33	-1.563644660332453
6	34	-3.813258594507336
6	35	3.610064279113912
6	36	1.134473137587149
6	37	1.137737169055649
6	38	1.4969192639285602
6	39	-1.2015840707998875
6	40	2.129190165789144
6	41	0.19859117302363796
6	42	0.7835261118823167
6	43	0.5815344084855282
6	44	-1.4487915081060938
6	45	0.3079139547273713
6	46	-1.9306086667536386
6	47	0.13573894025742564
6	48	-0.5231942118594997
6	49	0.8862544935050679
6	50	1.2725821883080197
6	51	-1.1438455652602397
6	52	1.3598384415177307
6	53	-1.0215614588754767
6	54	0.8819519630243626
6	55	2.735142074917175
6	56	2.2860029777697073
6	57	4.495139491718564
6	58	-0.9857638201707426
6	59	-0.13320011460676556
6	60	-0.7938895305684986
6	61	-2.1264178993919143
6	62	-4.151892418819945
6	63	2.6863153477609467
6	64	1.3534952738367614
6	65	1.4006699301969623
6	66	-2.4418898005621736
6	67	-4.13092283026665
6	68	-2.512024444608955
6	69	-1.762133469429798
7	7	NaN
7	8	-3.982169532736832
7	9	0.03166931628744252
7	10	-4.948438730495976
7	11	-0.5173393444550635
7	12	-1.4772849457608284
7	13	-2.8641757066263778
7	14	-0.23068663494182348
7	15	0.660115217301194
7	16	-3.0834914712887462
7	17	-1.7459159927570744
7	18	-0.5347800325944218
7	19	1.8681977678612014
7	20	-2.51779964936249
7	21	-3.7661700017540203
7	22	-1.0949839350256658
7	23	2.0643955180335
7	24	9.063594411451849
7	25	-2.159544429867863
7	26	-4.5386440784960165
7	27	-1.1485385100212233
7	28	-2.8877411078127895
7	29	-3.5038277534763673
7	30	-1.881961680548612
7	31	-1.4190401478159385
7	32	-2.607100219899332
7	33	-0.7311874144902242
7	34	-4.306817669345629
7	35	-0.014930407661772414
7	36	61.676614338543885
7	37	1.9659075577284795
7	38	4.035663851185312
7	39	-0.35488680841497955
7	40	-0.7991775224354267
7	41	-2.0661245147148497
7	42	-3.866586479483723
7	43	1.5388825314065389
7	44	2.7425561057649714
7	45	-1.7538190716247133
7	46	0.5713917645340651
7	47	-1.7512412049536088
7	48	-1.0923438130785625
7	49	-0.633697722634912
7	50	-2.344970715111864
7	51	0.3310190018059247
7	52	-4.853610764041537
7	53	-1.1915152519293148
7	54	-0.2913650186764428
7	55	-1.3209958203374081
7	56	15.900947292133377
7	57	-4.047134266603052
7	58	-1.4980188990027064
7	59	-4.976518916904191
7	60	1.3696396837897016
7	61	-2.350440931195392
7	62	-1.3693391538978232
7	63	-1.7945914730495252
7	64	-1.3110265994916406
7	65	-4.1345533008074415
7	66	4.213875135685257
7	67	-0.10759454933534852
7	68	-2.650335589559507
7	69	0.3153326964785044
8	8	NaN
8	9	0.9766825225392266
8	10	2.803433365771781
8	11	-1.599672320947877
8	12	-0.6550542095319952
8	13	-0.5202193193301242
8	14	-0.6450788046315659
8	15	0.21981850408408035
8	16	-0.9567163022960726
8	17	-0.38089103675321045
8	18	-3.231630244472078
8	19	-1.5396024075131756
8	20	-0.0363692877130841
8	21	-1.074953479166779
8	22	-2.108770413972395
8	23	-0.11004770269617835
8	24	6.1986786094068815
8	25	-0.7823334992271072
8	26	-0.27579518830241867
8	27	1.4339896900991813
8	28	-2.654954595832057
8	29	1.1632563833350764
8	30	-1.256563105086288
8	31	-1.000633272969426
8	32	-2.358984202663072
8	33	-0.667266419144463
8	34	-4.036437786996627
8	35	-0.7581521921858723
8	36	-3.1522558290634004
8	37	37.87101123472247
8	38	0.8523000132697828
8	39	-3.086533506315577
8	40	2.4218357078227637
8	41	0.3569023230596588
8	42	-3.6593099709262096
8	43	-3.282637113845005
8	44	-5.7826980554276375
8	45	-1.5455520888542593
8	46	-3.5413154706144843
8	47	1.2336093975294642
8	48	-2.839893666691845
8	49	-0.37358229642332336
8	50	-1.6182315056520253
8	51	-2.0780362678028306
8	52	2.1592265855082706
8	53	13.37811105808278
8	54	0.6672023229580571
8	55	1.2875575439562565
8	56	-0.13573456979681933
8	57	-3.0587934441088183
8	58	-0.8805313115330433
8	59	-3.776570144938188
8	60	-0.3689156398559781
8	61	1.161330207001712
8	62	-2.242257808906055
8	63	1.9584848486895927
8	64	-0.23514370043657587
8	65	0.5516462614217214
8	66	-2.590180405235442
8	67	-0.14792340618782418
8	68	0.6404197946976296
8	69	-2.3533906604636305
9	9	NaN
9	10	3.304962394738095
9	11	-2.2289525650502098
9	12	-3.1314311949643936
9	13	-0.22785385461667274
9	14	-0.9240396143633809
9	15	-0.7286551759308953
9	16	-2.091444193606419
9	17	-0.7239422290083436
9	18	-0.18043440687948092
9	19	0.0578854799495049
9	20	2.490555989946506
9	21	0.8214491887387654
9	22	-0.301942808338644
9	23	1.0285344014172275
9	24	1.8637500391863964
9	25	0.050398601711782856
9	26	-2.6770162383811074
9	27	1.9057972228773372
9	28	-1.0983525857268919
9	29	-4.554889070501842
9	30	-2.0435531214453846
9	31	0.5744593322080053
9	32	-3.6036328665415795
9	33	-0.963906115995829
9	34	-1.9154986468656598
9	35	3.0200982027125494
9	36	-4.511186192533953
9	37	1.4565466601649513
9	38	2.9764960232450455
9	39	-0.1111392455679566
9	40	-0.008507490095579997
9	41	0.6325902959830191
9	42	-2.2913162665197375
9	43	-0.08320507054848193
9	44	-1.8481334385673367
9	45	-1.1023862452484334
9	46	-0.8005158496379021
9	47	1.7397761599165165
9	48	-1.1333837002010132
9	49	2.7922295452670975
9	50	-3.8413345640108014
9	51	0.9295016845668727
9	52	3.1440122541439126
9	53	2.1392868219052885
9	54	-1.865705697073431
9	55	2.5785598469378814
9	56	2.532024963033907
9	57	3.3282762951690983
9	58	-4.669449741737392
9	59	-2.4341485352679233
9	60	-0.6034002130168473
9	61	0.2564344066527965
9	62	0.3466883152790388
9	63	1.2937411397555525
9	64	-1.9486460965205368
9	65	0.5759553406708637
9	66	3.020412412439817
9	67	1.7734652595151041
9	68	-0.17896516889877415
9	69	0.7130531221894026
10	10	NaN
10	11	-0.07778124178748913
10	12	-2.20825017783895
10	13	-2.0176352104889834
10	14	1.7326628682751144
10	15	-2.788945033301349
10	16	-3.7600100583954634
10	17	17.43452555700557
10	18	-1.675266539922606
10	19	-3.9920269464148044
10	20	2.6363831395483737
10	21	-3.0877447487634115
10	22	-3.6471076252885024
10	23	-1.7380882989562993
10	24	2.606838189898483
10	25	-1.3667823135613422
10	26	-4.984272503577837
10	27	1.7081257606366316
10	28	-1.3310239560632562
10	29	-2.836156139910739
10	30	-1.9152662493933157
10	31	0.7287166618618822
10	32	-1.9881178796838672
10	33	-1.5144834430549736
10	34	-0.8441482946034918
10	35	1.1929547165189738
10	36	-1.76050015024301
10	37	5.598116398362174
10	38	1.2696323861445402
10	39	12.189348892328885
10	40	3.503900759624947
10	41	0.8630831422241338
10	42	-1.9430818486741694
10	43	0.6205575574826634
10	44	-2.113883098010512
10	45	-3.625121817556891
10	46	-2.0820209218096455
10	47	-3.22146398336595
10	48	-2.367985675883352
10	49	1.3765890638888816
10	50	-0.9204305297909663
10	51	-3.556363156860518
10	52	0.9112875040050185
10	53	11.00881582892317
10	54	0.6542403713024452
10	55	1.9804874271030395
10	56	1.180881352548738
10	57	-1.019397938434914
10	58	0.5321113769288301
10	59	-1.339897546153743
10	60	-2.261491281242266
10	61	-4.322895778969343
10	62	-3.0647650297692297
10	63	3.901924263064331
10	64	-2.2261909459205134
10	65	3.221229228243434
10	66	-2.041895742415599
10	67	1.1006735428458065
10	68	-0.81859883892703
10	69	-3.25580413359777
11	11	NaN
11	12	3.0985874101806195
11	13	-1.6915468953604005
11	14	-0.7895485344469634
11	15	-1.3587460992669642
11	16	-0.13439486524741595
11	17	-4.949211882487911
11	18	-0.18634045579311748
11	19	0.5039680278843689
11	20	-0.3496755925782831
11	21	1.2837353755169607
11	22	4.731573771076425
11	23	3.892675778609036
11	24	-0.8507574287142895
11	25	-1.3015633191523055
11	26	-2.0182648102046286
11	27	0.6707318742293745
11	28	1.2799071227907448
11	29	0.42410296566493394
11	30	-2.008698049136747
11	31	-0.17403613334442225
11	32	3.986506220403006
11	33	-0.1879011307960786
11	34	0.47063145428440883
11	35	-0.031744531013492096
11	36	1.2843554211902448
11	37	-0.25120393297000304
11	38	-1.2122526478546651
11	39	3.9607351507686093
11	40	-1.3106380517949048
11	41	6.6944961061828625
11	42	0.6221253579887045
11	43	-2.4508008388752986
11	44	0.7331562757606421
11	45	0.6362712931080647
11	46	1.5363341692789185
11	47	-2.930462659203718
11	48	-1.4780354189538876
11	49	1.0115684976496238
11	50	0.7039208897423129
11	51	-0.3015947924765155
11	52	-3.4759161006028685
11	53	-1.6922725652978339
11	54	-1.9971112461382903
11	55	-3.3906892295465063
11	56	-1.7635685933464649
11	57	0.4686980797522061
11	58	0.4881777005008842
11	59	3.8287405944492727
11	60	1.3974114196826894
11	61	3.8335284949935553
11	62	2.9089593893976677
11	63	-0.5323225880396807
11	64	-1.9483846873058817
11	65	-0.778064549111864
11	66	0.46143679488494876
11	67	1.568167386493911
11	68	0.0975533614091262
11	69	1.5546338925815721
12	12	NaN
12	13	1.718796974706373
12	14	-0.5324887602601652
12	15	1.5363375364062646
12	16	-1.437406745276395
12	17	-1.6634720674452044
12	18	0.025210871700930934
12	19	0.4714523711536978
12	20	-0.9215941402991548
12	21	1.0784672575539362
12	22	3.191469036473815
12	23	-0.18208813093634854
12	24	-2.4054189060884217
12	25	-0.7791053121720074
12	26	-2.4744965002735895
12	27	-1.2355269813107326
12	28	1.8437282038501508
12	29	0.3425456142144364
12	30	-0.3257139406572303
12	31	0.10508831036722681
12	32	-2.113825148990304
12	33	1.2340219736861784
12	34	-1.3219372691103106
12	35	-4.201494303443566
12	36	2.0520073609173055
12	37	-1.1393033302909494
12	38	-2.8520536451485388
12	39	31.72332782280219
12	40	-1.4598378176150675
12	41	8.175932127214184
12	42	0.9181586069485923
12	43	-1.5534260794818577
12	44	3.3446339953047226
12	45	2.3586516847733874
12	46	0.23336220316998635
12	47	1.2059869107959909
12	48	-1.9674446909304064
12	49	0.3626013794605437
12	50	0.9003628386045914
12	51	-1.5058363416476341
12	52	-0.6379147354152099
12	53	-4.490625316694176
12	54	0.4535923863497507
12	55	0.025157701260275105
12	56	-3.8878221152700467
12	57	-1.5255357973713681
12	58	1.1847749258337001
12	59	-4.524117976661101
12	60	0.8276470540077695
12	61	2.157291339854336
12	62	-1.0364686734125768
12	63	-1.957549940442966
12	64	0.0677539359900358
12	65	-3.2416773404405204
12	66	-2.9504196373172284
12	67	0.8395527610376982
12	68	1.6117909417253309
12	69	-0.42365846235279514
13	13	NaN
13	14	-0.24766011798282328
13	15	4.031021787131577
13	16	0.9305641933113472
13	17	1.763512881126777
13	18	-2.1696070027458094
13	19	-0.7388620399577546
13	20	-1.4325848118884545
13	21	-0.43503335494545436
13	22	5.3139791452360825
13	23	-1.3600059777398479
13	24	0.04221591398365431
13	25	1.8134527272610959
13	26	2.426765118590827
13	27	0.9467724434462496
13	28	-0.9784097513891122
13	29	1.4561588740601046
13	30	-1.319335827808051
13	31	-0.27165387619242626
13	32	0.8627943969418941
13	33	0.8828698957299776
13	34	0.9762819925089017
13	35	-0.03382545200890955
13	36	1.7729810729443076
13	37	-2.1489445039669577
13	38	-1.1970106534323806
13	39	-1.6645798788056168
13	40	-0.2795023712069792
13	41	-1.9145966973564768
13	42	2.0395460734236672
13	43	2.2306399234514145
13	44	0.1811388776528551
13	45	-0.7443593715162616
13	46	-2.2471928182468046
13	47	0.8144081880613615
13	48	1.587873618961932
13	49	-0.7462682147345825
13	50	0.213171543157373
13	51	0.5343721361112983
13	52	2.393115359511769
13	53	-4.036642367385699
13	54	0.7187562605717233
13	55	-0.155919696322527
13	56	-2.6516910332701893
13	57	-0.23244470989613686
13	58	-0.07095838856063544
13	59	-0.9384157008847412
13	60	-0.695951162789615
13	61	3.517600443544192
13	62	-2.103507531334553
13	63	-0.3691615531244965
13	64	-0.518677747776572
13	65	-1.0572131953089967
13	66	0.006051812988346527
13	67	0.6461433838140698
13	68	1.6805356430230232
13	69	0.04747349953412605
14	14	NaN
14	15	-0.1340565853366292
14	16	1.4456512657962577
14	17	-0.7898165922954321
14	18	-0.4775835791349703
14	19	-1.9116242875087275
14	20	0.0022910328697713514
14	21	1.3835776987892563
14	22	0.6432846623744509
14	23	0.843029916245723
14	24	0.2279744424048228
14	25	-3.075244543611407
14	26	-0.15705266469631035
14	27	-1.2266433271933646
14	28	1.0281410819099555
14	29	0.19997779922721828
14	30	1.633548208802601
14	31	-0.9171722142782082
14	32	1.7844313454657863
14	33	2.1536296943616717
14	34	-2.54378174436529
14	35	-0.2954987334932859
14	36	0.7292359961373128
14	37	-0.7467129045478267
14	38	-2.2612407310496243
14	39	-3.799528337681067
14	40	-0.8730651466039496
14	41	1.1922680778367352
14	42	-0.11365987185079147
14	43	-4.049062533233016
14	44	-0.6071256146018199
14	45	0.9576650472263278
14	46	-0.38095985438661395
14	47	-1.3489035737856128
14	48	1.00087322054881
14	49	-1.3586128992535484
14	50	-2.7237345399128094
14	51	1.7138845739915562
14	52	12.098091397883909
14	53	8.702335934141773
14	54	-1.205893862675846
14	55	-1.5808376699226718
14	56	-2.01501199487871
14	57	2.123033273522654
14	58	-0.5990504077988713
14	59	-2.005125565876494
14	60	0.9461471334450351
14	61	0.5241181590811913
14	62	-0.09662761909696403
14	63	0.27488063592289796
14	64	0.9186689392093977
14	65	-2.0363794606018195
14	66	-0.13422849217507812
14	67	-2.3993318341129757
14	68	-0.42651332449399343
14	69	-0.28845141878651975
15	15	NaN
15	16	3.0173732725362807
15	17	-2.8605922122472927
15	18	6.467077359424201
15	19	3.7563383443063727
15	20	-2.5909936164799343
15	21	-0.627247139086269
15	22	1.4133824177164167
15	23	1.755677687110347
15	24	-0.7817264247074566
15	25	2.9628704598250657
15	26	3.6800449964207504
15	27	-0.5530861785803544
15	28	0.7163928064533377
15	29	-1.7943996967573324
15	30	-2.8567916886207403
15	31	-0.4969923727614246
15	32	-0.21789740243660485
15	33	0.21335888025289584
15	34	-1.9694455810618046
15	35	-3.9719970933205193
15	36	-4.560527624514132
15	37	0.08937451171372382
15	38	0.8232149730973648
15	39	0.6821465091121267
15	40	0.18259606902657244
15	41	-3.109979761643305
15	42	3.537599284722289
15	43	0.9785163426645245
15	44	1.515132743263686
15	45	-1.9255603269055823
15	46	0.5823963002894383
15	47	1.7028154060257172
15	48	3.086435309332062
15	49	-0.886005861154025
15	50	-3.151030116470934
15	51	-0.8120301109435639
15	52	-1.9537070796052067
15	53	0.25130426945469725
15	54	0.9114201517980104
15	55	0.8114548149387437
15	56	-2.432097325743554
15	57	-0.40767585338697665
15	58	3.5517391676301338
15	59	-0.10898903447437873
15	60	-1.6091849726067855
15	61	3.114269564279404
15	62	4.6932843902151244
15	63	-1.448274884828307
15	64	-0.5216855902811389
15	65	-0.9545502913050412
15	66	1.5030188987565687
15	67	-2.691476395740341
15	68	1.1157194147404856
15	69	3.4085064914110754
16	16	NaN
16	17	1.283729334213862
16	18	2.1425684137695775
16	19	2.5995901496717213
16	20	1.1338599791052641
16	21	1.5917500706440189
16	22	3.322634884827639
16	23	-2.0337077807667883
16	24	-2.7025215615807827
16	25	-2.0651551611340544
16	26	1.3447330957834505
16	27	-0.44076083226516904
16	28	3.7912597943292736
16	29	2.922021284637147
16	30	0.8128447132725951
16	31	-1.5536465249736582
16	32	-1.7374182622884986
16	33	1.1932016711646167
16	34	-3.5657505572220014
16	35	1.6202728082178088
16	36	1.1278879110552085
16	37	-1.6790526008998323
16	38	-1.7891043239267437
16	39	-1.1062820206751036
16	40	-0.43178308415151556
16	41	2.108161725356752
16	42	-0.647392843371769
16	43	2.8112256554051065
16	44	0.8515826924234473
16	45	-0.4446355153151017
16	46	0.8692091521445902
16	47	2.360395230570282
16	48	-1.3413027428526687
16	49	-1.9059099625180147
16	50	-2.255823287106213
16	51	0.7437734123482964
16	52	-2.899760097449411
16	53	9.15973765505466
16	54	-1.2291604650326995
16	55	-1.5758133778615286
16	56	2.0444029314284484
16	57	-0.16806478785146747
16	58	-3.379726214906753
16	59	1.831126229463524
16	60	0.20370113817210678
16	61	4.306554122605963
16	62	0.5702482491595982
16	63	-0.9233228588886367
16	64	-0.7045763148632214
16	65	-0.944275441789286
16	66	-1.3341820258233432
16	67	0.6209112815313397
16	68	1.1340102573731758
16	69	1.4559437024468407
17	17	NaN
17	18	-0.6275722835427067
17	19	-1.260277710614271
17	20	2.2054198883013023
17	21	-1.3779813279897524
17	22	-2.929570737777656
17	23	-2.75001386778013
17	24	3.067980343972243
17	25	-0.15210550983223892
17	26	-2.456877380146082
17	27	0.7040958700539623
17	28	1.1593345448010732
17	29	0.5400168069348207
17	30	-0.36113151833310037
17	31	-0.28226813090366837
17	32	-2.0454972102979245
17	33	1.4480747319411458
17	34	-2.208758185719516
17	35	0.5635115113399521
17	36	-2.433889737008881
17	37	1.9385261180145503
17	38	0.519241262063317
17	39	-0.8242025569826116
17	40	-0.8363630016217822
17	41	0.3580701822637643
17	42	-1.276118710417094
17	43	-2.2575665614766973
17	44	0.07095171703267984
17	45	0.29493811813747506
17	46	0.22070309576421454
17	47	-0.32505617290583394
17	48	-2.255639167791269
17	49	-0.3194717107427368
17	50	-2.5699003641050786
17	51	-0.9902665218050462
17	52	8.854672837130243
17	53	3.4562386466962427
17	54	-1.3160863081784553
17	55	1.9270747289021157
17	56	-1.3793747655580593
17	57	-2.871424315383813
17	58	-2.2173614022687795
17	59	-0.7073708020947345
17	60	1.4789745295112278
17	61	-0.1630871742574758
17	62	-0.7692749164193698
17	63	1.399468751148702
17	64	-1.4056320264571485
17	65	1.8430151199165687
17	66	2.533789102369006
17	67	-2.414659156373404
17	68	-2.374159672810776
17	69	-1.692739446461431
18	18	NaN
18	19	1.0080139560428152
18	20	-0.4869644061103594
18	21	-2.450587000206132
18	22	0.4285915861634827
18	23	3.244972112667798
18	24	-2.584251799726665
18	25	1.8292599873318072
18	26	-3.340302877727517
18	27	-4.289340064409877
18	28	1.2484399993946396
18	29	0.47972127239483087
18	30	-1.1245240267345105
18	31	0.7447692104387436
18	32	1.4226595087523248
18	33	1.7788542132765544
18	34	-1.0585758799272826
18	35	-1.3269800088592807
18	36	-2.853576338876274
18	37	-1.9161441129727512
18	38	-0.5529829348153309
18	39	3.811854422749166
18	40	-0.8936407738327717
18	41	-0.5280798510481034
18	42	3.5756037377300305
18	43	1.0056532645182084
18	44	0.6795261954710895
18	45	1.2499649205527101
18	46	1.0645190866644874
18	47	6.048355205258349
18	48	-1.5848672045874546
18	49	-0.6216412887708346
18	50	-0.5616620845254631
18	51	3.4600317250823696
18	52	-0.03950119770356053
18	53	-4.32082003272395
18	54	1.1770424902612684
18	55	-0.7461476606853144
18	56	0.23377578807224406
18	57	1.4841342990318553
18	58	0.7736318971733216
18	59	2.598919100828662
18	60	0.26898788525867445
18	61	0.5020357922447394
18	62	0.45284188838069955
18	63	-2.944893131640227
18	64	4.1045422686900315
18	65	-1.676475522335131
18	66	-1.6605647903330838
18	67	1.621124305326148
18	68	2.041512618644105
18	69	0.4113305642687513
19	19	NaN
19	20	1.4868603840472707
19	21	3.303113341645344
19	22	0.4842247102490364
19	23	-0.35414712372854285
19	24	-1.6072411278877443
19	25	-3.992174469631697
19	26	2.8152246472438285
19	27	-1.0266110004273368
19	28	1.1852537081484757
19	29	-0.7818158185710739
19	30	0.48693583446548094
19	31	-2.24039142148123
19	32	-0.9383392349711558
19	33	2.094911446056445
19	34	1.3995314873711995
19	35	-2.2969435594489545
19	36	-2.89499214625746
19	37	-1.4256490588041084
19	38	-1.3577432878800062
19	39	-0.3530880508149083
19	40	-1.6866941302145204
19	41	3.066285327521829
19	42	-1.0080988170454719
19	43	-1.3641944939635455
19	44	0.666524138548959
19	45	0.9646411771096994
19	46	1.5045822134750253
19	47	1.2399016308769288
19	48	4.4436909806494285
19	49	1.9792941984589636
19	50	-4.33318722041651
19	51	5.01898818648213
19	52	0.20536802386122469
19	53	-0.5859654173440965
19	54	-2.5157002035881155
19	55	-4.255578391232909
19	56	-3.611124285277627
19	57	0.704506146966074
19	58	2.1428945715630845
19	59	0.28167206067756356
19	60	2.1086746431893033
19	61	0.25136209595235137
19	62	4.2420693328970565
19	63	-1.7280442401439147
19	64	0.8872631200988376
19	65	-2.036084730322017
19	66	1.8239798688447897
19	67	0.927992452187645
19	68	0.39556863343548243
19	69	4.1300864225327025
20	20	NaN
20	21	-3.701389115792081
20	22	-1.5217215862273554
20	23	1.5170117153289773
20	24	4.044703366585298
20	25	-2.5132556724810593
20	26	1.1823888626249972
20	27	2.2993124926801523
20	28	-0.20437652653103075
20	29	-1.8709224445666213
20	30	-1.8410571847159551
20	31	0.37607165503058215
20	32	-0.30751477299572416
20	33	-2.152629670081672
20	34	-1.4803442961952815
20	35	2.0009909858668236
20	36	-3.9024017127478774
20	37	0.03436634051426489
20	38	-0.9108427694191306
20	39	-0.6157446165644189
20	40	0.7088637636280175
20	41	-1.350884709709327
20	42	-0.7547218751344617
20	43	-1.4249885433509037
20	44	-2.341895828764613
20	45	0.7904638198925291
20	46	-2.1844175749097907
20	47	-1.9655647332097421
20	48	0.41309488566509256
20	49	1.5897379407206391
20	50	0.17874780322219513
20	51	0.28265399107985995
20	52	4.781714845480286
20	53	6.8915503211507385
20	54	-0.7045337029091503
20	55	2.1738525543040197
20	56	-0.9519528331224614
20	57	-1.703336021273087
20	58	2.266205230167835
20	59	-1.562338092113072
20	60	-3.244499438025801
20	61	-1.3285842245262258
20	62	-1.3281763632139227
20	63	1.4035821348969904
20	64	-1.127010021125842
20	65	0.007589593925481711
20	66	-0.5567326075086924
20	67	1.1850127417719756
20	68	0.7657778450906572
20	69	-0.028528245448755096
21	21	NaN
21	22	4.497769315944044
21	23	3.5176634476345794
21	24	-3.9188001203253817
21	25	1.0697924033985695
21	26	1.5655967664673058
21	27	-0.00013227373705922862
21	28	0.6327282344237449
21	29	-1.7204131867889318
21	30	1.1621955437556277
21	31	-1.830814371994093
21	32	1.7682996877862471
21	33	-2.0898255117260525
21	34	3.283192069113081
21	35	-2.6910207476613577
21	36	-0.09002006030109544
21	37	-1.3019397128904755
21	38	-1.6445955282612812
21	39	-0.9209662572148906
21	40	-0.20900340747030394
21	41	-1.3311885193890194
21	42	1.815195018054834
21	43	2.17157784073342
21	44	3.836770123073615
21	45	1.286445298288752
21	46	4.475974199374283
21	47	1.2893419727711186
21	48	3.0704446244851775
21	49	-0.05977119469358502
21	50	-3.3453250605627383
21	51	0.5721697850246474
21	52	-1.6508740753691504
21	53	-3.2047280081503073
21	54	3.0849624120219157
21	55	0.13858118452392032
21	56	-0.14164771019492275
21	57	1.4641479922295297
21	58	-1.360367517415317
21	59	1.197385684692151
21	60	-1.0938004870955684
21	61	2.4918105688377326
21	62	3.659381915945592
21	63	-1.037960349429558
21	64	-1.6521144659078313
21	65	-2.1384817622619687
21	66	-0.9336817706606713
21	67	2.312949847991777
21	68	1.4982477967590155
21	69	-3.6804697849081967
22	22	NaN
22	23	1.5598596529547673
22	24	-2.0148559093338743
22	25	-0.6248545610672924
22	26	1.1403016406800857
22	27	-2.478957268944394
22	28	-1.6780995274077912
22	29	3.0225969456207316
22	30	-0.3224058651177211
22	31	-1.5567182141784233
22	32	1.2444170999828659
22	33	-1.418385319258128
22	34	-0.14426079336522746
22	35	0.3600325663871778
22	36	-0.6629210405399852
22	37	-1.7341881982256484
22	38	-0.998432858412631
22	39	1.9670392576695421
22	40	1.9791515964887354
22	41	-4.5575843109102445
22	42	-0.2141499533286719
22	43	-1.5955328046041346
22	44	1.194585512291628
22	45	2.155850556733978
22	46	0.27357457299088844
22	47	0.4514830478510013
22	48	-0.9347165449638261
22	49	0.08665566010505535
22	50	-1.6798764820960363
22	51	2.60880472358332
22	52	-2.4967193945818296
22	53	-1.385278183680989
22	54	1.0317661568656182
22	55	-3.164687962952853
22	56	-1.0867972599223246
22	57	1.920242495069015
22	58	1.1608789978071001
22	59	2.283011681854694
22	60	-2.004902619116921
22	61	1.7420798162595998
22	62	0.2830191135852795
22	63	-1.5043144453617507
22	64	3.922163571760236
22	65	-2.8015638553135824
22	66	0.7809777472828251
22	67	-0.04992873712354472
22	68	-1.4850983634009602
22	69	1.6408208118419327
23	23	NaN
23	24	-3.1649999058981297
23	25	-2.3099931670105742
23	26	3.9992443596718363
23	27	-3.00702256014457
23	28	-0.6227257537779269
23	29	-0.9033911545693131
23	30	-0.5495787801121096
23	31	-0.02632496718729253
23	32	0.1349780471398616
23	33	-1.2812221396488739
23	34	-3.813185218798535
23	35	0.48516944784446553
23	36	-3.48067690111439
23	37	-0.9462729263825203
23	38	0.032635745063821074
23	39	-2.582489136113597
23	40	-0.611271431584668
23	41	-1.9668867625951485
23	42	4.326668291322817
23	43	0.20354813498810373
23	44	-2.3464760711554167
23	45	2.097272527722601
23	46	1.2311501953091217
23	47	2.3211887903154746
23	48	3.3886263586264707
23	49	-1.1907732007638698
23	50	-1.776545141450708
23	51	0.02301736699257392
23	52	0.9300749063527513
23	53	-2.645928083043997
23	54	2.5233853066889718
23	55	-2.5178627677516103
23	56	-3.0205090613229104
23	57	1.264758114152897
23	58	1.1245687712568602
23	59	3.9129659329544157
23	60	2.792680435114947
23	61	-1.2071995049479118
23	62	2.5684166837924107
23	63	-3.234307825866804
23	64	1.0160723469263395
23	65	-0.37410097960423705
23	66	2.675462700127676
23	67	-3.1187634123001935
23	68	0.25488155855960176
23	69	0.9131919820849644
24	24	NaN
24	25	-1.1681385067750707
24	26	-2.704372358006288
24	27	2.1215052772122514
24	28	-1.5837568816656515
24	29	-2.2642380818049976
24	30	-1.625835397916204
24	31	1.5201242536379211
24	32	-1.6350755494359535
24	33	-0.8047296404120139
24	34	-1.6984792674933749
24	35	4.01287872530475
24	36	-0.025010085408592946
24	37	6.2796557462292375
24	38	1.8421571068835456
24	39	0.031907903738726796
24	40	2.303265006091299
24	41	-0.4861645642386475
24	42	-3.6545599017148374
24	43	-0.12249414212710312
24	44	1.020175517257687
24	45	-0.7108791673348127
24	46	-0.6134638092407699
24	47	-2.3685392678600246
24	48	-1.3600198919706847
24	49	-0.5727063269200746
24	50	0.13965048289936405
24	51	-1.9382874738017173
24	52	1.7460288558629904
24	53	1.5652673250584017
24	54	0.5407395471934505
24	55	2.0643257083834343
24	56	3.32289596283773
24	57	-1.7495756959116575
24	58	-0.6242390190915427
24	59	-2.5347225251426173
24	60	-0.5031516470754234
24	61	-2.3840757315068144
24	62	-2.639129083299804
24	63	2.7399918781455237
24	64	-2.6171549318235483
24	65	0.28948899832431035
24	66	0.045206125757859816
24	67	-1.372705706420802
24	68	0.07733868724835335
24	69	-1.6485009602959497
25	25	NaN
25	26	1.371347387950124
25	27	-1.361519281854132
25	28	1.8417750764613279
25	29	42.958892544730176
25	30	-3.9967498921160254
25	31	-0.3916508110540387
25	32	0.2112422113021017
25	33	-0.8823819257414108
25	34	-0.041176621942301865
25	35	-0.7094463458033611
25	36	0.11043073430527077
25	37	-3.5019881620149844
25	38	1.7504676109544182
25	39	-1.8601602105900086
25	40	-0.4896827296741368
25	41	-4.490489703786235
25	42	0.9805154164819048
25	43	2.702116929891156
25	44	1.7545202016926147
25	45	-0.12114026772785834
25	46	2.5808668512495316
25	47	1.0979803206685463
25	48	-2.929872240045819
25	49	-2.2956554033891248
25	50	-1.9639922445066942
25	51	1.9976972985613355
25	52	0.5686892391563859
25	53	-3.0580627251191186
25	54	0.4542481711063268
25	55	-0.3881031684871399
25	56	-1.0568914589867089
25	57	-0.960727882086136
25	58	-0.5410157909129943
25	59	-2.7320432442701077
25	60	-0.3514238715143698
25	61	-2.764023604810403
25	62	-2.938366601656523
25	63	0.18438430047833404
25	64	1.0313504940769707
25	65	0.13202146025912362
25	66	0.6898882948716746
25	67	-1.4540610192007863
25	68	4.865227970031582
25	69	0.3346491953383648
26	26	NaN
26	27	0.751309580134884
26	28	-0.15893235288030663
26	29	-2.67219820625728
26	30	41.33562463808733
26	31	1.3152094228889872
26	32	4.765641660274576
26	33	-1.2480889384986615
26	34	-1.4020035960660995
26	35	0.8974360490936665
26	36	-1.5827889590828865
26	37	-2.374969093091985
26	38	-2.6502717374476994
26	39	-0.8797690781210715
26	40	-1.501950571368646
26	41	-3.3069038450630055
26	42	0.6385568866314458
26	43	4.092894702204372
26	44	-0.3310843992283944
26	45	-1.9740127749597174
26	46	-0.022171371771423445
26	47	-3.099647088602874
26	48	-3.4606979951268384
26	49	0.03996088945384726
26	50	0.3699824594141426
26	51	0.4982745829864714
26	52	-4.079599674134028
26	53	-2.0443544588797566
26	54	3.1083315314010895
26	55	-1.80640585684938
26	56	-3.4058687283026705
26	57	1.3057113131112934
26	58	-1.3013181339322708
26	59	-2.81373060102454
26	60	0.2155363569037386
26	61	-1.1681148044260685
26	62	2.9534311724071745
26	63	-1.922829705053696
26	64	-0.5703761278596626
26	65	-1.6643345067754844
26	66	-0.9019630830520181
26	67	1.9176715312571329
26	68	-0.6707423648624631
26	69	1.3362497689435624
27	27	NaN
27	28	2.6632351435543833
27	29	-2.3080734193897157
27	30	-2.9604779937142163
27	31	3.188935197201346
27	32	0.7932853630456186
27	33	1.0062758458511956
27	34	-1.5230532687177052
27	35	6.266895324285761
27	36	-2.665302589024434
27	37	0.3684037368483728
27	38	1.671874167418218
27	39	-3.808187778185724
27	40	0.4289051679506155
27	41	3.845485697983356
27	42	-0.23336537935474772
27	43	2.131939360741173
27	44	-1.4784024458149543
27	45	-1.81281765948285
27	46	-0.20685159941386475
27	47	-3.233921393020906
27	48	-2.2514106049043714
27	49	1.377840768780379
27	50	0.5341962557547694
27	51	-2.4995823301709295
27	52	0.25964885057614734
27	53	2.9972535268462392
27	54	0.6066738277782526
27	55	0.4041927974787699
27	56	0.8442599727034571
27	57	0.8648597804008661
27	58	0.8284438229826698
27	59	-2.0188966778099298
27	60	-1.6172139125074119
27	61	-1.212414753950183
27	62	-0.2546455314751208
27	63	2.0073424929945194
27	64	2.8104302311574445
27	65	0.5004884741205583
27	66	-0.5893220208937084
27	67	-0.7156622797294795
27	68	-3.7193760108856955
27	69	-0.6740369732308034
28	28	NaN
28	29	-0.4110861667107057
28	30	-3.172992177783326
28	31	-1.0716388193563187
28	32	1.6648888388045477
28	33	2.471326641025472
28	34	-1.088211432790165
28	35	4.599177294224398
28	36	-4.564495757437242
28	37	0.9941970541017201
28	38	0.39518462915109
28	39	-2.0254387864954437
28	40	-0.663914735086307
28	41	1.6462647644773016
28	42	-2.2431462881815722
28	43	-0.8758843044417366
28	44	0.5888662684548404
28	45	0.6673528044232462
28	46	0.45285785972991627
28	47	0.9769891657145243
28	48	3.4220542430728824
28	49	-0.8433506853597765
28	50	0.5708918192565332
28	51	1.0377340990093806
28	52	-2.2536074808081135
28	53	0.8535192598006872
28	54	-1.0714019531735102
28	55	-1.6386525206196498
28	56	-1.7602986136499723
28	57	3.995942382854903
28	58	1.5776252196663665
28	59	-0.45724479041520477
28	60	0.34813172872468295
28	61	-3.44739907673493
28	62	-1.4813698983833503
28	63	-0.6884940704284085
28	64	-1.6250318332422322
28	65	-4.290101354789421
28	66	-0.7128281843904154
28	67	3.5601534362532137
28	68	1.6133806439890557
28	69	4.398069400824507
29	29	NaN
29	30	2.3948798872642643
29	31	1.3479710961521605
29	32	-0.8036943228428636
29	33	0.4848625573166289
29	34	-0.6623471508093423
29	35	0.3003094542253446
29	36	-0.0767384701327842
29	37	-0.37401935185778756
29	38	-0.5070471758710338
29	39	-1.6889500061639366
29	40	-0.5445868326662091
29	41	-4.5266392737243715
29	42	0.18818802152751335
29	43	-0.23663007406410191
29	44	0.2091817352010683
29	45	-2.2128203629845724
29	46	1.1891117943840275
29	47	1.9274041915251339
29	48	1.0062649101414247
29	49	0.7239574825351454
29	50	2.645215462453638
29	51	1.8473827496527964
29	52	-2.5248219687003584
29	53	-0.5549341138607242
29	54	-1.0801713042757193
29	55	-1.254909818183898
29	56	-3.4397959838811003
29	57	-2.725427892257006
29	58	-2.929366068023285
29	59	1.9198503032156637
29	60	-3.3184949699781354
29	61	-1.7875645186602107
29	62	-1.8756430952962406
29	63	-1.4890730857104721
29	64	1.1646996641972744
29	65	-0.10428250809949577
29	66	1.4452144061692562
29	67	1.7159198505558724
29	68	-1.7498734853466333
29	69	-2.1787963324185635
30	30	NaN
30	31	-1.547708995564801
30	32	-0.6318143286647944
30	33	-0.05257813849878741
30	34	-0.4584417538365594
30	35	-3.767370609661379
30	36	-0.39987033982802783
30	37	-2.2763888245027553
30	38	-1.79262237886255
30	39	-4.469085556659419
30	40	-1.9211229381682335
30	41	1.2361462577476667
30	42	0.08688376679304995
30	43	0.9380604570068533
30	44	2.7953206551880565
30	45	0.05539248730032781
30	46	1.1753088353914962
30	47	-0.980877594148391
30	48	0.780686195721972
30	49	-0.6490794637963356
30	50	-0.3323028302097463
30	51	-0.996907904890764
30	52	-0.328516651523998
30	53	-2.5317290965020276
30	54	-0.8598168724846276
30	55	-3.654770408707839
30	56	-4.731348382893971
30	57	-0.9554892207053418
30	58	0.5805987739154538
30	59	-0.5314598075287937
30	60	2.2729145928311296
30	61	0.6927108522865552
30	62	-0.26578690631374907
30	63	-1.1958610702043377
30	64	0.10054193623683302
30	65	0.007475493090811347
30	66	-2.9664840972681286
30	67	0.6754240713081778
30	68	1.841936626555003
30	69	1.987338870959315
31	31	NaN
31	32	1.4162301671415172
31	33	-1.1042627098853466
31	34	0.00028260202534650323
31	35	3.578462140700927
31	36	-1.4555855635099542
31	37	-0.261262721048103
31	38	0.42171500095618086
31	39	0.22778847631998816
31	40	1.031370469737895
31	41	0.9921434041268522
31	42	-1.4486478659062616
31	43	-1.453213345482216
31	44	-3.0241927987679533
31	45	3.0769014554298644
31	46	-1.4000611978494046
31	47	-0.3841601582310979
31	48	-0.08158820052932603
31	49	2.3328412972437924
31	50	-0.040360460563866996
31	51	1.642198481121082
31	52	1.2282271768961714
31	53	-1.449404009761443
31	54	0.7871796915218112
31	55	2.0110631315145957
31	56	0.251367885331145
31	57	-1.3479644777709665
31	58	0.7197768924193636
31	59	-1.6550043470453224
31	60	-0.257743687620406
31	61	-1.8555404042423997
31	62	2.4471905186840526
31	63	-0.2827384597011758
31	64	-0.488287592938728
31	65	-0.8423925989414934
31	66	-0.8692285473889076
31	67	-1.7387056174058397
31	68	-3.7635999634455586
31	69	2.0321019086334715
32	32	NaN
32	33	0.16442609880986206
32	34	0.7613589595904782
32	35	-0.1120962457096159
32	36	-0.7125311268630631
32	37	0.7584792259123132
32	38	-1.011757962340811
32	39	-1.4516957887873685
32	40	2.4945605677559866
32	41	-1.1897341470992235
32	42	-0.3755635278468174
32	43	0.6296352739723388
32	44	1.8499630731069205
32	45	1.3179205517946477
32	46	1.8067540230455166
32	47	1.3424434843610158
32	48	-0.9714680491225702
32	49	0.8420084741272044
32	50	-0.6620924919490994
32	51	1.221130672549181
32	52	-5.56839500333594
32	53	-1.232447168241037
32	54	-1.4193518893379033
32	55	-1.7253575142026738
32	56	-0.49844824770628415
32	57	0.2696036819036917
32	58	-0.1395974707783521
32	59	0.20020223581419794
32	60	2.2314447483739785
32	61	2.2068707958302882
32	62	1.6130465426131306
32	63	0.1619055992059214
32	64	2.8370828682401044
32	65	0.16876095940708558
32	66	-0.8191071933257906
32	67	0.2798109052273864
32	68	-0.6221276432155393
32	69	0.20446348676305465
33	33	NaN
33	34	0.35471867078512426
33	35	-0.028173137307684865
33	36	-3.122777244534397
33	37	-2.350302462795221
33	38	-1.5994672471467695
33	39	0.07430655384163543
33	40	-2.145500130545022
33	41	3.916933947292979
33	42	-1.7021838617330676
33	43	0.609029822494093
33	44	-2.302895586126229
33	45	0.7402713211584279
33	46	-0.25064753839305115
33	47	2.773925468329478
33	48	0.40232202895482755
33	49	-2.881388701066605
33	50	-1.8408062377133438
33	51	2.630004839161648
33	52	-1.114503083987077
33	53	-1.0912920297316968
33	54	-0.9424802908327707
33	55	-0.24811627236030623
33	56	-2.459268523586829
33	57	-2.387093587511549
33	58	-1.7692037244535432
33	59	2.400508428275256
33	60	-0.2521608125538061
33	61	0.1448855961897709
33	62	-0.25089791549175916
33	63	1.0834958692775267
33	64	-0.5936426047798713
33	65	-3.719446730512738
33	66	1.6371002473486826
33	67	3.2558519983812486
33	68	-0.7691870155061103
33	69	1.2160438268998954
34	34	NaN
34	35	-4.2339916075590835
34	36	5.245917061542758
34	37	-0.9832516023348963
34	38	-1.790471193323522
34	39	-3.3020921926560916
34	40	-0.5356336814902256
34	41	-0.17528847163877423
34	42	-1.4100890008910538
34	43	-0.805964745404103
34	44	-1.7798279022525207
34	45	0.4919306665160186
34	46	0.06610231989802708
34	47	-1.617778017015684
34	48	-0.045695914999957454
34	49	-2.112693585910546
34	50	-1.085216853966331
34	51	-1.75423824646854
34	52	1.9338698528948792
34	53	-2.7867332733738874
34	54	-0.3978351727229721
34	55	0.298208263099498
34	56	-4.377511477208097
34	57	-0.9009607358146509
34	58	1.7471898732724176
34	59	1.1469082062463616
34	60	0.9562292169398781
34	61	-3.9598260633780775
34	62	-0.04096171729304032
34	63	1.4326754439563236
34	64	3.205111555672059
34	65	-0.3355590786487758
34	66	-2.0832993093550667
34	67	2.812056792952943
34	68	-2.3031471759303197
34	69	0.7003312681201096
35	35	NaN
35	36	-0.05604297258276948
35	37	1.3595739536291305
35	38	0.6948993962230176
35	39	-0.05613834972005201
35	40	-0.1688258705351374
35	41	0.41271764163941244
35	42	-0.4009276932235569
35	43	-0.35024414596743125
35	44	-0.6672085106289153
35	45	-1.8221479181198148
35	46	-0.2515448012056112
35	47	-2.1723683477397158
35	48	-4.857562200976847
35	49	0.247631174057485
35	50	-0.5518481598218345
35	51	-2.5290979027692293
35	52	2.2333051414501823
35	53	-1.1302473190762237
35	54	1.7380710519716376
35	55	1.502263366683299
35	56	-0.11005219579466041
35	57	-0.1015928995195861
35	58	-0.887496201761674
35	59	0.18414694845357538
35	60	-0.647809831809043
35	61	-0.572814396569633
35	62	-1.5639213154293246
35	63	1.4190912242614495
35	64	-0.0018115312249501806
35	65	1.9996225349735282
35	66	-1.7746938150200189
35	67	-0.6403985373280818
35	68	0.43081351285787406
35	69	0.20260681097034933
36	36	NaN
36	37	-2.8645247737153663
36	38	-2.1895337642954624
36	39	-2.90982098718821
36	40	-2.3035738066134313
36	41	-2.2620422082342238
36	42	-0.7161442570628952
36	43	1.9881012552821267
36	44	-0.9047730796323276
36	45	-3.5678258227396396
36	46	-2.9835904072472674
36	47	-2.3122905140652823
36	48	0.6838774915470928
36	49	-2.6811782108947737
36	50	-4.9535007307940235
36	51	-1.9441806920720002
36	52	-0.5950834520239423
36	53	-3.838666605790977
36	54	0.6691363729152353
36	55	-4.884527604213416
36	56	-1.9475532499326824
36	57	-1.9510207215784252
36	58	0.08216819822212561
36	59	-4.215329840226578
36	60	-2.8828959861784753
36	61	-0.9143112885207362
36	62	-1.648062207067087
36	63	-3.050143482657185
36	64	0.8102869955892544
36	65	-2.5379978872683253
36	66	-3.5204955925692634
36	67	-4.533066677197334
36	68	-0.8258858302675257
36	69	0.0056576102853098135
37	37	NaN
37	38	-1.078494709439401
37	39	-1.6602541755760165
37	40	0.44036238281158224
37	41	0.35657942866585
37	42	-0.644199774655429
37	43	-2.396551157422821
37	44	-0.4052383520462228
37	45	-1.0755853157991322
37	46	-4.425520116981938
37	47	-3.2616135274299665
37	48	-1.1877226852215208
37	49	2.6944780078823816
37	50	-0.08487326238880805
37	51	-1.5976596803041123
37	52	1.30155714724007
37	53	-0.5947815588405106
37	54	-1.8397771198047868
37	55	0.30598948423672806
37	56	-0.3608344709509498
37	57	1.2179945197768673
37	58	-2.231848138937604
37	59	1.148245120093495
37	60	-0.8112748206273596
37	61	-6.721657543837354
37	62	-3.1967589861676404
37	63	1.3394635066828937
37	64	-3.2352403002639343
37	65	1.0578930682420344
37	66	0.12275321061445531
37	67	-3.597647446764983
37	68	-2.1487475121251993
37	69	-2.8825524836400502
38	38	NaN
38	39	2.4775130396426834
38	40	-1.5475574362908275
38	41	1.1331841983129585
38	42	-3.1622650946967705
38	43	-1.4581333458170134
38	44	1.05893396810523
38	45	-0.4824261433022289
38	46	-1.6195760638360202
38	47	1.3104001852984746
38	48	-1.5383976214735713
38	49	3.8909431270559747
38	50	-1.9234291538656136
38	51	-1.1076391905168634
38	52	3.250818758962105
38	53	2.7177763423518004
38	54	5.403574677318544
38	55	3.465023698887671
38	56	3.102564129106019
38	57	-2.3768580418980947
38	58	1.1957358537829517
38	59	0.9851260683447107
38	60	0.2688588322512303
38	61	0.5843773477852977
38	62	-1.7735966414509252
38	63	1.880235520217385
38	64	0.5264654229773602
38	65	0.10822995358728457
38	66	0.18953820118014877
38	67	-1.1806977133609982
38	68	0.22466702252893067
38	69	-3.0943120836850815
39	39	NaN
39	40	-2.7635576657032623
39	41	1.3361822984895184
39	42	4.063532106534401
39	43	3.4512387314136213
39	44	-1.8616008344858805
39	45	0.8433352098524439
39	46	-0.31961155746680103
39	47	-2.1247546530533015
39	48	2.051428414182866
39	49	-2.649911389499544
39	50	-1.8232072654395675
39	51	-3.545682606192181
39	52	-0.15589126643155413
39	53	-3.816939416392598
39	54	-2.6893710196047285
39	55	0.9754325800069049
39	56	-1.5988950955121226
39	57	1.5048109004838104
39	58	-2.394875986534989
39	59	-3.7479034687669457
39	60	-2.083744106602907
39	61	4.671117545122756
39	62	3.3589985184960893
39	63	-2.343343182143507
39	64	1.3557520179695808
39	65	-0.41745386464973366
39	66	1.5632938822898501
39	67	0.5037560311680259
39	68	-1.7004191153780706
39	69	0.7772585471412223
40	40	NaN
40	41	-0.9302810804945872
40	42	0.7136197230535262
40	43	-0.5005199164830593
40	44	-1.2186267569530704
40	45	-1.1862183997902334
40	46	0.6378373840989724
40	47	1.2585987987284253
40	48	0.8093410103292806
40	49	3.4136047289776115
40	50	-0.0748174194775807
40	51	2.4061715095800644
40	52	0.3825847241101522
40	53	1.0999081266943027
40	54	-0.7342631091250986
40	55	0.9196604364757769
40	56	1.597158549286471
40	57	-0.5331304598463095
40	58	0.5549228526778696
40	59	-1.9159232613764385
40	60	1.1943473594385483
40	61	1.2193128574889358
40	62	-0.6402885013981188
40	63	0.7766481759900781
40	64	-0.178927769404319
40	65	0.4769542971483356
40	66	0.614867355732043
40	67	-1.4838092204835842
40	68	0.6319903856696037
40	69	0.5907073983943953
41	41	NaN
41	42	-0.5469761498139539
41	43	-3.2016642489264022
41	44	1.1932146661876877
41	45	1.7804180685755377
41	46	-1.0865738979951247
41	47	-4.74356646551324
41	48	2.1977490696940105
41	49	1.0387876481410439
41	50	2.2817181521017784
41	51	4.076562703067754
41	52	-0.5559182760931389
41	53	-1.7084116611560798
41	54	0.550446299469105
41	55	2.903320936003477
41	56	-1.6410622743863021
41	57	-0.23758465566568948
41	58	-0.9637751108446911
41	59	-1.8261716287547325
41	60	-1.477473959681326
41	61	-2.126628705290751
41	62	2.727020444405374
41	63	0.7946012225668798
41	64	-1.131102634221817
41	65	1.2861583602319744
41	66	-0.6478900947365923
41	67	-3.783906931932724
41	68	-0.13971693433802176
41	69	-0.4875795632014113
42	42	NaN
42	43	1.5715377529477208
42	44	3.0820325938723947
42	45	5.051235674210027
42	46	-0.9030322944928799
42	47	1.4468902084629025
42	48	0.40441606456322354
42	49	-0.294254957223145
42	50	-0.5685369255758999
42	51	1.176928688019029
42	52	0.09803956512840897
42	53	-2.634718240980334
42	54	-0.6687418919880591
42	55	1.3659672689915898
42	56	-1.9798447758773212
42	57	0.5142973053642571
42	58	0.325476683765205
42	59	1.0534880171181709
42	60	-0.10522373613984391
42	61	-0.7347045837441738
42	62	4.356896901806271
42	63	-0.06214789485071785
42	64	0.3175671633780042
42	65	-2.018252193922189
42	66	-3.2893924365056444
42	67	-0.42734367951350183
42	68	-1.8918602345100737
42	69	1.5417601580172757
43	43	NaN
43	44	4.181034486130098
43	45	1.0518298444919958
43	46	-1.3466384176657098
43	47	1.2999482095718233
43	48	-1.9014728144368729
43	49	-1.134243426707774
43	50	2.500021233591592
43	51	0.6899329974960415
43	52	-2.2516335416664894
43	53	0.010800743660084974
43	54	-0.6346813402165971
43	55	-2.366061801896873
43	56	-2.4578689976931494
43	57	-3.805631628465807
43	58	-0.34081654333251277
43	59	2.3375150399695697
43	60	1.1064522433287154
43	61	3.7446182370781633
43	62	2.7893989698239854
43	63	-1.716021989051056
43	64	0.5930556810239584
43	65	-0.8418353540775677
43	66	-0.7124840342042998
43	67	1.7239822169102674
43	68	-2.0316876576326313
43	69	2.7625115766519883
44	44	NaN
44	45	1.9820841293620297
44	46	3.378751629845951
44	47	0.19227134112534353
44	48	-2.2063725831449674
44	49	-2.086035092266602
44	50	2.8268592545763256
44	51	2.0785191375249576
44	52	-2.0661430422525973
44	53	-1.1260513636927627
44	54	-1.2121519107187917
44	55	0.9060129771715759
44	56	-2.7136468960721136
44	57	-0.5335537761824619
44	58	0.11459094772633581
44	59	0.7361683055250939
44	60	-1.838052696884817
44	61	2.354451191490009
44	62	3.1221162452324074
44	63	-1.810733149327889
44	64	-2.6109275637198
44	65	1.2281042308869954
44	66	-0.909482320176708
44	67	-0.21473131032426593
44	68	-0.5172702700898256
44	69	-0.30264639987393493
45	45	NaN
45	46	3.2757394827840582
45	47	2.725069774494319
45	48	3.979453580432908
45	49	-1.6782111951964014
45	50	1.3202368879088757
45	51	2.6872394358869616
45	52	-3.7669303480991316
45	53	-2.3198030502405547
45	54	0.23307274780995338
45	55	-1.4240006183305247
45	56	0.3631069487089238
45	57	-0.4091745532511158
45	58	1.060813578459996
45	59	-1.8326624852212456
45	60	-0.554862184130517
45	61	1.8223410923873955
45	62	-0.3083697067189239
45	63	-0.38883702696192873
45	64	-0.8328321891361279
45	65	-0.6928650907302503
45	66	1.6080137129806087
45	67	-1.757680645016563
45	68	0.20078867865589745
45	69	-2.077232871393635
46	46	NaN
46	47	1.9427579917381559
46	48	2.0370721642970984
46	49	-1.5284342230311363
46	50	-1.0105804367124054
46	51	-0.6208203350108426
46	52	-0.26730057849647343
46	53	0.335177795179883
46	54	-0.9187049795944935
46	55	-2.979481399096486
46	56	-0.37573297843857806
46	57	0.3572424159245161
46	58	-3.4764061258301138
46	59	2.869946650720471
46	60	2.475398157721423
46	61	0.8459103324421974
46	62	-0.4904979506336067
46	63	0.43722147764419234
46	64	0.7963058329842706
46	65	-3.3110001032616676
46	66	3.3450607303265585
46	67	0.5002423388334035
46	68	4.164137252482727
46	69	1.4619340149358844
47	47	NaN
47	48	-2.724647906834228
47	49	-2.8565603934260406
47	50	0.8040258598918755
47	51	1.4138424231674023
47	52	-0.6346720601103871
47	53	2.071054053455779
47	54	-1.1526411127021736
47	55	-3.5579653532657987
47	56	24.167240397936105
47	57	0.3643436686146776
47	58	0.31143250237098313
47	59	2.4380392823818986
47	60	-2.62078007526265
47	61	0.19900853783846656
47	62	-1.2232330608772743
47	63	-3.9277795303225447
47	64	-0.2866854654522293
47	65	-2.3451886925083887
47	66	-2.0069978365723493
47	67	2.4490646826240408
47	68	-0.6579554706374912
47	69	0.6211847541427881
48	48	NaN
48	49	-1.2210506941599795
48	50	-0.6691636392310308
48	51	0.8899092612242562
48	52	-2.5792252418201707
48	53	-2.658519360984924
48	54	-3.470666962555674
48	55	-0.8406680115237465
48	56	10.340490087148291
48	57	-2.4152884980737954
48	58	1.4310094643030526
48	59	-2.7182232089954637
48	60	2.434564004166674
48	61	1.28489788500872
48	62	1.567572511383146
48	63	-2.7294839401071664
48	64	3.3951073622729058
48	65	0.9705801358525773
48	66	0.04872880181103052
48	67	1.299875825250368
48	68	0.3044659394392018
48	69	1.706304277868747
49	49	NaN
49	50	-0.16068213120659378
49	51	0.6453282988631979
49	52	1.3951027416912736
49	53	0.17279566736000737
49	54	4.717762095168557
49	55	1.8882651023155796
49	56	-0.4472991603983964
49	57	-1.0844014162330478
49	58	0.879923453275295
49	59	1.8095104107567421
49	60	1.9434270105829181
49	61	-3.8158795479393084
49	62	-1.3193304235283903
49	63	0.6594321434052864
49	64	-1.2415949570581408
49	65	-1.7667327025056694
49	66	-0.9920679448912377
49	67	-1.471664831754002
49	68	2.4206057903169276
49	69	-1.1415779174276155
50	50	NaN
50	51	0.21364738261779634
50	52	-0.45410940154062646
50	53	-0.9025937257779322
50	54	0.7539169828714058
50	55	-1.5103825620640408
50	56	1.0732727484019777
50	57	-3.5106965676743505
50	58	-1.132608055304065
50	59	-1.7444770182588885
50	60	-1.768782600962186
50	61	-2.028328204582684
50	62	-2.0633695667274767
50	63	0.8726465756790853
50	64	0.7843144102360845
50	65	40.842884825839754
50	66	-2.8112307085043486
50	67	7.338616777487923
50	68	-3.1375279781547136
50	69	-0.4084837651664216
51	51	NaN
51	52	-1.4315985117633145
51	53	-0.7756710497847783
51	54	-1.0023283889704988
51	55	-1.4755513143114536
51	56	-3.134833948033572
51	57	1.6561268246735446
51	58	2.687362099417979
51	59	1.0604426947489518
51	60	0.662851704140932
51	61	2.54748306632916
51	62	4.79044164181847
51	63	-1.0354812983599202
51	64	-0.014576372373661483
51	65	-0.9082049849630962
51	66	0.14832289522046485
51	67	-0.09458340980696496
51	68	-1.206529880522719
51	69	-1.669457565840417
52	52	NaN
52	53	2.7711984849846756
52	54	0.8073226794694132
52	55	3.4608920439853565
52	56	0.47998508742325463
52	57	2.0371727125916457
52	58	-3.784535902179202
52	59	-0.344676686562742
52	60	-3.5041282854788025
52	61	-0.033042500733033095
52	62	-1.4431634942533276
52	63	0.9135156350855062
52	64	-3.965069487192849
52	65	-0.18129524877714034
52	66	-0.13155613213097664
52	67	-2.3262138476833303
52	68	1.2926052457265307
52	69	-2.2910209766064353
53	53	NaN
53	54	0.24109971725753818
53	55	2.567498675933917
53	56	-0.35284638446994676
53	57	-2.153486585019376
53	58	-1.3384859868477395
53	59	-0.6405848893571225
53	60	0.7570257167441652
53	61	-2.025434314838719
53	62	-0.251129984165676
53	63	0.5753044922986411
53	64	-1.7379508764645595
53	65	-1.8619352105301163
53	66	1.5834552840393346
53	67	0.47191734593695467
53	68	-2.959884358074619
53	69	-0.2852840044733446
54	54	NaN
54	55	0.24710665909164098
54	56	-1.844745394795611
54	57	1.7191626805754805
54	58	0.4987697077840256
54	59	-0.9782953321053736
54	60	-1.065874401272526
54	61	-1.863558735202249
54	62	-0.7611801813175633
54	63	0.11450600003532023
54	64	-2.273836253744713
54	65	-0.5023189225591885
54	66	0.9915826302271817
54	67	1.7995908020340021
54	68	2.5651908747837666
54	69	-2.9855206758377157
55	55	NaN
55	56	2.983486661121761
55	57	-2.1476926667221226
55	58	0.5570423128094955
55	59	-3.068827490516111
55	60	0.7950829854354642
55	61	-0.3588910837327726
55	62	0.6596453628875301
55	63	0.4656934748534898
55	64	0.2967102965515639
55	65	0.7815802345513175
55	66	7.202396641633042
55	67	-0.1431095269973028
55	68	-1.7934975364450576
55	69	-2.3107048468638416
56	56	NaN
56	57	-2.3683153400201213
56	58	-0.3290632950035466
56	59	0.5762122048919646
56	60	-3.4813967876030856
56	61	-2.013301149024609
56	62	-2.4458127015958895
56	63	0.3129327050457117
56	64	1.936931037207285
56	65	2.593527716247507
56	66	-3.7927469811726993
56	67	-3.347124133799707
56	68	-0.5220217607777238
56	69	1.2400302702256165
57	57	NaN
57	58	2.8514726989760013
57	59	-2.7666402423773113
57	60	3.9463376176688922
57	61	-0.4341263497030164
57	62	-2.241774086651249
57	63	-2.5937441377976778
57	64	2.8051533487357356
57	65	-1.0933247143248679
57	66	3.543960710014325
57	67	1.4445386123106416
57	68	-1.8915896700262396
57	69	4.800939744887531
58	58	NaN
58	59	-0.6108920004845674
58	60	-2.2637205485746814
58	61	0.36703560835887156
58	62	1.245740820970952
58	63	4.922734614553258
58	64	-0.5227337015101973
58	65	-0.40919063051512616
58	66	-0.7768364016945628
58	67	-0.0492094688617961
58	68	3.217467719156537
58	69	4.132435727167758
59	59	NaN
59	60	1.0416415554231635
59	61	4.6346348665559365
59	62	-0.9545013711827995
59	63	-0.12742523204294473
59	64	2.613733024257278
59	65	-2.357058878330316
59	66	2.4002673967992183
59	67	-1.7856448176414068
59	68	2.5202292001245694
59	69	-2.374433174794064
60	60	NaN
60	61	1.9421620726888507
60	62	0.2708140155564718
60	63	0.23537177822081154
60	64	1.9124483216903772
60	65	0.014032716727865786
60	66	-1.0137486138383047
60	67	-0.32291362066002927
60	68	2.6075359534797475
60	69	0.4993409128210384
61	61	NaN
61	62	2.557445367924569
61	63	-1.6589811741711296
61	64	-2.0661384534974707
61	65	3.010297525761128
61	66	0.10102648435794467
61	67	1.0786434352096126
61	68	0.5722872354351264
61	69	2.2210558931294795
62	62	NaN
62	63	-0.13120529030795186
62	64	1.9802960088259436
62	65	-2.543235443492284
62	66	-0.5642797805096917
62	67	3.272567809835145
62	68	2.820519973678228
62	69	1.0792145308879866
63	63	NaN
63	64	-1.348343192518142
63	65	1.1039020966525772
63	66	-0.5731470960552518
63	67	-0.30520863267894033
63	68	-0.8644085869151619
63	69	-2.7065940495909366
64	64	NaN
64	65	-1.3978975962204445
64	66	5.784799690818107
64	67	2.0365616527932944
64	68	-1.5042581788610794
64	69	-0.817018736733711
65	65	NaN
65	66	-3.012579153577546
65	67	-3.2298042833819958
65	68	-0.23473455820034883
65	69	-1.1836952959287106
66	66	NaN
66	67	3.58911683803346
66	68	0.10723981321071112
66	69	-0.6152478947888461
67	67	NaN
67	68	2.8837497069456717
67	69	4.350089354904832
68	68	NaN
68	69	-1.4394447208060435
69	69	NaN
