1	1	NaN
1	2	45.97364083229107
1	3	12.063325305605968
1	4	7.880291895190079
1	5	14.592809219691729
1	6	2.597764150204405
1	7	6.644727157053723
1	8	-10.406138696812034
1	9	-1.9117889362272964
1	10	-5.981487157703288
1	11	-4.207771009178286
1	12	-2.5831803040360124
1	13	-3.90970698668357
1	14	-2.3320286312457705
1	15	0.10812498800231295
1	16	-15.627776266577257
1	17	-1.1730935950656443
1	18	-3.5517192571697764
1	19	-6.049580908769781
1	20	-0.49595026547077337
1	21	-3.784900530083213
1	22	-0.2552068785683758
1	23	-4.132533649888011
1	24	-4.48507965397385
1	25	-1.0460589015486317
1	26	1.4800504133769827
1	27	-1.8915785593124448
1	28	-0.15930978096668225
1	29	3.353948043186257
1	30	0.8632730520374887
1	31	-0.3415298921140851
1	32	3.18253657847262
1	33	-2.312482677280521
1	34	7.432414093351109
1	35	1.0014029629008876
1	36	4.691265883716029
1	37	-7.245333882239506
1	38	-0.5546897635069571
1	39	-1.7163931899581888
1	40	-11.638686954099061
1	41	-10.715319014968806
1	42	-1.9551946314670787
1	43	6.074392083911259
1	44	-5.7807516896032904
1	45	2.2164408113190213
1	46	2.5398987092361103
1	47	-1.4657960715821947
1	48	-0.0925241294769841
1	49	0.4187630674549515
1	50	0.22779608399062248
1	51	-3.285890366346557
1	52	-6.427008835312388
1	53	7.117585262496519
1	54	-3.4663084125955748
1	55	1.6966995655105952
1	56	-4.7129804572007075
1	57	-0.5935424755967602
1	58	4.720229423878079
1	59	4.921743862861422
1	60	4.142489016726369
1	61	1.697779952538094
1	62	-1.25867247776369
1	63	3.3178353914398153
1	64	4.197387904119131
1	65	-5.396568730283348
1	66	-8.35617508914819
1	67	-3.0276910627104705
1	68	-3.1522567246520348
1	69	-7.258815855479015
2	2	NaN
2	3	21.521870280653005
2	4	17.861821812951707
2	5	8.188243588656785
2	6	-2.9309261363901955
2	7	3.1892325973305535
2	8	-12.38117258403975
2	9	-2.193653505361759
2	10	-2.0769988947984803
2	11	-3.404202035815729
2	12	-6.522216050366644
2	13	-3.287362577063204
2	14	2.732005605683815
2	15	-2.5661665080910505
2	16	-17.19706169478411
2	17	-0.44359323749230345
2	18	-2.4970568053252826
2	19	-7.816357153238068
2	20	-6.665106680464484
2	21	-1.2479491846305781
2	22	0.5272446374654137
2	23	-4.584017005911951
2	24	-8.445431866442169
2	25	0.778618125921295
2	26	-0.05457903227157681
2	27	-0.8165471093909293
2	28	0.4763887069977491
2	29	3.5530418176824354
2	30	8.617122483663058
2	31	-1.077062263949464
2	32	4.090191809716882
2	33	5.128512318539418
2	34	5.1525277913708045
2	35	0.8599222255139215
2	36	-1.4233183556806281
2	37	-6.985812840235483
2	38	0.008090062771768484
2	39	-1.9309261671822813
2	40	-12.54820059718996
2	41	-9.031089120107252
2	42	-0.38930698762262456
2	43	2.303691021239392
2	44	-4.821915780631065
2	45	2.272375409789542
2	46	8.060734949685493
2	47	6.895584198135677
2	48	2.659214087856982
2	49	0.2594740916597391
2	50	-2.5199793562844146
2	51	-6.241342043542188
2	52	-15.674469732227942
2	53	-0.2918317760003275
2	54	-1.1621004455227277
2	55	-0.40393650001202025
2	56	-8.10131488410599
2	57	0.1565251817913062
2	58	0.310117459667033
2	59	3.452287946457861
2	60	7.18369270598627
2	61	4.130387568190369
2	62	6.795660120086803
2	63	2.9180979271230396
2	64	2.9445560010108163
2	65	-3.1924784680820952
2	66	-8.402646485772141
2	67	-2.250960248113127
2	68	-1.2973159268228944
2	69	-5.896061598514112
3	3	NaN
3	4	6.118913605860533
3	5	3.4511751205139003
3	6	-2.854931140231319
3	7	2.473261841295963
3	8	-10.127531203358007
3	9	-0.7923954199970826
3	10	-6.417502349195521
3	11	-4.121119755907361
3	12	-2.211817495066509
3	13	-4.521587306395714
3	14	-0.8020255873512809
3	15	2.1016424691408178
3	16	-17.752626747217622
3	17	0.19915704674015886
3	18	0.6021594733363589
3	19	-3.2057237280658413
3	20	-3.237808602808162
3	21	-4.320091933431707
3	22	1.0488834129660727
3	23	-3.804978769266415
3	24	-6.363322035098723
3	25	0.5741576325393343
3	26	3.2596825048293803
3	27	-0.6683397154729314
3	28	-1.168926726568967
3	29	4.651947649460306
3	30	2.824848043924426
3	31	0.7170244378873222
3	32	0.3348740805354261
3	33	2.010447998903261
3	34	6.72719926149607
3	35	1.5020260467274653
3	36	-0.9719813168908008
3	37	-3.68403224099339
3	38	2.5333050246387576
3	39	1.1866000341569027
3	40	-12.418906536411546
3	41	-3.92660956069523
3	42	6.895314078916292
3	43	-0.8882595247307203
3	44	-9.011029012323549
3	45	2.1150769351957672
3	46	7.084286076974247
3	47	1.3571698456273116
3	48	3.4429810650938824
3	49	3.57669315579188
3	50	-0.5629547741389511
3	51	-3.151622297392537
3	52	-17.76723939168652
3	53	-0.3471972643149703
3	54	-0.21322652305767792
3	55	-0.8722975548933983
3	56	-5.313957096225662
3	57	-0.7182973945028039
3	58	1.4295107172825063
3	59	7.082640330226526
3	60	8.382497612684247
3	61	0.8559517382221902
3	62	4.096998804377334
3	63	3.4644858805997836
3	64	6.333692130769603
3	65	-1.2884974477177285
3	66	-4.190937091421278
3	67	-3.2768934301218793
3	68	0.13657457236625678
3	69	-2.7771985274237503
4	4	NaN
4	5	13.47655885811993
4	6	6.095736537281066
4	7	-3.3550087281488707
4	8	11.037328328702936
4	9	-3.4145642884148715
4	10	-6.257465451069722
4	11	-8.343677147775587
4	12	-5.697548299509442
4	13	-12.545176007865606
4	14	-5.734828224376857
4	15	-9.227130677487732
4	16	-3.3513142168653927
4	17	-3.5307901052870285
4	18	-3.3309393864997254
4	19	-5.591657049606484
4	20	-7.574678852411406
4	21	-7.286236054503507
4	22	-9.273449181484532
4	23	-9.487913868741838
4	24	-4.182206196383012
4	25	-5.292951425286341
4	26	-2.516827187714612
4	27	-3.9859491491267978
4	28	0.46548371427651597
4	29	-0.19660238187952056
4	30	5.273479311000017
4	31	-1.3879646797203984
4	32	8.394200774177737
4	33	13.456388206578898
4	34	2.7245243657729596
4	35	4.73505508760146
4	36	-1.230642889587542
4	37	-16.61042971617635
4	38	2.8112463645770163
4	39	-7.848656868297968
4	40	-13.411633754897792
4	41	-0.2853775640594038
4	42	-4.617455887633936
4	43	4.967051038384757
4	44	0.4536114752745509
4	45	4.0899562156622515
4	46	4.093483933245933
4	47	-2.872434871032807
4	48	5.300985093689423
4	49	-0.8267958192073113
4	50	-5.930138775076333
4	51	-9.062273627751294
4	52	-7.374974938943603
4	53	-2.7517191465670408
4	54	-8.042488629094244
4	55	1.3805036451890464
4	56	-6.914574550112677
4	57	38.81405178641148
4	58	-0.3405760852351595
4	59	29.587127734596105
4	60	13.590936136593813
4	61	-5.432679094083325
4	62	0.9524665113673983
4	63	-2.136812191569937
4	64	15.221143180279674
4	65	-6.59505091434764
4	66	4.8567268120793825
4	67	1.4048535360730883
4	68	-1.0186244584090165
4	69	2.377264220680469
5	5	NaN
5	6	2.5060460680178265
5	7	9.357302386659418
5	8	1.2193025470492966
5	9	-0.02677642894877201
5	10	8.345507784352346
5	11	-6.746416802819362
5	12	1.102136979683427
5	13	-5.194087238327754
5	14	-8.919775640671178
5	15	-7.735116552433854
5	16	-12.243533294914482
5	17	-4.716292778973058
5	18	-4.88664559763392
5	19	-2.6814050125425237
5	20	-1.3452106972670106
5	21	-8.863904719930352
5	22	-6.853649106269581
5	23	-5.435498910824643
5	24	17.476881287510217
5	25	2.6787625456479547
5	26	-6.039253074766535
5	27	-3.577399004772282
5	28	2.8321692432359407
5	29	0.6106992643867963
5	30	-3.5767403837357916
5	31	0.7337215780015562
5	32	-1.9635964580271226
5	33	-6.44580861582237
5	34	47.20251873511543
5	35	2.2674726384581914
5	36	60.85727728048019
5	37	5.107296500738086
5	38	-2.2236791889987435
5	39	-1.199431395106031
5	40	4.2334402850205946
5	41	-1.680120528076159
5	42	0.6798589900844834
5	43	6.539854057031844
5	44	8.05628427673947
5	45	-7.445626138700945
5	46	-3.588576459642579
5	47	-1.5943306819667424
5	48	-4.32346276615772
5	49	-1.435267816334792
5	50	-3.850151764581695
5	51	-13.315633468738344
5	52	-9.590253568428736
5	53	-2.6221939019339615
5	54	-3.159867010539083
5	55	-7.507634530683645
5	56	-9.737635718704297
5	57	1.9236556349525185
5	58	2.3122175502929654
5	59	-2.5336754759279247
5	60	-0.06562302823389778
5	61	1.5139843112291236
5	62	-4.539249512811526
5	63	-6.8218358476469705
5	64	5.895970960281945
5	65	-10.524010248690173
5	66	-3.286772708407777
5	67	-3.9690096706506326
5	68	-2.3669745179416917
5	69	-6.709479714474069
6	6	NaN
6	7	2.0693557019132305
6	8	4.44984529450322
6	9	-4.720213184906762
6	10	-5.645024200026217
6	11	-7.117796857667615
6	12	4.254478678098322
6	13	-7.914635017046066
6	14	-5.613972563172918
6	15	-6.810284746639432
6	16	-2.472360654534848
6	17	-2.4397955610347366
6	18	-4.891215189758101
6	19	-7.102303472045787
6	20	4.6295051753806895
6	21	-6.192267550876015
6	22	-6.168558003512089
6	23	1.673521509638251
6	24	25.555278679387715
6	25	-3.8722754555621774
6	26	1.9237857461491756
6	27	6.6254178090389475
6	28	-2.375309391949761
6	29	-3.0020718278561325
6	30	-1.0228883260652417
6	31	2.3588736730054483
6	32	2.2067917050700254
6	33	3.389364340617602
6	34	2.126773133257094
6	35	46.311108627898804
6	36	5.573763661522497
6	37	-10.350963180991267
6	38	0.38962185072144395
6	39	-0.7349380355352284
6	40	-3.2039759120745313
6	41	3.04654829671619
6	42	-6.421977977585731
6	43	11.303928961722596
6	44	-3.1392766910873355
6	45	-3.4425337214867553
6	46	-3.850381999087098
6	47	-3.9704485963042746
6	48	-4.605240245845947
6	49	-3.5912182335064475
6	50	-7.460500032539457
6	51	-0.6018420824181009
6	52	8.833841765277215
6	53	-0.2898228744392494
6	54	-5.466000391801339
6	55	25.641490795366284
6	56	-5.771644081699934
6	57	26.191307723457356
6	58	-5.087970164073496
6	59	-5.843029721509634
6	60	-5.699679216747924
6	61	-2.697814736546495
6	62	-5.359340768512156
6	63	-8.456147705503758
6	64	-1.5920016312866152
6	65	-10.998860736282957
6	66	10.106672646565729
6	67	-5.852074695362633
6	68	-7.824772126549621
6	69	-2.033146465069679
7	7	NaN
7	8	4.078978226071948
7	9	9.793447483566995
7	10	-2.172529483370172
7	11	0.33679707352155586
7	12	-6.4165884948664935
7	13	-2.3479496623975775
7	14	1.270568222057786
7	15	0.6314173793697528
7	16	-8.381127886640629
7	17	0.03407403365263647
7	18	-3.1042273170318904
7	19	-0.4278017275008202
7	20	-1.6132893343857178
7	21	-0.500585662103249
7	22	3.3805750593437707
7	23	0.7353712248567704
7	24	2.3184201825340707
7	25	-0.6175949347819504
7	26	-1.6811590593014887
7	27	-1.1788565862350215
7	28	-0.5106632658122457
7	29	-1.3572148292020099
7	30	-2.2710667251434766
7	31	0.45947808305912596
7	32	2.843320597896527
7	33	3.6453744519869233
7	34	3.240453619171536
7	35	1.4822531076610301
7	36	12.734052633384751
7	37	-3.954571150979772
7	38	7.95929371361444
7	39	-2.0896668560169815
7	40	-7.1434607411818565
7	41	-7.292654347749241
7	42	-4.401884796266058
7	43	0.8096375480718364
7	44	-5.872195535177899
7	45	-2.0465425575407847
7	46	1.9733677010973185
7	47	7.6402872469069365
7	48	-1.2276084743669216
7	49	0.4488560314521668
7	50	-3.4793158043731833
7	51	-4.177228023238383
7	52	-16.318579047508045
7	53	3.2673009062677227
7	54	-1.9552811525420337
7	55	-2.4505725482030347
7	56	4.4480562005444
7	57	0.15101402800792063
7	58	34.52743682157882
7	59	-4.957722210686304
7	60	-2.19723331275877
7	61	-0.732565085649441
7	62	-2.7859202639466054
7	63	-1.070332247599512
7	64	-2.816215014689971
7	65	-4.082433629248865
7	66	-6.471766199228363
7	67	-5.660111665898196
7	68	-0.8576226854699948
7	69	-8.114186755626841
8	8	NaN
8	9	-2.0786902266049494
8	10	34.816144744964916
8	11	8.791829583670129
8	12	4.755414126914283
8	13	15.903987804566974
8	14	21.51823216205856
8	15	16.27713313695168
8	16	76.61045708087846
8	17	15.201763553461479
8	18	1.9381899146473642
8	19	11.252755761591827
8	20	5.668110358658155
8	21	56.52366257228493
8	22	3.538491043764897
8	23	-5.746067361210387
8	24	23.667352857293142
8	25	-6.814512745298068
8	26	-7.2411820507078835
8	27	-13.714274357839878
8	28	-18.340511236026966
8	29	-12.36986270932118
8	30	-9.127303283245041
8	31	-11.996103373542466
8	32	-4.581007802559168
8	33	-4.562913393541995
8	34	-12.266948672149478
8	35	-11.006442123140285
8	36	-16.209004727396124
8	37	65.55989635507107
8	38	-6.844612934247602
8	39	-8.0561433415685
8	40	6.6002255660131395
8	41	12.936748317098107
8	42	-11.012182885389237
8	43	-10.320939858192872
8	44	4.406320274770004
8	45	-8.557335554667388
8	46	-12.187986662685944
8	47	-10.967601481042502
8	48	-3.9517931659529966
8	49	-8.831502325268662
8	50	0.7656171867078544
8	51	18.60860390857442
8	52	15.492494497121214
8	53	-3.9610177105562463
8	54	-3.9322801121532356
8	55	-9.756019579226999
8	56	-16.32262428231377
8	57	-7.977827172431097
8	58	-10.276113809510653
8	59	-18.462365716949627
8	60	-8.9156504962578
8	61	-9.665766911504805
8	62	-9.85043423524368
8	63	-15.916159949579267
8	64	-6.5926794738324555
8	65	-15.917593849544366
8	66	2.765484983083323
8	67	-0.5221296615107373
8	68	0.3064332088707023
8	69	5.244120300036517
9	9	NaN
9	10	0.4987083487196637
9	11	2.7218449278445567
9	12	-2.8075887813146148
9	13	-0.43329814610889594
9	14	-5.225215489555398
9	15	-2.7069289061011053
9	16	-10.031713747411917
9	17	-0.16628354552401145
9	18	2.6473619093693337
9	19	-0.9163072146565058
9	20	-4.459047965458621
9	21	-3.061331695146573
9	22	-2.487042753772048
9	23	-0.7584598952724433
9	24	-11.530111140206495
9	25	1.1751452721506526
9	26	0.8219608187474187
9	27	-3.4994506495023145
9	28	4.526164158896711
9	29	-0.14152449764248154
9	30	2.174487449072169
9	31	-4.871625815386219
9	32	2.82670237081711
9	33	1.0409582584566122
9	34	0.5432107014911636
9	35	-2.6799913797731416
9	36	-7.320112253831122
9	37	3.1772880239439107
9	38	9.191268809000297
9	39	0.8798351006223275
9	40	13.829411786364304
9	41	-4.6219713934864615
9	42	2.2571364165708525
9	43	2.3034549739295724
9	44	4.24610461021493
9	45	-0.22725476537915085
9	46	3.898355695623137
9	47	32.90807350199558
9	48	-1.6363975910861002
9	49	16.03644206009162
9	50	-1.609683941704837
9	51	-5.971186820737533
9	52	-7.62039611970757
9	53	2.3777792909555266
9	54	2.8408767131451778
9	55	-2.191339012347804
9	56	18.09290474520746
9	57	-4.465290586450898
9	58	12.932827573350446
9	59	-2.7175534599372213
9	60	-3.8465243357115324
9	61	-2.598083695804105
9	62	-3.66887897320631
9	63	0.37750897745224943
9	64	-4.436600488117359
9	65	-1.7964747132514287
9	66	-14.445115187872426
9	67	-2.8279667202603673
9	68	-1.9121662427321373
9	69	-9.087581929267403
10	10	NaN
10	11	-5.2411264797753825
10	12	20.213871570551564
10	13	-6.866932713807156
10	14	-9.907159826925817
10	15	-2.468688041588812
10	16	17.31225987013601
10	17	-3.1757419399147606
10	18	5.5444128236920776
10	19	-1.23277616601154
10	20	-7.107510214809825
10	21	11.107576376937399
10	22	-10.854411532445491
10	23	3.4484580022444464
10	24	0.14664633367662439
10	25	-5.028274816380778
10	26	-4.453419012207461
10	27	-8.908321512247857
10	28	-6.702661018596969
10	29	-7.874250059764041
10	30	-2.1630133219141694
10	31	0.672771423898655
10	32	-3.2632671910386226
10	33	-9.854504152722162
10	34	-4.938980371741095
10	35	-10.117595449472715
10	36	-4.07331197184523
10	37	50.124187626608666
10	38	-2.119626356194217
10	39	19.330737871578727
10	40	6.958952606675034
10	41	1.8506299262647183
10	42	0.3355682189147182
10	43	0.8474713400976336
10	44	1.3622190359843565
10	45	-1.9884303460382968
10	46	-2.357621713494581
10	47	-7.656429884375086
10	48	-1.877034875292054
10	49	-7.566486244700259
10	50	6.7847862655802516
10	51	3.27113758529191
10	52	30.68352988521745
10	53	-2.9720880497242144
10	54	-8.475284003468166
10	55	4.3297608016577245
10	56	-3.0790421423109087
10	57	-4.623115144753392
10	58	-0.21443135017861328
10	59	-4.924140361223982
10	60	-5.169612295767709
10	61	0.4840543734659047
10	62	-0.32240990474140824
10	63	2.9258348104127094
10	64	0.24591482239303902
10	65	-6.7149254121372435
10	66	4.1465823845891645
10	67	0.2518249354819402
10	68	-3.558165692465039
10	69	-6.669006470552216
11	11	NaN
11	12	-2.5665094275297826
11	13	178.8215243423596
11	14	13.960826170478166
11	15	14.416081578193786
11	16	-2.9744473052534492
11	17	0.38365475677090805
11	18	10.743076381472575
11	19	0.9740233969152864
11	20	-2.5418281560388816
11	21	4.413502578202209
11	22	9.559927972347197
11	23	-0.4138301718831158
11	24	-18.02962703466865
11	25	2.1591563685104918
11	26	-2.7228441654481434
11	27	-11.784127732953342
11	28	1.6071285964743094
11	29	-0.07202821374953168
11	30	-6.139620179913651
11	31	-11.059755019326943
11	32	-0.5014472683104503
11	33	-1.1478726875175396
11	34	-2.056050388283419
11	35	-14.389521351794475
11	36	-10.99693960216586
11	37	-1.0844417734203664
11	38	-4.443270451842378
11	39	5.6829452034367725
11	40	-8.75176031986851
11	41	37.71068912694807
11	42	0.7543230143910117
11	43	-2.0449696776795983
11	44	-10.516144461084805
11	45	-1.7278840897158785
11	46	-3.503618561502033
11	47	-2.6392195249296844
11	48	-2.0088510227080234
11	49	1.8432633505820284
11	50	-3.2489992972208266
11	51	7.157498830214652
11	52	13.086181391417576
11	53	-4.169368327472777
11	54	7.871927345951927
11	55	-15.354478083725692
11	56	-12.21830649576967
11	57	-7.293620202441487
11	58	-5.7716499857070085
11	59	-4.893757798347078
11	60	-7.643483924242159
11	61	-5.248113566078257
11	62	-2.2011627446144075
11	63	-11.106710564929424
11	64	-10.340373699141463
11	65	-10.150214877324322
11	66	-15.15664498319282
11	67	-4.599295025331338
11	68	2.9093993963011235
11	69	-9.250930072605907
12	12	NaN
12	13	-0.18090007922388857
12	14	-7.81121046482606
12	15	-0.02810057346158884
12	16	22.881641214149166
12	17	-2.8174425056461856
12	18	-1.5224878058947156
12	19	0.021989677620764682
12	20	4.134478672115846
12	21	-5.621039311632378
12	22	-4.961220693853816
12	23	-3.8365251063230112
12	24	3.560238412078348
12	25	-2.5272643522431726
12	26	-7.443748946676161
12	27	4.387809850684314
12	28	1.784566810186766
12	29	0.9582249406955762
12	30	-1.3699259383487778
12	31	0.6459400337006916
12	32	-1.572024288023809
12	33	-5.899867675971824
12	34	-6.471201519969141
12	35	1.6793964012891787
12	36	10.204166570309392
12	37	1.961191043230377
12	38	-1.5997027844669944
12	39	22.127764318755506
12	40	17.431295812377527
12	41	23.973202117359488
12	42	4.92342670287932
12	43	-0.5864193639923343
12	44	4.61463043646952
12	45	-7.334630266080229
12	46	-4.046417247559444
12	47	-9.460944346180487
12	48	-3.622883433510264
12	49	-5.295291866824976
12	50	-7.896740790511198
12	51	-1.7296999258213912
12	52	17.16517722129497
12	53	-1.2409441994929185
12	54	-8.00697979313508
12	55	11.244341344486712
12	56	-2.1315806146989686
12	57	-3.373188769811841
12	58	-2.761025499624483
12	59	-3.698584921870636
12	60	-5.201988303977364
12	61	-4.103392274687402
12	62	-6.6905791615329075
12	63	-7.096215359569596
12	64	-0.6557505617443667
12	65	-5.329766466833317
12	66	7.049109582500148
12	67	-4.673511483190693
12	68	-2.4166352007936145
12	69	0.5348359864424498
13	13	NaN
13	14	15.434007589843713
13	15	19.56808858910446
13	16	3.4912193110238814
13	17	-1.5256778788446215
13	18	16.38948669493288
13	19	-5.117084583595455
13	20	-5.025180518537333
13	21	1.9150991489423526
13	22	10.369571792208257
13	23	-3.0353432192784258
13	24	-17.109129436116365
13	25	-1.379032282134779
13	26	4.150936642537749
13	27	-8.622257707380268
13	28	-0.9400635438088459
13	29	-1.1526359502005254
13	30	-4.638366021935116
13	31	-7.366892335151942
13	32	-0.6191435356520951
13	33	-1.2428264451312239
13	34	-3.9259779026221135
13	35	-7.487229992880701
13	36	-6.905074061629065
13	37	0.8712999799446232
13	38	-1.635845660360862
13	39	1.794459330232162
13	40	-15.936679841881274
13	41	39.823937154476525
13	42	6.402650176588838
13	43	-7.531418954961205
13	44	-13.240836230222651
13	45	-3.955117205260173
13	46	-3.633265259858181
13	47	-6.766837472241006
13	48	-3.719048384751861
13	49	-4.080471582875527
13	50	-1.2781826485036627
13	51	-1.4003068154550509
13	52	11.461755036661176
13	53	-4.3607053278715995
13	54	13.512261224553056
13	55	-7.860862429427179
13	56	-13.159079364446516
13	57	-4.284841123111847
13	58	-7.229463445657811
13	59	-6.498068279875183
13	60	-8.956229607547515
13	61	-7.313219972863023
13	62	-5.440614486247387
13	63	-7.912342157604495
13	64	-13.129727028365282
13	65	-8.196121814733644
13	66	-15.713904168345902
13	67	-2.352161887271117
13	68	5.4248574363531565
13	69	-9.965859638216802
14	14	NaN
14	15	24.14280776062905
14	16	21.235688552788172
14	17	41.24802572331058
14	18	1.2078718495672789
14	19	11.799580020621665
14	20	-7.120622479521315
14	21	16.04701893073348
14	22	21.21618719926118
14	23	2.7937948294666257
14	24	-11.913666497389329
14	25	-3.88712259810326
14	26	-1.015054304082036
14	27	-5.15516094293715
14	28	-12.265745394250443
14	29	2.9669743358273832
14	30	-3.009474728440547
14	31	1.1235401548520312
14	32	2.4473998837612454
14	33	6.987815696148799
14	34	-4.314958268652744
14	35	-8.574412996110055
14	36	-11.676940888165204
14	37	-6.337992814253002
14	38	-5.295662201633512
14	39	-3.3595832472905864
14	40	-16.616074939842566
14	41	-2.938166821787848
14	42	2.192082931421234
14	43	5.464070053980913
14	44	-5.901122835395886
14	45	1.9940793592671673
14	46	1.3851105133336499
14	47	-0.7087559968256293
14	48	-1.843612171578694
14	49	-4.339867306515139
14	50	1.9817321350183328
14	51	10.726355030720839
14	52	-11.338966694768034
14	53	-1.5153368654161086
14	54	0.20864881652946382
14	55	-3.5268284342753646
14	56	-7.6455091964588995
14	57	-3.8207121544375893
14	58	-4.880547946041921
14	59	-7.240531688847293
14	60	-6.125523017738277
14	61	-4.419259683637092
14	62	1.8802203926292795
14	63	-1.957482067936723
14	64	-2.8801239945175414
14	65	-2.7786579203984836
14	66	-10.764052016116795
14	67	-1.2257659282078264
14	68	-5.085163907693772
14	69	0.6070239237747741
15	15	NaN
15	16	32.48640607668913
15	17	14.63397342476297
15	18	22.982907758310976
15	19	13.842065784747833
15	20	-9.837144435629552
15	21	14.703703765547147
15	22	12.047624153019127
15	23	-4.559358321413493
15	24	-11.104136067952675
15	25	0.6023990165081213
15	26	-0.6841740057122071
15	27	-4.959416569611848
15	28	-0.24823395636293058
15	29	-2.953888293780114
15	30	-0.3760760199153978
15	31	-3.889435578800247
15	32	-2.3748070587730625
15	33	-1.5080816952612486
15	34	-4.776594246513778
15	35	-7.941330049841717
15	36	-13.246740850087505
15	37	6.562590582949047
15	38	-2.7938209284617113
15	39	2.8482009055932593
15	40	-17.051587164081166
15	41	3.220466747130453
15	42	0.03516345384750907
15	43	-6.929000761962953
15	44	-7.935901871578557
15	45	0.5376555665101643
15	46	-1.4717052001918722
15	47	-5.266260303565575
15	48	1.218800298005069
15	49	-0.8041891245910638
15	50	6.870236011203042
15	51	8.655701274350092
15	52	-8.090635806324011
15	53	1.4822011641593131
15	54	6.592536293011316
15	55	-5.426173718081707
15	56	-6.634853557504445
15	57	-3.4112033243210895
15	58	-0.2851458299828475
15	59	-3.4625361788974627
15	60	-9.077771310027346
15	61	-3.3301683418407464
15	62	-3.3093054504584294
15	63	-6.197982881177863
15	64	-5.677791586648742
15	65	-1.5559662535557928
15	66	-11.722058583211277
15	67	-6.752524900855743
15	68	2.7327354078949666
15	69	-0.4626165425132262
16	16	NaN
16	17	8.451126110998555
16	18	8.200034955558476
16	19	51.84618666477903
16	20	-2.2044271670308606
16	21	2.31937027091544
16	22	9.94882025528601
16	23	3.4963965257870644
16	24	15.054303699573689
16	25	-11.206752060318992
16	26	-13.043800684311776
16	27	-14.589015848770716
16	28	-5.638359107151626
16	29	-16.260077121852845
16	30	-12.26484034402326
16	31	-1.9520648879590403
16	32	-6.589633982281629
16	33	-4.429194960203468
16	34	-23.752911993262522
16	35	-17.620100358696973
16	36	-10.824678080999782
16	37	4.275715963786978
16	38	-12.613694305934233
16	39	-16.91043619327733
16	40	32.838120811453585
16	41	20.107721797785466
16	42	-7.806817397886202
16	43	-18.84882842579813
16	44	5.603145315026535
16	45	-5.0320503774590035
16	46	-17.930596319927815
16	47	-13.594282546462146
16	48	-11.18762103341519
16	49	-14.344741535288513
16	50	11.285705630519331
16	51	50.22064554433174
16	52	43.29187663684918
16	53	-1.1802235328080675
16	54	3.1494207283081486
16	55	-4.694639994523267
16	56	0.2956904547602191
16	57	-10.754119003600518
16	58	-24.927017475380204
16	59	-18.793907177378028
16	60	-18.67339689375369
16	61	-15.448174946145595
16	62	-16.99456762798937
16	63	-9.147959602955558
16	64	-5.4408646158621545
16	65	-3.1079821853151803
16	66	31.76397219459901
16	67	9.98482099666605
16	68	26.692951896697164
16	69	38.67507620920663
17	17	NaN
17	18	5.892881679379056
17	19	-2.035470266158265
17	20	-1.961494108208112
17	21	3.5142522335672335
17	22	7.961220164096029
17	23	-3.4412047468068927
17	24	-6.038040920345608
17	25	-1.287211918456393
17	26	-0.13514116129857143
17	27	-2.284031047425523
17	28	-4.282261246988224
17	29	0.5512898343556453
17	30	2.535602752274497
17	31	-2.0252087862670125
17	32	-1.7895509162024383
17	33	0.7251142424570113
17	34	0.8707048763273935
17	35	-3.6433909050815636
17	36	-4.593700184303901
17	37	-0.9273798484376219
17	38	-1.4521663820922068
17	39	-3.3952199636726847
17	40	-8.596025586368762
17	41	-2.652480914295272
17	42	0.2753529270171714
17	43	-3.8066403530827397
17	44	-5.691694207715542
17	45	1.3954739999466792
17	46	0.2995324425595485
17	47	-3.808238752350259
17	48	-0.6326261098339423
17	49	1.1394085115155088
17	50	1.4406090910779663
17	51	-0.15410586287442093
17	52	-9.733408644302248
17	53	3.4959209346918696
17	54	-2.7331945694588087
17	55	-1.655725431656277
17	56	-4.485082008082026
17	57	-0.33874869187400547
17	58	-3.3742580700470923
17	59	-1.8867125878880318
17	60	-1.4833497161855398
17	61	-1.9416427617583605
17	62	1.8596283153815916
17	63	-0.66528466967259
17	64	-0.1343999499120801
17	65	-0.373506893114138
17	66	-2.7826526331806205
17	67	0.6670471116871479
17	68	-0.09949775347466223
17	69	0.552667464003363
18	18	NaN
18	19	1.7796362200971285
18	20	5.758989829919132
18	21	9.869290259584869
18	22	13.299135193498968
18	23	-3.234171936170029
18	24	-9.304222201388923
18	25	3.3646478159478534
18	26	5.1644673339403075
18	27	-5.206154286285421
18	28	-0.13379398719369
18	29	6.0900285149997755
18	30	0.9691266788403928
18	31	-0.5258065715915192
18	32	1.1666923772172157
18	33	-0.5915878535565797
18	34	-1.4575558765489889
18	35	-3.5109629962709956
18	36	-4.726203318548919
18	37	3.6716861114232433
18	38	0.28943010398227637
18	39	0.9088444654170807
18	40	-9.391317900112783
18	41	0.47075659210359483
18	42	1.6557602610186402
18	43	-4.698851247193021
18	44	-5.404335928435261
18	45	1.375226724104046
18	46	0.4079832524893748
18	47	-3.180495165308722
18	48	2.071437991869373
18	49	1.3847101792148895
18	50	3.159410884289217
18	51	1.4665132745204652
18	52	-7.00293128485646
18	53	-1.769541023501407
18	54	0.994118170459382
18	55	-3.156134281740158
18	56	-9.395662459949516
18	57	-3.2225463924601017
18	58	-2.074802010961013
18	59	-4.4427786386615775
18	60	-4.237643130087106
18	61	-1.748076711377712
18	62	-1.667303065058388
18	63	-6.8986732634093375
18	64	-2.9569196904802526
18	65	-1.835139417847498
18	66	-8.081029339477483
18	67	-3.2732483418500014
18	68	3.900792598467957
18	69	-5.138101385185366
19	19	NaN
19	20	-0.5209242999616559
19	21	10.250547007386738
19	22	2.1668407003718415
19	23	7.588487777571415
19	24	5.426458677574142
19	25	4.45601453030397
19	26	-0.46008612938725185
19	27	-6.9603614284378725
19	28	-9.338475170482265
19	29	-2.6883822025536728
19	30	-1.5369707359924323
19	31	-4.639244145529113
19	32	-0.7075490591886174
19	33	0.927463670638382
19	34	-8.022293511052778
19	35	-8.898723051688561
19	36	-6.490702791041902
19	37	1.5077701853897583
19	38	-5.806792845298251
19	39	-2.9837140621251983
19	40	-1.281482778161491
19	41	6.259762962117442
19	42	-2.697886272025636
19	43	-7.551067163636071
19	44	-0.226144109715886
19	45	0.9809357047523465
19	46	-5.532896485341338
19	47	-5.749737626042568
19	48	0.41074101223903287
19	49	0.4283371860275319
19	50	7.535277966458757
19	51	8.036290245524127
19	52	4.103603751017026
19	53	-1.3572389326521004
19	54	-3.8682919524520796
19	55	-4.331433599852169
19	56	-6.642415654870134
19	57	-5.674019421274037
19	58	-2.8842545084089526
19	59	-4.439567142669197
19	60	-2.1362813473110256
19	61	-0.22222589859618022
19	62	0.7855604015724275
19	63	-6.054047526138979
19	64	-2.160796557377668
19	65	-9.01278285092293
19	66	3.2709281889654944
19	67	8.542884242156564
19	68	3.477990068773798
19	69	19.51282730966644
20	20	NaN
20	21	-1.1840946651199673
20	22	6.897399292496556
20	23	16.596280646867562
20	24	12.373331764041174
20	25	-3.7497238029036732
20	26	-0.13992359188966758
20	27	11.080196881685895
20	28	2.168802452744339
20	29	-3.755822525265608
20	30	-7.09436761768729
20	31	-6.363633426700158
20	32	-5.298699435781134
20	33	-6.67682396917044
20	34	-4.062402928184755
20	35	9.819925779082885
20	36	1.6054971194020193
20	37	0.10105404639464985
20	38	-1.2563528565529523
20	39	-1.6991676826959854
20	40	1.8413108766529902
20	41	8.10103684543545
20	42	-3.640819026182739
20	43	4.595762701570713
20	44	-4.578794193861994
20	45	-4.952250591533389
20	46	-0.9985213765425802
20	47	-5.722922276951764
20	48	-4.032866415511292
20	49	-4.809296796339058
20	50	-7.7727515961970575
20	51	6.910838574657375
20	52	16.03384780922981
20	53	7.831744620980091
20	54	-3.7674700810042236
20	55	47.959246409060675
20	56	-0.16717010120208575
20	57	1.245079536960449
20	58	-0.1415631598595505
20	59	-8.862226476239893
20	60	-4.81549375710363
20	61	-3.1911352710642746
20	62	-4.523356297264946
20	63	-5.3620943735244575
20	64	-5.348883048898353
20	65	-3.3331621338048656
20	66	5.767735972349671
20	67	-1.1234830962423903
20	68	-1.8529894542626217
20	69	8.897271245675812
21	21	NaN
21	22	23.146559089972804
21	23	6.106845571237756
21	24	-6.32151338568467
21	25	13.2726047266406
21	26	1.709327574624431
21	27	-4.8357467824757006
21	28	-0.861807289020679
21	29	-0.7503770824364278
21	30	-5.399026645529523
21	31	-3.900434284411375
21	32	-2.087253531785483
21	33	1.3208586592113423
21	34	-2.5447336464850934
21	35	-7.270956548362523
21	36	-8.30623079604578
21	37	45.10095737526212
21	38	-1.1013186510328288
21	39	3.4553444353020297
21	40	-10.90057865386545
21	41	-0.3369661480230266
21	42	-3.1420840760656916
21	43	-2.6359236976810427
21	44	-7.684814859943037
21	45	-0.8757908705739169
21	46	-1.3794363855321998
21	47	-5.906348196050407
21	48	0.214430630620341
21	49	-0.4911535133441141
21	50	0.41891891337410037
21	51	6.0143418879542265
21	52	-11.880760609995022
21	53	-2.3382163575061856
21	54	-1.3446387291384534
21	55	-5.133115111362931
21	56	-8.57433720541791
21	57	-0.6560716803522947
21	58	-4.469915940474792
21	59	-5.732245520576535
21	60	-7.975943741977179
21	61	-3.4652869880003014
21	62	-4.618867765925631
21	63	-9.267811204863419
21	64	-6.476299138787723
21	65	-7.9504407449229175
21	66	-8.536107550199995
21	67	-2.9781102168280627
21	68	-2.7466463974461823
21	69	-2.086470143920852
22	22	NaN
22	23	13.490272188618388
22	24	-8.764349714990155
22	25	10.214209316836653
22	26	8.693527570792932
22	27	1.3387446903017752
22	28	-1.1886654174676259
22	29	6.865505149126319
22	30	-2.2955993866653777
22	31	-5.373282925405772
22	32	1.1409241316598424
22	33	6.262002761682825
22	34	-4.335392630063089
22	35	-5.3195163390783025
22	36	-7.89666733541447
22	37	-4.741828573743093
22	38	1.9444920490325253
22	39	-1.2683295714890417
22	40	-15.76744442916695
22	41	-4.39842612863841
22	42	6.176824244905351
22	43	-8.266706029362858
22	44	-5.049101305521226
22	45	7.0312682109300955
22	46	-0.712825988008565
22	47	-3.4491692558728277
22	48	0.1101467749644022
22	49	1.3783331925187885
22	50	0.30260021795176845
22	51	2.13306340043429
22	52	-13.329930482337007
22	53	0.6529935649704944
22	54	9.14973951839271
22	55	-5.164190130943695
22	56	-8.322385753783855
22	57	-5.735341402958571
22	58	-0.29932062967496825
22	59	-7.043614798734505
22	60	-2.725330589819547
22	61	1.6988344509850082
22	62	-1.4286584387407397
22	63	-9.840623492053535
22	64	-7.397499103262286
22	65	-1.7741981324888423
22	66	-10.663420935141525
22	67	-0.8776037055595434
22	68	1.6053935239358894
22	69	-7.5953804270228815
23	23	NaN
23	24	-1.6988843289572955
23	25	7.581135631910005
23	26	30.315478899589145
23	27	24.947385281756326
23	28	-2.1841176464527807
23	29	-1.5767600931592443
23	30	4.3612840695787956
23	31	10.168810397649077
23	32	4.06525940332786
23	33	6.1450203613599275
23	34	-2.636222544506317
23	35	1.9817135047763157
23	36	-4.149574671778442
23	37	-2.4305718202748863
23	38	-5.351120806932028
23	39	-0.0006900380614114897
23	40	-6.947124093285195
23	41	-0.9838247864447357
23	42	3.7675053699516274
23	43	2.346885050916604
23	44	-4.459597999703446
23	45	-4.5881574762984085
23	46	-7.796268846572287
23	47	-1.9829476278151006
23	48	-4.339542982038336
23	49	-2.549430651673589
23	50	2.7657238967195443
23	51	6.245209507202556
23	52	-6.419914260629098
23	53	-3.941577512765208
23	54	1.6865166721447298
23	55	-3.4874586832854253
23	56	-3.243170361865916
23	57	-4.823352520234573
23	58	-5.56928337377156
23	59	-6.182819042485888
23	60	-4.97331997458073
23	61	-6.27258457452625
23	62	-5.175690274221757
23	63	-5.545241573928531
23	64	-2.1053615138905233
23	65	-2.8753110351732922
23	66	2.8574628197842906
23	67	0.9867278242479954
23	68	7.074131461735549
23	69	8.733042208081429
24	24	NaN
24	25	0.2935727904124782
24	26	-8.418740841880261
24	27	12.30434832810665
24	28	18.952155240864695
24	29	-4.318389076151875
24	30	-2.6194329097622204
24	31	-0.8546574348806877
24	32	0.18011994709178109
24	33	-3.5506640211644975
24	34	-2.828580550617392
24	35	26.751220050737444
24	36	21.788075002504222
24	37	-9.011994825120441
24	38	-5.337729806175875
24	39	-8.178760061395595
24	40	12.260363129575389
24	41	2.525749653598617
24	42	-7.80896586646934
24	43	-9.637985783106132
24	44	11.462546347441519
24	45	-15.23126478269276
24	46	-12.768466526404673
24	47	-8.420314296663078
24	48	-8.581537791539525
24	49	-5.90136386199673
24	50	-4.628510765632557
24	51	-10.349539913957795
24	52	35.4117179116721
24	53	-1.4033095701207832
24	54	-5.47688788628408
24	55	8.49645457358116
24	56	8.697659315089648
24	57	-1.5163860396303137
24	58	-9.698309486620955
24	59	-1.4984094180394485
24	60	-3.230568750307856
24	61	-8.735020793317577
24	62	-8.219335041584586
24	63	-2.787015627835
24	64	-2.208693517532328
24	65	2.0130952412756433
24	66	28.460230158102277
24	67	8.494627366233354
24	68	-11.916594506622085
24	69	9.987239825968768
25	25	NaN
25	26	10.235712267738483
25	27	7.531899631599039
25	28	7.962908011277407
25	29	8.586298762994236
25	30	5.267645974346213
25	31	1.2267531359599035
25	32	0.9649016597836989
25	33	3.1398972239268024
25	34	3.2657666424477414
25	35	3.1072828100378853
25	36	-3.1828815452425103
25	37	21.259383782742262
25	38	-0.5742394884394775
25	39	1.9309422945367904
25	40	-5.50826148785575
25	41	-3.9086500426388833
25	42	-1.2022646902073548
25	43	-0.1628468356411453
25	44	-0.225282095084108
25	45	1.9950807781213342
25	46	0.6884889721918815
25	47	-2.7409915508459757
25	48	0.633056582509405
25	49	0.3736092937293532
25	50	6.1081926450772395
25	51	-7.270743022773608
25	52	-15.921987109480217
25	53	-1.2163053714543244
25	54	5.246220193766674
25	55	-4.898563823421622
25	56	-10.932606198371971
25	57	1.2555608908897777
25	58	-2.645331497866741
25	59	-1.8504884223907683
25	60	-3.952707189884121
25	61	2.2834169234214516
25	62	-1.9569692969213877
25	63	-4.587655400855505
25	64	-6.58647201970667
25	65	-8.574216762733375
25	66	-12.850882837402231
25	67	-0.49171047401470563
25	68	7.019163818398488
25	69	-2.4239267905657944
26	26	NaN
26	27	2.8902062622736957
26	28	4.2344982987060025
26	29	9.03847946397228
26	30	13.651842705143208
26	31	1.4971153880715875
26	32	13.323251319859732
26	33	3.325142514717972
26	34	5.805820447819083
26	35	1.341345224108965
26	36	-5.937480312755103
26	37	-2.1729306512395454
26	38	3.0565354608621544
26	39	-2.0627674365731634
26	40	-10.825411218021175
26	41	-0.6186024308889927
26	42	7.637942820369572
26	43	-2.4954298051597137
26	44	-3.2615506742788956
26	45	1.5337678741226266
26	46	2.3940022813366664
26	47	-1.4833637359491327
26	48	0.6417611737873011
26	49	1.1121968743705253
26	50	1.384890981532172
26	51	-6.156995667758902
26	52	-16.48881190929764
26	53	-0.16520507841068746
26	54	2.017552050555695
26	55	-6.002220645349495
26	56	-6.18208413474696
26	57	2.4834856883000747
26	58	-1.165716267951757
26	59	-1.519156254009323
26	60	-2.4926048718139584
26	61	0.25383915566604903
26	62	1.2482039357913532
26	63	-1.818730619403458
26	64	-2.425742780362297
26	65	1.9177514813045875
26	66	-7.4823251398358455
26	67	-3.1413779496753094
26	68	-1.351444549717161
26	69	-2.4959866479366135
27	27	NaN
27	28	9.9359786336625
27	29	4.39030160629044
27	30	8.36115084236736
27	31	33.11036312511764
27	32	0.7705191626433457
27	33	3.0212265777900424
27	34	2.959930073980768
27	35	18.438561355387815
27	36	2.0397926086904006
27	37	-5.475361560585217
27	38	-0.8932231683327453
27	39	-1.745719212936621
27	40	-6.039285003778983
27	41	-4.305469507753021
27	42	-1.76620873309792
27	43	1.4715235567292235
27	44	-10.754258934476214
27	45	-3.4171067738141927
27	46	-3.689412362246293
27	47	-2.8544462430254605
27	48	-2.8977994827029083
27	49	-2.4008083210357114
27	50	-2.8296753217864854
27	51	-2.0602137969336876
27	52	5.597819542733347
27	53	2.8855600866891717
27	54	-2.909981158920909
27	55	6.033971545948664
27	56	1.4508690074924002
27	57	1.3930364781327995
27	58	-2.486106245470666
27	59	-1.620707881512497
27	60	-1.8808006096693022
27	61	-2.578570940026996
27	62	-2.5164892106251893
27	63	-3.849679687002461
27	64	-3.269282803553446
27	65	2.403990970354301
27	66	4.394873999331341
27	67	1.8000005330276818
27	68	-5.889243025499154
27	69	2.12364574271199
28	28	NaN
28	29	12.244004751987283
28	30	12.701062297100506
28	31	6.089858073381705
28	32	14.964188100352949
28	33	3.536785252457142
28	34	3.0040351095385964
28	35	31.271709583109114
28	36	10.366821140690185
28	37	2.396802780341835
28	38	-1.9938940432757175
28	39	-2.5608960833187178
28	40	-5.700124196357077
28	41	-2.6720662699057116
28	42	-1.6470311849900987
28	43	0.07660627618794487
28	44	-11.00036825532966
28	45	-2.8492346820457635
28	46	-3.7024103076744876
28	47	-1.7696824449381956
28	48	-1.9333878974006147
28	49	0.007354079344716054
28	50	0.8581178089019927
28	51	-4.949826517124546
28	52	-3.1634997760560535
28	53	0.38463966826692325
28	54	-0.9298513989122237
28	55	3.5581971500357663
28	56	-4.8009722371968016
28	57	0.2809708139029737
28	58	-1.9920387273762612
28	59	6.065519728455898
28	60	-0.7148244456115014
28	61	-4.704506078829439
28	62	0.7401302141374801
28	63	-3.2309219568198975
28	64	-2.927653703598323
28	65	-1.6996981022778663
28	66	-10.026593677426833
28	67	-8.99327341752751
28	68	4.985217783155427
28	69	-0.6635004334404964
29	29	NaN
29	30	7.982692177390095
29	31	1.0432922154148396
29	32	5.638406331643194
29	33	3.9623144494124345
29	34	4.710672732438501
29	35	-1.9574568549930442
29	36	-1.8982981938878665
29	37	-3.2736650545784083
29	38	1.0635771504018703
29	39	3.236705624953182
29	40	-11.809381499225816
29	41	-6.641477884771695
29	42	5.228598285795108
29	43	0.547636383756962
29	44	-6.134920962356884
29	45	2.3913036095432596
29	46	2.778473474617257
29	47	-0.5980857462583322
29	48	4.03920290467045
29	49	5.758362230754191
29	50	-2.546501329291313
29	51	-1.6993772318325582
29	52	-13.175772841704493
29	53	0.5941280878307797
29	54	-0.7428449325431152
29	55	-4.189283902057137
29	56	-6.962017392270488
29	57	-1.7940054180661023
29	58	1.81644348034488
29	59	1.7896748300863146
29	60	3.633110578614481
29	61	5.028089693831762
29	62	3.722659239736906
29	63	-1.8632953675233634
29	64	-0.5957529266445787
29	65	-3.0508754800414177
29	66	-5.544759388191538
29	67	-2.126245867435346
29	68	0.6762116058354295
29	69	-3.166455032023186
30	30	NaN
30	31	16.754187859397675
30	32	9.012335711152266
30	33	2.153036471020812
30	34	4.8756371821545725
30	35	1.927997126608245
30	36	-4.224152251838644
30	37	-4.22609325769654
30	38	0.40538822749943754
30	39	-0.6187047800826843
30	40	-9.087563786673776
30	41	-2.9352305344772662
30	42	2.5478681947313127
30	43	-1.1216774972529675
30	44	-0.8065817479940113
30	45	4.843619911951679
30	46	-0.19815333696002146
30	47	-1.8295372689837144
30	48	4.526532486718951
30	49	-0.3933009245379409
30	50	-1.1412915378089818
30	51	-6.076269122905661
30	52	-0.08782757702851596
30	53	-1.5163249409230508
30	54	-1.181358630742004
30	55	-3.596987439946496
30	56	-8.532258878541889
30	57	0.36840054931461064
30	58	0.177729011121597
30	59	0.23738187922957882
30	60	3.1019870108989105
30	61	0.7061617932884282
30	62	2.508058264708952
30	63	-1.5253465308865575
30	64	3.0842210043795757
30	65	-7.465631442354535
30	66	-6.137577039327395
30	67	-2.962281136310822
30	68	-0.9049447564411952
30	69	-5.245927666952445
31	31	NaN
31	32	19.170114390484226
31	33	11.67020795642854
31	34	-0.891490058635588
31	35	19.025815873177862
31	36	3.8991136592584215
31	37	-4.516517366819758
31	38	-3.872939323514443
31	39	-4.8931908537823405
31	40	-7.198550966661651
31	41	-4.361397571997435
31	42	-4.154412386016503
31	43	0.5463546625811494
31	44	-5.743442688732565
31	45	-2.574241739593161
31	46	-3.422454651616287
31	47	-6.051463140658203
31	48	-3.937007356738371
31	49	-2.145092624234378
31	50	-4.231746741656986
31	51	-4.035049436749733
31	52	3.20974815101047
31	53	3.7125785315784032
31	54	-4.484975885980269
31	55	-0.014739554247440292
31	56	0.9526834970440378
31	57	8.0167186766842
31	58	-5.32276392707679
31	59	-3.374543985952562
31	60	-4.964546574554606
31	61	-1.3105482287007317
31	62	0.8091410935655649
31	63	-4.666182974144054
31	64	6.647591505791493
31	65	-2.0529368478793177
31	66	14.169095190446738
31	67	0.5745822238055156
31	68	-3.1017292469894926
31	69	-2.5569446068730484
32	32	NaN
32	33	6.539304057350748
32	34	2.732995582722797
32	35	6.5765414224477485
32	36	-1.5404572980899158
32	37	-7.438930305927364
32	38	-1.7027620549769256
32	39	-2.661269130559442
32	40	-8.463403338088163
32	41	-3.3786421054681117
32	42	-2.055009950037489
32	43	4.180823577279355
32	44	-8.041772946750733
32	45	-0.797541084708756
32	46	-0.12143879145482296
32	47	-2.536096254190851
32	48	0.25037112619415924
32	49	-0.34194521300659986
32	50	-3.3413659469605568
32	51	-1.6563993681952767
32	52	-4.389037011682793
32	53	-1.278145533793402
32	54	-2.5145501145103353
32	55	-3.282758169258284
32	56	-3.2818259581135982
32	57	-2.6830316096188067
32	58	-1.3268919567953377
32	59	-4.017316504401954
32	60	1.7313178050297338
32	61	-1.0378425662113513
32	62	1.470877411219305
32	63	-3.847100610181714
32	64	4.256974937222676
32	65	-3.3405043819254776
32	66	-1.721874105869409
32	67	-5.910989224599602
32	68	-3.125980213414265
32	69	-5.6132627349480275
33	33	NaN
33	34	5.774746459242983
33	35	13.011181606003149
33	36	-0.6866836769150538
33	37	-2.0541130899081637
33	38	-0.2409810203893105
33	39	-4.1115900474772396
33	40	-12.010349413534785
33	41	-5.012774503656882
33	42	1.5892448621165616
33	43	3.2663822454554543
33	44	-10.001316351957914
33	45	2.7982436268575137
33	46	2.011588571004298
33	47	-1.2321187013380908
33	48	-0.6210577074673076
33	49	-1.5057200202546173
33	50	-1.0375505285245754
33	51	-3.5939859841506965
33	52	-19.981106805836422
33	53	-1.051273090153435
33	54	3.450519598554147
33	55	-1.0662599964359643
33	56	-5.690919594024651
33	57	6.555874385854377
33	58	-0.2037879326311413
33	59	2.050662602587865
33	60	-2.912391485842988
33	61	-1.1829839389993135
33	62	1.274435648663016
33	63	-1.075297241861951
33	64	1.7040864709016643
33	65	-3.950016893370199
33	66	-4.186702153198799
33	67	-2.101324557331164
33	68	1.8277319983091895
33	69	-3.2374888831102058
34	34	NaN
34	35	6.169818115509488
34	36	31.447096685872424
34	37	8.038705818198212
34	38	5.660957867803257
34	39	4.168348093799225
34	40	-8.73311183369653
34	41	-6.9355053780660905
34	42	2.6016544867635045
34	43	-2.713059508572191
34	44	-10.105316226660172
34	45	2.360023315569046
34	46	2.048000221587092
34	47	-1.2040209991597606
34	48	1.320764746753969
34	49	-1.2717212312004593
34	50	2.081440553913688
34	51	-8.337291299180091
34	52	-18.457575757058905
34	53	-0.5025576793067692
34	54	-0.8650458828935309
34	55	-5.48408482344809
34	56	-9.465414425522845
34	57	5.385247786029615
34	58	3.9056855589145685
34	59	1.038718863499694
34	60	-0.7684867301587895
34	61	-1.1224864417416527
34	62	2.148864190723305
34	63	-0.811236760659254
34	64	-1.1888985053665297
34	65	-1.0501490379246419
34	66	-7.9649955637893015
34	67	-5.141414890282735
34	68	1.1490718223674385
34	69	-5.690476746098185
35	35	NaN
35	36	14.472293883698226
35	37	1.0769985151452768
35	38	4.63995313500605
35	39	2.5673093748477283
35	40	-6.396994757712691
35	41	-8.850240144536079
35	42	-6.913214472417224
35	43	21.348856130521032
35	44	-15.59091100247315
35	45	-4.638218532178335
35	46	-3.6733998057548107
35	47	-3.006647720554609
35	48	-5.488710934215121
35	49	-5.9591881295677105
35	50	-5.782455944315985
35	51	-0.9420620067290277
35	52	-9.372112911678165
35	53	-3.0354673043637934
35	54	-7.322147432356561
35	55	25.75180078548502
35	56	-4.752072900489521
35	57	-0.22254237342684768
35	58	-2.1121483863797446
35	59	2.1633418015774466
35	60	-6.662907122954197
35	61	-3.665395859978156
35	62	-3.8822503945882487
35	63	-8.786632273709083
35	64	-8.212065963899294
35	65	-3.0820841008233524
35	66	0.26086294679167943
35	67	-4.456170792859958
35	68	-6.648965343550039
35	69	-8.845166136332823
36	36	NaN
36	37	-7.93897629721894
36	38	6.496660589581374
36	39	-1.639248699612541
36	40	9.664336165985766
36	41	-1.5842275388997948
36	42	2.792941840632505
36	43	7.3927642032323675
36	44	-4.944712834235407
36	45	-4.838438341859155
36	46	-1.2184398041207707
36	47	-2.2697303657634933
36	48	-3.794542417004503
36	49	-3.5820051202170644
36	50	-7.886365773489364
36	51	-9.251871996855561
36	52	6.8818333642033505
36	53	-0.7318590433711732
36	54	-7.563711304290549
36	55	5.812122455577871
36	56	3.519187265182031
36	57	-1.156592139155537
36	58	2.061419420427386
36	59	-3.004660727816636
36	60	-2.972135348305892
36	61	-5.62639963098059
36	62	-3.371995936346705
36	63	-0.2707494615659463
36	64	-1.1111472510751628
36	65	1.456226646916503
36	66	12.818302901386144
36	67	-4.192950092264864
36	68	-5.892076530497561
36	69	-3.847766624411102
37	37	NaN
37	38	1.1567149958952694
37	39	3.7638615792268264
37	40	11.408953715604474
37	41	-0.9414166078023367
37	42	-4.715306558016881
37	43	3.9544980157595226
37	44	10.905130407465823
37	45	-0.18133296253012132
37	46	-4.434046940673427
37	47	-4.671601916061035
37	48	1.2789088151855819
37	49	-1.773940197881908
37	50	3.5142159533026596
37	51	-2.9838381958198346
37	52	-12.1232823100808
37	53	-2.189117003291312
37	54	0.9947042172543276
37	55	-2.8424533404923022
37	56	-11.524859270493208
37	57	-5.00974577788214
37	58	-0.055283597609126205
37	59	0.556708018732988
37	60	-2.9779117090185125
37	61	1.378677907914209
37	62	-6.710431218089957
37	63	-10.939682801885404
37	64	-5.6499893481631505
37	65	-13.998863307282372
37	66	-14.277596377693898
37	67	-7.719298666011865
37	68	-2.5416533353168536
37	69	-8.26652932261559
38	38	NaN
38	39	4.362373370245147
38	40	-0.9387792115800248
38	41	-1.3397461918022486
38	42	7.1188297196828065
38	43	20.328497014172243
38	44	7.8595274947590905
38	45	1.5551597480209882
38	46	4.57059550077612
38	47	5.053069443200911
38	48	1.8389074443554045
38	49	7.173390127144814
38	50	-0.9795456994659401
38	51	-7.887588274224152
38	52	-10.959372178489211
38	53	1.1402915220460337
38	54	1.8248558924324514
38	55	-0.11969873278280112
38	56	-2.477371052163058
38	57	-0.3967187177512402
38	58	1.6544797953050216
38	59	0.19563817181929818
38	60	1.4731720895688634
38	61	0.23170569514997827
38	62	-0.13681986164532314
38	63	-5.046485192653581
38	64	-4.021837048364606
38	65	-4.256651624345123
38	66	-6.034770924965018
38	67	1.1769079579955974
38	68	-2.130497940529571
38	69	-3.93852299547105
39	39	NaN
39	40	4.595230127340257
39	41	18.984558692686356
39	42	17.648787171077927
39	43	5.350783216711156
39	44	0.8828290269008725
39	45	0.3198205097239109
39	46	0.5665992170907922
39	47	-4.825870571940522
39	48	-0.2830353342281867
39	49	8.058284327104131
39	50	-0.22076060761739486
39	51	-1.0816103787958828
39	52	1.968445859725768
39	53	-0.5988351365689273
39	54	-2.199782101958389
39	55	-2.0319619773301127
39	56	-6.335998885260571
39	57	-4.826330128303622
39	58	-3.9867466915773533
39	59	-3.72364079498957
39	60	-3.532883721242118
39	61	-1.1503503240859416
39	62	-0.6530459322607194
39	63	-5.716335876270975
39	64	-3.407693484651366
39	65	-3.1394762036410735
39	66	-9.289755047984755
39	67	0.9416257869532974
39	68	-3.0979219800175657
39	69	-2.10170199171557
40	40	NaN
40	41	18.254748816299823
40	42	-3.1528388212635674
40	43	8.365412515991016
40	44	136.83145524273766
40	45	-7.799841072006608
40	46	-10.774863361537292
40	47	2.60271372411489
40	48	-8.428354560946364
40	49	-4.270484978167937
40	50	-7.619237237283061
40	51	-3.21938846078221
40	52	100.42379624005717
40	53	5.956416117990092
40	54	-5.852562312784326
40	55	-12.147439774829433
40	56	10.147213255977439
40	57	-3.7371364790049304
40	58	-12.579712683890774
40	59	-3.460977499982491
40	60	-6.404717400312492
40	61	-1.9014910296599512
40	62	-12.329117037248762
40	63	-14.729850398291637
40	64	-13.40978894733529
40	65	-5.2780347582915
40	66	17.12632442713234
40	67	10.115489613941222
40	68	1.861723214203098
40	69	9.08920529853651
41	41	NaN
41	42	17.130663707146528
41	43	-0.7863663607029375
41	44	-0.6212275477489039
41	45	-5.77868445627758
41	46	-4.594852164231198
41	47	-10.351915873899317
41	48	-5.988502641505024
41	49	-4.305546718930118
41	50	-10.111678802312037
41	51	4.909071120306744
41	52	28.57817658166206
41	53	-4.4399441879436345
41	54	1.2861012794288031
41	55	-7.942190621969346
41	56	-8.575592635405544
41	57	-5.982590252334133
41	58	-7.441424071555291
41	59	-8.901442336722209
41	60	-7.323594954481836
41	61	-8.540932170209587
41	62	-9.250407553031321
41	63	-10.406213472775018
41	64	-1.084452507063628
41	65	-7.1493114395840145
41	66	1.2712921549897367
41	67	5.036331475323156
41	68	-1.2952104152897137
41	69	0.022212477984428432
42	42	NaN
42	43	12.278764034400536
42	44	-3.8137676842601063
42	45	3.0241924954301167
42	46	1.4211733327451737
42	47	-1.271025424148442
42	48	0.8151341153897732
42	49	3.552089833765717
42	50	0.10237393299842594
42	51	-2.9303461737234655
42	52	-14.46937810591737
42	53	-1.656755482790833
42	54	5.822298142901054
42	55	-7.217960763255637
42	56	-8.488610262787656
42	57	-0.2413012025838003
42	58	-0.2886588045883208
42	59	-1.074231824300926
42	60	0.01040073113711169
42	61	0.0036254834661060805
42	62	0.7180261529124806
42	63	-4.980150501874858
42	64	-2.932433988743313
42	65	-0.2700748097097383
42	66	-10.48976218177943
42	67	5.986106785202738
42	68	1.2096707382059702
42	69	-3.1226663669948036
43	43	NaN
43	44	6.7726327787530884
43	45	-1.1417759280875561
43	46	1.322730905057759
43	47	-0.5627491589438691
43	48	-2.4999487665239983
43	49	0.7599936818411345
43	50	-4.056694645223376
43	51	5.1916283489842145
43	52	1.34278397022754
43	53	-2.1525735604551697
43	54	-1.049592758458359
43	55	8.35880952610016
43	56	-2.6731566971233356
43	57	-1.7838502433043852
43	58	-2.2614586021151344
43	59	1.9115226689732434
43	60	-4.5518018639578655
43	61	-3.132514588765333
43	62	-2.6109790509269355
43	63	-9.920357921617788
43	64	-3.019890964011056
43	65	-8.301943749341728
43	66	-4.310842269980891
43	67	-4.597776621429597
43	68	-0.6922868625578118
43	69	-6.05992226269888
44	44	NaN
44	45	12.730819207080401
44	46	4.00850568797722
44	47	19.795127855897636
44	48	2.193619488573601
44	49	2.73963852695601
44	50	-2.557849605867575
44	51	-4.204796015950287
44	52	29.307921435059754
44	53	-0.8376342856170944
44	54	-3.056807835726835
44	55	-16.287544534552904
44	56	11.366556914571822
44	57	-4.411006310585421
44	58	1.9555643731867653
44	59	-4.786211511909534
44	60	0.7352694891043156
44	61	1.5237928993657668
44	62	-6.367653783341075
44	63	-3.236891562994186
44	64	-5.589821149751433
44	65	-10.007314331760846
44	66	1.0890684189318658
44	67	-6.927077881974181
44	68	-5.651508303146903
44	69	0.18033788642694296
45	45	NaN
45	46	12.89132183580564
45	47	4.672074184949803
45	48	18.859354403796644
45	49	7.969845284398691
45	50	14.728520601010297
45	51	4.771521125524226
45	52	-17.319645192670194
45	53	1.6472256177325888
45	54	1.8816849957987791
45	55	-6.64643997915102
45	56	-6.0817394123876705
45	57	4.307505456452209
45	58	0.5158005123394405
45	59	-0.1387576982192071
45	60	1.7443780423579247
45	61	3.63205637826349
45	62	6.3203323134499705
45	63	0.3566904039607475
45	64	-0.48498871005459543
45	65	-3.511508696172588
45	66	-6.643403357990962
45	67	-1.8729039907287854
45	68	7.3331659796153525
45	69	-5.248957787762896
46	46	NaN
46	47	33.6833366773477
46	48	9.89578947146268
46	49	5.840111043738628
46	50	3.7749915378582712
46	51	-5.669918426083867
46	52	-22.910553816575575
46	53	-1.2820435928660778
46	54	4.2430270056957315
46	55	-1.9650357197606927
46	56	-1.8462658880658471
46	57	1.963690156453622
46	58	15.907536914012999
46	59	1.5765808544169553
46	60	2.972837313065917
46	61	0.9541467799450986
46	62	5.227895911212944
46	63	5.555045548688132
46	64	5.1971217096936035
46	65	-0.47417000440635887
46	66	-7.349199488104035
46	67	1.614844231124731
46	68	0.15158293365969566
46	69	-6.563985620701011
47	47	NaN
47	48	3.361999894953533
47	49	3.846602929061769
47	50	-7.699296771735387
47	51	-5.1154241557341225
47	52	-14.318472490340795
47	53	-0.8583292956617711
47	54	-0.7387164899948682
47	55	-2.8623347477453804
47	56	38.567795388672515
47	57	-4.609370478441344
47	58	58.387275321197535
47	59	-6.493771003317837
47	60	-2.7833942469501376
47	61	1.5691795621133335
47	62	-0.17914883715596974
47	63	9.313863181973192
47	64	-5.147631394972746
47	65	1.492924593544237
47	66	-9.082260798937593
47	67	-2.5529838936535607
47	68	-1.8310833275337304
47	69	-5.7911383670398635
48	48	NaN
48	49	10.348870720211217
48	50	11.894787468191478
48	51	-0.3614064512266962
48	52	-13.46124539629278
48	53	1.2901645120905432
48	54	-1.711952214697078
48	55	-4.684577651112902
48	56	2.6209124176808416
48	57	1.3776189921837587
48	58	0.3276188805870986
48	59	0.11319529662228053
48	60	-0.8359828903606039
48	61	4.165596640929492
48	62	3.4129527115459735
48	63	3.3017364089464403
48	64	2.9199322779356316
48	65	3.1888489859696643
48	66	-5.638419952282503
48	67	1.9390248883260073
48	68	3.0039327225424817
48	69	1.6751401580311265
49	49	NaN
49	50	5.186474860491629
49	51	0.2896943849441482
49	52	-2.053629594643034
49	53	2.0018075124209394
49	54	12.734487694279938
49	55	-2.217682930421233
49	56	1.4990101828266424
49	57	-2.605141899727332
49	58	-0.7845588291083438
49	59	0.9904917674898681
49	60	2.707106269851459
49	61	0.7324566146445356
49	62	0.81265974552356
49	63	-4.393770599663058
49	64	-1.6805615835236687
49	65	2.985939959626157
49	66	-7.536551571431625
49	67	3.3378720672571323
49	68	-1.5648198247268092
49	69	-2.211914087550949
50	50	NaN
50	51	16.271074789346166
50	52	-4.762093211222613
50	53	-0.6326345114413782
50	54	15.392316791494284
50	55	-4.548622123872388
50	56	-7.370717101045575
50	57	-3.041121044081292
50	58	-2.9409039359339624
50	59	0.7540511578596408
50	60	-2.476617498009717
50	61	3.273301433062748
50	62	-0.8994740792412658
50	63	0.5063676345486138
50	64	-4.56081932152343
50	65	3.50618292638546
50	66	-9.219735644232475
50	67	7.654989546659078
50	68	13.140146487912958
50	69	5.213173890893306
51	51	NaN
51	52	38.495942533501704
51	53	3.076609646120474
51	54	4.8018039287417364
51	55	1.0785635441827905
51	56	-5.129772686848076
51	57	-5.247849208702647
51	58	-4.750400624563126
51	59	-11.779450733864389
51	60	-7.936710258437897
51	61	-6.491177488446841
51	62	-8.30817670690849
51	63	-9.084261937627126
51	64	-2.972580215066272
51	65	-4.2228618056168115
51	66	7.214538781395111
51	67	-1.985996686539963
51	68	8.210360417923999
51	69	11.359336097072946
52	52	NaN
52	53	16.621597608802972
52	54	-8.467320735513844
52	55	15.34304750786698
52	56	10.14541405393406
52	57	-7.667595458884768
52	58	-25.30326900383226
52	59	-9.381904383867314
52	60	-6.301550447569507
52	61	-15.046773175274446
52	62	-15.86243262045526
52	63	-5.754469722649048
52	64	-2.144728593919162
52	65	0.34234748759812156
52	66	50.2951757162496
52	67	15.962390759524897
52	68	-17.899836305672437
52	69	16.585555790509844
53	53	NaN
53	54	-1.4276091355447913
53	55	1.139175858956901
53	56	-1.1838864514069918
53	57	2.9697386342848993
53	58	1.2390020570612066
53	59	-2.332241349345274
53	60	0.13555850087190488
53	61	1.2693878216680181
53	62	-1.5514707128376832
53	63	-1.5566468748901585
53	64	-2.877088105848186
53	65	-1.8912690379263377
53	66	2.104380852414331
53	67	-2.301548933046363
53	68	-0.1900433368744079
53	69	-2.0407387899268272
54	54	NaN
54	55	-2.604775773701689
54	56	15.38604633471694
54	57	-7.442788594579192
54	58	0.3106704654610271
54	59	-7.247634367736166
54	60	-4.670775568427115
54	61	0.5239787247644231
54	62	-2.851040237365979
54	63	-0.9131269222771332
54	64	-2.7091333456747497
54	65	7.66143552371846
54	66	-11.264902736205693
54	67	8.144021526823288
54	68	11.445038831692326
54	69	1.5771206362975794
55	55	NaN
55	56	-0.615103461931102
55	57	6.6730562654598415
55	58	-2.308862748363204
55	59	-0.9820377148533221
55	60	-6.649065018124957
55	61	-2.129834629236287
55	62	-4.1495699582274606
55	63	-1.6383679192606246
55	64	-1.7142409418335405
55	65	-2.870857010488228
55	66	25.83442976560684
55	67	-3.7545537557771937
55	68	-4.408966504586112
55	69	10.73849925738054
56	56	NaN
56	57	-0.2569705306616535
56	58	32.267997410194546
56	59	-6.6308826724320955
56	60	0.8250712300940778
56	61	-1.8510552827453461
56	62	0.8756357015611191
56	63	36.36274665128932
56	64	-1.8592564963458762
56	65	63.33974810609388
56	66	24.825423864384877
56	67	-0.28389460194260946
56	68	-6.458547420531653
56	69	1.491759476332384
57	57	NaN
57	58	-0.9694709344468423
57	59	8.73477771472223
57	60	-1.438094177980834
57	61	-2.361478053675843
57	62	1.955955378177923
57	63	4.5755331830216415
57	64	5.715903187569449
57	65	-3.2599137058134393
57	66	8.431837890413796
57	67	-1.9540878351170972
57	68	0.11049339793880807
57	69	-1.0727423188520508
58	58	NaN
58	59	-1.1722301232062926
58	60	1.5442637066042442
58	61	6.282267091711196
58	62	-0.6979273579717797
58	63	18.486130047478472
58	64	-0.5164677839903216
58	65	0.840734393233429
58	66	-12.704698161214296
58	67	-6.369957508821058
58	68	-4.394628643218337
58	69	-8.09654050369245
59	59	NaN
59	60	61.79020616551193
59	61	20.60475021832933
59	62	26.329737411708802
59	63	11.526972199910892
59	64	25.362717046953463
59	65	5.910848293478708
59	66	-5.5065265997255075
59	67	-0.2417935960905366
59	68	-5.8846552868299575
59	69	-3.010586693701549
60	60	NaN
60	61	29.892784941137073
60	62	27.51272960093741
60	63	10.155898147312472
60	64	16.84534780604201
60	65	0.10833681468436417
60	66	-1.9884866907854648
60	67	2.0454528962528786
60	68	-4.454450546552788
60	69	-4.660941129885546
61	61	NaN
61	62	37.7948735309666
61	63	14.338047349156202
61	64	7.537229385741345
61	65	-1.4969695389543738
61	66	-3.9458680291164847
61	67	-1.4870342224338413
61	68	1.0240498863150524
61	69	-0.41504331886850576
62	62	NaN
62	63	17.45130835237166
62	64	17.6412619436574
62	65	2.5439274020785345
62	66	-1.6853897669261708
62	67	1.330223019682776
62	68	-1.2847807944947276
62	69	-1.1459861604244326
63	63	NaN
63	64	15.831166639288035
63	65	84.71532027501019
63	66	4.521229461450174
63	67	-0.15172622436069846
63	68	2.125449213469399
63	69	-1.1381765673470294
64	64	NaN
64	65	8.594932429987901
64	66	8.03288082596493
64	67	0.7101486045907004
64	68	0.030366118419036574
64	69	5.307047005813549
65	65	NaN
65	66	15.373548349149022
65	67	15.47761740958713
65	68	-0.3807476581707988
65	69	5.609021858746523
66	66	NaN
66	67	21.565531134284107
66	68	-5.89667792392886
66	69	31.28840916276724
67	67	NaN
67	68	9.1203867903107
67	69	2.472722010439578
68	68	NaN
68	69	8.495889310927975
69	69	NaN
