1	1	NaN
1	2	-0.9179229118360934
1	3	-0.9538085664131375
1	4	0.5826587519844342
1	5	-0.12726068398561058
1	6	1.5139155327946814
1	7	3.0928673884149815
1	8	0.3543646052026742
1	9	3.5929571556313173
1	10	-0.1862765498626672
1	11	-1.7348668255430912
1	12	-1.1944548401802704
1	13	-0.5162069207517462
1	14	-0.3295425261995967
1	15	-0.7385527189893734
1	16	2.4223508925909156
1	17	0.17253220074076292
1	18	-0.07445578612057095
1	19	-2.781798317078169
1	20	-0.5913680371344003
1	21	-2.556407483415248
1	22	-2.542249443990795
1	23	-2.081400952564131
1	24	1.5522732799095953
1	25	-0.050539306242444695
1	26	0.2552183468528656
1	27	1.9728223037281092
1	28	-1.8577375514119807
1	29	-0.6460491030051286
1	30	-0.36404516727651653
1	31	0.5748697398035778
1	32	0.38446801194060404
1	33	0.8202883801920712
1	34	-0.20698790100807737
1	35	3.7437254877498245
1	36	-1.21663553544354
1	37	1.4510303375781077
1	38	0.06325422466368831
1	39	-1.168573558660385
1	40	1.343449695621325
1	41	-0.9552569742916013
1	42	-0.3912931642005596
1	43	-0.5982594867654405
1	44	-1.2924826848581246
1	45	3.4207662456186294
1	46	-0.10208278128302951
1	47	-0.8807231963827152
1	48	0.6842727549560124
1	49	0.10671898808874938
1	50	-0.5847325868957276
1	51	-1.4030683812916327
1	52	2.610149749147096
1	53	1.5884969430213773
1	54	-0.5809733425050073
1	55	2.19360166623652
1	56	1.8447465484512477
1	57	0.9444707496716944
1	58	2.0867841546829684
1	59	-2.5525682947832724
1	60	1.0791374539814342
1	61	-1.5299048901079109
1	62	-3.52379418869078
1	63	-0.06165642115944612
1	64	0.6711646034160575
1	65	0.04685674665297216
1	66	-2.771429571669619
1	67	-1.5820817004815064
1	68	-0.8375538022811743
1	69	-1.7734753603094913
2	2	NaN
2	3	0.1846222687148379
2	4	0.09338126273692204
2	5	-2.1920027755479983
2	6	-0.8365555516906882
2	7	-0.16460327167086808
2	8	-1.0680034794095878
2	9	-0.5629720400372491
2	10	1.4856828009228686
2	11	-2.0605909228364037
2	12	-0.1854738804113681
2	13	1.1313064383637328
2	14	0.03146014249737177
2	15	-1.6949711267891132
2	16	-1.755642987285759
2	17	1.1493067390882883
2	18	1.8435344557904803
2	19	-0.4136307823846455
2	20	0.1527783928510391
2	21	0.5127575377388875
2	22	1.8410552390672326
2	23	-0.6234262357455339
2	24	1.050111728668492
2	25	-0.5459621943266445
2	26	-2.2597457792372837
2	27	1.8235590554520253
2	28	-2.8614073230623003
2	29	-1.7950634334169684
2	30	-4.10053740129663
2	31	0.25040630627063754
2	32	0.9640543467917378
2	33	1.4221308585366979
2	34	-0.28214126519410737
2	35	0.7807687099212159
2	36	0.5376480357256982
2	37	-0.28509708011243867
2	38	0.3573171957921361
2	39	1.2753455493100243
2	40	-0.20335098245140013
2	41	-0.7547731097747574
2	42	-1.96180623292957
2	43	0.915698219379646
2	44	-0.9868512395520778
2	45	0.19162289895316645
2	46	-0.20470649071893765
2	47	2.5782218019036205
2	48	-2.205173394344876
2	49	-0.12703143668646136
2	50	-0.10682240475940724
2	51	0.8201172332457309
2	52	-0.940594163005945
2	53	-1.1886998683432033
2	54	-0.46334286301354577
2	55	0.8407088403798424
2	56	1.2299447757093736
2	57	0.6094258707614453
2	58	5.208916814710996
2	59	-1.1303421979988375
2	60	-1.1098549095418313
2	61	3.8524296426419076
2	62	-5.1006992034877525
2	63	0.8697957937634926
2	64	-1.0383193712623893
2	65	0.9823688715815324
2	66	1.2785709213310519
2	67	1.2709215356656551
2	68	-0.27666141123563265
2	69	0.986947281487167
3	3	NaN
3	4	-1.061809962268623
3	5	1.1085048712770817
3	6	-1.9279937713535085
3	7	-1.3540260172830256
3	8	0.4785770191142666
3	9	-2.8174724136484315
3	10	-2.5471552205171584
3	11	4.849964369585638
3	12	1.4693842782129758
3	13	0.5230258649381975
3	14	1.79042774062784
3	15	0.693553192587484
3	16	-1.4779071433330153
3	17	-0.7078825270260533
3	18	0.969594519198982
3	19	-1.7066543335576434
3	20	0.7681391840053416
3	21	1.3318883032213726
3	22	0.8964329866315539
3	23	3.178076032764388
3	24	-3.03022022526093
3	25	0.7673874851389854
3	26	-0.7120961527184915
3	27	-2.6385350996478536
3	28	2.838840685242635
3	29	4.553242759040119
3	30	-2.2341558161018424
3	31	2.475543133385413
3	32	-0.507008046907444
3	33	-1.980977492539136
3	34	2.4409070661836827
3	35	-1.866132952287651
3	36	0.8169932350940675
3	37	0.07613805996795024
3	38	-1.2590556417516097
3	39	0.6642654021300932
3	40	-3.15203949335051
3	41	0.4565948508185323
3	42	3.456570602525375
3	43	-2.253174697927309
3	44	3.621414511553363
3	45	0.1942151285968822
3	46	1.7652805031328775
3	47	-1.8119843877843032
3	48	0.7947698983494856
3	49	-1.7786056509818633
3	50	0.6228931787268708
3	51	-0.12741014451168442
3	52	-2.6088748130011665
3	53	0.8952473916096473
3	54	-2.275414545367354
3	55	-0.5665000964332082
3	56	-0.6537050837594751
3	57	-1.3849507885359225
3	58	1.6824062328856817
3	59	0.47337416970779517
3	60	0.6365664316238488
3	61	1.4310049227878585
3	62	0.7345010797178163
3	63	2.2390285193431856
3	64	0.6641769461940497
3	65	-2.5186612939726203
3	66	-0.22462810392357796
3	67	0.08047449613614764
3	68	-1.1048234211616883
3	69	-1.8703796813411393
4	4	NaN
4	5	2.0459874490949574
4	6	0.8678223114483273
4	7	-0.017238031118755943
4	8	-1.1362178140567258
4	9	0.745470319786333
4	10	-1.9209902516551414
4	11	-0.8910868672405441
4	12	-2.632269962752067
4	13	1.9425178825991338
4	14	0.4204361271150959
4	15	-0.990642766419288
4	16	-2.1890073105438392
4	17	-1.281273461407224
4	18	1.042094330596496
4	19	-2.783136076395893
4	20	-0.27014712842034716
4	21	-1.3483751797713859
4	22	-2.204185785538735
4	23	-3.1094277135580985
4	24	1.5273596037041992
4	25	-1.8497074966598657
4	26	-4.6116110367234935
4	27	-0.012012302183797603
4	28	1.9661072785229674
4	29	-1.9612283671712396
4	30	-1.215338487783957
4	31	-2.038035731032122
4	32	-1.462962516649434
4	33	3.003121589692241
4	34	1.8254544525194984
4	35	1.355849861870366
4	36	-2.0999882391061853
4	37	-0.29123086670792664
4	38	-1.4146294220508493
4	39	0.3591773010008014
4	40	1.4401757085528837
4	41	2.0666852903996924
4	42	0.9620233477108916
4	43	-0.34298520148343126
4	44	-0.9183887438574192
4	45	-0.29789193360977634
4	46	-0.6572327668741381
4	47	-0.8598092557517095
4	48	-0.3974502893841422
4	49	0.8514271346175066
4	50	-0.6398153318857741
4	51	-1.2145734498796228
4	52	1.9145943444177793
4	53	0.349723828443141
4	54	2.604559275576207
4	55	-0.9299604697628224
4	56	1.7810839165343897
4	57	5.693089704765923
4	58	-3.2992777171425822
4	59	26.105520978534454
4	60	-0.1752469781174754
4	61	-0.8881900412087839
4	62	-1.8735615526630147
4	63	1.345363134053657
4	64	-2.6374704608646167
4	65	-0.6819294557578275
4	66	-3.1600005609888924
4	67	-3.3556055305296435
4	68	-0.04388225832943835
4	69	-0.939490702623127
5	5	NaN
5	6	1.0338924625123094
5	7	1.525146827644308
5	8	0.02569894418653112
5	9	0.5172428384131914
5	10	-0.9940195630368894
5	11	3.783340012069343
5	12	1.1866904786562493
5	13	1.0260644674020583
5	14	-0.4156546757655645
5	15	0.031329832753794466
5	16	-1.012805391929315
5	17	0.5361523533636043
5	18	-1.6120293826400702
5	19	-2.1317385646830225
5	20	-2.2917668154041984
5	21	-0.3735449485414382
5	22	2.0787663885747723
5	23	-2.3927718524052977
5	24	-2.3577995542344
5	25	2.5725459950056164
5	26	-3.4036027587163895
5	27	-1.5171063636072841
5	28	-0.4759252779775209
5	29	1.0004110237043162
5	30	0.0483084887123119
5	31	-3.100480459616804
5	32	-0.6344907910177839
5	33	-0.7830093122936415
5	34	31.775399270848986
5	35	-0.703116708762838
5	36	-1.6100256493364393
5	37	-1.1604054540630218
5	38	-2.5578462887732405
5	39	-2.3802751515580254
5	40	-1.4619807310867372
5	41	1.746294947222541
5	42	-2.172640000930672
5	43	0.6444523611340786
5	44	0.2782242073334489
5	45	-1.0850510623639142
5	46	3.0528313410964794
5	47	-2.4967005801436737
5	48	-0.33695332638895215
5	49	-0.7067699850080645
5	50	-1.9846375393647113
5	51	-0.9829047185353484
5	52	-3.7663141011281525
5	53	-2.2650715468967273
5	54	0.5267468734439301
5	55	-1.1768551369394922
5	56	-4.107454442191361
5	57	-1.1884784600095848
5	58	-3.008246598344923
5	59	0.24180892450645497
5	60	-0.042836298506991506
5	61	0.5602361240133088
5	62	1.3412318786893578
5	63	-0.015903437732219437
5	64	-1.0658073458399089
5	65	-2.8080132393134916
5	66	1.6204082093101528
5	67	2.636673989096433
5	68	0.6377425562121435
5	69	0.011775570865685116
6	6	NaN
6	7	-2.6026698930444834
6	8	-0.4740571745863837
6	9	3.155022583725067
6	10	2.8881422106051144
6	11	1.1465071914251175
6	12	-1.7984597309618167
6	13	-1.5381029645506732
6	14	0.1497338252442671
6	15	-1.5774385364595056
6	16	-0.44857750989332645
6	17	2.9497916544732967
6	18	-2.0339118700314325
6	19	-1.6317876223109822
6	20	1.3611019618023474
6	21	-1.528615566878314
6	22	-1.3101151144972576
6	23	-0.8471933690535901
6	24	3.704710742609128
6	25	-3.67667300646848
6	26	-2.472589110727324
6	27	4.656458976991968
6	28	-1.078432369368151
6	29	-1.8048669696620074
6	30	-3.786470793281865
6	31	0.17743755452412546
6	32	-3.3964185814225036
6	33	3.1676913074214434
6	34	-0.1839264248050191
6	35	1.7395345728274478
6	36	-1.2772793000506242
6	37	1.1350133101139128
6	38	2.870756425591197
6	39	-1.0982834350865593
6	40	1.257317833742943
6	41	0.8750769666000024
6	42	-0.7627321002097047
6	43	-1.3758477863427252
6	44	-0.5136265478661871
6	45	-3.9432184969894424
6	46	-1.9067320605340472
6	47	2.083512626301472
6	48	-1.7575068991129172
6	49	3.5358655844502827
6	50	-0.2192267846048781
6	51	-2.0325349751090034
6	52	3.350809791974592
6	53	2.2560934285562855
6	54	0.4945203767793376
6	55	1.8283109426814659
6	56	3.4738144791237655
6	57	1.8006989438245449
6	58	-2.2033569179739003
6	59	0.6789140048289285
6	60	0.042000056230530367
6	61	-4.175257649633407
6	62	-2.2416454378098165
6	63	1.550166447544996
6	64	-1.335775764892216
6	65	-0.1303712918147761
6	66	0.18888021019354578
6	67	-0.7255897971066286
6	68	-2.1901744691800085
6	69	1.408697589300455
7	7	NaN
7	8	1.8149505052330084
7	9	1.5306091877850578
7	10	-0.3375321500435997
7	11	3.038530141933898
7	12	-0.45991723653960404
7	13	0.4803010535948801
7	14	0.4281029345083368
7	15	-0.07410530034202428
7	16	-0.5251404487646214
7	17	-1.3613154165120984
7	18	-0.6937315969832885
7	19	1.1443243360379152
7	20	-1.1581728337927513
7	21	4.483545001274817
7	22	-0.4813679800403617
7	23	2.2693396269581925
7	24	-2.4803694442913313
7	25	-2.5557229916866566
7	26	-4.098279823941021
7	27	-0.8192459189034655
7	28	0.3391055068966562
7	29	0.6391006505460886
7	30	-3.2717864580506615
7	31	0.2156319417133342
7	32	0.11488555720431622
7	33	-0.7613066412137356
7	34	0.07231081811840576
7	35	2.272837914885434
7	36	2.393292908180707
7	37	1.280755368841029
7	38	4.083538310036521
7	39	-0.48489025767663146
7	40	0.04886734509099232
7	41	0.6623505742038936
7	42	1.6046447448546064
7	43	-2.126074202483099
7	44	3.5746797283444876
7	45	-0.3363076337735752
7	46	0.4033629078419981
7	47	-2.024653580259269
7	48	1.4020020499552688
7	49	-2.5795349065088997
7	50	2.5471050640673423
7	51	0.498530851087573
7	52	-1.94574204006576
7	53	-3.542221531404635
7	54	0.8200663052961795
7	55	-2.953529082832004
7	56	-0.6465554612629492
7	57	-2.403894029754453
7	58	2.678149522835764
7	59	-1.670785333177366
7	60	0.8448920262182159
7	61	2.2322706674010573
7	62	-1.575436754717519
7	63	-2.805302399197904
7	64	0.6817077763274455
7	65	-0.9102873512726796
7	66	0.7139496923496867
7	67	-1.9582918594456014
7	68	3.070118054244533
7	69	0.048981148782767686
8	8	NaN
8	9	6.2584004900921855
8	10	2.119543394334545
8	11	-1.6720520901053633
8	12	-2.6539961806074315
8	13	-3.243703396672457
8	14	-1.8633319187793143
8	15	-1.5770632326960101
8	16	1.139571097658271
8	17	-0.36286845775581744
8	18	-0.3268828098991207
8	19	-1.5176661865525425
8	20	3.726326367536024
8	21	1.1445967429696462
8	22	-1.220379602993298
8	23	-1.5859539449502684
8	24	5.973103454235407
8	25	-2.0011540734712785
8	26	-4.141805709644047
8	27	0.09053748593701322
8	28	-0.7788596260509161
8	29	-1.039836986744411
8	30	-3.4844943349835487
8	31	0.8012822719524121
8	32	-1.748430560182607
8	33	0.8247343963504309
8	34	0.6585001299657928
8	35	0.9162534922797152
8	36	-0.9170416267380918
8	37	15.134495089505332
8	38	0.6742453782461599
8	39	-2.4651762863347324
8	40	0.07562217757367969
8	41	2.3281472239520187
8	42	-0.9437023653738195
8	43	-1.1158909586351007
8	44	-0.37327115626951674
8	45	1.2924044899432843
8	46	-0.5078366846922936
8	47	1.2257939681273742
8	48	-1.6698116291220895
8	49	1.4386334858149668
8	50	-0.09624421604978771
8	51	-2.135273772451875
8	52	0.06647048140856127
8	53	-0.6650013767766643
8	54	-0.6800703640443885
8	55	0.9133207257544753
8	56	1.4349066209333803
8	57	1.533068151396736
8	58	-3.6123122154101965
8	59	1.4916131410600972
8	60	2.1407029034497227
8	61	-2.4445855906260316
8	62	-0.7604058318961369
8	63	-0.026491072909018313
8	64	-1.6301662750310657
8	65	0.721928339302617
8	66	-0.22700955381230092
8	67	-2.20467584651561
8	68	-1.7771193514950365
8	69	0.22911929630549607
9	9	NaN
9	10	2.1146253647798656
9	11	-2.9090503503953027
9	12	-1.27378654135911
9	13	-1.5116096158737504
9	14	-1.390726629599816
9	15	-2.219736926738842
9	16	-0.23292990786135195
9	17	-0.5140927145973999
9	18	0.31838250089829023
9	19	-2.0214916346502037
9	20	1.7829907139265082
9	21	-3.5438929155720897
9	22	-3.397698524857445
9	23	-4.032991031329563
9	24	3.3565640349147823
9	25	-2.6200779208318132
9	26	-2.8227576686710982
9	27	2.6889006449542143
9	28	-0.3781208825125164
9	29	-2.2156837713474413
9	30	-5.189092101244597
9	31	-1.567040640792068
9	32	-1.762412176304271
9	33	4.142530688147005
9	34	-3.7583139467485025
9	35	1.3903773717119796
9	36	-2.051514451571313
9	37	2.6601127628036183
9	38	1.6092868843853434
9	39	-0.4829421434477678
9	40	2.6511021226960416
9	41	1.9162676907013114
9	42	-3.381405852478802
9	43	0.8187653301900182
9	44	-0.7613446149602122
9	45	-1.8053337310278894
9	46	-3.4017255595643885
9	47	2.2941488078154304
9	48	-0.8250140720595982
9	49	3.299450525641493
9	50	-1.011655363908311
9	51	-1.130481720008871
9	52	0.959435368870925
9	53	3.1968047706529887
9	54	0.9190560085084611
9	55	3.644249700994115
9	56	1.9549842078045516
9	57	1.9454212041597287
9	58	-0.3784616878183341
9	59	-0.9245028376097428
9	60	-1.768221498253893
9	61	1.3715741447795577
9	62	-1.7754812489878282
9	63	2.86541191507779
9	64	-0.6268180165163801
9	65	2.2743781120870223
9	66	-0.23844376278091137
9	67	0.1602852982464206
9	68	-1.1455696728680314
9	69	-0.9378298990195874
10	10	NaN
10	11	-1.7483268964994434
10	12	-1.0382957704505575
10	13	1.5048358110888724
10	14	-1.280459667693089
10	15	-1.43729788821338
10	16	-1.0487414277288003
10	17	26.205326841112317
10	18	-3.288493022034024
10	19	-3.4607286641146104
10	20	2.521840806291229
10	21	-1.304301095219666
10	22	-1.5060204092155234
10	23	-0.25447653914418183
10	24	2.4059424312644655
10	25	-1.9671862666261613
10	26	-3.1494039998009073
10	27	1.174744134066179
10	28	-3.5837254518878074
10	29	-1.384133863624284
10	30	-1.2284434019875585
10	31	-1.5994842077349671
10	32	-2.7830071619857546
10	33	2.0750277484997866
10	34	1.74172391787236
10	35	1.1764354924048241
10	36	-1.2941668195132605
10	37	2.2724064850404866
10	38	3.8061084178846145
10	39	-0.8989145489281745
10	40	1.6436471123109653
10	41	-2.198239096965631
10	42	-3.2131138486024393
10	43	0.1312100485156573
10	44	0.3659703632235003
10	45	-0.8052916248007669
10	46	-4.463274442128055
10	47	0.6406880557694431
10	48	-4.012085579330534
10	49	0.849491488480241
10	50	-1.568404392494658
10	51	-1.7509519004252594
10	52	2.937657374109093
10	53	1.9544267084185825
10	54	0.49572736403725715
10	55	1.285948920001987
10	56	0.3415635208261426
10	57	2.198765215578716
10	58	-0.8715316431938448
10	59	0.23908260182962143
10	60	-2.325646756079382
10	61	-3.1734546943051387
10	62	-1.1459721304511086
10	63	1.9243237876649855
10	64	0.501359129226261
10	65	-1.3043336754650312
10	66	-2.732540974407966
10	67	-0.0035032218269796305
10	68	-2.4812556147280396
10	69	0.7622596203259471
11	11	NaN
11	12	-0.561310300098497
11	13	-0.5093451645287815
11	14	-1.5063367467363944
11	15	1.3184902219927754
11	16	-0.40700995408292495
11	17	-3.1258295647611924
11	18	-0.05221700266410875
11	19	-1.3505054910437755
11	20	-0.7334042207264638
11	21	0.5637394201769147
11	22	0.5690515755258385
11	23	1.4681679837113768
11	24	-0.7390483846179445
11	25	-3.314318336259614
11	26	-0.23758808592340652
11	27	-0.509610473655737
11	28	-0.40335942576855155
11	29	2.534361559901168
11	30	-3.7787488938115925
11	31	-1.1027628030214314
11	32	3.366292175311998
11	33	-0.531796803040704
11	34	0.22229047419239406
11	35	-0.1956359588614818
11	36	3.369419730641279
11	37	0.14783198225008276
11	38	-0.8779991823862349
11	39	-1.1897481940511185
11	40	3.416311673172645
11	41	4.834385729827112
11	42	1.4496303052769337
11	43	-0.06381247430109532
11	44	-0.1647237939461895
11	45	4.2432298564730715
11	46	0.054308952461178714
11	47	-2.229630000399932
11	48	-0.46683176908994306
11	49	-1.9426015814686546
11	50	-1.2366503288501671
11	51	0.6453467382343047
11	52	1.4948156718247594
11	53	-3.0303381855454687
11	54	0.3582618653466753
11	55	-2.0714835226201496
11	56	-1.8109640496186705
11	57	0.6313658100526788
11	58	0.5333159253426163
11	59	-1.7126462430389107
11	60	-1.4623281378832118
11	61	1.394797111736723
11	62	1.6818287098769729
11	63	-2.315353129758987
11	64	-1.762384442917838
11	65	1.4841242783174968
11	66	-0.2024331232719162
11	67	1.8222431342266607
11	68	-0.2922151291497792
11	69	-1.0445325992225258
12	12	NaN
12	13	2.5814387466911106
12	14	2.933626758390954
12	15	2.964032641685016
12	16	-0.9564344938462203
12	17	2.4392305542901194
12	18	0.7979097547839062
12	19	3.537138871825661
12	20	-1.7775568830666522
12	21	3.4772995447444863
12	22	1.1962630918772932
12	23	-1.1831827785344797
12	24	-1.7495121682236525
12	25	-3.6039561515717984
12	26	-3.01138680390477
12	27	-2.782623129584233
12	28	0.5885518516565477
12	29	2.472695655539704
12	30	0.8115660228002688
12	31	4.555498358714763
12	32	1.8259879300356268
12	33	-2.0217685886357764
12	34	-1.5041311690977115
12	35	-1.2483985350204523
12	36	1.5371893155409007
12	37	-0.60585549356304
12	38	-1.1909837263498744
12	39	12.636203071992602
12	40	-2.3563737489879903
12	41	-2.4953831642949633
12	42	2.0422358103176674
12	43	-0.23857317629686547
12	44	-0.6811621824953167
12	45	1.8178925701112367
12	46	0.2241362639187942
12	47	2.13376344595879
12	48	1.3125614690324903
12	49	-3.3068502511806503
12	50	4.186419836053945
12	51	-1.4685788206109018
12	52	-2.449827836410422
12	53	-2.095196759129806
12	54	-2.4553879978675024
12	55	-1.855175634753042
12	56	-2.9895711702861356
12	57	-2.076666173046555
12	58	0.08434350442428565
12	59	-1.9429572914104116
12	60	1.4981621161971248
12	61	3.024159851749663
12	62	0.40511731267802054
12	63	-1.604352157901391
12	64	-0.48515697301745264
12	65	-1.8375244111498361
12	66	0.5630819506705346
12	67	3.2178966930282464
12	68	1.8048190314834274
12	69	-1.4346106237714051
13	13	NaN
13	14	-3.184013242758426
13	15	-0.8446967053999196
13	16	0.2505852817497345
13	17	-0.48545912482356085
13	18	3.585569290664396
13	19	-0.9992661861925044
13	20	-0.5221877025665429
13	21	-2.5236119460942024
13	22	0.16323349339310647
13	23	-1.771622168751918
13	24	-0.7046618785502166
13	25	3.3023048094821905
13	26	-0.7227666330456327
13	27	0.6741010305801282
13	28	-0.07912258293187781
13	29	-1.2911279215476827
13	30	-1.0790719227787176
13	31	2.670122847641362
13	32	2.7885801901652787
13	33	1.3991099823526134
13	34	-0.5336519097915862
13	35	-1.213664659583892
13	36	1.1061620260656995
13	37	-0.07670379285483277
13	38	-0.05795274681265007
13	39	0.20796461889152623
13	40	-2.246646753927738
13	41	-1.525218408775258
13	42	2.0343318676482256
13	43	0.9428663742666689
13	44	-1.5791835016964777
13	45	1.6508702787483198
13	46	-0.782498479248305
13	47	2.298834568639846
13	48	0.6533229066138259
13	49	-0.7963712203702995
13	50	-1.1034166682177116
13	51	-0.0025077212399873513
13	52	0.9334053324943654
13	53	-1.5523840385166796
13	54	1.2322593794799723
13	55	-0.5840282268922792
13	56	-1.116803707993918
13	57	1.9511513941428376
13	58	-1.5515839399780564
13	59	-0.16039309577941244
13	60	1.6115486692896501
13	61	-0.20049845368134964
13	62	0.8840525766318298
13	63	0.7820101142928402
13	64	-1.449322127831187
13	65	2.8831831809411503
13	66	-0.011267271283760366
13	67	0.0032913356845345153
13	68	-1.3186959856429794
13	69	-2.6197707246716506
14	14	NaN
14	15	-0.5291156443083445
14	16	-0.37588647771916395
14	17	-0.8918629993792554
14	18	-0.3086461188379949
14	19	-2.8881505812222548
14	20	-1.5966533372485867
14	21	-0.40266303295227507
14	22	1.3221448935926567
14	23	0.05348442710822819
14	24	0.9789953526033206
14	25	-0.21325022084955322
14	26	-3.3644744143215433
14	27	-1.157762184980116
14	28	-0.6188247882897482
14	29	-1.0986599970128035
14	30	-0.9007089517243028
14	31	1.484379593826604
14	32	0.6049175772281769
14	33	0.01316557334568227
14	34	-0.30055697080571936
14	35	-1.2601597508494262
14	36	0.1935304148893175
14	37	-0.8763133817318367
14	38	0.03975155345048351
14	39	0.13482805352635496
14	40	-2.075284311031637
14	41	0.16408107065587502
14	42	0.8914176689647977
14	43	-1.573839404759986
14	44	-1.2268374887247506
14	45	2.3525634315410766
14	46	-1.1300677595835564
14	47	1.0556974649497475
14	48	-0.11478119478291503
14	49	1.0972873962762972
14	50	0.3040733150710557
14	51	1.8641245077336301
14	52	1.1605330342971594
14	53	12.540241140825096
14	54	-2.191632764555614
14	55	-0.08489133756322381
14	56	0.8744319314415407
14	57	-0.41213369832359836
14	58	1.8769252810822568
14	59	-0.38530460006412237
14	60	2.9567676267378724
14	61	1.0454602199141834
14	62	-1.1005008809604797
14	63	-0.594597010927506
14	64	-1.7176887299731973
14	65	0.36130526153586734
14	66	-1.6088363361749596
14	67	0.942270837049194
14	68	1.972482130765176
14	69	-1.9015230786044846
15	15	NaN
15	16	2.2099287582658254
15	17	0.9488660195151415
15	18	0.4521410301346793
15	19	-0.6557028194945619
15	20	2.075785124122248
15	21	0.9264011590372822
15	22	1.555356344403794
15	23	0.08152671886979615
15	24	-3.3991816887557857
15	25	-0.1999400264344688
15	26	-2.1695899299824535
15	27	-0.7907441149290141
15	28	1.4123517993291816
15	29	0.7760808510908757
15	30	0.4198737092842725
15	31	1.0357513256783675
15	32	0.6987218579053641
15	33	-3.2582261343173804
15	34	-0.40064469952292503
15	35	1.9024952330906446
15	36	0.6806691057798343
15	37	-0.7090754318401012
15	38	-1.4440054697188143
15	39	1.2033805490933498
15	40	-2.188405646059947
15	41	3.76164920249331
15	42	-1.84906590340203
15	43	3.8673508059587425
15	44	-1.620314370000031
15	45	-2.948257700911
15	46	3.6644585968143506
15	47	-0.7926203705146172
15	48	6.307882829495871
15	49	-0.4625380286712831
15	50	4.719622151882477
15	51	-0.5790757815529484
15	52	-1.8297643747762824
15	53	-1.5414485829378928
15	54	-1.3846144102342608
15	55	-1.4183832552237123
15	56	-2.0390924375917456
15	57	-0.12477230812299166
15	58	2.846802317154368
15	59	2.0585428001701507
15	60	3.791804906920621
15	61	-0.2801423890865207
15	62	-0.07696184304897072
15	63	-1.9036473101154874
15	64	1.1625438583955623
15	65	-1.6336571539909575
15	66	-0.9137054330072806
15	67	0.8093661397007663
15	68	1.5052173690376616
15	69	-0.9612098686899399
16	16	NaN
16	17	-0.6775644034500466
16	18	-0.651759639369829
16	19	0.48216439954073986
16	20	1.183384460754078
16	21	-1.8714482899915912
16	22	1.7936814762244064
16	23	0.32519679275239616
16	24	-1.2185380474086256
16	25	-0.2354019231294154
16	26	2.3203615890071947
16	27	-1.4515727842852018
16	28	-1.605841476199262
16	29	0.8577485734671033
16	30	3.2233544512903682
16	31	-2.4051829176624393
16	32	-0.41099365966785745
16	33	-1.7873243194232546
16	34	1.9688322337167263
16	35	-0.5862780304610238
16	36	-0.9851337814502975
16	37	-1.5125149905983286
16	38	-0.58043420025866
16	39	0.22513875074383052
16	40	-0.45311854693998327
16	41	1.331130482066829
16	42	0.7133086973157232
16	43	1.7498296410775853
16	44	-1.2850295177568554
16	45	2.0800887189166497
16	46	1.1901316537536089
16	47	-1.879631778519818
16	48	2.5938637674942275
16	49	-0.5459989860705264
16	50	-0.5930633284786924
16	51	2.2247230669738993
16	52	-1.3040425548615246
16	53	2.7236069640311333
16	54	-0.7065926603793653
16	55	-1.0054996338435884
16	56	1.9076957244028065
16	57	1.8941162321807097
16	58	-0.9460740613784132
16	59	-1.4257050343264344
16	60	-3.306924208054905
16	61	-0.457353422172935
16	62	0.6620802899819453
16	63	-2.5518013643715403
16	64	2.2697727282655475
16	65	0.5227189928185516
16	66	2.5027608866740603
16	67	-1.2171913816304838
16	68	-0.544984235304064
16	69	6.116263826689379
17	17	NaN
17	18	1.1503724270923021
17	19	-1.7726154388833049
17	20	0.7612265434346052
17	21	-1.6626667722897304
17	22	-3.0572861080872467
17	23	-0.7331756479348769
17	24	0.22848226774967392
17	25	-2.1919332304501906
17	26	-3.5418150463053553
17	27	0.513474776686262
17	28	-3.009924934115414
17	29	0.2670480359830284
17	30	-4.07217136164864
17	31	-3.670277132630791
17	32	-2.0300153049572467
17	33	1.0990286498309876
17	34	-1.3181808743374106
17	35	2.458111288718327
17	36	0.29861125944762357
17	37	-0.34441639872633156
17	38	1.3853845576732717
17	39	-2.0078386824460495
17	40	0.4578547672070457
17	41	-1.370577838808183
17	42	-0.3833492131246219
17	43	-1.1079741849500213
17	44	3.3257362260487975
17	45	-0.13542466853982799
17	46	0.7268202496485074
17	47	-0.3598681093733477
17	48	-2.039207558572135
17	49	0.556493561504143
17	50	2.1300651478932804
17	51	0.6949115631552395
17	52	3.9269444652850494
17	53	2.8946532314869873
17	54	-1.023586027482884
17	55	-1.4714657677993597
17	56	-0.6420665135179938
17	57	1.7136943126292363
17	58	-1.9805131340258728
17	59	-2.5489573106229657
17	60	0.172337090227643
17	61	-1.589351859623611
17	62	-2.3977848536684516
17	63	0.20298575898079027
17	64	-0.06103369686071502
17	65	-0.0408361193856331
17	66	-0.42091271913181016
17	67	-1.5801974868021393
17	68	-3.5274585449003477
17	69	-0.44050314230818055
18	18	NaN
18	19	1.8398108792693604
18	20	-2.075168644685033
18	21	-0.1822027128250125
18	22	2.481660243699404
18	23	-0.07016108031990202
18	24	-1.967272145239265
18	25	0.2063644459196624
18	26	-6.6004254775827205
18	27	-0.11404290014389235
18	28	2.376046763317995
18	29	2.545547079037232
18	30	-0.41521142513057957
18	31	1.564007136781057
18	32	1.8034078548584471
18	33	-1.790495075613094
18	34	2.100933998925807
18	35	-2.657314243496627
18	36	-1.2936012532421366
18	37	-0.2778502253730524
18	38	0.21623268300131485
18	39	1.4115430717027952
18	40	-3.0982369587731386
18	41	0.28044128649514233
18	42	3.0458228273529997
18	43	-0.3143408015915977
18	44	-1.6423989446516207
18	45	0.924382767803652
18	46	1.017997085542748
18	47	1.4311231567040525
18	48	2.0074084398108423
18	49	-1.725701358516022
18	50	6.3104815285258535
18	51	0.3672492251507838
18	52	-3.338852414947692
18	53	-0.26360675174973186
18	54	-1.4305343147241854
18	55	-1.0598174474613238
18	56	0.9787392459517184
18	57	-2.451630930400246
18	58	-0.7650952135448037
18	59	-3.579234414724676
18	60	-0.21095856301778557
18	61	-0.47374041854901744
18	62	0.597104131916971
18	63	0.0396586502252606
18	64	-0.25946473347933907
18	65	-0.8813020755400387
18	66	0.40860757520271035
18	67	2.1626736198386856
18	68	6.086883256551328
18	69	-0.5559423164765793
19	19	NaN
19	20	-0.7708358983451842
19	21	2.7189212538101435
19	22	4.151251314435784
19	23	-0.4402563631679293
19	24	-1.6427239535597908
19	25	3.671963889605471
19	26	-2.554275393414794
19	27	-1.757321411232704
19	28	3.031174568850176
19	29	2.9380648714081037
19	30	0.19857367375938426
19	31	0.9921518271065141
19	32	-0.7092693348801966
19	33	-2.274002432682663
19	34	-1.9017795206674302
19	35	-2.99198056360238
19	36	0.2783459694137079
19	37	-1.9579751343670806
19	38	-3.9345833079935866
19	39	-0.07308337138642107
19	40	-2.0997676127372618
19	41	0.5938630724519551
19	42	2.7292782410470457
19	43	2.279998512593247
19	44	-1.5116872210374044
19	45	-1.5967557953359524
19	46	1.2772281186477152
19	47	-3.7310650587085896
19	48	-0.4556047298875507
19	49	-2.2860785545673643
19	50	2.427248806822034
19	51	-0.5685017484998174
19	52	-1.744858767088962
19	53	0.007313632219547933
19	54	-3.5089364004634978
19	55	-2.99576860153522
19	56	-3.953976092285551
19	57	-2.6645570816038924
19	58	3.3023775670698514
19	59	1.709314112348151
19	60	0.797003786978919
19	61	2.451261385871289
19	62	-1.1620178652796378
19	63	-3.065276037115338
19	64	-2.167485622822206
19	65	-1.1651661326555864
19	66	1.1156204395345892
19	67	0.9760622333117326
19	68	1.173316003085979
19	69	45.27223698197875
20	20	NaN
20	21	1.1854750668735807
20	22	-1.5568222038872463
20	23	0.6428326837787179
20	24	4.3001678335307805
20	25	-2.2989521722714183
20	26	-4.2530479120253
20	27	0.4498149055164756
20	28	-0.7234659529004631
20	29	-1.943410928443564
20	30	-6.837313089986052
20	31	-1.4817575123547901
20	32	0.9868213880530885
20	33	1.5914837351802826
20	34	-1.3536113611770395
20	35	2.156194518291417
20	36	0.10571115021455403
20	37	0.8027164357396501
20	38	2.202984428140911
20	39	-0.46455855060609746
20	40	2.623217851685347
20	41	0.3940290425700161
20	42	-3.7050873360640475
20	43	-0.838624159699605
20	44	-0.2553128682234658
20	45	-0.9558564321789266
20	46	1.6600245907159354
20	47	-0.6286264561393469
20	48	-1.4179966219162738
20	49	1.7226481181566962
20	50	-1.8533548893280307
20	51	-0.9438158383429923
20	52	1.10157105145535
20	53	1.8030336729749956
20	54	-2.2203273995412895
20	55	2.0057682116113273
20	56	0.4207970209409955
20	57	0.762489966385135
20	58	-1.158011273582581
20	59	-0.9674992384615431
20	60	-2.086392291890377
20	61	-0.1186107552015221
20	62	-1.632269903203023
20	63	0.37056801116077714
20	64	-2.508358843159402
20	65	1.7371633977811547
20	66	-0.9653457235455298
20	67	1.8572072136630224
20	68	-0.6793777232261484
20	69	5.857437020229591
21	21	NaN
21	22	0.7651086840557486
21	23	0.07511132224082305
21	24	-2.410061058371716
21	25	0.2283161033592135
21	26	-2.8068229606874193
21	27	1.1036736130589346
21	28	3.555270148896401
21	29	-1.2245257001969543
21	30	-2.965861077814112
21	31	2.4104706671672718
21	32	-0.6648838712493438
21	33	-1.2246853576992973
21	34	-2.0711943468182694
21	35	-0.6085256110734595
21	36	2.8104272367976972
21	37	3.5844109505209456
21	38	-0.3273803922353497
21	39	4.462898346204247
21	40	-2.9320067896413526
21	41	1.0077353431072285
21	42	-1.6435791077008572
21	43	-0.1814370960667756
21	44	2.669726240189917
21	45	-1.1854693198563258
21	46	0.2015403483526614
21	47	-2.6245407977674464
21	48	0.14496075562737754
21	49	-2.580327268300452
21	50	-0.1331600877478084
21	51	0.9273522823239075
21	52	-1.8222301668261298
21	53	-2.2473006396853457
21	54	0.16211090195071212
21	55	-0.1761701938636387
21	56	-2.60824678038032
21	57	-2.05623305960575
21	58	-2.493545169580599
21	59	-0.10378705610468929
21	60	-0.05308352625553354
21	61	1.2585951184143565
21	62	2.25199748177446
21	63	0.2008236060382879
21	64	0.9101934745749761
21	65	1.2716230540726148
21	66	3.24894287597234
21	67	2.1702001698612454
21	68	4.001988077785539
21	69	0.7766861519331191
22	22	NaN
22	23	6.526843603754086
22	24	-1.2231015648802281
22	25	2.8560563311716916
22	26	-4.090607618383752
22	27	-4.663508539272375
22	28	0.8312505942271365
22	29	1.455636341147476
22	30	-2.2588081177668613
22	31	0.9052780084462682
22	32	1.9756882715245303
22	33	-2.846210377707996
22	34	0.16075591287880592
22	35	0.13676994006017815
22	36	1.3126484942837142
22	37	-2.2893280823736104
22	38	1.6901892836598296
22	39	-1.6248811184905192
22	40	-1.1494908739725338
22	41	0.3346685512695035
22	42	4.417822190518232
22	43	2.491267711686709
22	44	0.35193240975444506
22	45	2.415272624926683
22	46	0.19901907349823214
22	47	-2.4481574169206626
22	48	0.39410849133594233
22	49	1.8444773065223015
22	50	-0.8557513908843641
22	51	2.9203729412246933
22	52	-0.8642019814229139
22	53	-1.1551366245678871
22	54	-0.5300990450497255
22	55	-4.288924989712688
22	56	-3.17328762481798
22	57	-0.5770021000963191
22	58	-0.5458309166566608
22	59	-0.9575296668447886
22	60	-1.0818841385677245
22	61	1.6943706154399811
22	62	0.6344251693824423
22	63	-0.9135321109396874
22	64	1.291771935538114
22	65	-0.7010904866564396
22	66	3.9581020812344363
22	67	2.0967836584412622
22	68	-2.0707704491700794
22	69	-0.8096422615009023
23	23	NaN
23	24	-1.2418595175619265
23	25	3.073899574661421
23	26	-0.16824503272055621
23	27	1.9556645611405155
23	28	0.7578026483626695
23	29	4.066001890440795
23	30	-0.2882370046013633
23	31	0.9887401511532233
23	32	5.373734418548285
23	33	0.7327849698515405
23	34	-1.8395294749785231
23	35	1.6074571615447797
23	36	1.4054622900715565
23	37	-0.47900123470040823
23	38	-0.16960516893184677
23	39	-0.22365370993604816
23	40	0.11562535407494151
23	41	0.9140107569546028
23	42	3.386072224841305
23	43	-0.5568377124308275
23	44	0.8724233366374173
23	45	-1.2540361074273283
23	46	0.5873890568522575
23	47	0.25314707848224943
23	48	-0.044752725359546504
23	49	0.04624847461425303
23	50	1.073808626346411
23	51	4.032286631957272
23	52	-1.5551275709390227
23	53	-0.9677234532306801
23	54	-2.1112435092006034
23	55	-0.8217041582509599
23	56	-1.15895721603722
23	57	0.8886139653163285
23	58	-2.9822404791808714
23	59	-1.65683566848094
23	60	-0.43333993144323796
23	61	-1.1763255899727645
23	62	0.18699793288038266
23	63	-3.5615804859609335
23	64	-1.9954009697768527
23	65	-3.432429715968899
23	66	-0.904094092628217
23	67	2.3332542107615395
23	68	-1.4794313406827049
23	69	0.443126228658219
24	24	NaN
24	25	-0.9709839100860747
24	26	-2.2494746377461388
24	27	2.353955145377009
24	28	-3.0833103033540374
24	29	-2.521129255344886
24	30	-3.554047998116818
24	31	-1.4795404747635923
24	32	-1.4358783425977333
24	33	2.3698310953020743
24	34	-2.768571440800219
24	35	5.786160551474934
24	36	-0.43822686039200925
24	37	2.1475862687479816
24	38	3.7565674630037873
24	39	-0.8391931421078441
24	40	1.4726850183710982
24	41	-0.15675025867371667
24	42	-1.5435332028752595
24	43	-1.8243856736524635
24	44	0.5114530563382622
24	45	-2.3442621018752288
24	46	-1.0030350915600768
24	47	4.674291824202302
24	48	-0.5013483724909366
24	49	1.3127291795838576
24	50	-1.2314353658507815
24	51	-1.8041669334916746
24	52	1.864649688406491
24	53	2.587604345617049
24	54	-0.6353265838015644
24	55	2.7532306463657856
24	56	2.236045827363196
24	57	3.49888095842669
24	58	-4.178623549043331
24	59	-0.7965829575843109
24	60	-1.2535725135755362
24	61	-0.59049886355298
24	62	-1.1538855646115342
24	63	2.050376313217511
24	64	0.32559835734461096
24	65	0.505649189775756
24	66	-2.018741949554613
24	67	-1.8322359694037622
24	68	-2.2260676442746252
24	69	-0.5270057110488431
25	25	NaN
25	26	0.9135676647814878
25	27	0.5422876138658681
25	28	1.6695932083244687
25	29	0.2796216281754381
25	30	2.432615502379669
25	31	1.1585456788643986
25	32	1.9385744572537207
25	33	-0.23022514679022701
25	34	1.183271059225113
25	35	-2.0172380087398687
25	36	1.9150912937830562
25	37	-2.179198795251014
25	38	-2.572340817841822
25	39	3.656035300009597
25	40	-1.9117976977414552
25	41	-0.7279409323295052
25	42	1.2941926801390926
25	43	3.8161328297996286
25	44	-1.8973685465296188
25	45	0.7269481796224027
25	46	3.610940399744656
25	47	-0.7578157735578792
25	48	0.32884266218918734
25	49	-1.6835605107408755
25	50	0.4032960976773472
25	51	0.9070493707326228
25	52	-1.9520542004145747
25	53	-0.6531063306765529
25	54	-0.3107278019153956
25	55	0.3350905143158331
25	56	-1.633931981116065
25	57	1.0067166923386122
25	58	2.13038724434955
25	59	1.54379578015136
25	60	3.9921089099539877
25	61	0.34135343772259386
25	62	2.931273182175235
25	63	0.371655006732595
25	64	1.6662798754407118
25	65	-2.0029412722200535
25	66	1.453300288949309
25	67	-1.1350515709446705
25	68	1.6527145314026181
25	69	-3.110073583017759
26	26	NaN
26	27	-2.150510449915724
26	28	-1.1142722906355422
26	29	1.050196035860251
26	30	156.5532578104214
26	31	-0.9361633530652014
26	32	-2.7562941516929613
26	33	-4.21727538140706
26	34	-1.262479514848905
26	35	-4.178813003226057
26	36	-1.4419537743378328
26	37	-3.2594776133301915
26	38	-2.1747438713545284
26	39	-0.44822939053072053
26	40	-1.028046643685157
26	41	0.1042184084756461
26	42	-2.72856287666642
26	43	-1.5287049706507303
26	44	-3.0466805357006956
26	45	-3.926564905836199
26	46	-1.6652806843213745
26	47	-0.2981816582155086
26	48	2.406865120338613
26	49	-4.659509420697143
26	50	0.8118823630313864
26	51	-5.0776120848053745
26	52	-0.9544479397698439
26	53	-1.3614069624475496
26	54	-2.9407325680212137
26	55	-4.5782857244246875
26	56	-2.691678580120113
26	57	-0.6583618890383837
26	58	0.02251121165106925
26	59	-1.5669721966796657
26	60	-1.9406922599529948
26	61	-0.9277742569902014
26	62	1.631951553944714
26	63	-2.4926106907684606
26	64	-2.7808436402361507
26	65	-4.323571263891746
26	66	-4.392434606839536
26	67	-3.375626887326295
26	68	-1.238861671539237
26	69	-3.668364843740712
27	27	NaN
27	28	-2.83697402080746
27	29	-0.009548193539710561
27	30	-0.7417598973292958
27	31	-0.7225346026268387
27	32	-2.2086930937669145
27	33	5.9172836922641325
27	34	0.5260662261793564
27	35	2.4332641040372427
27	36	-0.196032603487998
27	37	0.24199764823212744
27	38	1.501592457890377
27	39	-0.7343391672550869
27	40	2.070066327446243
27	41	-3.4513810834554253
27	42	-2.9246033530789646
27	43	-0.8832697285980108
27	44	-0.5656772326877827
27	45	-4.074593386808574
27	46	-0.4894207824255636
27	47	1.6568481440899516
27	48	-0.9134237431709614
27	49	1.8268441989091102
27	50	-2.928878215119619
27	51	-1.163508100591191
27	52	6.778848380906704
27	53	3.794610051838066
27	54	2.477961943322865
27	55	1.2837529856514378
27	56	3.8730154195130426
27	57	2.178275719073303
27	58	-2.5724320482590644
27	59	-0.5222027648918145
27	60	-1.422510383020007
27	61	-2.834082174014425
27	62	-0.07952759322391534
27	63	-2.3468157428418897
27	64	-1.1572125929548591
27	65	1.4497191335021529
27	66	-1.151514252587316
27	67	-1.870860568917573
27	68	-1.1994251431634542
27	69	-1.4840953153716745
28	28	NaN
28	29	2.4245138230504426
28	30	0.6678325734826642
28	31	-3.237250694045353
28	32	-0.038082714924831514
28	33	-1.0688302192295285
28	34	0.9039359759769285
28	35	6.14809246196756
28	36	0.8179509641093072
28	37	0.37941996786482796
28	38	1.646530819161422
28	39	1.2001418690310248
28	40	-4.16879672363048
28	41	-0.2865528256686372
28	42	2.112785043689699
28	43	-0.17477094471923726
28	44	0.9176888547978976
28	45	-0.2722955194142281
28	46	0.8822561953233571
28	47	-3.3195568132339615
28	48	2.191590036597311
28	49	-3.1824785468306622
28	50	-1.0715427687985681
28	51	0.06486071267484399
28	52	-2.195868730566009
28	53	-2.5372262913045316
28	54	0.38975398779282755
28	55	0.2276846559873548
28	56	1.5355229857802182
28	57	0.12566281073742208
28	58	2.132221677880441
28	59	-2.2051505629804016
28	60	2.913444378159743
28	61	-0.11798340443852233
28	62	-0.29643518818979336
28	63	-2.9486824356043515
28	64	2.793231567031519
28	65	-0.9737148453631724
28	66	3.143945383030194
28	67	0.1500170000228997
28	68	2.2134186188195013
28	69	-0.9522205600527774
29	29	NaN
29	30	-0.5129128364011081
29	31	2.1640032793391475
29	32	0.6710544407109057
29	33	-1.6572945989154702
29	34	1.2289186567420152
29	35	-1.869170429197133
29	36	0.3200528885397801
29	37	-1.2619309856430712
29	38	-0.6433736282991621
29	39	-2.4416625879052742
29	40	-4.151419062204318
29	41	0.6144905934001408
29	42	-1.607905049552469
29	43	0.06676676292364042
29	44	1.9073151854379997
29	45	1.2839302117280793
29	46	-0.9203008317524173
29	47	-1.2448363389776518
29	48	-1.9386964411025533
29	49	-2.5404613466648653
29	50	3.5043352067179745
29	51	1.0375877353468896
29	52	-1.6604547502204896
29	53	-1.463708560022234
29	54	0.5083141948156124
29	55	-1.23971343235015
29	56	-1.1003402116014207
29	57	-0.1265984620601678
29	58	-0.09207484134023237
29	59	-2.5986648949042133
29	60	-1.4754037223869938
29	61	4.07763683433944
29	62	0.7574617736151397
29	63	0.06897991036119455
29	64	0.8127851839444697
29	65	1.261173129976919
29	66	1.6721283947215024
29	67	2.846150707783214
29	68	0.4798535441551183
29	69	-1.4348500687383456
30	30	NaN
30	31	-5.501450367256115
30	32	1.025165020128067
30	33	-2.8481859447357563
30	34	-4.998871307915057
30	35	-3.7432488015826695
30	36	-0.08837542703760268
30	37	-3.5827835554584335
30	38	-5.2632711709369335
30	39	-5.282234234020362
30	40	-0.8561405412827081
30	41	-1.9048099486186059
30	42	-1.069577903975787
30	43	1.890775445112077
30	44	-5.264425949705089
30	45	-2.121722910461318
30	46	1.7551546160400773
30	47	-3.4813097090655982
30	48	-1.1288800194222208
30	49	-4.460226788249863
30	50	-1.5854128808521242
30	51	-1.2397640301531205
30	52	-2.087866056967109
30	53	-3.649771641272995
30	54	-2.806193420853734
30	55	-4.722226470571424
30	56	-3.9440689325573417
30	57	-3.6888511581731467
30	58	-2.5986499873992197
30	59	-3.8633872357557517
30	60	2.008222872561601
30	61	2.7466834753405522
30	62	-2.7965459913246833
30	63	-3.628690173257498
30	64	-3.5358582556752802
30	65	-4.994980767747159
30	66	-4.000744277117992
30	67	-3.2482832720744095
30	68	-0.43690467993912585
30	69	-3.017593478522248
31	31	NaN
31	32	1.5563133867426873
31	33	-0.3806835125842111
31	34	0.9900528351773621
31	35	-0.7415137494338832
31	36	1.4975628106886352
31	37	-1.1514704751051408
31	38	-0.6099466645461924
31	39	0.7568085189605881
31	40	-0.7868820926678829
31	41	1.1051640686625916
31	42	3.395002870802427
31	43	0.9657625300481268
31	44	-0.9438344203805471
31	45	1.3782168572633708
31	46	1.6680914416080639
31	47	0.42836899922475685
31	48	0.6929129025480771
31	49	-3.129312716168306
31	50	-0.19212918759103073
31	51	3.159972670616348
31	52	-1.8258437323332297
31	53	-3.8022687880735733
31	54	1.3479790118001913
31	55	-3.2557904379323634
31	56	0.37181118352829223
31	57	-1.6873821253903323
31	58	-0.033563097799326466
31	59	-0.583124037747272
31	60	1.4454090731028901
31	61	1.9049437345753142
31	62	0.12456769592648877
31	63	2.0847791688562767
31	64	0.06708225560853255
31	65	-1.5592573451558687
31	66	-0.08523802018486516
31	67	2.308006999952454
31	68	1.726803285937717
31	69	-2.082354127729773
32	32	NaN
32	33	0.0134604301167407
32	34	-1.4811594519514035
32	35	-1.9672366536028327
32	36	-1.2338657790092895
32	37	0.33315846295544616
32	38	-3.2675085807042445
32	39	1.989712861138849
32	40	-0.882755751717127
32	41	1.0318103231769218
32	42	-0.03466424895442947
32	43	-1.3433281143554714
32	44	2.054218887884093
32	45	0.930963455820336
32	46	1.8777237590376012
32	47	-2.2209378236551
32	48	2.016685013761924
32	49	-0.7579627967253445
32	50	0.8131016600377658
32	51	4.347442222878608
32	52	-1.8067374751289822
32	53	-5.750298310512889
32	54	-2.2891427134041367
32	55	-3.1617731489132934
32	56	2.566002182928092
32	57	-0.8243846994341891
32	58	0.5978557742401391
32	59	2.2929897359621143
32	60	-0.3027630397373744
32	61	1.2139476702087357
32	62	0.5869742646254731
32	63	-1.0799292844337467
32	64	-0.1321917370653659
32	65	-1.9907042277580196
32	66	0.6958280581556106
32	67	3.396927346609226
32	68	1.0665908008666232
32	69	1.2209062818718466
33	33	NaN
33	34	-0.6084385804866874
33	35	1.770370279146028
33	36	-1.6162368763265584
33	37	1.6440547754667707
33	38	1.363709664592214
33	39	-0.48391937056676393
33	40	3.9669320054542614
33	41	-2.3561292664514273
33	42	-2.8379770896165875
33	43	0.39252791837066003
33	44	1.117298176871677
33	45	-1.2247472434912239
33	46	-2.7743268331555098
33	47	1.9257376665861698
33	48	-2.6188818932284943
33	49	2.240209250677281
33	50	-2.7669404557002157
33	51	-1.411952674450586
33	52	2.700236911627846
33	53	1.755355711195136
33	54	1.2731350304484088
33	55	-0.15502646333350864
33	56	1.8838185971874162
33	57	2.817791144805759
33	58	-1.7762841976772088
33	59	0.0
33	60	-4.898869642814023
33	61	-1.785247931698575
33	62	-1.4162394678923764
33	63	2.621546705034079
33	64	1.6139097631547321
33	65	1.8319216051701555
33	66	-0.9722541584337262
33	67	-1.4446732163540417
33	68	-2.1389673826704967
33	69	-1.3450111792802522
34	34	NaN
34	35	0.3285634624422468
34	36	3.7085437321485184
34	37	-1.4481879613137012
34	38	-2.531628532404154
34	39	-0.19389830158576513
34	40	1.1365646465241293
34	41	0.3375924884864359
34	42	2.225880297779131
34	43	-1.5798245640234687
34	44	-0.9045722264698657
34	45	1.3665050837319246
34	46	0.2485175875296756
34	47	0.5606802722896828
34	48	-1.4811141977282563
34	49	-2.556880986808779
34	50	-0.543810852007186
34	51	-0.5870314289512214
34	52	-1.4098419855237356
34	53	-3.7543937039097863
34	54	-1.7675815096166279
34	55	-0.9844572352195929
34	56	-1.3711595440559379
34	57	-2.192921117981395
34	58	0.962685667166348
34	59	-4.043337342040809
34	60	3.2010520824185797
34	61	1.5847899237157852
34	62	-2.1493383219270696
34	63	-0.48426043597798124
34	64	0.8600790630855367
34	65	-3.012454779496505
34	66	0.09964655924354646
34	67	0.7736110231211596
34	68	-3.4922738617435107
34	69	-1.3188653523686373
35	35	NaN
35	36	1.229021384689057
35	37	0.8402481501856186
35	38	1.2627372425854828
35	39	-0.3700102329546209
35	40	1.1293959592523681
35	41	-1.7441862497722422
35	42	-3.4392597526992734
35	43	-0.2916279058411524
35	44	1.136340340874888
35	45	-0.04729293015936675
35	46	-0.5573091751685526
35	47	0.7275693590943771
35	48	-0.5517322818912086
35	49	0.5588578528463565
35	50	-2.605384689812511
35	51	-1.6460402024752312
35	52	1.5013818344054777
35	53	2.5291325021107265
35	54	-0.14786363646261536
35	55	-0.07446873354771226
35	56	0.6634491268842603
35	57	1.091262622248271
35	58	-0.41818058848030687
35	59	-0.9961259613841507
35	60	-1.9025867828797238
35	61	-1.1181832938867735
35	62	-2.1535586000451885
35	63	-0.11197616053966641
35	64	-1.3321157575625653
35	65	1.2224386282881496
35	66	-2.9638524179142975
35	67	-2.7631985226082727
35	68	-0.9617541689763255
35	69	-1.9332508750711934
36	36	NaN
36	37	-1.8435900529523463
36	38	-0.7442739104779779
36	39	3.734224451525157
36	40	-0.40301884604243204
36	41	1.800649349580594
36	42	-1.2096479691788913
36	43	-0.7125238824936282
36	44	-0.8108693716030203
36	45	0.8304862655904545
36	46	2.8390309155979856
36	47	-4.220168422418188
36	48	1.869039517906156
36	49	-0.22202909433006007
36	50	0.4660078586930346
36	51	1.3343927816681564
36	52	-2.3643960695761117
36	53	-2.085650506125483
36	54	-0.5672388978204966
36	55	-0.4995842958059597
36	56	-4.0160804374787435
36	57	-4.094803904477896
36	58	-0.6653689268124716
36	59	-1.4143948359631346
36	60	3.8664596706743235
36	61	0.6159311063018265
36	62	4.5495895137481845
36	63	0.6585599530854946
36	64	0.5174662065835286
36	65	-1.9073542250488
36	66	1.4821508306654745
36	67	-2.7976183337280673
36	68	2.1569904447249915
36	69	-0.6191525513763906
37	37	NaN
37	38	1.427246574909286
37	39	-3.6606477020687347
37	40	2.2205531167734947
37	41	-3.9801091744454804
37	42	-1.3685058939208277
37	43	-3.3907701234359005
37	44	2.0542996015637627
37	45	0.1085214286400812
37	46	-1.6508842572754896
37	47	0.7084017022133835
37	48	-0.896410856348758
37	49	1.5208417316431804
37	50	-1.1061332818478875
37	51	-1.0795035748436717
37	52	2.4432850089109412
37	53	-0.14275810797769356
37	54	-0.31868795254544885
37	55	1.4494085755596444
37	56	0.5786010719398436
37	57	1.393232938339562
37	58	-2.819159953521923
37	59	-0.07171213259665359
37	60	-2.9283272570657455
37	61	-0.9002326204599663
37	62	-4.092984704671699
37	63	1.0540154266673294
37	64	0.6807220385696903
37	65	0.5442254260706697
37	66	-0.843548143103835
37	67	0.35562318524584385
37	68	-0.0954045422061724
37	69	-0.8733936578159646
38	38	NaN
38	39	-0.7399875688293537
38	40	3.2495243244192573
38	41	3.3664516528652473
38	42	-2.986251676241756
38	43	1.8397886169131006
38	44	-1.7026047498485095
38	45	-1.1119925608689325
38	46	-0.6962453366724762
38	47	0.8633246416110815
38	48	-1.7450536548952855
38	49	2.0391464623217836
38	50	-1.9240888362234048
38	51	-2.35576026799093
38	52	0.49772445131954257
38	53	-0.2776512785413535
38	54	-0.5375099592620263
38	55	2.3784492906727084
38	56	2.5043297749266125
38	57	2.6142858184954405
38	58	-3.4806033508641936
38	59	1.058888604486999
38	60	-0.5900566245582463
38	61	-2.1238438061088822
38	62	-0.8777885363845631
38	63	0.17128358502807023
38	64	-0.7820037400642397
38	65	2.518261003272493
38	66	0.23141797385959578
38	67	-1.2646128726331685
38	68	-3.0474446614870447
38	69	0.5056353482000789
39	39	NaN
39	40	-0.1735386993617549
39	41	0.20838721681114708
39	42	3.922700791869373
39	43	9.111600833308438
39	44	-1.2650473483697753
39	45	-0.22820582178976498
39	46	-0.07065965782695642
39	47	-1.548798859167056
39	48	-1.7051331342130363
39	49	-2.80180286681645
39	50	-1.1371794820458347
39	51	-1.1857803519744794
39	52	-1.6144561751083026
39	53	0.08561055752282526
39	54	-1.547685348946675
39	55	-0.14262316455091337
39	56	-0.7263540011016394
39	57	-1.6177628291661605
39	58	-3.297672926255952
39	59	0.3994842116836626
39	60	-1.2408941323850184
39	61	-0.3985227733255943
39	62	1.1111420964390222
39	63	1.0355592086824787
39	64	0.8274534403346876
39	65	2.306827338823815
39	66	-0.7319378728687053
39	67	-1.1015689190732512
39	68	1.0615559125359117
39	69	-2.2260264120253908
40	40	NaN
40	41	3.1263979671316267
40	42	-1.4611175127179394
40	43	-0.6291078230785483
40	44	4.236216870661056
40	45	-3.087146237006019
40	46	-3.419322162799637
40	47	4.940547331563114
40	48	-1.1410133493365342
40	49	3.995060513561099
40	50	-1.9461402429987837
40	51	-1.9367417834297647
40	52	3.644693628224503
40	53	1.0925286622684358
40	54	1.2979804821459682
40	55	1.2734191091541793
40	56	3.633391277589665
40	57	0.9120354358260064
40	58	-0.6387976872638504
40	59	0.6221419065097984
40	60	-3.4019376471093588
40	61	-1.531125033712996
40	62	0.06292878181743561
40	63	-0.30969756437631457
40	64	-2.0324006348478183
40	65	4.15215479990151
40	66	-1.6368405751434645
40	67	-4.204749714309463
40	68	-3.3347892043881493
40	69	0.4844333543696103
41	41	NaN
41	42	1.9819814657194912
41	43	-0.35868523814668923
41	44	-1.0070017048355093
41	45	1.066826857327682
41	46	-0.92222082354978
41	47	-0.8685654871682176
41	48	0.01466754465717566
41	49	0.44692387723880744
41	50	-0.09669192887478982
41	51	-1.0678302062239768
41	52	0.12352721344092973
41	53	0.8772751712158775
41	54	0.23086958759886667
41	55	-0.904591549096747
41	56	0.026410901054087946
41	57	-3.7984351435061985
41	58	2.634016515997668
41	59	-1.1770742536636045
41	60	-1.5688344328502843
41	61	0.3524938793709292
41	62	0.8319187104907411
41	63	0.8559636968397463
41	64	-2.2604326813282434
41	65	-1.3332869135754946
41	66	0.1702422151254496
41	67	-0.032125796164015695
41	68	2.352172728361451
41	69	-5.334190677680989
42	42	NaN
42	43	5.492829657626322
42	44	-0.3659364279387323
42	45	0.5862587641110176
42	46	3.979628608742666
42	47	0.5322325679308214
42	48	-0.154450153641855
42	49	0.17169946583748483
42	50	3.9593754064089604
42	51	-0.7779370662417493
42	52	-1.6451266578606463
42	53	-0.12265680938440097
42	54	1.512302500212228
42	55	-2.4888449210991133
42	56	0.010730522559239213
42	57	-1.9533771974467418
42	58	1.1593235599232727
42	59	-1.749921255742852
42	60	-0.16803037434254423
42	61	-0.7120564964712811
42	62	-0.4051120397073862
42	63	-2.450338969633914
42	64	0.5109706911483558
42	65	-2.3278944498985963
42	66	1.7074007075380897
42	67	0.8528892329750108
42	68	1.6340797278011292
42	69	-1.4519774241547847
43	43	NaN
43	44	-1.5297290885847015
43	45	3.78135003167303
43	46	-0.35470463797421603
43	47	-2.247245301901109
43	48	5.185123367073823
43	49	-2.192369491974522
43	50	1.1200735407455316
43	51	0.46700996493420904
43	52	-0.45400001417957814
43	53	-0.37701589350365616
43	54	-3.592011465155063
43	55	-2.0640203624987015
43	56	-3.9794614110028697
43	57	-0.9326112043856981
43	58	-0.19163948365755046
43	59	-1.2562775451973167
43	60	2.6791378876038863
43	61	-2.6590473366769367
43	62	-1.0237566563178626
43	63	1.978905439535567
43	64	-0.3717740076341363
43	65	-2.8157332480389403
43	66	2.069956972880503
43	67	3.3991474424131787
43	68	2.1941995148823428
43	69	-3.2075552868878803
44	44	NaN
44	45	-0.11650351651105674
44	46	1.1354798845998146
44	47	-0.8500097271729526
44	48	-0.01595655150189935
44	49	1.3964339057261819
44	50	1.811721827232626
44	51	2.6115083598616633
44	52	-0.2443921397911628
44	53	-1.2742620826721558
44	54	1.3320510138796864
44	55	2.6517757814709215
44	56	1.1595369632457477
44	57	0.10468883642087404
44	58	-1.4715964047091763
44	59	-0.6072255122141895
44	60	-0.8682156173616344
44	61	-0.7898566789063413
44	62	-1.8251543678843911
44	63	-0.10795831130543727
44	64	-0.9852421791848668
44	65	-0.07644705051702423
44	66	-2.4558125746185895
44	67	0.39534765576433256
44	68	0.4263747788759374
44	69	-0.04292525293194813
45	45	NaN
45	46	5.6669131294146045
45	47	-2.2196027551911626
45	48	-1.18527818888424
45	49	-1.7702237508366665
45	50	1.5491223688382856
45	51	2.1090172501932183
45	52	-2.3109889765276206
45	53	-0.9724884359504412
45	54	2.327628426400149
45	55	-0.9988294700906838
45	56	-1.238802793500419
45	57	-3.1822832201428572
45	58	2.104940003421115
45	59	0.01392261420813635
45	60	0.9221802589067972
45	61	3.8066655115914934
45	62	1.091673772341038
45	63	-3.1639143515785513
45	64	1.975930574333638
45	65	-1.6384898078593944
45	66	0.9861065654921932
45	67	-0.03056785442907732
45	68	1.5647555287661592
45	69	-0.6351100171997539
46	46	NaN
46	47	-1.85400533758745
46	48	1.1460107416029444
46	49	1.705417451327872
46	50	-0.2043949320719357
46	51	-0.15591635944743334
46	52	-4.718463734683657
46	53	-6.157751187252818
46	54	3.185005387299419
46	55	1.874921657902577
46	56	-1.0979973776303715
46	57	0.4479114255509333
46	58	-0.2839033281179469
46	59	-1.7765871145426393
46	60	1.1083218568611195
46	61	2.073333980357686
46	62	0.7200371271174348
46	63	-2.1263013458277684
46	64	-0.907135258005152
46	65	-0.9292236174529915
46	66	1.2703169473783655
46	67	-0.4519667008656598
46	68	3.447008983209906
46	69	-2.922178332556079
47	47	NaN
47	48	-1.076589774181536
47	49	2.8983671421394908
47	50	-4.4608461189061135
47	51	-3.449528204947982
47	52	5.002632933259627
47	53	2.7576837379496046
47	54	1.8810874925711136
47	55	3.1197564926692554
47	56	4.95501205635535
47	57	3.212098027212337
47	58	-0.7488756470509417
47	59	3.03944479484649
47	60	-1.335344186121189
47	61	-2.381667351110047
47	62	0.8995989047659781
47	63	4.560517547236068
47	64	-0.09228773410268229
47	65	0.32063630998178727
47	66	-1.834895207482612
47	67	-1.6797935568816602
47	68	-1.5691222885012233
47	69	-0.9324436321719133
48	48	NaN
48	49	-2.44730753979387
48	50	0.2833374565564051
48	51	3.724201096732882
48	52	-1.1678347572945706
48	53	0.44315418798395134
48	54	-2.2237188601261177
48	55	-1.113231591789942
48	56	-2.0009291290150513
48	57	-1.2396618646449762
48	58	1.9729804561792943
48	59	2.6201803191358355
48	60	4.865467675520484
48	61	0.6029471914052534
48	62	-0.7152784788685125
48	63	0.13317729760573052
48	64	0.04684169649176895
48	65	4.047472225826099
48	66	2.7153521345156735
48	67	-1.5866082695624955
48	68	-2.2056204078928796
48	69	-0.469414564685106
49	49	NaN
49	50	-0.43165435806497926
49	51	-0.8191723405670176
49	52	2.1979916748649697
49	53	2.5306875738824273
49	54	5.075824254294096
49	55	1.633745695746849
49	56	4.83939654329174
49	57	3.7602650994667006
49	58	-3.157465627441865
49	59	-1.7007569205796638
49	60	-1.4650977866045678
49	61	-1.3495974476696468
49	62	0.3935849233388331
49	63	0.6986563890918155
49	64	0.732913869007166
49	65	2.8679186423042524
49	66	-0.25165384655342177
49	67	-1.0040557111036268
49	68	-2.822360031262746
49	69	0.2473197738184614
50	50	NaN
50	51	5.295056652347837
50	52	-2.7896772798363423
50	53	-0.09178008920051152
50	54	-0.3089872379741598
50	55	0.12586015098604167
50	56	-1.9632197940731817
50	57	-1.144457724731491
50	58	-1.6221937615070983
50	59	-0.21639132306129658
50	60	1.310892774843822
50	61	1.1583633490546215
50	62	-1.8355092190738367
50	63	-2.187646771811704
50	64	3.2551247752021952
50	65	0.0015828133947991066
50	66	-0.4192749051461411
50	67	-0.5630904883490521
50	68	0.952745420036468
50	69	0.9109635033125724
51	51	NaN
51	52	0.3165124563051464
51	53	-0.3172468744713625
51	54	0.8229348870089942
51	55	-3.2428934057537675
51	56	-1.614334393157439
51	57	-2.0625498065693644
51	58	-0.6214250182948554
51	59	1.3321890036746133
51	60	-2.2800266611145625
51	61	3.4753845351774246
51	62	-0.011389553731047764
51	63	-0.6549112071590358
51	64	1.7937537754549466
51	65	-1.0587365967738613
51	66	1.317394151813177
51	67	-0.6591884313679669
51	68	1.4925954369825736
51	69	1.9307001727607511
52	52	NaN
52	53	4.153336148327755
52	54	0.7060539078653401
52	55	3.8180600402965448
52	56	2.4305560573498903
52	57	2.8712869775575967
52	58	-3.794852150414854
52	59	0.694164754251926
52	60	-4.271538394272939
52	61	-0.29213972661611437
52	62	-3.6473884002609784
52	63	1.901491533180384
52	64	0.9913556984503716
52	65	2.818395052023462
52	66	-0.8301747700345667
52	67	-1.0793221379493771
52	68	0.06194962545444543
52	69	-0.4843287738345151
53	53	NaN
53	54	0.12543930245538867
53	55	5.623016424228555
53	56	0.33094812936474344
53	57	-0.09501891540559193
53	58	-3.877318918044252
53	59	-2.41820981364664
53	60	-2.857297582372133
53	61	-1.8552743378716243
53	62	-3.4926918740255704
53	63	1.0992446290959585
53	64	1.1809472895802409
53	65	-0.20386062382479603
53	66	-0.28919606481760174
53	67	-1.9972166229542807
53	68	5.168220598124545
53	69	1.2307621958484263
54	54	NaN
54	55	-0.6677059120221852
54	56	2.36336982157817
54	57	-0.32637894994533695
54	58	-1.9741594827753197
54	59	-1.367667679290765
54	60	-2.1071063182093166
54	61	-2.6472084033223324
54	62	-1.1546488573576483
54	63	-0.9612877855744539
54	64	1.66251698810108
54	65	2.3696785886811815
54	66	-1.1576784223292889
54	67	17.396606523218843
54	68	-1.9929183560540473
54	69	-1.9038812056325727
55	55	NaN
55	56	2.7877344730654987
55	57	1.838018537993837
55	58	1.525362897060562
55	59	1.3738351597587395
55	60	-1.4734568710350586
55	61	-3.3279717530472737
55	62	-0.7708244243168886
55	63	0.12206247047006012
55	64	-0.38019954009451984
55	65	2.5890272601873368
55	66	9.464320059310639
55	67	-3.0472074385037504
55	68	-3.2128361325693016
55	69	0.6114435852291176
56	56	NaN
56	57	3.682835092727596
56	58	-3.436766432636521
56	59	1.691098401543142
56	60	-2.7125874176072933
56	61	0.01831029922153179
56	62	-3.8538315407758374
56	63	3.924572584310902
56	64	-0.9700736106212617
56	65	2.625806454774667
56	66	-1.2243546183636114
56	67	-3.975770089356976
56	68	-2.175616880669798
56	69	0.14240265666567278
57	57	NaN
57	58	-0.44317092729018853
57	59	1.0184717969877395
57	60	0.16848607989430534
57	61	-2.2000871230097485
57	62	-1.5024540510676148
57	63	-1.5679893138965604
57	64	-0.03405765413430644
57	65	0.7940617007265238
57	66	-2.4123099464044784
57	67	-2.9121835909476284
57	68	-3.002841725748936
57	69	-0.7025602051660079
58	58	NaN
58	59	-0.04754820249211624
58	60	4.144133089452343
58	61	1.5398138120136204
58	62	33.48825268280633
58	63	5.835192224041249
58	64	0.6215017690211455
58	65	-0.15502217338783097
58	66	-1.1953629630260574
58	67	-0.8443831630039865
58	68	-1.7672783000907522
58	69	-0.801886902580825
59	59	NaN
59	60	2.797333477997927
59	61	2.983577490393713
59	62	-0.1689650186688675
59	63	-1.6266414341326545
59	64	1.2540796254699007
59	65	-0.32414638614190705
59	66	-0.029107869234528946
59	67	-0.7656331138435732
59	68	1.8099864906017062
59	69	-2.1523144350274377
60	60	NaN
60	61	1.6817990394594142
60	62	8.073590383002543
60	63	-0.7856931638006949
60	64	1.2172483536544083
60	65	-2.6483773818901843
60	66	2.285401080035145
60	67	4.385604565530723
60	68	3.2172818961501166
60	69	-2.9986137885298536
61	61	NaN
61	62	0.40765591651669497
61	63	-0.21855230740114578
61	64	4.200439121037243
61	65	1.4436356560735997
61	66	0.9056881021287998
61	67	-2.0502734529647038
61	68	-0.0923831664820031
61	69	-1.491755886828008
62	62	NaN
62	63	3.2489630595319188
62	64	-0.8798937515217407
62	65	-1.9515211288029068
62	66	-0.03078161588780634
62	67	-1.2182212221955429
62	68	1.1718156794702412
62	69	0.0009603293371243312
63	63	NaN
63	64	1.141458161141942
63	65	0.7789121383158073
63	66	1.1803810531433243
63	67	1.4807855676724722
63	68	-2.4489195686422724
63	69	-2.277460691946678
64	64	NaN
64	65	2.8046981018580004
64	66	-2.843239175030914
64	67	-1.2965178030650808
64	68	1.2799108903353027
64	69	-0.25499587753096575
65	65	NaN
65	66	0.1580244004809466
65	67	1.1475246989018646
65	68	-1.3065195313591198
65	69	0.24692153757597027
66	66	NaN
66	67	2.3370619154329573
66	68	1.7711012176500975
66	69	-3.2713558878784728
67	67	NaN
67	68	3.233447976787353
67	69	-0.5638105621097339
68	68	NaN
68	69	1.2631215705913874
69	69	NaN
