1	1	NaN
1	2	1.4350045997981433
1	3	2.3316325589870366
1	4	0.7914886332035479
1	5	3.598175810605755
1	6	1.5954571539408975
1	7	3.7463488816841046
1	8	1.7530285358315467
1	9	0.8210934091631271
1	10	1.3383112147100378
1	11	0.5694356246478554
1	12	-0.9046090679101508
1	13	-1.7532142342443442
1	14	-0.789607848797157
1	15	0.5536200338820162
1	16	-0.08022160250985662
1	17	3.1950659713166747
1	18	-2.9717156033999523
1	19	-1.943850747846526
1	20	2.1946226440217655
1	21	-2.245286185460411
1	22	-2.7025636953077514
1	23	-4.853204012069621
1	24	2.414493254203702
1	25	-3.153468039492549
1	26	-0.32794838938694376
1	27	0.24919228048296924
1	28	-1.6577772049625543
1	29	-3.2524864222942402
1	30	-1.9612950671274498
1	31	0.4749669089390933
1	32	1.221390730810073
1	33	-0.9056610582614661
1	34	-3.076474989071301
1	35	1.009794463682622
1	36	-1.399279966041096
1	37	-1.6725644670420858
1	38	1.222938381054799
1	39	-2.117420432055462
1	40	0.18021694950679373
1	41	0.8820369268667027
1	42	0.2803553542800992
1	43	-2.6162286385507834
1	44	-2.680011005551125
1	45	-2.24620050049694
1	46	-1.040878686264297
1	47	0.34423399487846046
1	48	0.9172311658494412
1	49	1.8543185427300073
1	50	-0.5155328875321504
1	51	1.778448754961726
1	52	1.5871003926233769
1	53	1.435678081065682
1	54	-2.161036994360635
1	55	1.8570974112824192
1	56	3.9440570650483147
1	57	1.7937531651411773
1	58	3.618779798169006
1	59	-1.8606574802594364
1	60	-1.4994512644884246
1	61	-0.21474183319739437
1	62	1.9943899620710877
1	63	-2.333259027690553
1	64	-0.7929610858036112
1	65	0.830139837223954
1	66	0.34903114446995426
1	67	-2.42120003837374
1	68	0.25581648803366486
1	69	1.0414496616382676
2	2	NaN
2	3	-1.3084009368561895
2	4	0.8211123915603827
2	5	-1.2997007917322378
2	6	1.8305183856652836
2	7	-2.041066873966702
2	8	-0.09269316654428005
2	9	-0.6024751077309576
2	10	2.0172041530340183
2	11	-1.1496689713705046
2	12	-1.8248522327746635
2	13	-0.3413903903666136
2	14	-1.3556045424420886
2	15	-1.1180690416587782
2	16	-1.195124670564113
2	17	0.14300136050844853
2	18	-0.532273462960392
2	19	-0.35276262807939734
2	20	1.0357705902916408
2	21	-1.5058188372451722
2	22	-2.6545665756340973
2	23	-1.8922404483568855
2	24	0.3739163329035558
2	25	-0.8156148663582691
2	26	-0.6914671120327427
2	27	2.4887719013984664
2	28	-0.2988507076357571
2	29	-2.443650217959905
2	30	-1.1363445082339636
2	31	-0.34127235412444695
2	32	-1.9117327615489104
2	33	-1.2436034466360422
2	34	0.28474749204763433
2	35	0.8039258085934783
2	36	-3.350479587856728
2	37	-0.7436160448583916
2	38	2.4511856559804945
2	39	-3.046923841383319
2	40	-0.27871488807020284
2	41	-0.9413821596014025
2	42	-0.18163902823081385
2	43	-2.188385291718237
2	44	-0.5655351861035219
2	45	-1.593167063366641
2	46	2.742416662673243
2	47	4.97549306286468
2	48	0.733552961496672
2	49	3.7406620176001577
2	50	1.0248822273589808
2	51	-2.3020580187648765
2	52	1.7939249507177737
2	53	0.6259468630204984
2	54	-2.1248272681791756
2	55	1.769342657685932
2	56	0.9192454460646395
2	57	2.593863037755353
2	58	4.473245789702801
2	59	0.6088797514654763
2	60	-1.5800369716159677
2	61	0.1871416324290553
2	62	-2.4148921125607634
2	63	4.075064797086428
2	64	-1.348254936255588
2	65	1.2386370344393864
2	66	-2.243025594740375
2	67	0.35185219624194636
2	68	2.934046564275725
2	69	-0.7844324214384322
3	3	NaN
3	4	-1.2593618402415938
3	5	3.01791227970477
3	6	-1.6620499827205704
3	7	1.2222607415476552
3	8	-0.9223689271812117
3	9	-3.3036228079422814
3	10	-2.1609202910229452
3	11	-1.6430125175986452
3	12	-2.8233777004182605
3	13	-0.31811301372258705
3	14	0.993701030323442
3	15	-0.2216872114406103
3	16	0.5442223345284022
3	17	-0.1085458945325939
3	18	1.032011603187482
3	19	-0.6155990434898745
3	20	-0.5950332567174796
3	21	3.979722480834462
3	22	2.6918782006724853
3	23	-1.8177021518273841
3	24	-1.945309292654055
3	25	3.3600001753866975
3	26	3.856846254450711
3	27	2.128003808436524
3	28	-1.5931850691408154
3	29	1.6977849751838607
3	30	0.9570268267166441
3	31	-3.2867353362584195
3	32	1.3492700630484125
3	33	-0.5018173025067199
3	34	3.4603978050753748
3	35	-2.7923242774489023
3	36	3.631748181712469
3	37	-1.8959433660339937
3	38	-2.0641944736335462
3	39	-0.1076217383703702
3	40	-2.2759255784295225
3	41	-2.8594573831942425
3	42	-0.9114356977802738
3	43	1.422884824795483
3	44	-2.3129032422887668
3	45	3.389994174275132
3	46	2.5873724531697615
3	47	-1.6928285948689523
3	48	-0.3887194323876913
3	49	-1.7850780338059695
3	50	2.4833053799796763
3	51	0.8529664681784276
3	52	-2.459106818320421
3	53	-0.8917253727409219
3	54	1.3383476469401132
3	55	1.5474599740415294
3	56	-1.0525479523856753
3	57	1.1058210242238709
3	58	-2.2850778588861504
3	59	-0.6337746672389475
3	60	-0.28809240708885353
3	61	2.6176084357440406
3	62	0.0741388195242708
3	63	-1.9474677533068443
3	64	0.5206865653664324
3	65	3.3161987992756616
3	66	1.1753803924975519
3	67	0.15073757527124357
3	68	1.4371003867681615
3	69	0.6360787463131874
4	4	NaN
4	5	0.33039728447809585
4	6	0.5363366598126726
4	7	-3.0518798080142675
4	8	0.04580048206506274
4	9	2.1477045969501716
4	10	1.4449977321111296
4	11	0.5145449409654342
4	12	-3.7379214533940823
4	13	-1.552695077637686
4	14	-0.2126100764263671
4	15	-0.1364953503941374
4	16	-1.8024173826426124
4	17	3.3195364153642255
4	18	-0.4100827416166927
4	19	-1.4128584994023974
4	20	0.0007345956836044181
4	21	-2.628517638172318
4	22	-1.2049104182529726
4	23	-1.1464855461859615
4	24	3.0151016430845865
4	25	0.4625455682496805
4	26	-1.530244259771875
4	27	-1.5412762427786117
4	28	0.5077215766550054
4	29	-2.08938598234227
4	30	-3.838649642278844
4	31	1.524438876963185
4	32	-1.1342958208638056
4	33	0.3396574160801158
4	34	-1.6155592272409307
4	35	0.42319993211418394
4	36	-1.4387050004061819
4	37	0.15360088426278287
4	38	2.833668575364081
4	39	-1.314638202647249
4	40	-0.016946484604003054
4	41	2.0642094442837804
4	42	2.0104786949096263
4	43	0.7089555187613251
4	44	0.6644329058174658
4	45	0.08802351109230246
4	46	-2.2662569707142395
4	47	0.13738599141280627
4	48	-3.6785941203080164
4	49	1.4366282029472313
4	50	-0.4325406191996588
4	51	0.5618835407612534
4	52	1.8131861275798746
4	53	1.272261476840688
4	54	0.6908986396753859
4	55	2.0372223562904304
4	56	-0.6577930690950023
4	57	2.1776052931707293
4	58	-2.2781382566739508
4	59	5.570625368996029
4	60	-0.9739314466404877
4	61	3.24534319975764
4	62	0.7805165885322778
4	63	-0.9603657168960248
4	64	-0.3770356364059053
4	65	-1.0893453394857198
4	66	0.8026977978785099
4	67	0.5785779649894045
4	68	-2.419642806963945
4	69	-0.0808896712449228
5	5	NaN
5	6	-2.5575121678722317
5	7	-0.08914138499495561
5	8	-2.188267693187799
5	9	-1.1898858618030133
5	10	-3.1848440520820365
5	11	0.4768273036794575
5	12	-1.279403889229343
5	13	3.235698321226668
5	14	0.7887706674328496
5	15	-2.7230686045576347
5	16	2.5586205852306287
5	17	-2.1516391723865094
5	18	0.6704682777993123
5	19	-1.0602122665750866
5	20	1.1575739168434325
5	21	-0.3905878468430995
5	22	0.11097083991717545
5	23	-2.686491479658919
5	24	-2.3397849158984645
5	25	2.8420592603223973
5	26	-0.11466040367365649
5	27	-0.02663215428778791
5	28	-2.6872636538810806
5	29	-0.7314439301341321
5	30	-5.3652397756354775
5	31	-0.6531398662192786
5	32	3.0452579222660052
5	33	1.953035437846043
5	34	18.925922494077085
5	35	-0.9740253724400141
5	36	4.744729040876619
5	37	-0.7418770252544615
5	38	0.19515163904450425
5	39	-1.2082135865628298
5	40	1.1159401880035165
5	41	1.63706981845323
5	42	4.224368854432322
5	43	-0.8524852198944592
5	44	0.26443899466437876
5	45	-2.908276152998456
5	46	3.624155090986649
5	47	-3.61161596870347
5	48	-3.3125359895278117
5	49	-2.2740991879253296
5	50	-0.8599418895867554
5	51	3.6738215870941486
5	52	-0.18101581797665908
5	53	-1.9841104656944362
5	54	-1.0082017680089497
5	55	-0.20305790289545422
5	56	-1.6922560358851888
5	57	-3.0639431623183957
5	58	2.580803712447152
5	59	1.0399366487938146
5	60	-1.0531879855610184
5	61	1.4358979335014244
5	62	0.12750445454814957
5	63	0.7325753794815406
5	64	-1.467924394187961
5	65	1.3402276251594494
5	66	-1.965532659298143
5	67	5.605605328957843
5	68	-0.8316096653139315
5	69	-0.8682932786383053
6	6	NaN
6	7	-3.2795459163366854
6	8	4.417006892294368
6	9	2.1893833240691514
6	10	1.3345253351361597
6	11	-1.4190252259540883
6	12	-4.611292556269385
6	13	1.37766749485371
6	14	1.1674193575117762
6	15	-0.41447234646162834
6	16	0.7536170173113843
6	17	2.342093756769962
6	18	-0.9486905038314843
6	19	-1.8196098508535816
6	20	3.0716874596413803
6	21	-1.9688515088811174
6	22	-3.241408454247116
6	23	0.4197553773170218
6	24	3.434230687537635
6	25	-1.6363122239334835
6	26	-1.3935361817431708
6	27	-2.7541158692092607
6	28	-0.9598020409810268
6	29	-1.6291262316849502
6	30	-1.505367894243147
6	31	6.477683597389337
6	32	-1.2230744873269128
6	33	3.679859293962918
6	34	-1.5506892396052419
6	35	3.007515118801406
6	36	-1.022967282763612
6	37	-0.33418712410563406
6	38	0.9880714210134794
6	39	-2.0504441147054053
6	40	2.460232980336502
6	41	2.742400417442229
6	42	-0.9298740955051109
6	43	-1.4590683388809709
6	44	-0.2785913704707185
6	45	-1.6666366466027487
6	46	-1.9215640868207824
6	47	0.4618916082483372
6	48	-1.0346674015690256
6	49	3.4129264503754992
6	50	0.7527854334713069
6	51	-3.2332442892563957
6	52	3.1075520929914626
6	53	1.0350893939955508
6	54	1.9017852414820806
6	55	2.887793259703623
6	56	1.9268127941878601
6	57	3.991674051294993
6	58	1.1469975712560807
6	59	-0.08278871470874095
6	60	-0.8905264581838629
6	61	-1.8890883683111206
6	62	-2.485464704857053
6	63	-2.1771839996035647
6	64	-1.0923278196377335
6	65	-4.169491989989948
6	66	-2.2512178647139094
6	67	0.5064665002814333
6	68	-3.8869690835893285
6	69	-2.0682329789299905
7	7	NaN
7	8	0.3304903014138348
7	9	-1.4066928768742213
7	10	0.11923322765519395
7	11	0.13467904339787162
7	12	1.8910305973070487
7	13	0.021152759291458365
7	14	-0.6517205222235671
7	15	-1.490689641436796
7	16	-3.2470927058214047
7	17	-2.6322728933166215
7	18	1.7600807400951806
7	19	-0.7831726897984618
7	20	-2.1471894439335713
7	21	1.9731404792331826
7	22	1.0555901061572586
7	23	0.8718831924619916
7	24	9.08883953018152
7	25	2.2655797735801886
7	26	-0.847982553322591
7	27	-2.253097280449458
7	28	2.3905374860843707
7	29	0.34644857816949204
7	30	-2.328742286682669
7	31	0.6881430344601014
7	32	-0.8167541315049895
7	33	-1.2638991007016658
7	34	2.1113150834968057
7	35	-4.178597694276132
7	36	0.4101993533579417
7	37	0.5037051230577062
7	38	3.592747824072244
7	39	-2.19857722312378
7	40	2.292341187448794
7	41	1.6948540895532556
7	42	1.654093786507969
7	43	2.713180688249833
7	44	-0.08150930672772302
7	45	0.7604511039211294
7	46	0.5430137233617525
7	47	-1.8502200509353046
7	48	-0.11434337845537271
7	49	-0.4533415755060843
7	50	1.6351500944330788
7	51	1.516387661072145
7	52	-1.8938382302222643
7	53	-0.5183498096356273
7	54	1.203439730499199
7	55	-2.646823295787945
7	56	-2.9572010961977244
7	57	-2.0172452571877035
7	58	-2.4071293811810306
7	59	-2.5627476365494064
7	60	-3.6361068928043245
7	61	0.08609714695479183
7	62	1.1438554160290066
7	63	-0.23105615364107296
7	64	0.286412164408302
7	65	0.39984402963325366
7	66	1.647198492554622
7	67	-0.009618886287545978
7	68	3.772360439782477
7	69	1.9073686691958047
8	8	NaN
8	9	2.0600546445735404
8	10	1.0902721225113834
8	11	-1.0749905835437907
8	12	-3.5162492330959867
8	13	0.000857978807472688
8	14	-1.0839698911373876
8	15	-2.485254479423159
8	16	-1.0688548444515944
8	17	7.771673666714978
8	18	-2.891770151978379
8	19	-2.9902120042276583
8	20	2.502217455969144
8	21	-0.44599766535063473
8	22	-0.868548594169985
8	23	-0.15128479062023448
8	24	4.831987209461307
8	25	0.15317590544891296
8	26	-2.379617567635944
8	27	-2.199025499630435
8	28	-2.362716018243014
8	29	-1.6228884606822016
8	30	1.3535362689862847
8	31	1.6121940012788196
8	32	-0.5782614366104739
8	33	2.164766707791147
8	34	-0.6720692428348788
8	35	2.7065911490085632
8	36	0.33840887107552237
8	37	6.457220274648049
8	38	0.6734108462275551
8	39	-0.4171665833275442
8	40	2.964194912816787
8	41	-0.2461492415914662
8	42	-3.718340309343199
8	43	-0.26683783834740776
8	44	-1.3243545890892578
8	45	-1.4661393572574202
8	46	-0.5592903253423117
8	47	1.5789313610146978
8	48	-1.951064239193856
8	49	2.6569501967808837
8	50	0.18320083607243365
8	51	-5.134857085370197
8	52	2.606993147711277
8	53	8.47197127914373
8	54	-1.5406055672347747
8	55	1.3746045481588836
8	56	1.7380096963024523
8	57	2.5543856200742474
8	58	-0.5165983405713324
8	59	-2.2891961597764743
8	60	-1.121778777250871
8	61	-3.907869078148695
8	62	-0.6830765403658282
8	63	-2.366004673519077
8	64	-1.3690082488488293
8	65	-0.9031399990885909
8	66	-1.3728879221034265
8	67	-2.320974213728837
8	68	-2.8525094993365077
8	69	-1.8735709754969514
9	9	NaN
9	10	1.8653712818702686
9	11	-1.1204571681069768
9	12	-2.5250094962594196
9	13	-2.625582961311321
9	14	-1.39413426889232
9	15	-1.157974217665083
9	16	-2.404061983159299
9	17	4.222780983284102
9	18	1.0879533877367158
9	19	-3.9926839641614182
9	20	0.007050113384039837
9	21	-3.486507591135373
9	22	1.1562585271454
9	23	0.8895368807697748
9	24	4.042046773597524
9	25	-2.0648950734449647
9	26	-4.127001356983476
9	27	-4.00502218068251
9	28	-1.430461720776167
9	29	-2.222266875301307
9	30	-1.219521004091027
9	31	2.8385519821933443
9	32	-2.2788518266363655
9	33	0.07894678143997724
9	34	-0.5237956390161678
9	35	2.6342609802098744
9	36	-0.1794185176861961
9	37	-1.0958850179650799
9	38	3.830536146114909
9	39	-1.7557555753459286
9	40	1.4024288389780208
9	41	1.1530473798295746
9	42	-1.0675564254020518
9	43	-0.3981493375012471
9	44	1.9246789784025113
9	45	1.1954765782002699
9	46	-1.5051786536274196
9	47	3.3175696712960754
9	48	-2.798684792856972
9	49	1.3440378619309072
9	50	-2.1629141405656034
9	51	-1.2647183347300337
9	52	6.421991436949941
9	53	1.240768678488513
9	54	-1.0906869353809736
9	55	3.9339853501023363
9	56	3.033253908984834
9	57	4.737870793030365
9	58	-0.1006294456199057
9	59	0.2884432982143917
9	60	-1.2822061679060792
9	61	-0.3512384556296166
9	62	-0.9754374725498772
9	63	1.5223005529477256
9	64	-2.7968763928813907
9	65	-2.0835032084872496
9	66	-0.7052585655137731
9	67	-0.6524926331342573
9	68	2.2227712009362293
9	69	-1.0828028269724415
10	10	NaN
10	11	0.12330973531633752
10	12	-0.42007461838554255
10	13	-0.45702516721903447
10	14	0.33558621026682184
10	15	-1.9644923570224122
10	16	-0.4125450212040706
10	17	12.251340008521478
10	18	-2.1217491110119915
10	19	0.28106771206797887
10	20	0.4710337315978404
10	21	-0.5493251150379214
10	22	-1.474014707039177
10	23	-3.9121116750397213
10	24	2.5947806347276106
10	25	-1.7004798228744504
10	26	-3.1082051088351723
10	27	1.527851223476229
10	28	-0.7142858220861829
10	29	1.6495316880775555
10	30	-2.170244922159587
10	31	1.4429711668788163
10	32	-3.956098501504529
10	33	0.5997133404694466
10	34	-1.976989336188398
10	35	0.6248166786816096
10	36	-1.6682707491884174
10	37	7.250666892738308
10	38	1.5168025562139775
10	39	1.246483300121442
10	40	2.2901529821528017
10	41	1.4281573847309106
10	42	-2.4129094072124717
10	43	-1.0537340339763583
10	44	-0.9832755983625473
10	45	-1.0755273692698357
10	46	-3.780208941029639
10	47	1.3668838311413654
10	48	0.07263142788662498
10	49	-0.07493953261065545
10	50	-0.6043242863450143
10	51	-2.0919716469641076
10	52	0.21307940951808707
10	53	2.197939053321915
10	54	-2.3575679499065
10	55	1.479312938007765
10	56	1.8624285624147896
10	57	0.8723628933121186
10	58	-3.912885556799654
10	59	-0.6474686908604539
10	60	1.7964790029764919
10	61	-0.8339928686350416
10	62	-3.030447976660169
10	63	-3.21401603293439
10	64	-0.15006617136049674
10	65	-1.1215329408796537
10	66	1.2574570715908546
10	67	-0.851834725381214
10	68	-2.136572453393252
10	69	-0.7559899506604456
11	11	NaN
11	12	-2.099103466081867
11	13	0.3700420639222498
11	14	1.5126537025071474
11	15	-0.7951816855758828
11	16	0.3159533015433149
11	17	3.476863453214075
11	18	0.5858148882038813
11	19	0.6247376580237342
11	20	0.07384324949465494
11	21	0.2212184949743686
11	22	1.339688686926564
11	23	0.046294160259432095
11	24	-1.3080749820009663
11	25	0.09967641906078203
11	26	0.16442048102462048
11	27	1.8844848440277033
11	28	-3.5283060163788007
11	29	-0.17689731653974317
11	30	0.4531151692078478
11	31	-0.04958901420740586
11	32	-0.34091598032417175
11	33	0.2664424565067773
11	34	1.4293338596608518
11	35	-2.414245459877401
11	36	-0.09933055333970049
11	37	3.4081930672648704
11	38	-1.5672136514517236
11	39	-3.786153230984771
11	40	0.6534327612923058
11	41	0.6912281974553428
11	42	-1.6426749125616922
11	43	2.032277660200232
11	44	0.5919678211094879
11	45	1.4611256367217886
11	46	1.321151201273372
11	47	-1.578395089195664
11	48	1.2228609004996709
11	49	-1.9598203079986631
11	50	1.6096615436503765
11	51	1.4831906107487887
11	52	-1.5021551427970468
11	53	-0.6274390811187822
11	54	-3.372910159662164
11	55	-1.138598179631212
11	56	0.3242074926199685
11	57	-0.6877964446152202
11	58	0.0037947920771356065
11	59	0.4481580890492949
11	60	4.1634951459887946
11	61	-1.409712754067248
11	62	-0.5768807072399232
11	63	-0.011509562830965655
11	64	0.24597808699275137
11	65	-0.7402613917099755
11	66	1.0412600255123976
11	67	0.4555469271552736
11	68	0.875509667514987
11	69	-0.9596592330315763
12	12	NaN
12	13	0.12481826112614236
12	14	-2.2257553013142206
12	15	2.4431213429708802
12	16	-4.414990391721367
12	17	-5.031929548487113
12	18	-1.1915504030440836
12	19	-1.327580522167468
12	20	0.4020394351423277
12	21	-0.9061347486611889
12	22	0.2562315706367246
12	23	0.9303365932923214
12	24	-3.8420641456773033
12	25	-1.1487534903525918
12	26	2.975696977594483
12	27	-0.557356061479461
12	28	-3.927569680884233
12	29	-3.1767231181032765
12	30	-0.4400282318212271
12	31	-1.3997491272841474
12	32	0.8416681660616868
12	33	-0.9557398245754457
12	34	1.6974640329356991
12	35	-1.307843025142638
12	36	1.9950403851474117
12	37	-0.577558221997041
12	38	-1.2383876783446948
12	39	42.513479080614026
12	40	-2.7712941573327963
12	41	27.01290515406686
12	42	1.1134830444950794
12	43	1.2217693599396875
12	44	-1.3579739391513896
12	45	-2.435049129025359
12	46	2.893507317273133
12	47	-3.75476534666011
12	48	-0.4850515344873271
12	49	-1.1747723872574052
12	50	-0.1945497832765023
12	51	-1.1867242993340148
12	52	-3.150008964608495
12	53	-2.3099465188685735
12	54	-1.2222007440813054
12	55	-0.3851407286264862
12	56	-2.9862211009245168
12	57	-2.422397871167852
12	58	-2.842868188610107
12	59	-0.45632913316931284
12	60	2.5677590531137224
12	61	-3.6898545140199857
12	62	5.399739825283181
12	63	2.421087064146109
12	64	-2.30160078182659
12	65	-2.773325264754725
12	66	-0.9273747325243105
12	67	-2.1345507258974235
12	68	0.9718396336993431
12	69	-0.6642996367981395
13	13	NaN
13	14	-2.814320292389236
13	15	1.9576584581254144
13	16	-0.46728874199312775
13	17	-1.3143302699027106
13	18	3.675834965424963
13	19	0.5258199644373526
13	20	-2.5083302637094733
13	21	-0.8855413643296072
13	22	0.5489665244791672
13	23	1.7297582615949505
13	24	2.297609148171602
13	25	-2.705041821648887
13	26	-0.47172768187063885
13	27	-1.0203271846097375
13	28	1.2342471478065224
13	29	4.044012983492516
13	30	-0.804095975434841
13	31	-0.5604618822175396
13	32	6.252587934342468
13	33	0.6673939265986476
13	34	-1.6586643989720264
13	35	1.1516425306547862
13	36	-0.3440417421510839
13	37	-2.2646605469709598
13	38	-2.3734558381203756
13	39	0.3744583130563004
13	40	-1.936782238183636
13	41	0.588221472532373
13	42	0.6240383996978749
13	43	0.7221921429749385
13	44	1.8626506201467274
13	45	-1.142798111977119
13	46	0.3922423532592491
13	47	-1.9190306202260101
13	48	0.083382082961172
13	49	2.655739173772848
13	50	-2.0209150927182136
13	51	-2.0626204516926703
13	52	4.577593398942096
13	53	0.24388552167602126
13	54	-1.1435926951105857
13	55	0.7644248127220148
13	56	-1.8890356899254133
13	57	0.4460556062341329
13	58	-2.0538806933168283
13	59	-3.1291481209358305
13	60	3.464207499434297
13	61	1.3955489691181526
13	62	0.8544559951938628
13	63	-4.768249346203421
13	64	-0.021870103902375246
13	65	-1.8144816855561503
13	66	-2.006883302593752
13	67	1.8348903530777334
13	68	2.2741891167085244
13	69	-0.6860519284860375
14	14	NaN
14	15	-1.3165963121484616
14	16	2.6171459267451334
14	17	-2.0897900843392208
14	18	-1.8931288069346075
14	19	0.40107077501077704
14	20	-1.2083144851726673
14	21	1.8608019735030485
14	22	2.7057347565743157
14	23	-0.541571643562146
14	24	1.075089075598069
14	25	4.064052662623779
14	26	-3.454762014628671
14	27	1.3238889941124492
14	28	1.6468229881743535
14	29	-1.2852081109355007
14	30	-0.020212332836723784
14	31	-1.0967654565031904
14	32	-0.5333350247386395
14	33	-0.22833234534535357
14	34	-0.3446770442544493
14	35	-0.3326377283412484
14	36	-1.120059805172207
14	37	-1.0315229050058745
14	38	1.716954971980353
14	39	-1.481297870839606
14	40	-1.368775578031372
14	41	-1.8540087993011745
14	42	1.7255406478358037
14	43	-1.207823035720651
14	44	-1.5211386973473648
14	45	1.1239678361072516
14	46	2.237786715525155
14	47	1.8391181789837734
14	48	0.7074714024133019
14	49	-2.190159621825625
14	50	0.24384688085002182
14	51	-0.22280582396732967
14	52	3.773127037324948
14	53	10.472780326746681
14	54	-0.5429225241239459
14	55	-4.698208850727644
14	56	1.0192889496933666
14	57	-3.085825136853848
14	58	0.6462825161562218
14	59	-0.7924563340072968
14	60	-1.723120000868088
14	61	0.8084350616716752
14	62	0.3386186949988209
14	63	-0.4026368209406394
14	64	-1.3899083838575053
14	65	-1.2332157988413148
14	66	-1.873646553144943
14	67	0.016921963482558783
14	68	3.785474173936838
14	69	-2.6847319255083963
15	15	NaN
15	16	3.330413747767466
15	17	-0.8449243071484699
15	18	-1.8283269906361983
15	19	30.420660854782344
15	20	-1.6738312223608944
15	21	5.615861878664505
15	22	-0.4374691013191239
15	23	-0.7512084931817564
15	24	-3.9896734621737826
15	25	-2.881280169467031
15	26	3.8151442418588197
15	27	2.466494693940429
15	28	1.1793326052426558
15	29	1.1514520884969008
15	30	2.2147521501182705
15	31	-2.289759968092109
15	32	0.9400260398080832
15	33	-0.8733476551324958
15	34	-0.4953751695187543
15	35	0.5562276662271189
15	36	-0.029701189622617533
15	37	0.8212658459696162
15	38	1.1204232835837649
15	39	-1.4371991951963523
15	40	-2.5793818483189335
15	41	-5.461765952429997
15	42	0.5814169461675426
15	43	2.887828548263376
15	44	-0.8362469867935347
15	45	0.9767204802223142
15	46	0.19783042416744426
15	47	-0.5627001717109025
15	48	1.7637422704001662
15	49	-3.4061797282645676
15	50	-3.3948673096719673
15	51	-1.9643216338883873
15	52	-3.602870777956769
15	53	0.3072172735590994
15	54	0.14434503742761873
15	55	-2.0986268100573824
15	56	0.07634794982828477
15	57	1.2326261005243326
15	58	-0.7056240366950314
15	59	1.1983706836608088
15	60	-1.0477320056273456
15	61	-1.1135074309668511
15	62	2.00666894927588
15	63	0.46383388110609997
15	64	-3.160873839282699
15	65	0.37564782085858417
15	66	3.6851859697097376
15	67	-0.3343338654019299
15	68	-4.586076900035903
15	69	-4.900897032847118
16	16	NaN
16	17	1.085686274320667
16	18	3.2959741734328194
16	19	-1.6607669250803494
16	20	-1.451749595557707
16	21	-0.2140789487143908
16	22	1.3323389132195809
16	23	4.600192369752204
16	24	-1.965065854077963
16	25	-1.4979153724395862
16	26	-4.707160615156462
16	27	-1.9124968815040944
16	28	0.4460585043782235
16	29	-1.48468685153345
16	30	1.6996259045862452
16	31	-0.23273728076657915
16	32	1.4454892806131463
16	33	-2.9108292677246577
16	34	-2.0875471904309855
16	35	-1.7161768963692312
16	36	-1.4181137882108155
16	37	2.4814599883730364
16	38	-3.20772313530753
16	39	3.497704025958338
16	40	-2.5814155647348653
16	41	-0.2558363245590014
16	42	-4.223721595572139
16	43	2.5903268193836784
16	44	1.4587666103115693
16	45	1.281760534143845
16	46	2.0270486142391744
16	47	0.027184842504687348
16	48	1.1719625692313493
16	49	-2.336568314042786
16	50	1.3325604417907577
16	51	1.8471641356207553
16	52	-0.2652762642252361
16	53	9.047108176237433
16	54	0.25754492916902705
16	55	-0.5243683734608767
16	56	-1.657821560848774
16	57	-1.5977322363742144
16	58	0.12576506116975497
16	59	-1.3156331635177727
16	60	2.6936358282966997
16	61	-2.7013134939051375
16	62	1.7287171275151767
16	63	5.715993155456009
16	64	-2.3884426249884827
16	65	-0.09444835029278223
16	66	-1.246156717172796
16	67	3.3939863178979595
16	68	0.8775874091003729
16	69	3.995812907289717
17	17	NaN
17	18	-2.4936920969168903
17	19	0.49492154166526375
17	20	2.016245845423495
17	21	-2.4303202703843874
17	22	-3.8430638230779577
17	23	0.11451103218353652
17	24	1.9262746913404671
17	25	-3.5058312313201365
17	26	0.33082780370760545
17	27	-1.363905066626689
17	28	-1.3002088615434704
17	29	-1.8353814002327142
17	30	0.638807277658406
17	31	2.726000475921832
17	32	-2.2926500809019155
17	33	0.2557656439672868
17	34	-4.219998981076269
17	35	2.054012130197375
17	36	-2.126364369490424
17	37	-0.2736901657367958
17	38	1.9819520307907508
17	39	-0.04825337473103589
17	40	0.45041433745842474
17	41	-0.4253600073759967
17	42	-2.45729579410188
17	43	-1.2995447589751334
17	44	-1.0582040868192981
17	45	-2.3216963851161077
17	46	-3.533259237219249
17	47	3.3395650378884514
17	48	-3.67863427297794
17	49	-0.4321011013651977
17	50	-1.525514760386421
17	51	0.10447960131672693
17	52	8.546701465698067
17	53	3.744896314652473
17	54	0.23217712466828982
17	55	0.9201386054500214
17	56	0.49037846208428043
17	57	-0.11302571159936779
17	58	-3.2687922036033723
17	59	-1.3388451313726764
17	60	0.19529205569827576
17	61	-2.6503454532081214
17	62	1.8617295985272795
17	63	-0.8608993889499476
17	64	-0.8817767543649138
17	65	-3.266551198551422
17	66	-1.662602219861899
17	67	-0.482374980893551
17	68	-0.8355362943163595
17	69	-2.9854100314050873
18	18	NaN
18	19	3.9988794343308705
18	20	-0.35985327642157405
18	21	0.4221306154099477
18	22	0.28544845219523024
18	23	1.8334534537644511
18	24	-0.5557731939844873
18	25	2.835233332011243
18	26	0.17635978866554425
18	27	-0.7191339955615553
18	28	2.484363195729815
18	29	0.933887555526759
18	30	1.163716829543059
18	31	0.6692801367961589
18	32	-3.811172473582367
18	33	-3.2448745039834033
18	34	2.6813620131434353
18	35	-0.3394100980689691
18	36	0.6023399960019067
18	37	0.023075736251499807
18	38	-1.5576536835156352
18	39	-1.7024059255216697
18	40	-0.10036539668859448
18	41	1.120374372635854
18	42	0.6165256648387135
18	43	0.9714132578939193
18	44	-0.6368102702642542
18	45	2.2231420673471156
18	46	0.06136235512291893
18	47	-1.5566453396465751
18	48	-0.7342085240275165
18	49	-1.0913042312112764
18	50	0.2871066635420438
18	51	1.5886830580445719
18	52	-2.2009242319257134
18	53	0.8559639135039181
18	54	-0.17900552223114682
18	55	1.2288628016325096
18	56	-4.2153444014149395
18	57	-2.7003339275506324
18	58	-0.2996328978201969
18	59	2.716425867208044
18	60	0.9818402396156919
18	61	0.49265141712502575
18	62	-0.6508395854089701
18	63	3.4903395786954694
18	64	-2.277503004667154
18	65	2.2785342725397886
18	66	-1.8572774469544346
18	67	1.1283306409899836
18	68	0.6181900863367059
18	69	3.7715044613337056
19	19	NaN
19	20	-0.823875219984015
19	21	-0.006405002622774356
19	22	0.7629653925381572
19	23	-3.1865720309203724
19	24	-1.3492072389614445
19	25	-0.4702295601173945
19	26	1.9740947755923384
19	27	0.593816809330442
19	28	1.6015475692726424
19	29	3.0370543902848395
19	30	-1.5423891339315157
19	31	-2.8457830456697644
19	32	-2.241463027652393
19	33	-1.7886473993797192
19	34	-1.507951193205925
19	35	-3.1425348666899557
19	36	1.3062676734684127
19	37	1.6027074514533959
19	38	-2.4960011889724982
19	39	-2.600184570124911
19	40	-0.48215336672387615
19	41	-2.5005397196900354
19	42	-3.215164863148459
19	43	-2.2832939782575843
19	44	1.3069977386447045
19	45	-0.09404530958605077
19	46	0.6158588180208858
19	47	-2.842283690435831
19	48	5.235786073715734
19	49	-2.6668260977526406
19	50	-1.5815125041739015
19	51	1.8135894805019988
19	52	-2.7376613579898064
19	53	-0.7434219820222324
19	54	-1.5861408043238678
19	55	-0.5944104210271055
19	56	-0.8323091921294516
19	57	0.3797078357368358
19	58	-1.1340426213563854
19	59	0.17401481203847088
19	60	0.17634905900324901
19	61	0.18809689064267276
19	62	4.234675893534863
19	63	3.2436648196230147
19	64	1.9265819411941458
19	65	-1.2061607232488114
19	66	-0.595029199945298
19	67	1.2382759669571473
19	68	0.6054999022315823
19	69	-0.3695135792125501
20	20	NaN
20	21	-3.9741504369224203
20	22	1.0537606862673514
20	23	-0.17264660824582595
20	24	3.829325582929905
20	25	-0.32166756699284077
20	26	-1.2507440624123707
20	27	-0.01705683893108778
20	28	-2.5139671849371044
20	29	-0.5827860931594233
20	30	-2.041004018411212
20	31	0.70748210622187
20	32	-1.216200695783513
20	33	0.7113754701718518
20	34	-2.205236007091427
20	35	2.786060260134893
20	36	-2.607892805938068
20	37	-0.9350474595308967
20	38	0.7190693600487188
20	39	-3.425480492831776
20	40	1.2674063742881312
20	41	2.2144681278900067
20	42	-1.354235342951134
20	43	-0.17587839123793325
20	44	0.2594573650207924
20	45	-1.306265358780443
20	46	-1.9875326061817509
20	47	-0.3220182694610824
20	48	-1.1986190254858262
20	49	3.0643429443959245
20	50	-1.0961525997474941
20	51	-0.4173778647934148
20	52	1.6037973087261572
20	53	4.995202851877499
20	54	0.831255514353151
20	55	1.8657540515786293
20	56	0.8360727259651023
20	57	-0.4717863546933753
20	58	0.45918212409663706
20	59	0.695085299476778
20	60	0.07018106990819611
20	61	-1.2542267361379922
20	62	-1.909013702734609
20	63	-1.332939898014521
20	64	0.15357713732151043
20	65	0.7095973301348982
20	66	-1.9081618852909767
20	67	-2.124806134520903
20	68	-0.01234073718488605
20	69	-0.2710377851493504
21	21	NaN
21	22	5.456677924139584
21	23	-2.6100583034521465
21	24	-1.4935166183783122
21	25	23.466971771670313
21	26	-0.148954733897297
21	27	1.3446030373141895
21	28	-0.5883337209978983
21	29	0.4855621842596935
21	30	0.22212170409145318
21	31	-1.5004200732862545
21	32	-2.0772008772895028
21	33	0.7249435569651387
21	34	0.18617193078306632
21	35	-2.00214239122389
21	36	0.03224241761007436
21	37	0.06775613668787038
21	38	-0.286862998429785
21	39	2.614683189672995
21	40	0.7905222263948433
21	41	-1.2608080014652534
21	42	0.9429920800333038
21	43	0.9278729311760527
21	44	1.2023371929655227
21	45	-0.893008288854191
21	46	-0.43054132922590715
21	47	-2.424147730568959
21	48	-3.097814463321421
21	49	-1.1166369815410997
21	50	-2.593575705449142
21	51	1.0693412836142822
21	52	-1.9551526647301796
21	53	-1.249949681607018
21	54	1.3048335822001995
21	55	-1.6279650766400244
21	56	-1.4758786518390763
21	57	-0.8721754654325863
21	58	3.115973159362741
21	59	-0.17415715878356403
21	60	1.3834031622370004
21	61	-0.6269535716304472
21	62	-2.472254247010543
21	63	-0.744954018274263
21	64	-0.13347155807888958
21	65	2.19997566527956
21	66	-1.019072475041036
21	67	-2.4369306053479094
21	68	1.1332838962975862
21	69	-1.4392786002033844
22	22	NaN
22	23	1.769684389812224
22	24	-2.092989769798566
22	25	1.692707281361863
22	26	4.424260296473064
22	27	-1.3345170702825115
22	28	-2.6592207523805973
22	29	-0.42405951211892834
22	30	-1.1405480125971723
22	31	-0.7610516610557304
22	32	1.0190984851914995
22	33	1.3687682325214061
22	34	-0.6329712918856266
22	35	1.0478368303798502
22	36	0.4384483712464509
22	37	2.0547144583783212
22	38	1.8957959396802835
22	39	1.4828938999414252
22	40	-1.8364276783367757
22	41	-3.5485615605636642
22	42	2.306711140605808
22	43	1.136797105941755
22	44	-1.4534573204394867
22	45	-3.011087762542952
22	46	1.1183498324535035
22	47	-0.14534254922114986
22	48	-0.40134356903133284
22	49	-0.37952349409710584
22	50	-1.797416571954977
22	51	1.1008487417588098
22	52	0.08637950298998814
22	53	-5.181091721685036
22	54	1.6011386886529702
22	55	-2.133043932894079
22	56	-1.3498035292566397
22	57	-0.4079873872608263
22	58	3.5373834382574376
22	59	2.28583651952891
22	60	-0.08033143621136524
22	61	2.1432784599229824
22	62	1.1724648683501069
22	63	0.4608429352703472
22	64	-0.6973629971753839
22	65	0.2889150863827657
22	66	1.6251055795214324
22	67	-0.048566027416716416
22	68	-0.551165780354329
22	69	-2.1840242264847296
23	23	NaN
23	24	-1.3045964541983037
23	25	0.6792268692871434
23	26	3.106628043882154
23	27	3.639102148717633
23	28	0.03646534147408739
23	29	1.2745161934488856
23	30	1.9400737450546164
23	31	-2.5371475796725598
23	32	2.3335941423153708
23	33	-3.0173328249996665
23	34	3.5135970599142405
23	35	-2.389544242542008
23	36	1.4342349677112374
23	37	-2.2431002580944863
23	38	-2.762462566073291
23	39	-0.4322654460208075
23	40	-1.7730338766878417
23	41	-1.7378279789084299
23	42	3.020793532199369
23	43	0.5888967662846004
23	44	-1.8499416594836242
23	45	-1.1106899573298257
23	46	0.40243970580414007
23	47	-2.2227389940968503
23	48	4.820379252548641
23	49	-2.6326936691013922
23	50	3.1094129944024633
23	51	0.1400973108159937
23	52	-0.3403534120451289
23	53	-2.660351125366288
23	54	0.7598328858328995
23	55	-0.8146162769812901
23	56	1.5366530970238863
23	57	-1.3655479041771923
23	58	4.188976672018162
23	59	-0.7005011331636235
23	60	2.109727697053611
23	61	0.543591885954044
23	62	3.1300515375979545
23	63	0.5175265845400008
23	64	1.540403968756567
23	65	-0.6263934757935237
23	66	1.9505042463762359
23	67	0.8103150526502146
23	68	1.2552657902097148
23	69	-0.8917817130468337
24	24	NaN
24	25	0.8713469722564202
24	26	-3.1542206699889785
24	27	-3.0856441081955355
24	28	-2.3760051417387515
24	29	-2.586216825042683
24	30	-1.0157444821731172
24	31	1.6475720896301582
24	32	1.0954961893078665
24	33	1.6711440655921106
24	34	-2.692392728744592
24	35	7.148051518393087
24	36	-2.273690653004835
24	37	2.244814597278986
24	38	1.9678550746009342
24	39	-2.823185646824875
24	40	1.9496022179490449
24	41	0.004334634544829209
24	42	-1.1646127072148162
24	43	-3.781179112148085
24	44	-0.7932697422298388
24	45	-2.3472161135725957
24	46	0.5792273197964645
24	47	1.6574011764896504
24	48	0.6946172728424064
24	49	1.5696349227950255
24	50	-3.1183876403799964
24	51	-2.0760712191511703
24	52	0.6433457157722161
24	53	0.5584923908522113
24	54	-0.9561254716004738
24	55	3.397413208340671
24	56	0.9910522088894292
24	57	1.6729904208877724
24	58	-1.870804715269262
24	59	-2.3853252150456763
24	60	-0.11498205694484903
24	61	-1.3596981474435506
24	62	-1.2410753498011164
24	63	-2.867198091868698
24	64	-1.08772148442162
24	65	1.0830485112242092
24	66	-0.6340689202037655
24	67	-4.542939134612665
24	68	-4.263017983136765
24	69	0.6062554893035692
25	25	NaN
25	26	4.238625332467768
25	27	1.8256167410475097
25	28	1.1944206224031433
25	29	1.0046121529226253
25	30	5.693567327306588
25	31	-0.42145839434725085
25	32	0.20536162609230163
25	33	-2.8068879323880758
25	34	-2.910668209236694
25	35	-2.695759867485545
25	36	-0.2336458730863355
25	37	-2.8309302193852077
25	38	-3.214649643443859
25	39	1.6444921430690937
25	40	-0.32667419016140875
25	41	-2.1915017066580593
25	42	-0.46191896576699887
25	43	-0.3694945459456472
25	44	3.202056631041022
25	45	0.7218692761988851
25	46	0.709250965369917
25	47	-1.6025925915906793
25	48	-1.652055534443083
25	49	-1.94619989614675
25	50	1.7519434396921696
25	51	-2.453200098426212
25	52	-3.2772969994421217
25	53	-0.625752633151305
25	54	1.3239736519887084
25	55	-2.8397095423121983
25	56	-2.1335415316198496
25	57	-2.256306663937764
25	58	2.021132529375372
25	59	0.5544486296159434
25	60	-0.9219073553454712
25	61	-1.2719439960784142
25	62	-0.6296936177939502
25	63	1.8967604800760387
25	64	0.8100751121314897
25	65	-6.0402686459452415
25	66	0.7704649549158631
25	67	0.3637157595463063
25	68	0.3212886979111119
25	69	-0.062069007980153544
26	26	NaN
26	27	4.782945291675965
26	28	2.5699966629523674
26	29	1.7344153965996403
26	30	2.829191872204419
26	31	-2.693946448778619
26	32	4.104936257348294
26	33	-1.6382438361204428
26	34	0.5427225868967133
26	35	0.8135491667307978
26	36	-0.5960758994056644
26	37	-2.2807649923890394
26	38	-1.960843102851332
26	39	0.07415993230337978
26	40	-1.1555080717274469
26	41	-1.6719211536232355
26	42	1.9504560304623344
26	43	-2.529333862910026
26	44	0.3483672156357688
26	45	4.561638973995569
26	46	2.931574169082737
26	47	-1.6644656996783302
26	48	-0.29533622809275806
26	49	-2.894227902141367
26	50	1.8941026319098853
26	51	1.029522682893102
26	52	0.4463264031053598
26	53	-1.1867835987547708
26	54	-0.9178890019465075
26	55	0.10936025106896739
26	56	-3.2644240545768644
26	57	-0.9263739537757771
26	58	-1.810680840920589
26	59	-0.07215298787912279
26	60	-0.08236942904583767
26	61	-2.4578944705480192
26	62	-1.2135609670036671
26	63	4.068884307630699
26	64	1.9424750074816728
26	65	0.493038798932297
26	66	-1.2442278940865916
26	67	1.0919967647990478
26	68	0.20572977034830686
26	69	2.82153977311545
27	27	NaN
27	28	0.17269551523727364
27	29	-1.0013025066116266
27	30	1.1704352663631006
27	31	-2.4750708817455536
27	32	3.9601679546395827
27	33	4.057237232073765
27	34	1.4994964624613052
27	35	-1.4067292262932642
27	36	-0.7022296283415275
27	37	0.5220664157024383
27	38	-2.0866788549483197
27	39	-2.3947743967107162
27	40	1.3893156947735328
27	41	-2.183474877678138
27	42	0.9821869468690664
27	43	0.9442880300954629
27	44	-0.23269075817286525
27	45	0.22390100458042667
27	46	-1.6469781460976103
27	47	-2.8484629111655
27	48	2.551558176902601
27	49	-0.047396647768817086
27	50	1.7328818279836096
27	51	-2.583417241661297
27	52	-2.2700314454062247
27	53	-1.0405250625921851
27	54	1.2681771181922539
27	55	-2.0561245622537565
27	56	-1.634265345887223
27	57	-2.613279078702072
27	58	-4.702646981775907
27	59	-0.2547348320218623
27	60	-1.273895840437036
27	61	2.0525949096131244
27	62	0.8970470960779136
27	63	0.6644507290475673
27	64	2.18691912438716
27	65	0.7803899819859402
27	66	4.45095443255235
27	67	-0.02568257503501124
27	68	0.5830257166041405
27	69	3.442820613210574
28	28	NaN
28	29	0.46669379273560335
28	30	0.6304992586647201
28	31	0.062436701590595084
28	32	1.4392099757576586
28	33	1.7412915081193103
28	34	-1.820535086563458
28	35	2.707642829180053
28	36	1.006521487152172
28	37	0.5113795759491244
28	38	-0.7635320696873624
28	39	-3.1338056558110368
28	40	1.9897642747111488
28	41	-1.843465346438448
28	42	0.8022521229685188
28	43	2.555386002666191
28	44	-1.5458285794562272
28	45	0.9820122801930838
28	46	-1.316021242612393
28	47	-1.7243192522566317
28	48	3.0328472927247607
28	49	1.1628448816890258
28	50	0.5585355778669173
28	51	-0.6261353056196884
28	52	-1.7883831159150025
28	53	-1.0765373639181937
28	54	-1.6119640032715274
28	55	-1.399877381273689
28	56	-2.156420588566568
28	57	2.000198326712984
28	58	2.278138312423165
28	59	5.265837527713241
28	60	1.407144661024155
28	61	2.2721237298522716
28	62	-3.0345888366758467
28	63	1.4839609024481868
28	64	-0.868291420135344
28	65	2.8596339624166154
28	66	-3.6280573143622163
28	67	2.19162298263053
28	68	1.2664178314505918
28	69	2.7204952407715006
29	29	NaN
29	30	-0.20954045384970957
29	31	-0.48478906125525045
29	32	2.8443028699955715
29	33	-0.16457307859410086
29	34	-0.6015163372242806
29	35	3.983880536797279
29	36	0.3764716016201112
29	37	2.9799787421143424
29	38	-0.5389946369896981
29	39	-0.200716986207929
29	40	2.320244248469416
29	41	-1.3413080829158586
29	42	1.5360037518882819
29	43	0.7808542794504701
29	44	-1.3568429019968953
29	45	-0.6087733635979845
29	46	2.1803011130734964
29	47	-0.6913774200457905
29	48	1.6278790946646422
29	49	-3.4693865691511823
29	50	0.8428381633865774
29	51	4.794419434709574
29	52	-1.118208979645959
29	53	-2.068380777738692
29	54	-0.08183289702919454
29	55	0.7996469630412683
29	56	-0.21838594925727742
29	57	-0.7439872185489182
29	58	-1.051568895318519
29	59	1.8806771374008624
29	60	-0.9452198886738093
29	61	-2.096088800896144
29	62	-1.0652401739363624
29	63	-2.127603888631478
29	64	0.3660863637098023
29	65	-0.02602952113234245
29	66	0.07646936726994555
29	67	2.9648065513499775
29	68	1.4255963708485788
29	69	1.5999183432656083
30	30	NaN
30	31	-0.4399744960616614
30	32	0.42952837018418943
30	33	0.160580063716499
30	34	0.12626662464615385
30	35	-1.7687842654200985
30	36	3.1374347453607703
30	37	0.7636979081077757
30	38	0.0014552208623796056
30	39	-1.4732478286380688
30	40	-0.6333566476156379
30	41	-1.4396543553901682
30	42	-0.19906447783306128
30	43	0.4086857752266542
30	44	2.4013258450795756
30	45	-1.9574405780756596
30	46	-1.5098532381600833
30	47	-0.6920393875330002
30	48	-2.5678496197762115
30	49	-0.0864239746050481
30	50	1.1744517522421851
30	51	0.06458051648866017
30	52	-0.20503003695530125
30	53	-3.1401381690330954
30	54	0.20865505574885812
30	55	-3.985617683944883
30	56	-1.8399291703192833
30	57	-0.6337785648814376
30	58	0.577785024977521
30	59	-1.586996875938088
30	60	0.3212382697943838
30	61	3.3617131426287745
30	62	0.3143837106690924
30	63	-1.6191178795667127
30	64	2.435724519931021
30	65	7.540992960411918
30	66	2.9885697609881348
30	67	-2.521726092143028
30	68	5.741794391419728
30	69	5.277180992815702
31	31	NaN
31	32	1.3780229843335268
31	33	0.20250920144409162
31	34	-0.7220491462353201
31	35	4.369146774895732
31	36	0.9561157719221273
31	37	-1.7655199562257304
31	38	0.06252252578215646
31	39	-1.0470931438504236
31	40	-0.9449893404568465
31	41	0.6118513950065567
31	42	-1.8138002017609751
31	43	0.8214833325028913
31	44	2.872265520605641
31	45	0.7460551647907824
31	46	-3.7346791716267176
31	47	-0.466508648759999
31	48	-1.6577310302554513
31	49	2.9295594637862337
31	50	0.7208595420721409
31	51	1.594036423666272
31	52	3.804910983763596
31	53	-0.7966901469484104
31	54	-0.6535443568640085
31	55	0.23717410716969728
31	56	1.002504036887034
31	57	0.2732007965496183
31	58	-2.065754289334087
31	59	-4.545594915664029
31	60	-1.0832286895846241
31	61	-1.4054528642287831
31	62	-2.1208356520292693
31	63	-0.1676244986229627
31	64	1.4762143768973592
31	65	-2.2106187527995376
31	66	1.1739949317880594
31	67	-0.6321695509481889
31	68	-0.38054432203997984
31	69	2.259156588383884
32	32	NaN
32	33	2.9048011929444657
32	34	0.38622019606252184
32	35	-2.6060970185843755
32	36	-0.7325075555256325
32	37	0.6942588632863949
32	38	-0.5925314008809105
32	39	4.699186154956934
32	40	-2.056705584359985
32	41	0.7031388487932069
32	42	-0.7550323597220636
32	43	-0.020580332610483382
32	44	-1.502286758345507
32	45	2.5549886139742686
32	46	-0.014526975989889493
32	47	-2.452346425477262
32	48	1.827800523736302
32	49	-2.45888210586777
32	50	1.1763001187887536
32	51	-1.9928836563452443
32	52	-0.7144483791956673
32	53	-4.698841890974066
32	54	2.643724362160819
32	55	-0.8286520015002338
32	56	-1.0033951049978496
32	57	-1.2438553477179872
32	58	0.016068493879107203
32	59	3.6787389101893666
32	60	6.026953298666905
32	61	-0.8311525263991344
32	62	0.7110083710718303
32	63	0.4521048751944676
32	64	-1.2708916157709016
32	65	-0.6546994741619415
32	66	-3.0589915391599365
32	67	0.6900163662461465
32	68	-0.4091063492695742
32	69	-1.0793669098007828
33	33	NaN
33	34	-0.052469093843070275
33	35	0.6250801354160753
33	36	1.136899049724914
33	37	-2.7043208801040146
33	38	0.7018332753150208
33	39	-1.211475571176073
33	40	0.3034307505470626
33	41	2.2582028443515787
33	42	1.273519425203383
33	43	0.03904984271149984
33	44	-0.8742462841216563
33	45	-1.376964056878951
33	46	-3.0406178791276437
33	47	-1.8647652567850936
33	48	-0.3040624209036264
33	49	1.1221916498065416
33	50	-1.9328279283540235
33	51	1.7384656251925432
33	52	-0.027349130119579575
33	53	-1.7038729232413952
33	54	1.471038789658218
33	55	1.6595761961588333
33	56	0.6225869206845164
33	57	-0.8966074077333765
33	58	0.9874400096561934
33	59	-1.1964616785117688
33	60	1.9006099997751416
33	61	0.9025746946827776
33	62	1.061899671931506
33	63	1.2102986598391878
33	64	-2.2004187707729472
33	65	-0.13704515439961773
33	66	0.16434533621533118
33	67	-0.6860969177244379
33	68	-3.2263570793651346
33	69	-2.1322328929462095
34	34	NaN
34	35	0.6581047550429638
34	36	1.2027338759117137
34	37	-1.2428616539615158
34	38	-0.3545754835392033
34	39	-1.9442608375515915
34	40	-1.5780331211452021
34	41	0.639742939784233
34	42	-2.921005101395658
34	43	0.11484191528365151
34	44	-1.779659200844236
34	45	-2.6172177731739428
34	46	-0.8419291016613333
34	47	-2.4412491974589656
34	48	-0.6355235342035626
34	49	-1.3987130179713072
34	50	1.7594211329779113
34	51	0.6774897809486988
34	52	-4.082360686373573
34	53	-2.4124048428587175
34	54	-0.39718604577347244
34	55	2.1429272423462824
34	56	-1.3679349814655235
34	57	-1.4036720014720536
34	58	1.345202477703334
34	59	1.2032060776835556
34	60	-1.7977140951887416
34	61	4.857703072964451
34	62	-1.46289511011167
34	63	3.21071409816126
34	64	3.1613377870245043
34	65	5.650487004583111
34	66	-2.0305157179990188
34	67	-0.28641157662824823
34	68	2.588342618682538
34	69	1.14698081856017
35	35	NaN
35	36	-1.6140474306357124
35	37	-0.9528339610839269
35	38	4.021880627835035
35	39	-0.35383361398861296
35	40	1.0691481842429302
35	41	0.22482671246970734
35	42	-1.4217644037641926
35	43	-0.4396333503799139
35	44	0.007610103951603187
35	45	-0.5647329279801723
35	46	-2.339516700064197
35	47	-0.5965388577556436
35	48	-3.8500383432709864
35	49	0.9174934062977241
35	50	-0.6575535266475651
35	51	-1.9559277415891576
35	52	2.4798158273911546
35	53	-0.5536822270568333
35	54	-1.100872504258557
35	55	1.7054502166570937
35	56	1.1344791300747625
35	57	1.5839551350097016
35	58	-0.1947485156331365
35	59	-0.3360771804896602
35	60	0.1009533554918533
35	61	-0.8596999431029599
35	62	-4.827535831807477
35	63	-0.08437558673767744
35	64	-2.6253193581160894
35	65	-1.8057180176836733
35	66	-1.7737175439153368
35	67	0.2877684355485547
35	68	-0.44345999071981035
35	69	0.6873431149321072
36	36	NaN
36	37	-0.9124206115149878
36	38	-2.456229447704297
36	39	-0.46581580130596334
36	40	1.035801549829615
36	41	-1.6252964811871795
36	42	-0.18275639557627457
36	43	1.8753728510471654
36	44	-3.9041889745532234
36	45	1.6065252006266164
36	46	2.0059288658487913
36	47	0.3054492492733434
36	48	2.21481491087925
36	49	1.2647847317181629
36	50	-0.42705901997340573
36	51	1.9417364891710538
36	52	-2.026794134200442
36	53	-3.3710414367331123
36	54	-3.0385717611074115
36	55	-0.10434242571773347
36	56	0.577272060742992
36	57	-1.0167609081287885
36	58	1.1134891641214308
36	59	2.348092062308092
36	60	-0.9063598886006333
36	61	1.0397261769432815
36	62	0.4570337825794156
36	63	2.493714953042704
36	64	-0.8688420489817261
36	65	2.3187990627552995
36	66	-1.9416438789339632
36	67	0.951088035209765
36	68	-0.6665172546515992
36	69	4.507737038810986
37	37	NaN
37	38	2.8586080754563734
37	39	-2.3732113801574357
37	40	1.1920015021795218
37	41	-1.623801997413339
37	42	2.883975388963518
37	43	1.2084724488155771
37	44	-0.9083962731645285
37	45	0.9037344787440746
37	46	0.3722890399845042
37	47	-0.5565305215361664
37	48	-0.5152920655950847
37	49	-1.9644096416085315
37	50	-1.058395472950699
37	51	0.5906194034615079
37	52	-0.8727072963994393
37	53	-1.8992548815880044
37	54	-0.3155864429589826
37	55	0.015260930688771173
37	56	2.810242679735118
37	57	-1.2850165283513024
37	58	-0.5613925244390154
37	59	0.11386812829488538
37	60	0.9371278746594167
37	61	-1.0851938815519924
37	62	-0.17820068926899538
37	63	1.5217354103399885
37	64	-0.2210105924297909
37	65	-3.121158142383148
37	66	0.4942340767791297
37	67	-1.0769248810688477
37	68	-1.0767720708860766
37	69	0.28201381890514554
38	38	NaN
38	39	2.1922197907853427
38	40	0.7824951206753362
38	41	-0.8222862093993365
38	42	0.14865599843219526
38	43	-2.66129798739814
38	44	-1.2060180740890118
38	45	-1.549191359419914
38	46	-4.3040069847617906
38	47	1.3463706816744914
38	48	-1.5082878549279781
38	49	1.347756096451441
38	50	-2.363135086856709
38	51	-0.5280883001264334
38	52	3.3273137960783097
38	53	2.7786442061775736
38	54	0.2627975354183063
38	55	1.5682738056830157
38	56	0.9504427000695498
38	57	0.2995215389112942
38	58	-0.9061078524610487
38	59	-1.8426169499116976
38	60	-0.26298324397453804
38	61	-0.5919393315104969
38	62	0.8338899073539484
38	63	0.8869601455542873
38	64	-0.2705585397967358
38	65	-0.847708954281075
38	66	-3.0118479892689183
38	67	1.516314209732531
38	68	-4.764619809649277
38	69	0.2763611001580529
39	39	NaN
39	40	-1.9140625079984408
39	41	-1.5238910479191101
39	42	1.6591785327169433
39	43	13.490419125260463
39	44	0.7252839471217244
39	45	0.8071300877154225
39	46	1.2522024833980487
39	47	-1.5368298221942454
39	48	-1.2834600890985695
39	49	-3.615329649482644
39	50	-0.5631815086183709
39	51	-3.0105722554069683
39	52	-1.965726189989425
39	53	-0.849285461622025
39	54	-4.584940301532994
39	55	-0.6941878400663442
39	56	-2.6787958493547324
39	57	-0.0754026865122436
39	58	-0.032439009236424295
39	59	0.8995322748127508
39	60	-2.8245432733015985
39	61	1.9529206107716877
39	62	0.9106986278667353
39	63	-2.388946838055575
39	64	0.6763971904618369
39	65	0.14873746959286133
39	66	2.59321905742937
39	67	-0.13308299480723024
39	68	-1.575780328006045
39	69	-2.8011513220116058
40	40	NaN
40	41	-0.2752266430834446
40	42	-2.1662334715873253
40	43	-0.6975835452161954
40	44	0.1372116085475831
40	45	1.7445094353192134
40	46	-1.221932375111121
40	47	2.4640221375788145
40	48	-0.0049260339341372274
40	49	1.8680896342049496
40	50	-1.216940729506161
40	51	1.2044999744241323
40	52	1.2349563819857259
40	53	0.22454544151213465
40	54	-2.6236214480666464
40	55	0.9007323524050448
40	56	0.9172930831212627
40	57	0.8885333566573821
40	58	-2.3348808082604564
40	59	-2.2315249075133234
40	60	-0.9142889094645562
40	61	-0.43680309105530896
40	62	-0.05902156551031666
40	63	-3.7475694281214165
40	64	1.3135017569871072
40	65	-0.8380740754365191
40	66	0.7153665535291145
40	67	0.3743460317898715
40	68	-0.9820704587258228
40	69	-1.0629447625379242
41	41	NaN
41	42	0.6536858790691372
41	43	1.0526291865729203
41	44	0.3563705651347573
41	45	-2.7800175813848362
41	46	-0.13389683850628095
41	47	-0.0738727629790607
41	48	-2.14994325020344
41	49	-0.7049676330023742
41	50	-1.5553374131876998
41	51	-1.0362504196971025
41	52	3.433122649795589
41	53	1.4859387644563853
41	54	-1.0826479286273436
41	55	-1.5510714168543733
41	56	2.0372491580608116
41	57	-0.20906117047805414
41	58	0.5870464025061336
41	59	0.22439528764088137
41	60	-1.4581963830695766
41	61	-2.0705221017487663
41	62	-1.9761387579061045
41	63	-2.2238538361736873
41	64	-3.63104663498948
41	65	-1.5259171477467794
41	66	1.616212737491418
41	67	-0.397475801525355
41	68	-0.8233303394584688
41	69	-3.058702568421079
42	42	NaN
42	43	3.258618074742869
42	44	-0.4431366368072938
42	45	1.3527410973429514
42	46	1.1800588400662175
42	47	0.20407375420186702
42	48	-0.6073879754583658
42	49	0.40095941304039495
42	50	-0.8469702252261829
42	51	-0.39048309375331214
42	52	-1.5397300809190166
42	53	1.0480704021112495
42	54	-2.1445829202321165
42	55	-1.0491767693992253
42	56	-2.5258930909120445
42	57	-1.2208930283686774
42	58	0.9630991606018163
42	59	4.024077831556925
42	60	-2.8832902695430187
42	61	-1.8939152264628112
42	62	4.7750414172777305
42	63	0.49932685204807825
42	64	-0.04746357604539733
42	65	1.0297079767120445
42	66	-0.3824879174380518
42	67	4.56343245438035
42	68	3.352556169987846
42	69	-1.3660494234230263
43	43	NaN
43	44	-0.4464981999107742
43	45	-0.913897987642837
43	46	1.0075956043106866
43	47	-3.9042229058957143
43	48	2.330430772775599
43	49	-3.7564027046994606
43	50	0.022753518580401273
43	51	0.5418950656329432
43	52	-4.164993236428259
43	53	-2.0090674746553208
43	54	1.3614782820872646
43	55	-2.6501206557090926
43	56	-3.407784981317392
43	57	0.8608629283282696
43	58	-1.045720668843562
43	59	2.618222754392231
43	60	0.8928823326100841
43	61	0.6040741535172263
43	62	2.143778609492816
43	63	0.09252773036556014
43	64	0.5014496095770796
43	65	-1.7811606032092966
43	66	-2.309879372927763
43	67	-0.47050509473879615
43	68	-3.5437976098291153
43	69	1.095399523584783
44	44	NaN
44	45	-1.1256998603724027
44	46	2.4785262609554883
44	47	-2.3287333409182183
44	48	2.6298856566708118
44	49	6.580994072589653
44	50	2.883980008568867
44	51	0.3900457875911679
44	52	-0.730327666735457
44	53	0.5136099334206776
44	54	-0.09481008630464184
44	55	-0.843573576512664
44	56	-1.342602280433235
44	57	-1.4600823693462477
44	58	2.9792771483607083
44	59	2.8456566468562987
44	60	-0.6675766743575977
44	61	-0.08958788254651288
44	62	2.726447997202794
44	63	-1.7342711566334448
44	64	1.5451108791143358
44	65	-1.8300153431504436
44	66	-0.2185327308314002
44	67	-0.7904803176272103
44	68	2.9942902411018313
44	69	-1.0963617868620068
45	45	NaN
45	46	5.362073734063866
45	47	-0.5140000786498212
45	48	0.23471490304948858
45	49	0.556837059772988
45	50	2.4026602637451977
45	51	3.037243497432206
45	52	-1.5886777213460133
45	53	2.2639391299408924
45	54	-0.1103604012137436
45	55	-0.8756448017362818
45	56	-0.6654022172537705
45	57	-0.5859487649443937
45	58	-2.2781095498561075
45	59	-2.91197361671414
45	60	1.1002630878698758
45	61	-0.008879764879803097
45	62	0.9051983084514024
45	63	-0.9584967196790015
45	64	0.21367024056412495
45	65	3.8686386208401515
45	66	2.408057341656113
45	67	-0.40885742373052875
45	68	0.7255478410582632
45	69	3.11928089905548
46	46	NaN
46	47	-0.7402523272564867
46	48	-0.08495226554786531
46	49	-3.350969896213875
46	50	1.611329837639301
46	51	-1.3800368005567523
46	52	-1.2037433299472373
46	53	-4.219050118686906
46	54	1.863500228269357
46	55	-0.06754305815487664
46	56	-0.17108923177424434
46	57	-2.128183369131376
46	58	1.2907360731426512
46	59	-0.1255833428049332
46	60	0.7290779625021889
46	61	0.25376353895229325
46	62	-1.0122162875474385
46	63	3.2869423120667065
46	64	-0.13397692447708404
46	65	1.1953923011479124
46	66	-0.8499639759838857
46	67	3.443177560624324
46	68	5.315492216934243
46	69	0.7136152414054961
47	47	NaN
47	48	-1.8390694603355433
47	49	1.1732178455488345
47	50	-0.11774062805251148
47	51	-1.4008746634866198
47	52	0.9788505791680239
47	53	1.9833391495726023
47	54	-0.14829082735442858
47	55	0.26328167758724347
47	56	9.992171249947985
47	57	1.8100509023247906
47	58	16.859862610765337
47	59	-0.6245071431733622
47	60	1.4655366919935446
47	61	0.31648744958044955
47	62	-2.548736165108318
47	63	-0.016020427976372414
47	64	-1.9174419954866007
47	65	-1.6166231436961822
47	66	3.4221404107843973
47	67	-0.35582281764593027
47	68	-0.7622117140578727
47	69	-1.3135225015923535
48	48	NaN
48	49	-1.0139160885925265
48	50	1.7693893809215748
48	51	0.7402581309681469
48	52	-0.4576043519688066
48	53	-2.175671046211175
48	54	3.2031693518552937
48	55	-1.886409961037735
48	56	1.14180139939332
48	57	-2.3082375662813157
48	58	-0.6802672547382534
48	59	-0.4233752246346712
48	60	-0.3512849567788479
48	61	0.2633146983123404
48	62	1.3350574922841372
48	63	0.17349541411432695
48	64	2.8327413720363026
48	65	1.7193810718546922
48	66	-0.766773138801342
48	67	1.6553987045447425
48	68	3.46591065036058
48	69	5.818912468486306
49	49	NaN
49	50	0.19724430816938304
49	51	0.7830838846326852
49	52	1.889529123062251
49	53	0.27361648454601756
49	54	4.5010588309955955
49	55	2.2925706833437913
49	56	1.0669558967649055
49	57	2.1014444958958047
49	58	-1.6290663853107707
49	59	0.9185240000705284
49	60	0.7360102455063297
49	61	-0.6276076097657756
49	62	-2.0966767180692916
49	63	-2.740273997585484
49	64	0.05233906401441605
49	65	-1.5947119215556176
49	66	-1.8087549586681184
49	67	0.4075696085731462
49	68	-0.8648910628414491
49	69	-0.05697511609788534
50	50	NaN
50	51	-1.673481630961401
50	52	-2.538024605795935
50	53	0.1717942005839798
50	54	2.1055210007269585
50	55	0.19074684920656443
50	56	1.9968736372257923
50	57	-1.4280836836760176
50	58	-1.646422581840552
50	59	-1.4704469692662294
50	60	2.801242086146237
50	61	2.750841209816148
50	62	-0.9532746681818437
50	63	5.236146460239702
50	64	3.8138093744178128
50	65	-2.563190674802326
50	66	1.786441784568279
50	67	0.9941300699554859
50	68	-1.4037333618137744
50	69	-2.2886808927883964
51	51	NaN
51	52	3.9836419105886973
51	53	-0.9536356567665953
51	54	1.0647912942637032
51	55	-3.110654630857112
51	56	-2.159523571383814
51	57	0.056921590876715125
51	58	1.579336380580612
51	59	-0.13845135526205926
51	60	-1.4508879005417838
51	61	3.8147260655749187
51	62	0.428187262157027
51	63	-1.453866623774898
51	64	4.58454129076036
51	65	1.5933270046025676
51	66	1.554068214104202
51	67	0.52296691860853
51	68	0.280186333987807
51	69	0.7879582365016848
52	52	NaN
52	53	4.248676907161803
52	54	0.0007058031689966831
52	55	3.094147380418468
52	56	0.9495776129425995
52	57	2.1368869969237507
52	58	-0.31273351045580433
52	59	0.1966047487023984
52	60	-2.5470367403613974
52	61	-0.698338815854356
52	62	-1.632264673836227
52	63	-3.519458344729896
52	64	-1.3787341802956112
52	65	-3.9806191072425676
52	66	-3.4977009938683743
52	67	-4.498994726892751
52	68	-0.2516218542941112
52	69	-1.0490276768348605
53	53	NaN
53	54	-1.0537940869055744
53	55	3.383453844413352
53	56	1.2934775930595777
53	57	1.121410727725872
53	58	1.009856400244844
53	59	-1.5158195293856003
53	60	0.10192135896031773
53	61	-1.476281679567545
53	62	-5.119971569879178
53	63	-1.4467083032358246
53	64	-1.0380129343900162
53	65	-1.6017782458677952
53	66	0.44421806612108183
53	67	-2.4948471507058314
53	68	-3.6732835349431587
53	69	-3.566603337420933
54	54	NaN
54	55	-2.903458746348247
54	56	0.9817668373637011
54	57	-2.3749087274078233
54	58	-2.2639439937162544
54	59	4.018391265396657
54	60	-0.1746723094040505
54	61	1.9528937031115485
54	62	-1.3205059602907927
54	63	-0.14736483431212302
54	64	2.267210274069828
54	65	6.1755799866716865
54	66	-1.6545403306522442
54	67	-0.6928574626300532
54	68	-0.42888359125436043
54	69	2.6726031338909677
55	55	NaN
55	56	0.0859951767245789
55	57	1.1195224707555103
55	58	-1.4731908423245748
55	59	-2.907387773227127
55	60	-1.750329345960429
55	61	-0.4570528019268825
55	62	2.895064596836979
55	63	0.1308631037829425
55	64	-0.006083488548305633
55	65	-1.556009771456549
55	66	3.823338721227745
55	67	-2.170934926749168
55	68	-1.1222598424241967
55	69	-0.5015857596142989
56	56	NaN
56	57	1.7109315940788914
56	58	-2.032362716633828
56	59	-0.5319752170044366
56	60	-0.6426305369293308
56	61	-3.50156860678834
56	62	-2.203249076497138
56	63	-2.190907757591388
56	64	0.33274713881139956
56	65	5.271366331460807
56	66	2.4245336134697077
56	67	0.42949944047498984
56	68	-3.0772781874356596
56	69	1.14749109453094
57	57	NaN
57	58	2.234939112567494
57	59	0.4726685025616975
57	60	-1.9181802401303623
57	61	1.2501187123172723
57	62	-1.5097316891793449
57	63	-0.39761066821030905
57	64	-1.6565168789405804
57	65	0.032362166159720665
57	66	1.6828064224993382
57	67	-0.9414347145072645
57	68	-1.0544921946711259
57	69	2.126967267438728
58	58	NaN
58	59	0.2357348082039921
58	60	2.572563469400952
58	61	-0.12620602602207578
58	62	0.016239104643209604
58	63	0.7281177326956932
58	64	0.6615569428043362
58	65	-0.8157737161810631
58	66	-4.128662272402062
58	67	0.12492721835586376
58	68	3.926074509703279
58	69	-2.1800349358802427
59	59	NaN
59	60	5.745391677614935
59	61	-2.698936792774516
59	62	0.9386432701970382
59	63	-1.7355026642972697
59	64	1.0401568160145813
59	65	0.878462638587873
59	66	-2.860786469781287
59	67	1.3387163140584688
59	68	-1.7114107781246477
59	69	-0.5514701935890102
60	60	NaN
60	61	-2.041593336364053
60	62	0.21888061153935498
60	63	-0.2662461080329362
60	64	-0.08148364984437541
60	65	-3.0881308780214396
60	66	0.13570493483394588
60	67	-1.596816703267344
60	68	0.4521841306802837
60	69	1.4336408001284209
61	61	NaN
61	62	1.3279907817123409
61	63	0.7182887329875968
61	64	4.372295321475075
61	65	3.272024188331756
61	66	1.1194262376757869
61	67	0.18241983234243794
61	68	1.8725216102987894
61	69	0.9679775687942063
62	62	NaN
62	63	2.747061957512183
62	64	0.5938628922634765
62	65	1.3862453732278612
62	66	1.7069447885058218
62	67	4.532142581079712
62	68	-2.0992978841746575
62	69	1.4574627769449697
63	63	NaN
63	64	4.017251502166105
63	65	2.648454872224981
63	66	-1.0429019397632144
63	67	-2.6392470877623175
63	68	0.9589582062949551
63	69	-0.6440796149487372
64	64	NaN
64	65	0.12284846547865012
64	66	1.0779009445998635
64	67	1.5343437667303652
64	68	-0.879216253264208
64	69	-2.726327762959298
65	65	NaN
65	66	1.2488617788917111
65	67	-1.7716839380350071
65	68	1.8036817329776766
65	69	0.6391638661574754
66	66	NaN
66	67	1.6089953843295093
66	68	2.282856504813003
66	69	2.4134807398405367
67	67	NaN
67	68	2.6485494714461955
67	69	-2.4622826497483903
68	68	NaN
68	69	-2.4928064716793172
69	69	NaN
