1	1	NaN
1	2	0.957967517257908
1	3	-1.924866169878638
1	4	-0.9779351875087784
1	5	0.299238865090103
1	6	-0.6247973045283981
1	7	-1.0112287458595477
1	8	-1.5326810995702902
1	9	-2.230533172363886
1	10	-0.7723582185076457
1	11	2.2777168691303324
1	12	-0.007061507390368345
1	13	0.4323805573885667
1	14	-2.2218294851106637
1	15	0.4735118427353596
1	16	2.3335899432252436
1	17	0.9288082999397234
1	18	-0.8904059966463462
1	19	-0.7512374591693859
1	20	-2.8099934344288764
1	21	0.7808371221365384
1	22	-1.4755741673508695
1	23	-1.4886170633805875
1	24	-0.8212926025999209
1	25	0.05918534055137582
1	26	2.785936538634166
1	27	-2.5081167197932
1	28	1.5033411268204908
1	29	0.7448646790254325
1	30	4.160958339646875
1	31	-0.030647278879758044
1	32	-1.9812829324844212
1	33	-1.0051465095906456
1	34	-0.7964959713680533
1	35	-1.8098807683014202
1	36	1.8209526816045656
1	37	-3.1486938953456822
1	38	0.12823702169243467
1	39	-0.7884883381553743
1	40	0.21285682869518308
1	41	-3.5958002447890887
1	42	-0.9105408738003722
1	43	-0.8498429165585693
1	44	-0.7379165556285007
1	45	-1.4733375613048505
1	46	-0.404141351281739
1	47	0.32908068330785195
1	48	2.092100950662671
1	49	-0.23665001992365028
1	50	-0.6569603075919337
1	51	-1.4119177806670602
1	52	0.49769310886289586
1	53	-2.136373531277519
1	54	-1.818603195969768
1	55	-1.740067666586114
1	56	-1.4770701093265395
1	57	-1.5136904773480249
1	58	25.95790243983759
1	59	-0.6223774939421516
1	60	-0.8528511070556697
1	61	6.028060784655677
1	62	0.027348364064096284
1	63	-1.237616847031782
1	64	1.8724939075588378
1	65	-0.43265152251410466
1	66	-1.5722951876316031
1	67	-0.5432550600020061
1	68	0.1764034875792367
1	69	-3.581131405323678
2	2	NaN
2	3	1.8616572232945277
2	4	-1.8445179527399085
2	5	2.0250258232624665
2	6	-1.5362018605812384
2	7	-0.296673314458403
2	8	-1.5705027562920406
2	9	-3.407124805041063
2	10	-1.4325295171754668
2	11	2.9384054913130058
2	12	-1.9315486071850667
2	13	1.4353819107514738
2	14	2.830381743329745
2	15	-4.571176081176542
2	16	-0.6418133352336003
2	17	-1.966222552515845
2	18	0.6096732926477602
2	19	-0.9068944137652698
2	20	-1.0134192125725454
2	21	-3.3969322459553073
2	22	1.8866399140466519
2	23	2.1427393856816
2	24	-0.29063987252547585
2	25	-0.8307947295374131
2	26	-1.000406280815762
2	27	-0.28673202906996226
2	28	2.6233637034101847
2	29	2.2349374023924784
2	30	2.910513163820663
2	31	-0.4198959303115732
2	32	1.0195768477422398
2	33	-0.3329878944900434
2	34	-0.23777869434513707
2	35	-2.544023653003311
2	36	0.4581864777582873
2	37	-2.7971130775456805
2	38	-1.1857938525356537
2	39	2.0389418387201776
2	40	1.3511003845649392
2	41	-2.7642599202431968
2	42	-1.3374303805730987
2	43	2.6702725085547416
2	44	-1.007581741084125
2	45	0.5516672006339715
2	46	-3.2667649690370637
2	47	-3.0437861285522856
2	48	-4.1955185128217
2	49	-2.889241614309477
2	50	0.5149087313136337
2	51	1.4668923021131792
2	52	-0.971899523093936
2	53	-2.7466693359622565
2	54	1.4543212329648931
2	55	-1.8947367732927474
2	56	1.406878321098236
2	57	-2.847890050853977
2	58	-0.198362711761113
2	59	-1.8086556304980532
2	60	31.403566183634677
2	61	5.6532485648231665
2	62	-0.29319114406330016
2	63	0.6317441495054291
2	64	-1.9841620826148654
2	65	1.4919883140996189
2	66	-0.9224799778980747
2	67	0.7960423395829552
2	68	-0.8394605677712528
2	69	1.5575495087528684
3	3	NaN
3	4	3.1155005994349
3	5	1.507754945368118
3	6	-0.10605815137139038
3	7	-2.0538750378173947
3	8	-1.8618038987706362
3	9	-2.0088204255853346
3	10	-2.2663150866929196
3	11	1.5275432660647394
3	12	-1.0287529562691689
3	13	-0.9219591493271616
3	14	0.6563232715632084
3	15	-0.3277438679273145
3	16	0.28201665501081696
3	17	-2.2044954455500547
3	18	3.001455281884092
3	19	1.668330773167284
3	20	0.6416094993384966
3	21	0.46559698367105024
3	22	2.947117110779408
3	23	0.678495548738145
3	24	-2.2865629018571103
3	25	-3.47187387598899
3	26	2.444407389963711
3	27	-1.2950344271090657
3	28	0.5048160393700707
3	29	1.8671364199846274
3	30	-0.2171181872231665
3	31	-0.024911936670696737
3	32	-0.5375148573389515
3	33	-0.9623759767238291
3	34	1.0594644480134148
3	35	-1.1031716340447457
3	36	-1.528294675648001
3	37	0.29122554946772194
3	38	-0.19698984148923918
3	39	-0.367972556695636
3	40	-0.5041549645861797
3	41	1.5679911969494778
3	42	2.4357329583092495
3	43	1.49954927954724
3	44	0.04135535129839064
3	45	-0.003775796719169189
3	46	0.4050520647232697
3	47	-0.7000906642383039
3	48	0.1205322280453353
3	49	-0.47319686524481214
3	50	-0.7220102856582447
3	51	-0.17708299978232953
3	52	-4.258684197332266
3	53	-2.543754429105666
3	54	-4.512107856204358
3	55	-1.4519232467481595
3	56	-0.07488865599171268
3	57	1.401170918739728
3	58	-0.4121127764918102
3	59	1.6044309023287329
3	60	3.7639297097690845
3	61	0.8984202282501168
3	62	-2.784007366746709
3	63	-1.931886633970557
3	64	0.059416921353009855
3	65	1.2759612352354135
3	66	4.803959000007266
3	67	2.7961166945326297
3	68	-0.7076033690328157
3	69	0.3383700433855103
4	4	NaN
4	5	-1.1603405962106488
4	6	0.6462585535651646
4	7	-1.7375928810141232
4	8	-1.4989363322368074
4	9	1.3165487710690875
4	10	-1.400914744641354
4	11	-1.272531991331151
4	12	3.9361630290972958
4	13	0.17829750783209014
4	14	1.717664394845588
4	15	-2.5601538467082228
4	16	-0.31821990919600757
4	17	-1.1351716314554177
4	18	-1.3802299890667762
4	19	0.5801327864622926
4	20	0.8280160646748637
4	21	-3.8302067439044643
4	22	-2.361959434901511
4	23	-2.837596069249242
4	24	-2.2683908707171256
4	25	-1.7782839361769853
4	26	-1.295629293257269
4	27	1.0652113976657658
4	28	-0.3685861378030802
4	29	0.5015541242672917
4	30	0.0889586644954042
4	31	-1.6538489080350078
4	32	-1.557214977643743
4	33	17.086425093849794
4	34	-0.5579400062104679
4	35	-0.5199619313117116
4	36	-1.6054673819665763
4	37	-0.10347105427917744
4	38	-0.06864197191555439
4	39	-0.18818808430466782
4	40	-0.7845575658702187
4	41	-0.39676516224079106
4	42	-4.292391998604791
4	43	-0.19291644839151978
4	44	0.009413313175288006
4	45	-1.326919927330062
4	46	2.136153449434931
4	47	-3.1116979433796037
4	48	-2.157731531989258
4	49	0.2095414994754327
4	50	-1.3587447950282168
4	51	1.0180067094187952
4	52	0.6367684138332131
4	53	-1.5990911242025196
4	54	-1.6823902563560023
4	55	0.17415220285367186
4	56	-1.9913844453446792
4	57	-0.88166499722032
4	58	0.21228160785397787
4	59	24.632728194585187
4	60	-3.1646798107543725
4	61	1.1225643953916884
4	62	3.984580316331569
4	63	-0.9266655739166116
4	64	-0.43973973815506123
4	65	-1.9218884981778341
4	66	-0.3131115883235304
4	67	-2.1431459250648692
4	68	-1.1262980632842214
4	69	0.2535924595123214
5	5	NaN
5	6	-3.4708264539775
5	7	-0.9453088100129177
5	8	-1.0709734827163173
5	9	-2.507212920620986
5	10	-2.7590514168306903
5	11	-1.3264451143965363
5	12	-1.47135015664549
5	13	-1.5633120095068576
5	14	0.19433988909678745
5	15	-1.0120836973423362
5	16	0.839150382602376
5	17	-0.31558752862410033
5	18	2.7324613048691413
5	19	3.9916992447754334
5	20	-1.1122301075188774
5	21	-2.557266752383205
5	22	-2.6654578517560386
5	23	0.996817082376395
5	24	-0.06237612426188824
5	25	2.875624306884278
5	26	-0.15725104238341575
5	27	0.474773981027
5	28	-2.055245438557651
5	29	-2.272119558999829
5	30	-1.4100174771732845
5	31	0.03400717627119553
5	32	3.3481244703094104
5	33	-0.2412460991918437
5	34	15.591006566701335
5	35	-1.5146706084890995
5	36	22.025163521529866
5	37	2.2455137560570546
5	38	-0.7963445534058382
5	39	1.9709942734318302
5	40	1.2007749329793123
5	41	1.0371402975584691
5	42	1.5454692850414256
5	43	1.0345835809190822
5	44	-1.5199063652243092
5	45	-2.7011208630292063
5	46	-1.909019323366415
5	47	-2.127873129707829
5	48	-0.0309062455361486
5	49	-0.3512136670691286
5	50	-2.285347145635974
5	51	-1.3793515035255264
5	52	-3.6984882086502435
5	53	-1.9169920768895832
5	54	-1.2529902579389884
5	55	-1.4822863749465354
5	56	-2.5314308510188233
5	57	-2.4965758015831794
5	58	-1.312806013797334
5	59	-1.7302734394562955
5	60	1.5588511852574394
5	61	2.0209769722828064
5	62	2.1030625068636684
5	63	0.5516530561609548
5	64	-2.1730713880526085
5	65	-1.8988409812115505
5	66	-0.21482067412045552
5	67	-2.3623205269432854
5	68	-1.0642143076453618
5	69	-2.506521157746941
6	6	NaN
6	7	2.916601368818657
6	8	4.376504313308424
6	9	2.599748149752337
6	10	1.13739490627058
6	11	-0.3875161750584194
6	12	-0.14891749721109346
6	13	0.24808958985925586
6	14	-2.958663019756426
6	15	-0.3423290745914403
6	16	-1.5857980546729222
6	17	3.3382411893625643
6	18	-3.571960295820035
6	19	-0.7252439139401294
6	20	1.3312721866340365
6	21	-4.5955479611810715
6	22	-1.2554900556089952
6	23	-1.5385687706676392
6	24	2.2475360730072595
6	25	0.825917599117782
6	26	-0.2435277149716491
6	27	1.6406863063787265
6	28	-0.4233642887138361
6	29	-0.5932424410827368
6	30	-2.016759227402152
6	31	0.5401813095967041
6	32	-2.337366667694735
6	33	1.9056030722033492
6	34	-2.8086872106744534
6	35	3.281814063560868
6	36	0.28310959208830355
6	37	-0.41479370950431327
6	38	2.03665466830742
6	39	-1.310507756788981
6	40	2.6856860411368246
6	41	-2.284486891143844
6	42	-0.1996024404235865
6	43	0.9324038186894403
6	44	-1.662443008109052
6	45	-1.3083645300098625
6	46	-2.50130771000132
6	47	0.6551283676738102
6	48	-6.451448942355503
6	49	3.923097776429014
6	50	-0.26811036714143793
6	51	-2.750251914527551
6	52	0.9168391501808183
6	53	-0.05050399398517511
6	54	1.2938825052123955
6	55	4.412473888220598
6	56	3.664517988936926
6	57	1.6637004352629596
6	58	1.112264456475587
6	59	-0.8097125103121952
6	60	-0.21130196757279732
6	61	-1.1888990478820038
6	62	-1.6365869010257634
6	63	-1.2205387575726145
6	64	1.6057758690231039
6	65	0.4138841433358733
6	66	-1.681589029681843
6	67	-2.2172300795845534
6	68	0.09605951425386516
6	69	0.5887442293006222
7	7	NaN
7	8	2.527310906321989
7	9	1.7985663651018102
7	10	1.3231204745573844
7	11	-0.505442693383616
7	12	0.595347076470919
7	13	0.6244409575553804
7	14	-0.8542175356418468
7	15	-1.4418455946554352
7	16	-2.2686269198267808
7	17	1.8018579994891373
7	18	1.1567046264483705
7	19	-3.9159484426075775
7	20	0.48236811512376315
7	21	-2.136174422606478
7	22	0.5911726393327892
7	23	-0.3917988323050433
7	24	3.653088764067794
7	25	-0.9574051044963107
7	26	-1.9021520093954012
7	27	1.6677722730568105
7	28	-1.107544620557673
7	29	2.205415233756841
7	30	0.34697202261560744
7	31	-1.1052588823886536
7	32	-2.5268817569492485
7	33	-0.18749935471846518
7	34	-3.3484122310434197
7	35	1.4405139898951518
7	36	5.481057918701298
7	37	0.7113145636091589
7	38	6.152531495864087
7	39	-3.1510380847116664
7	40	1.5320579800922782
7	41	-0.3038221157617171
7	42	-2.791078455099882
7	43	0.7371423582346495
7	44	1.1593791396064976
7	45	-3.032882755125686
7	46	0.5335741224983337
7	47	-0.13819068321489109
7	48	-0.6862758322048693
7	49	1.1948328027139663
7	50	-3.3269267270322267
7	51	0.6958714799945819
7	52	1.104603936656851
7	53	0.4482395130202834
7	54	0.023951758095425473
7	55	2.0174409672911082
7	56	2.7761899242464074
7	57	0.46084783524362116
7	58	-1.9741885245632491
7	59	-0.0933756569397227
7	60	-3.046305323341975
7	61	-2.645482631714074
7	62	-2.0358336573229665
7	63	1.5239758981818934
7	64	0.8695410519597545
7	65	-0.7001030564666315
7	66	-2.5363986697775984
7	67	-1.7059539488459157
7	68	2.938181773635821
7	69	-0.2762557367046089
8	8	NaN
8	9	4.5010920003709876
8	10	2.1299664354692536
8	11	0.4454999012616477
8	12	-2.231396254041705
8	13	-1.1792720865642554
8	14	-2.193977532797025
8	15	-2.362612353921838
8	16	-2.499355351697024
8	17	4.013369499793979
8	18	-1.3142814243769658
8	19	0.06280762138454438
8	20	0.2575535253024992
8	21	4.437908799819854
8	22	-2.630867763203529
8	23	-1.3941182318015106
8	24	3.0890609770091766
8	25	-2.0200061163905763
8	26	-2.4192983200813245
8	27	1.4933131892254803
8	28	1.1791385827463376
8	29	-2.3125372674232687
8	30	-1.9703123835572167
8	31	-1.7347328308676229
8	32	-2.875917532937663
8	33	-0.5991313261618108
8	34	-2.741452468944694
8	35	3.590154189472824
8	36	-0.6300220742794812
8	37	0.16765280740391722
8	38	3.6180334281532036
8	39	-2.5335757182742236
8	40	1.761630294241982
8	41	-2.445634723800787
8	42	-1.3146309869552322
8	43	-1.095640359571163
8	44	1.544577986952674
8	45	-0.05550977439640717
8	46	-3.244094653321604
8	47	-0.880244201704394
8	48	-2.402385331172694
8	49	4.4929249479242515
8	50	-3.0654209328171267
8	51	-1.0781590530551892
8	52	3.9235409169443654
8	53	4.133326755355475
8	54	3.167994321099359
8	55	2.3101479887354732
8	56	3.5569669960001877
8	57	2.7488822504005235
8	58	-3.7067201248705124
8	59	0.40790140367322447
8	60	-2.057334171858418
8	61	-2.14667282178761
8	62	-2.2115625633521168
8	63	1.9047164628065796
8	64	1.5392617193366527
8	65	-0.31087781333007475
8	66	-0.9212418404650691
8	67	-2.0096643182981127
8	68	0.9731375519396772
8	69	-1.685284941368257
9	9	NaN
9	10	2.2826738012896612
9	11	-2.5304992425629464
9	12	-2.3516879904561065
9	13	-1.0647345903052865
9	14	-1.1862068016140477
9	15	0.7516043684852721
9	16	-0.13016062881888638
9	17	1.8561180557296404
9	18	-3.2879103944787706
9	19	2.530656065770504
9	20	4.138576853549045
9	21	-0.7799660840093601
9	22	-0.5922360859354989
9	23	-3.902777258370015
9	24	1.1763103390565681
9	25	-1.9504289715381722
9	26	-0.7344231320820799
9	27	1.0969719197617787
9	28	-0.1527045103100719
9	29	1.4169905631485746
9	30	-2.309848473024328
9	31	-2.0276586384730737
9	32	-1.2578946966175804
9	33	-0.14341202907759104
9	34	-4.687948847182263
9	35	2.6735442193957892
9	36	-3.1557892003166708
9	37	1.2647905673816686
9	38	4.432584053770564
9	39	-2.8631314810214317
9	40	1.3745439675967064
9	41	1.7971728352157608
9	42	2.2178719983293735
9	43	0.5273200309791762
9	44	3.470934242607164
9	45	-0.5160530072460505
9	46	0.937340853831693
9	47	0.9049746763853563
9	48	0.9304404874907748
9	49	1.0998432001345906
9	50	0.6147592762097728
9	51	2.0099909852919855
9	52	-0.02356011897107546
9	53	2.269710965339442
9	54	1.3684552584288625
9	55	3.6089036130554546
9	56	3.513152586965395
9	57	-0.8893838869557797
9	58	-3.677032997921675
9	59	-1.011317444178856
9	60	-3.727982028359447
9	61	-3.5710268968376133
9	62	-1.358770740493958
9	63	-0.6806745457120826
9	64	1.9274378708157613
9	65	-2.72551075514979
9	66	-3.2352439389707293
9	67	-1.9826340930852426
9	68	2.0908942853221912
9	69	-1.181677058550043
10	10	NaN
10	11	-1.8001863948798051
10	12	-1.6242515822231622
10	13	-0.7360101844220436
10	14	-1.8186426486057103
10	15	-3.8214411344641914
10	16	-4.379591222562562
10	17	20.192876439556013
10	18	-3.5056802381402195
10	19	-3.5812580049255724
10	20	-1.375879239028736
10	21	60.50683069011708
10	22	-1.2939837253685798
10	23	-3.7516684135829905
10	24	-0.6954806527397007
10	25	-0.7807066501360493
10	26	-2.508788153464742
10	27	-0.2740092054407364
10	28	-2.6482735767421164
10	29	-2.2608822023672666
10	30	-3.2433132805633482
10	31	-2.1496327586312978
10	32	-1.6483321780228182
10	33	-2.1779881281156737
10	34	-1.1665911764285155
10	35	1.0261882381503613
10	36	-1.9751049947303059
10	37	1.2051262944318477
10	38	1.3891893477376098
10	39	1.1172159878935524
10	40	-0.05511274285677904
10	41	-2.3263149362243567
10	42	-2.4230827478160153
10	43	1.3854572652577586
10	44	-1.062115279991722
10	45	-4.801915717402181
10	46	-1.6983254303034865
10	47	-0.03304255339707975
10	48	-2.0322843786510285
10	49	2.324186622697892
10	50	-4.170710922786243
10	51	-5.145072847457791
10	52	1.4312402202891652
10	53	-0.7088750569934703
10	54	1.993585241489366
10	55	1.9034942578525804
10	56	-0.12730362673725942
10	57	1.1866804577725383
10	58	-3.2102902956848665
10	59	-2.868869550592293
10	60	-4.769547072655059
10	61	-2.389093137452351
10	62	-1.5417581131304479
10	63	0.12345468794478223
10	64	-0.47385237870941394
10	65	-2.2339937235886715
10	66	-2.1603864451273664
10	67	-1.1722715951353742
10	68	1.8302972842247545
10	69	-2.873863296098082
11	11	NaN
11	12	0.9526115806317799
11	13	0.7840278502748135
11	14	-0.12433667212523503
11	15	3.371056758466837
11	16	-1.4493479434855856
11	17	2.340481968339844
11	18	0.7228257421644598
11	19	2.0258983921542435
11	20	-3.356990930221813
11	21	-1.9691632760736655
11	22	1.0183316867583545
11	23	-1.4195572843341482
11	24	0.469655010310491
11	25	0.5373358640388712
11	26	0.8301558635558235
11	27	-0.8226855276474968
11	28	-2.4396866496509246
11	29	0.2649168627646656
11	30	-0.6677867099948948
11	31	1.967837693296427
11	32	-1.2811831461535481
11	33	1.9876138022446999
11	34	-0.9558080700814215
11	35	0.11881416903724075
11	36	-2.4923141256652306
11	37	-2.0914707913342894
11	38	-1.9470196299903
11	39	7.4257521403251765
11	40	2.1839846114645853
11	41	-0.5805393063212997
11	42	-1.0742157298284498
11	43	0.6743796463132685
11	44	2.644630606142627
11	45	0.8389428043269842
11	46	-2.5714771219523493
11	47	-2.2642655573356745
11	48	0.5004858387934248
11	49	1.2512077994379178
11	50	-1.3623264950386564
11	51	-0.9281982611150368
11	52	2.9533638710031407
11	53	-0.6369355695178798
11	54	0.33010562627791057
11	55	0.7418527375917885
11	56	0.22195673518554068
11	57	-0.7273769143692341
11	58	-2.10842493741079
11	59	-1.9593617683066358
11	60	-1.3461517535920968
11	61	1.7304604722444483
11	62	-0.9845993520303441
11	63	0.9110041304213963
11	64	-1.2953792361991447
11	65	-1.6390446279508086
11	66	-0.14177749764996042
11	67	-1.1078971978980519
11	68	-1.2117747490242374
11	69	1.501257478314855
12	12	NaN
12	13	4.128107573777172
12	14	1.808065620919819
12	15	-0.3200749190537347
12	16	-3.2149283791615577
12	17	-0.8154076850230509
12	18	-0.34883441551870376
12	19	3.023709284891414
12	20	3.0499017283505583
12	21	-1.3220825681681423
12	22	0.2769746902116524
12	23	4.403397784376273
12	24	-0.692410146076586
12	25	2.336146672312271
12	26	2.0249094944393975
12	27	-1.472450101935274
12	28	-1.0995187786488683
12	29	-1.3382316669386753
12	30	0.022287872260031955
12	31	1.5925653113957234
12	32	2.5842540871575084
12	33	1.4510541907215213
12	34	1.1515114080588558
12	35	-2.8497882691801664
12	36	-0.9310501730120659
12	37	0.2244766335361711
12	38	2.2273635033566594
12	39	-0.4384702206542014
12	40	-0.03924486599463231
12	41	0.8548347283711832
12	42	-0.9907322122186107
12	43	2.6043635692307747
12	44	-0.5751062440092666
12	45	-0.026511187211103453
12	46	1.8212733329358115
12	47	0.34891413327366716
12	48	2.21635072837684
12	49	-3.3959071299442964
12	50	-4.016924276713291
12	51	0.598565201206809
12	52	-2.842612850380832
12	53	-3.6762156032505304
12	54	-0.9245696273704253
12	55	0.21346609511752715
12	56	-0.25262295030647497
12	57	-1.749592755602984
12	58	3.5413301867502174
12	59	-0.5891710201446427
12	60	-0.09762697067407515
12	61	-1.6737975205490223
12	62	3.6669856568936683
12	63	-0.8594827566258969
12	64	-0.5444082165026101
12	65	-0.7018559095058825
12	66	2.6755616033543617
12	67	1.930379019802317
12	68	-1.9259696004020814
12	69	0.9309611542973727
13	13	NaN
13	14	4.566558665440161
13	15	1.8600159621549626
13	16	-0.4972191957805486
13	17	-1.287906742338396
13	18	0.43608682141091115
13	19	0.7713700994557172
13	20	0.7958229358976288
13	21	0.2932149601527395
13	22	-0.7047425072473648
13	23	-1.7872422472756726
13	24	-0.6946343561427185
13	25	0.5715911572402209
13	26	-0.5026109816344952
13	27	-1.0261808272397337
13	28	-1.1797509845857672
13	29	0.7468678374762451
13	30	1.88460162721873
13	31	-1.175891502941475
13	32	-1.0122276814707443
13	33	1.1445141252869109
13	34	-0.6064234088596395
13	35	-1.6240421754701653
13	36	-0.6999136887401078
13	37	-3.0775537993521436
13	38	-1.6862953449062876
13	39	0.14374070865025348
13	40	-1.3277009025861182
13	41	2.031879313597835
13	42	0.3477943052120322
13	43	-1.4367237755389752
13	44	-0.025707140966721026
13	45	-0.4400213537598802
13	46	0.3475877345489986
13	47	-1.6875083623357892
13	48	-0.9668843981295626
13	49	-1.2406640309336694
13	50	1.0944456352874163
13	51	-0.2454060470815256
13	52	4.225340455578051
13	53	1.1822204463386927
13	54	-1.7916717215528983
13	55	-2.216599613342573
13	56	-1.6408636088017317
13	57	3.6311603150794394
13	58	-0.5882306296787067
13	59	-3.2321419190177694
13	60	2.906591959296525
13	61	2.58028644228088
13	62	1.1503932733374558
13	63	1.56605041817817
13	64	-1.4136389187503489
13	65	-3.1600116791856316
13	66	-0.5692954772354528
13	67	-1.6447946640588598
13	68	3.529943352800279
13	69	1.995268409286267
14	14	NaN
14	15	4.646418843839831
14	16	1.6790988166133938
14	17	-2.003111211414379
14	18	1.043749279439972
14	19	1.5873816417990372
14	20	-0.3426173227630566
14	21	-0.603095351783834
14	22	3.9496047373471486
14	23	2.348792863135459
14	24	0.14454984199444176
14	25	1.3710958227699057
14	26	2.7814473379210805
14	27	-1.140463933535089
14	28	0.3608287876467914
14	29	-0.2647023838204217
14	30	2.964651844010617
14	31	-1.8454597472376981
14	32	2.260911730372157
14	33	3.012006757991374
14	34	-2.41079443731709
14	35	0.25994024448408953
14	36	-1.940420263910229
14	37	1.6422559576182414
14	38	-2.8190293134541546
14	39	-2.0840256567443363
14	40	-0.21715308730153557
14	41	-0.29317843940944627
14	42	1.8244345727946807
14	43	-0.4696360685289599
14	44	-3.452250108566447
14	45	2.322883214079985
14	46	-1.7797887372195647
14	47	-1.5065898431227516
14	48	-0.8174910567418769
14	49	-0.6157225401769346
14	50	-1.788900332274218
14	51	-1.4867928212568915
14	52	1.1779923865025654
14	53	-4.589814326640736
14	54	-2.659680834780394
14	55	2.610693951303328
14	56	-1.3409474326894766
14	57	-0.5019104332451467
14	58	2.1730623939591043
14	59	-1.6783881078632215
14	60	-1.026578406685298
14	61	-0.15586307464198187
14	62	2.386012754551227
14	63	0.9194400882664899
14	64	-1.8761036777876436
14	65	-1.2689704166427287
14	66	-0.0007399104691345486
14	67	2.110807545578262
14	68	-3.5692007677699884
14	69	3.120533928435548
15	15	NaN
15	16	1.3513646669079316
15	17	-2.566426983443972
15	18	3.7549674195533704
15	19	0.974288756258084
15	20	-2.0286085286375894
15	21	2.543054677039497
15	22	1.808764790177542
15	23	1.5502318277445701
15	24	-3.3147830511778595
15	25	-1.8179624026045151
15	26	2.643994764841898
15	27	-1.4811483660042506
15	28	3.173008775536319
15	29	3.317716366728627
15	30	0.38987235921489866
15	31	3.138143960472665
15	32	4.133170493896361
15	33	0.7937763637855438
15	34	1.3078208865085421
15	35	-0.8537809295116915
15	36	-1.7839376222835353
15	37	2.7389729416977033
15	38	-1.3518025279597767
15	39	3.926110963575206
15	40	-1.4790247432573418
15	41	0.9383749396341878
15	42	2.790216541416578
15	43	-0.35199514962526446
15	44	-1.1033936246542877
15	45	-0.8660701774244057
15	46	0.5245391386649854
15	47	2.2656534794038494
15	48	-4.817036179039671
15	49	-1.9961165343934566
15	50	2.425157477754851
15	51	1.804840597734743
15	52	-1.1967846814966088
15	53	-3.1644120377142886
15	54	-3.4970853312036856
15	55	-3.9527776221560895
15	56	-1.375349951511206
15	57	-0.2752346477000739
15	58	0.1310055762225287
15	59	-1.0492802378032704
15	60	0.5694363779764855
15	61	-3.873194887869035
15	62	1.6962735373042803
15	63	-2.206263781086244
15	64	-0.07310092990221788
15	65	1.729570067066936
15	66	1.5332770373189026
15	67	0.7105842755556612
15	68	0.4916706952078151
15	69	0.0055231098766213935
16	16	NaN
16	17	-2.686482443855772
16	18	-2.546024355935127
16	19	-1.2734419767366332
16	20	4.795073199830501
16	21	-1.6554030904451873
16	22	0.6984333261815711
16	23	2.557213697311732
16	24	-2.325701298735571
16	25	1.5778147552121362
16	26	-0.3687494046158486
16	27	1.9968268462964884
16	28	0.2791630353134372
16	29	-1.5013682370491839
16	30	-2.189598680741446
16	31	-0.5209167406524252
16	32	0.6609890200405522
16	33	-0.4810272135800457
16	34	2.3817856929770556
16	35	-4.454246504203414
16	36	-2.9867322220185493
16	37	-3.4298508641745795
16	38	-2.463412655049872
16	39	-1.3175497860777206
16	40	-0.32041918445950346
16	41	5.15113257166019
16	42	0.03008992809980311
16	43	0.5203313282311832
16	44	-3.515828103755415
16	45	-0.04479094708764811
16	46	1.4314408526301894
16	47	0.16426249376875993
16	48	5.808450982125926
16	49	-2.445110903111832
16	50	3.773667782190013
16	51	1.7929672006097794
16	52	-1.3633734202258063
16	53	31.526592089146863
16	54	0.02380890828166592
16	55	-7.163534382056455
16	56	-3.423429634165252
16	57	-3.087601916681535
16	58	1.4260032224102215
16	59	-0.3900993997591392
16	60	-1.7181413404616714
16	61	2.0024182546868774
16	62	-0.3032692403117697
16	63	-0.5052018808067336
16	64	-1.9435508514687851
16	65	1.546889636557963
16	66	3.5125531899493523
16	67	0.2793651710702911
16	68	-2.9874049813587873
16	69	0.9980512167518166
17	17	NaN
17	18	-1.8896861665634688
17	19	1.039392328096805
17	20	-0.29620065532548173
17	21	-1.1191465106864062
17	22	-2.710094334451387
17	23	-2.074620098315556
17	24	1.9337146067520046
17	25	-1.5524116261724816
17	26	-1.9791261312942225
17	27	2.237123748360091
17	28	0.15545040845534083
17	29	-2.257889346750107
17	30	-0.871811974544321
17	31	-0.5783796745237298
17	32	-0.905686832438906
17	33	0.09588017275437974
17	34	0.354311175528664
17	35	2.2214677011165556
17	36	0.14562801055637
17	37	-3.1564574795394895
17	38	2.4543855105923735
17	39	-0.2227608781918011
17	40	1.117734311336679
17	41	-4.121165412079563
17	42	-1.3411290863863794
17	43	-1.4136724458341399
17	44	0.7854504345641767
17	45	-1.093451174396951
17	46	-4.176016458845935
17	47	0.8540051244377965
17	48	-1.428443481387777
17	49	2.1058142356055702
17	50	-2.616156799675645
17	51	-2.1158793551460184
17	52	2.6360078707312526
17	53	3.8634648648996093
17	54	2.159917228905502
17	55	2.8058668444291275
17	56	0.3970451370203716
17	57	-0.22902916369922233
17	58	-3.092769044659197
17	59	-0.42813391444829973
17	60	-3.796279217755539
17	61	0.877152224571538
17	62	-2.6955386874976703
17	63	1.8502939896043347
17	64	-0.5388783031576801
17	65	-0.3143987633614643
17	66	-1.463687474707873
17	67	-1.2802736943528499
17	68	0.9512103490088424
17	69	-2.4461887936597324
18	18	NaN
18	19	5.399405130687053
18	20	1.525819154885269
18	21	2.8084504698149413
18	22	-1.5739274718412417
18	23	0.34949430041327156
18	24	-1.6347816340248764
18	25	-1.5936264149574146
18	26	-3.0666431123922555
18	27	-1.3429141963087257
18	28	0.36113896569679504
18	29	1.2977921087798723
18	30	-1.0296063750656637
18	31	2.543568029712611
18	32	0.35861814159967975
18	33	-2.515761199567032
18	34	-0.7225450609845888
18	35	-0.8010240238231888
18	36	0.6026990631630432
18	37	1.9084403122426814
18	38	1.0384970065583645
18	39	-0.1704022204957892
18	40	-2.298068580368913
18	41	3.4160659793903525
18	42	-1.814023018964996
18	43	-0.35325332242392626
18	44	-0.17086031283492162
18	45	2.022940601003059
18	46	1.0927586684915465
18	47	2.0189010510706664
18	48	1.00054488773995
18	49	-0.2754421312991329
18	50	-0.6203161783693707
18	51	1.7425800269861478
18	52	-0.5227903983543132
18	53	1.0950645224313589
18	54	-1.6394715899439116
18	55	-1.0652300875725091
18	56	-2.4070297479766167
18	57	2.628583819401745
18	58	-1.104655800892033
18	59	1.1745657059978483
18	60	0.5057876024358826
18	61	1.5624155491341711
18	62	-1.0882515530340158
18	63	-0.8314683205092871
18	64	0.03284596137293381
18	65	3.066968267044691
18	66	2.300766276011458
18	67	-2.1779114860133406
18	68	-3.035652905604862
18	69	-1.3505107063188808
19	19	NaN
19	20	-0.2945914397217738
19	21	-0.22960016131267946
19	22	-1.5522189086679374
19	23	1.6396865606234736
19	24	-2.771835590549113
19	25	2.6161072900391122
19	26	-1.0704186537796276
19	27	-0.5383525061765314
19	28	-0.3599925708109888
19	29	-0.9651849888269682
19	30	0.9753955013322206
19	31	0.7505291195111263
19	32	2.7035964903134775
19	33	-2.466258654855455
19	34	-0.9423554883989259
19	35	-2.5293156025377086
19	36	2.212909598709967
19	37	1.005642669783527
19	38	-1.2633594038769478
19	39	2.0479578938476863
19	40	-0.0915022021752201
19	41	6.327207217193731
19	42	2.443034388204337
19	43	0.18992002848035078
19	44	-2.0243309264601526
19	45	2.550109697690893
19	46	1.1696329247965465
19	47	1.9299252856873914
19	48	1.0468986082937684
19	49	-1.9233111602457469
19	50	0.09166467009168133
19	51	-0.44523383729720767
19	52	-1.8672838435641397
19	53	-0.038162488020522856
19	54	-1.9567071202998227
19	55	-1.216495478067812
19	56	-3.1492411427142244
19	57	-1.9086744667978677
19	58	-3.3999949130252194
19	59	-0.6263824446276827
19	60	-2.7364168385721483
19	61	-0.38774301491439933
19	62	0.01710255120224019
19	63	-2.149710349865008
19	64	0.2806585808359921
19	65	1.377112106712039
19	66	0.8098829804708619
19	67	-1.6587767834275082
19	68	-1.2705197741140664
19	69	1.3203669036702421
20	20	NaN
20	21	0.19275772864484716
20	22	0.36972701592329293
20	23	-1.8880574764672993
20	24	3.9666727047420767
20	25	-1.266453785913126
20	26	-2.022213588272039
20	27	-1.9184135536234868
20	28	-2.50385776722259
20	29	3.726167324550772
20	30	2.118306048235797
20	31	-1.27437895265045
20	32	1.5595198650238828
20	33	-2.1160404383817224
20	34	-0.4192617984624925
20	35	-0.09610621661788063
20	36	-1.9312507209564844
20	37	-2.9417735501643234
20	38	0.4824437873553697
20	39	2.993535761126076
20	40	-0.3391709397010037
20	41	0.014337615191014723
20	42	-0.12386641803489708
20	43	-1.5049802363937084
20	44	-0.8272431110805689
20	45	0.004234416464221762
20	46	-0.2590458381992293
20	47	-0.9256411329109473
20	48	3.2100056688112413
20	49	1.4131020843819304
20	50	1.2093494420319975
20	51	0.887602637988592
20	52	1.195452299677333
20	53	6.3105093810782655
20	54	-1.103963021704757
20	55	-1.2493337780422382
20	56	0.8017037622629752
20	57	-1.761959817057639
20	58	2.8822940946298505
20	59	1.9924792858213254
20	60	-0.609085483581073
20	61	-0.5375445311960749
20	62	-1.934168927539845
20	63	-0.45966567330080566
20	64	-0.35230524375911737
20	65	-0.49093388033237967
20	66	-4.185226630839558
20	67	-2.3317517373872363
20	68	-2.1628380556825237
20	69	0.31553844644044665
21	21	NaN
21	22	2.1767035136376123
21	23	0.5437776846440512
21	24	-1.8531741440301697
21	25	2.74400764435001
21	26	0.7238727702245823
21	27	-2.3201435806935087
21	28	0.026729222062466317
21	29	-1.6402859160869983
21	30	-3.581032388112175
21	31	-2.006179188792896
21	32	2.560692388460213
21	33	-1.9328837208262246
21	34	-0.814820706179752
21	35	-0.19255205299330017
21	36	-2.25622306152598
21	37	-0.36536276669278606
21	38	-1.9394461533529872
21	39	-0.15089826521872698
21	40	0.5769700164374253
21	41	2.577072815725909
21	42	0.7201505999990409
21	43	-1.0343948051726697
21	44	-0.9215814776299017
21	45	2.056947397765136
21	46	-1.9793894793082307
21	47	-3.146846335251275
21	48	-1.816917803507849
21	49	-2.0106113524788274
21	50	1.3414810512869082
21	51	-1.2426114016786665
21	52	-2.854136659348021
21	53	-3.4739274365966697
21	54	-0.6440997642733238
21	55	-1.323758275726198
21	56	0.9686419427402879
21	57	-2.395269409325254
21	58	-0.9903036950549061
21	59	-3.747718753021247
21	60	2.965006157021659
21	61	-2.411069650285443
21	62	0.08955123525971168
21	63	0.525651882999377
21	64	-1.2266481695916547
21	65	-1.4415795881171563
21	66	-2.170436874758756
21	67	-1.423339783034581
21	68	-2.1073035099002944
21	69	-1.8482064058989793
22	22	NaN
22	23	0.7508684985790558
22	24	0.5281963308354032
22	25	1.0522156290039335
22	26	-1.5331488778692208
22	27	0.025561908351579815
22	28	2.0900825854008773
22	29	-0.2514325461826674
22	30	1.6959113183450771
22	31	3.306662872536759
22	32	1.3676548971630051
22	33	1.1216992726242905
22	34	1.2415647368110623
22	35	-1.3206085253792785
22	36	1.8278201039582194
22	37	0.6520839769269866
22	38	-4.066254019778784
22	39	1.6387469081799488
22	40	1.0482478263392863
22	41	-2.2064963778489157
22	42	3.8983728617844338
22	43	1.0102346150935941
22	44	-3.9422477869699004
22	45	-0.37267610991815164
22	46	-1.2275020844820972
22	47	1.1262662712933609
22	48	1.077490721308289
22	49	-2.8852682018768734
22	50	-1.8597510003163318
22	51	0.3099263677421872
22	52	-1.500707586488776
22	53	-0.44809664812750466
22	54	-0.5899790625231096
22	55	-0.3717742094335232
22	56	-0.6437215019476101
22	57	-1.4990390249048426
22	58	-1.2810448432873234
22	59	1.956956112501391
22	60	1.6526275946179299
22	61	-3.412457738673363
22	62	0.35908738394549183
22	63	0.6389427128345101
22	64	0.6041929090893164
22	65	2.8533782622138477
22	66	1.4614145774743121
22	67	1.391645467449575
22	68	-3.1821405991566447
22	69	1.348254118683204
23	23	NaN
23	24	-2.2924129821724883
23	25	2.2609822674587527
23	26	-0.8001071858544752
23	27	4.413509931750019
23	28	-2.676157203334051
23	29	0.7735814771429388
23	30	-1.0771942365824783
23	31	-1.4724836434597899
23	32	3.485326581345847
23	33	1.830360416910058
23	34	0.7018147239682265
23	35	-0.861097817590378
23	36	-0.08284232509593616
23	37	-0.4566681161339412
23	38	-0.4686238988396693
23	39	-0.7831798123255036
23	40	-0.023220097825781178
23	41	-0.4358106867132733
23	42	4.322376269943725
23	43	-1.7525912499768699
23	44	1.190460893516757
23	45	2.908757966956589
23	46	3.9806208416808544
23	47	-0.002015034303715746
23	48	0.9826877126724048
23	49	-0.7503125849404855
23	50	0.2992008974523789
23	51	0.3065241568860246
23	52	0.24622210296611652
23	53	-4.417293876241393
23	54	-0.4896523650260034
23	55	-1.9440328583427022
23	56	-1.3615036443577249
23	57	-1.0042575349614369
23	58	3.0376227128012467
23	59	-2.2398914496454028
23	60	0.5993766446423049
23	61	2.0762815853371333
23	62	0.6297974850626312
23	63	-0.9947310182624735
23	64	0.33958031883214046
23	65	-1.499363519660202
23	66	2.127565547093651
23	67	-1.3422566572751387
23	68	1.428722050250984
23	69	-0.3646366303907991
24	24	NaN
24	25	-2.748056339512535
24	26	1.2203507696495206
24	27	-1.2693924980943865
24	28	3.5564649837339934
24	29	-1.991057636107843
24	30	-4.05079784229677
24	31	2.2991266784596545
24	32	-2.8096415417708087
24	33	-1.0888960998467816
24	34	-2.2804961784661733
24	35	2.502749830492789
24	36	-1.1129357618427347
24	37	-0.10245813066034205
24	38	3.5221492030480683
24	39	-1.748761542947415
24	40	0.2368862472873764
24	41	-0.0724550915013172
24	42	-0.3426805544765868
24	43	0.35831471275161797
24	44	1.46881061677945
24	45	0.4231162441594508
24	46	-0.07969912523424044
24	47	0.5443236329015014
24	48	0.9385034237025539
24	49	1.879568065332364
24	50	-3.6275532454333166
24	51	-0.2834871729949231
24	52	0.6700620362104259
24	53	0.10009805493956675
24	54	1.5381784424650464
24	55	2.5303276953711697
24	56	0.6018893547712459
24	57	1.6822880096728852
24	58	2.4505203427962927
24	59	-0.48793058530248623
24	60	-1.2333609839031026
24	61	-0.3747323056463414
24	62	-2.1204434340670475
24	63	0.5856359084649
24	64	0.35663175819883164
24	65	-3.11600150864946
24	66	-0.9249198689000544
24	67	1.7303593467846137
24	68	1.7649295586532514
24	69	-2.0768749848259973
25	25	NaN
25	26	-2.608337269522045
25	27	0.1944874317077361
25	28	1.6356015911390678
25	29	-1.6928123824713788
25	30	1.2514016291966066
25	31	-4.311800304440812
25	32	0.23194597288836216
25	33	-0.18828870129976077
25	34	1.763224713886163
25	35	-0.27313692231029507
25	36	1.9138800868972234
25	37	0.9772100657169444
25	38	-1.624195974217377
25	39	3.224743927437472
25	40	-1.3538347594165636
25	41	3.0238952088804325
25	42	1.8442398222226968
25	43	2.6429125213866027
25	44	-1.037120525411153
25	45	0.9962176132048669
25	46	0.3774714716979021
25	47	1.1150426292778717
25	48	0.21453327449752396
25	49	-2.0256774478778197
25	50	0.7569192663017944
25	51	2.311535195160186
25	52	-2.5033329822564085
25	53	-1.0104690946304018
25	54	1.7264220986189311
25	55	-1.1405339008517232
25	56	-0.9508560198654699
25	57	1.4497911837155135
25	58	-2.6717313187478564
25	59	1.0731561450990017
25	60	0.017253804640803828
25	61	-0.727985406535953
25	62	0.8157668141876998
25	63	0.19992901843553867
25	64	-3.7544849084004728
25	65	1.393980539970456
25	66	1.085500423440994
25	67	3.0696601989964014
25	68	1.5925703028278153
25	69	-0.26563070329314836
26	26	NaN
26	27	1.4238895586009825
26	28	0.7395814146495456
26	29	1.5827871397905553
26	30	1.957029963242635
26	31	1.4411757346184386
26	32	0.9991372068374316
26	33	2.341313804959401
26	34	2.7167414537674577
26	35	-3.5553655301475686
26	36	-1.6192014094753047
26	37	2.2300659627645794
26	38	-1.4302302519619072
26	39	-1.588897539728605
26	40	-2.7178848426968347
26	41	-1.341664872434339
26	42	3.9435534596428603
26	43	-1.0717802509880887
26	44	-0.3542771207586818
26	45	1.9585983367419106
26	46	1.2859286142068136
26	47	-1.2815903078904534
26	48	0.3872111457536298
26	49	-1.7302483508482993
26	50	2.7103963765023416
26	51	3.5667828283301524
26	52	-3.1318811669451616
26	53	-0.5718383194477236
26	54	-0.060499755402562486
26	55	-1.6182589615673928
26	56	-1.5721130373379073
26	57	-2.2618559466662416
26	58	0.8767170567391931
26	59	-1.1742025299001153
26	60	2.244181642048838
26	61	-2.0765141063526626
26	62	1.8059352171777132
26	63	1.3731618452209078
26	64	0.9524614077682922
26	65	-1.7711826507408555
26	66	1.74616568107684
26	67	-0.27329530247623185
26	68	1.7538380796624449
26	69	1.7384609280543097
27	27	NaN
27	28	-1.5988315928239714
27	29	-1.0634327587417247
27	30	-0.8530970922086716
27	31	8.025267407870736
27	32	-0.3711723283057669
27	33	0.15920381732199823
27	34	-1.0432562195978339
27	35	4.510048326578429
27	36	-1.5354583639488406
27	37	-0.8804213879456749
27	38	2.1845678930754526
27	39	-1.7468040584154865
27	40	1.0456238959319544
27	41	-1.7018168771598912
27	42	-1.102912013772371
27	43	-0.31565579865746085
27	44	0.548652603886914
27	45	-0.5946618223114833
27	46	-2.0946865169510445
27	47	0.5484640758376804
27	48	-2.385000435033428
27	49	-0.6113278200945058
27	50	-2.443237223262637
27	51	3.88223110036063
27	52	2.095145513560095
27	53	-0.47582844981490213
27	54	0.31316508424366735
27	55	1.3773517878536043
27	56	0.05265806651831113
27	57	2.9003368222067074
27	58	-1.2110695950090258
27	59	-0.5107031689692266
27	60	-0.9553908754690177
27	61	0.8637577021352584
27	62	-2.5283064928440013
27	63	1.869491174245101
27	64	1.7474354653089845
27	65	-1.5057736468049787
27	66	-0.3901418947532226
27	67	-4.026954347901803
27	68	-1.2594223937818
27	69	-2.340328344018415
28	28	NaN
28	29	-0.4069938589405004
28	30	1.3894928996767866
28	31	-0.3821900677613547
28	32	-2.2894029139728063
28	33	-2.1458935069760847
28	34	-1.035946650975892
28	35	6.980038741045638
28	36	-0.997587848426971
28	37	-1.4557575329619705
28	38	-1.621572547987779
28	39	-2.0888323124349957
28	40	-0.26691179724127184
28	41	-1.9543868102036657
28	42	-0.779002174140249
28	43	-0.8422621681075465
28	44	-0.42181634680432245
28	45	4.311614025349201
28	46	0.48211482095260577
28	47	-1.5172774609915383
28	48	0.12607745342785273
28	49	-0.8626230666395219
28	50	-0.9161390396113172
28	51	-1.1728248223541007
28	52	0.7841843912411242
28	53	2.0316899786949976
28	54	0.5687549751968565
28	55	-0.30784564541854503
28	56	3.4678274340703994
28	57	-0.3813891500613715
28	58	-1.4340362086492329
28	59	-0.07397335576074969
28	60	-1.642904688274768
28	61	1.273505610662094
28	62	1.1341628409883855
28	63	1.6260074949631118
28	64	-0.9502864530094586
28	65	0.023878768703186802
28	66	-1.898547882876227
28	67	-1.589535082448918
28	68	2.573237534692709
28	69	0.7961867941557493
29	29	NaN
29	30	3.0588095991246385
29	31	-2.2701273032849905
29	32	1.436974696289627
29	33	0.7567725877890702
29	34	3.8165055245830684
29	35	0.3637440018900497
29	36	-2.0545976317639356
29	37	2.4201339623529354
29	38	0.16257245074553248
29	39	2.6964091326254156
29	40	-0.010775168345259354
29	41	1.0326062231442183
29	42	-2.5269059249627785
29	43	-0.7574432192265894
29	44	-0.4063094550901763
29	45	0.4685644197109374
29	46	0.6563817390395613
29	47	-0.034801033169806435
29	48	1.0841583470971456
29	49	-0.7016214407065949
29	50	3.0706453677362013
29	51	3.3136821317659813
29	52	0.3939264387937152
29	53	-0.4203987228757778
29	54	0.03269222642166241
29	55	-1.3177593936293341
29	56	-4.142687947055593
29	57	-1.010433161189528
29	58	1.0174287360927732
29	59	-0.9353068812144079
29	60	-0.1396157417723881
29	61	3.077079973324596
29	62	1.9840138955739317
29	63	-1.7454115606891631
29	64	-2.431970077848591
29	65	-0.598165640615942
29	66	1.1189328000177399
29	67	-1.8287883463899337
29	68	-2.590092833044494
29	69	0.2140664466939816
30	30	NaN
30	31	-0.9578678634594197
30	32	2.5725707780026155
30	33	1.8655418154183068
30	34	-1.8947304597365173
30	35	-1.4640029366879759
30	36	0.8124433632619457
30	37	-0.1315369168952292
30	38	-1.1093344656886228
30	39	2.06309769884187
30	40	-3.4052402876677896
30	41	-1.1039492717513533
30	42	-1.1129831017560106
30	43	1.0677498119955553
30	44	1.9299376153942698
30	45	-0.1241881558394457
30	46	-3.386386384367524
30	47	-0.23289771676616386
30	48	4.898656263419068
30	49	-4.1770831987273995
30	50	-0.1005962659261593
30	51	-0.228607268640281
30	52	0.3798568093178104
30	53	0.4935176628275144
30	54	-2.599047117434899
30	55	-2.575006142723621
30	56	0.39450811831943816
30	57	-0.3250574838934508
30	58	-0.9919806329774937
30	59	0.8511308311285793
30	60	2.186827170652007
30	61	2.066083502613038
30	62	1.5306105665515277
30	63	-0.021473182942921932
30	64	-0.41797109593044796
30	65	3.1901394097704867
30	66	1.7081177577208535
30	67	1.5701855406299277
30	68	1.7245226897334172
30	69	0.930501217112896
31	31	NaN
31	32	1.7379877273783255
31	33	-0.6524416400660575
31	34	0.9505973826962204
31	35	20.051113335046644
31	36	-0.8124867917232718
31	37	3.0671434195136844
31	38	-3.46725963277152
31	39	2.250226300552777
31	40	-0.6995980807919845
31	41	1.8941942579196174
31	42	-0.15917412022968352
31	43	0.7259951710538749
31	44	-1.0624418265398674
31	45	-1.39570976165363
31	46	-2.710324930763258
31	47	-0.9695724734257659
31	48	2.3948562824022783
31	49	-2.3395459327291133
31	50	-0.009887388965841324
31	51	-0.5524106084751969
31	52	-2.792245881851014
31	53	-4.3522810075997755
31	54	1.0605587577151707
31	55	-1.338117976674763
31	56	-1.2493294348468764
31	57	-0.2681716831518648
31	58	-2.234494208392858
31	59	-0.4238401947722039
31	60	-2.104892538592098
31	61	1.8965213099526053
31	62	1.3485251531483817
31	63	0.3013487731251667
31	64	-0.06475042519345325
31	65	-1.2844979984883094
31	66	-3.3077497974595267
31	67	-2.0732074925355346
31	68	-0.2108699921130892
31	69	1.6653912502164723
32	32	NaN
32	33	2.124173892389031
32	34	2.9522587457778715
32	35	-2.43646026010101
32	36	-0.21531312267242414
32	37	-0.8638134607155696
32	38	-3.952271722512695
32	39	-1.8830738180129585
32	40	-1.8604514721790093
32	41	5.801619453085841
32	42	-0.008660350563718156
32	43	0.3547143422243523
32	44	-0.9680279008026721
32	45	0.2322147431840333
32	46	2.3159441542734056
32	47	-1.499742884746228
32	48	-0.8076522904059887
32	49	-0.9070003885411162
32	50	0.9242055472935985
32	51	-0.33870680413640536
32	52	-1.9569181828535902
32	53	-3.2390730333103
32	54	2.4900876134107732
32	55	-3.9380625740621866
32	56	-1.678610883702624
32	57	0.8199206802019539
32	58	4.610134112754211
32	59	0.5714419735205478
32	60	-0.9322436585373439
32	61	-0.7369404379880624
32	62	3.9976156900561044
32	63	-0.9559677062133963
32	64	-0.7476346456477861
32	65	0.2981181164467536
32	66	2.773998871381161
32	67	0.23652435259824758
32	68	-0.7194926755894828
32	69	-2.982889718931675
33	33	NaN
33	34	-1.2019057014084558
33	35	-1.7172355974684996
33	36	-0.29131673972178196
33	37	-0.7636533248083974
33	38	-1.7414242995511051
33	39	-1.183215770358844
33	40	0.22967194879784403
33	41	2.6216698144164643
33	42	-1.915924724813168
33	43	-0.8916761396310752
33	44	0.06091594478649639
33	45	1.0282619510143167
33	46	-0.7975496588099574
33	47	-3.718834628417688
33	48	5.637414956658421
33	49	-1.763841140561902
33	50	4.09824345839978
33	51	-0.7728013398903681
33	52	0.5100563952002205
33	53	-1.5745789350208392
33	54	0.7113292504216748
33	55	-1.851439284651477
33	56	-3.5214655020429517
33	57	-1.0926930924900313
33	58	-0.896629718690239
33	59	-1.6748355144236517
33	60	1.98214082387663
33	61	-0.08173856478247016
33	62	0.3804424644166705
33	63	0.7094795086642156
33	64	-0.2559560865695595
33	65	-1.6778286441016592
33	66	-2.643096126224412
33	67	-1.0358873927686794
33	68	0.8275119269726439
33	69	-0.028497281202902222
34	34	NaN
34	35	-3.286615852115759
34	36	6.21833365060375
34	37	-0.4206023599092548
34	38	-1.2508070715328825
34	39	-0.33000688991341315
34	40	1.3258160750005035
34	41	1.8583980927578942
34	42	0.11220086426747967
34	43	0.0430875442275491
34	44	2.6946922156247726
34	45	-1.5380611930401107
34	46	4.477484974485957
34	47	2.488151077610128
34	48	2.1261367199107553
34	49	-1.1223908219834433
34	50	-3.884980929950008
34	51	-1.4249773109514015
34	52	-2.135237888801604
34	53	1.066831725446704
34	54	-2.5301737665469988
34	55	-1.90959729688512
34	56	-1.5472034819297973
34	57	-2.7082644736050305
34	58	-1.2392745300829575
34	59	2.595345394125568
34	60	0.6531659275378355
34	61	1.4403290144241585
34	62	-3.119641209670298
34	63	-1.0746657830432913
34	64	0.678987552168959
34	65	-1.1626301379991366
34	66	3.399878340415347
34	67	-0.34404102009239823
34	68	0.7234012767754852
34	69	-0.9046134733497383
35	35	NaN
35	36	-2.0152233347760715
35	37	-1.426673854345926
35	38	3.969741501645715
35	39	-2.8298633545533747
35	40	2.07809654236622
35	41	-1.6193988645180657
35	42	-1.8428360161346182
35	43	-0.6057676032825352
35	44	1.1785463020301892
35	45	-1.9859093872038973
35	46	-4.2681362529127505
35	47	-1.6654500305383637
35	48	-1.288018070538688
35	49	4.7690270078322925
35	50	-3.5376662169925837
35	51	-2.271379932311506
35	52	1.3511599179758207
35	53	1.2405170896097848
35	54	1.695553294414748
35	55	5.065307921988247
35	56	1.8739878894656583
35	57	1.2414236527910305
35	58	-0.5916079552657875
35	59	-1.4843657956838048
35	60	-3.5917756615878975
35	61	-1.547645056367341
35	62	-1.5130549945846428
35	63	-0.8138571511112401
35	64	1.493837529693456
35	65	-1.0646480241227163
35	66	0.6352544308895897
35	67	-3.0401194340548074
35	68	-1.2835751437040537
35	69	-2.572392931302434
36	36	NaN
36	37	3.739810809880142
36	38	-2.734987252236748
36	39	1.8706176741875007
36	40	0.13448860890015396
36	41	-2.0157528641386366
36	42	-1.7232774035542127
36	43	3.0998224254306197
36	44	-1.617561380218413
36	45	0.24965568773135396
36	46	2.805768511451109
36	47	-3.1200115488586113
36	48	-1.4021051163874536
36	49	-0.6815260461892951
36	50	0.7528975500262804
36	51	-1.1318080365595689
36	52	-0.7969097969768448
36	53	-0.4248736036397774
36	54	1.4011560277534807
36	55	0.0909670945921671
36	56	-1.731096239073277
36	57	-0.4602621907451994
36	58	1.2791155519586048
36	59	-0.5206336609349743
36	60	-1.6711315795227792
36	61	-0.9394543087269625
36	62	-0.15018432331208537
36	63	-0.03598933776108657
36	64	-0.5482649756880794
36	65	-0.6650765016664234
36	66	0.9665254766234903
36	67	-1.9564092415044896
36	68	-3.161301934438271
36	69	4.994610356545039
37	37	NaN
37	38	-1.1219010078433589
37	39	-1.3238844634937696
37	40	0.9533901612763085
37	41	1.309738607290678
37	42	0.7194703910407285
37	43	0.09307053760705158
37	44	2.4115687807250934
37	45	1.1521763116041555
37	46	0.5857880124211114
37	47	-0.9663382150898417
37	48	-1.909822183012616
37	49	-0.8222025087534647
37	50	2.0165770725532215
37	51	1.6444063210345408
37	52	-1.8540978540160746
37	53	0.45853173497519123
37	54	-0.29203509595125693
37	55	-0.9250782143296403
37	56	-1.073829318381378
37	57	-0.4036660372117137
37	58	1.2852987138165466
37	59	-0.08874694780895441
37	60	-2.6473233246933794
37	61	-1.4320327947558296
37	62	-0.7808090691708985
37	63	1.723746758735289
37	64	-1.6937401774350083
37	65	-1.4162443866171075
37	66	1.2866905522581613
37	67	-0.9000424259259516
37	68	1.0247480066628234
37	69	7.4775222140322475
38	38	NaN
38	39	1.2228510782147348
38	40	1.0324988260680814
38	41	-1.3458153105493305
38	42	-1.4909216281888016
38	43	5.123555200817755
38	44	2.4732435721553117
38	45	-0.0832336379268591
38	46	-1.5295503379983642
38	47	-0.6989284824811841
38	48	-0.9308735001009409
38	49	1.5072334589585596
38	50	-1.9358865484595595
38	51	-0.7567111120074113
38	52	1.511867481514868
38	53	2.627411458335395
38	54	0.2479250094030795
38	55	2.331625262660506
38	56	1.036013442141412
38	57	1.9120991109931142
38	58	-2.7356197094544483
38	59	0.483403165549063
38	60	-1.731028609816703
38	61	-2.5496131076480446
38	62	0.455110997781913
38	63	-0.10811163129796585
38	64	0.5063906548988905
38	65	-1.6407997709209352
38	66	-2.59519595734067
38	67	-1.4886610506745674
38	68	0.9873135399849875
38	69	-0.4805945523184614
39	39	NaN
39	40	-2.240965578228231
39	41	1.367675364735523
39	42	1.568236925924818
39	43	-1.110400685015722
39	44	-0.44689411169004933
39	45	-0.9082713251130915
39	46	2.5544859716787913
39	47	0.1409563005356188
39	48	4.856343374173501
39	49	-1.8049804930471316
39	50	2.3665261184450213
39	51	-1.604336157934673
39	52	-1.230380781940914
39	53	-3.286853313975154
39	54	0.10355914501667672
39	55	-1.9531746679540654
39	56	-0.4472760122801485
39	57	-1.9521996918501874
39	58	2.1546306183539126
39	59	1.9814427473004446
39	60	1.2422393716038131
39	61	-0.18333505797156777
39	62	4.560106756706246
39	63	-1.6268320565935612
39	64	-2.1911825218312235
39	65	0.1134295776120839
39	66	3.2404799830749407
39	67	0.5412052983778477
39	68	-3.1988785872381036
39	69	-1.7175096076221015
40	40	NaN
40	41	0.3432721943914863
40	42	0.05491547403984164
40	43	-1.094265513623223
40	44	2.132938764829669
40	45	-0.6419183383519546
40	46	-0.4343527997491777
40	47	0.48198356500040135
40	48	-1.18737950867645
40	49	-0.5492111434226199
40	50	-1.2942613480829397
40	51	-0.848869351882313
40	52	4.533930473950892
40	53	-0.6958236213889889
40	54	-1.2097732490610487
40	55	2.117687483904169
40	56	0.9532063561206886
40	57	0.7780813391162759
40	58	-1.424902901836861
40	59	-2.3284790657925716
40	60	-1.057080015791063
40	61	-2.020661394557543
40	62	-1.456968822087549
40	63	1.1192799933283912
40	64	-1.3588300241042386
40	65	-0.8773033843427975
40	66	-2.3472966708893694
40	67	2.567172318430259
40	68	1.690009487995708
40	69	-1.5885166982467391
41	41	NaN
41	42	9.34791608845378
41	43	1.7669305411542153
41	44	1.2106467003901504
41	45	0.06002551829189174
41	46	-1.3287638373914235
41	47	2.6522183864344036
41	48	-2.3907014760308543
41	49	-2.116592916989467
41	50	0.17658637933376864
41	51	2.2878437003471745
41	52	-3.864846829108581
41	53	-2.344805350656009
41	54	-1.7453896668633946
41	55	-0.301379299736847
41	56	-2.1063540800476592
41	57	-1.5404628871159192
41	58	0.5469338147646835
41	59	1.799309681644509
41	60	1.6087539053341604
41	61	0.9388017663903464
41	62	0.2662722951639586
41	63	-3.055458953837041
41	64	-0.5878326251969255
41	65	1.3748996551196404
41	66	1.9324060092940998
41	67	-3.4010631347026075
41	68	-4.701771491550712
41	69	0.2610943691605859
42	42	NaN
42	43	0.08040623600196038
42	44	-1.3292599031906
42	45	-0.3565908781112059
42	46	2.4010649542462823
42	47	-2.439789885821174
42	48	6.277222059122622
42	49	-1.5245491925766055
42	50	3.7332158939450815
42	51	0.31571347360011076
42	52	0.48853158748931935
42	53	-2.0655441018046994
42	54	-1.1359792797659711
42	55	-3.3416344518698895
42	56	-1.126025308486787
42	57	2.8787950556800745
42	58	1.2988741226646656
42	59	-4.7382454776369265
42	60	0.35260607795441296
42	61	-0.9118028228375832
42	62	2.169808744583663
42	63	-3.3785789046202233
42	64	0.85001926101113
42	65	-0.3098152981336683
42	66	1.2198130308421689
42	67	-3.1437564304482515
42	68	0.10498212821219459
42	69	2.7010321211104382
43	43	NaN
43	44	-0.476550965538424
43	45	0.6951267975920742
43	46	1.4892454137949798
43	47	0.540327288548397
43	48	1.5604389601698403
43	49	-1.8343982670439718
43	50	-2.0976356422207236
43	51	-2.37106420421631
43	52	-2.3037353487052687
43	53	-1.0883473750902855
43	54	-0.34034172586184686
43	55	0.769717209838885
43	56	0.8489365728853008
43	57	-3.021999278819395
43	58	-2.9244146912889515
43	59	1.747405735502189
43	60	2.2997193691755564
43	61	0.0502716828079578
43	62	-1.820763092470746
43	63	-0.5888120497373615
43	64	1.2079109182320555
43	65	-0.7987931680691722
43	66	-1.8597807262850838
43	67	0.07231676132787845
43	68	-0.12594986464870836
43	69	-0.7901098041303846
44	44	NaN
44	45	1.1004092546581625
44	46	0.9258386501951281
44	47	-1.508829033726527
44	48	0.4321038606979835
44	49	4.179441289929816
44	50	-0.40556874174559443
44	51	-1.0127752268646464
44	52	0.7942134413665867
44	53	-0.4884138845393699
44	54	1.267404620773252
44	55	-0.276012771891803
44	56	1.117176868087326
44	57	0.7830937380454854
44	58	-3.8698668880816145
44	59	-0.8765337562978199
44	60	0.007106486604493485
44	61	0.7389802140357531
44	62	0.17865759780308807
44	63	-0.8033214472588495
44	64	0.8387656214165262
44	65	-0.8254265208040455
44	66	-0.3915826967509242
44	67	-0.5629286490731513
44	68	-0.9370863565422681
44	69	0.6925116373221853
45	45	NaN
45	46	4.4615018491333345
45	47	1.5923397668565569
45	48	1.2744357295694884
45	49	-1.0150404251077894
45	50	0.03313882715699708
45	51	-4.638784683955332
45	52	-0.11134174058324522
45	53	-1.0781198680447743
45	54	-1.375929642847718
45	55	-2.6519871416295557
45	56	1.1763730410469455
45	57	0.16286725412382233
45	58	-0.020055740535389565
45	59	0.7627183494648873
45	60	3.1026773080479364
45	61	0.3656316705470546
45	62	-0.2840202536852971
45	63	-0.3049762458414888
45	64	-0.957293324464448
45	65	0.5667865576217649
45	66	1.833649821970642
45	67	-0.07352884608218672
45	68	-0.6381482898997527
45	69	-1.0983930359466925
46	46	NaN
46	47	4.749145104618754
46	48	1.0362004691629887
46	49	-2.743545495595899
46	50	0.5241496513705025
46	51	0.8368112623729792
46	52	-0.26329718417423287
46	53	2.9653785101224472
46	54	1.7564309454493519
46	55	-2.659364945482978
46	56	-3.104081659655354
46	57	-1.5797774871128516
46	58	2.11216894245424
46	59	0.31791442984910634
46	60	2.19661910467167
46	61	-0.7120982015834239
46	62	-0.5038239517027779
46	63	-2.733421994215057
46	64	-0.7445270554598628
46	65	1.6437790951817823
46	66	-0.7433429137836935
46	67	2.601930087488712
46	68	1.9150270678622692
46	69	3.9561902623169822
47	47	NaN
47	48	0.9588152551204754
47	49	1.3160415806805874
47	50	-0.8412093290987177
47	51	1.3016181110441083
47	52	-0.1798690041100162
47	53	0.41802932933766096
47	54	-0.7363280400435287
47	55	2.635791913119271
47	56	4.6738017127055524
47	57	1.1319447304207655
47	58	12.957213977282331
47	59	-4.047485467529513
47	60	-5.952011171194558
47	61	-0.1851193653137586
47	62	2.394203657386258
47	63	-1.949987857329865
47	64	-1.9279530073944053
47	65	1.985362022886044
47	66	-3.8608134139978074
47	67	1.4045079116032482
47	68	0.2503911587623246
47	69	4.971171140599466
48	48	NaN
48	49	-1.0372037455390304
48	50	0.9530259108280112
48	51	2.348121488920986
48	52	-1.2524142970737333
48	53	-2.479110378152664
48	54	-3.0356074187259985
48	55	-1.696612404379367
48	56	1.564070038159607
48	57	0.6864639823689641
48	58	-3.031336195721316
48	59	0.7408737636721454
48	60	0.26664385170930843
48	61	3.024293966105566
48	62	-1.4739589470393475
48	63	3.018046313801701
48	64	-1.5015929996127209
48	65	1.4029898790014756
48	66	0.6757028421882739
48	67	-1.5092740038388897
48	68	-1.9786940106833009
48	69	-2.1266101316678467
49	49	NaN
49	50	1.698161431400744
49	51	0.4940093098328154
49	52	2.9305651622812396
49	53	1.6083865247470146
49	54	2.7180152954325902
49	55	1.5725494581728485
49	56	4.049886377785495
49	57	2.196030514137324
49	58	-1.4043117637068883
49	59	-1.0448273372346948
49	60	0.15994184910450276
49	61	-1.677206080133083
49	62	0.3731827114642423
49	63	0.9956393299582651
49	64	1.8048983397472538
49	65	0.059507540560230096
49	66	-0.5128268739556979
49	67	-0.1345282522648362
49	68	0.9710908066525655
49	69	-1.7640163452796969
50	50	NaN
50	51	3.354937034325205
50	52	-0.9876642991278078
50	53	-1.880974879261533
50	54	-1.7434097824111867
50	55	-0.5139368057871772
50	56	0.2736525052065687
50	57	-1.9103396277952194
50	58	3.484335569244192
50	59	-0.654938035977383
50	60	0.8669563053944854
50	61	-3.5442210551409894
50	62	3.896614241089528
50	63	-2.2548004100062995
50	64	-1.1343767893392556
50	65	-0.9365990124321492
50	66	2.4206971676212894
50	67	29.08705187536027
50	68	-1.6453219509257566
50	69	-0.39477505688682596
51	51	NaN
51	52	-0.4328167445935133
51	53	-0.06793624150096576
51	54	-1.6328816910622093
51	55	-3.439231357510678
51	56	-0.6766782547919936
51	57	-1.8352145295111306
51	58	0.7444614471301584
51	59	-1.6749116541350058
51	60	2.2332958480968452
51	61	4.076245641455653
51	62	-5.398308885754494
51	63	0.8208294302769275
51	64	-2.7220184846214877
51	65	1.7903580920228646
51	66	0.5279849513910507
51	67	10.057623672702986
51	68	4.0045815652156405
51	69	-2.1822264426037252
52	52	NaN
52	53	0.3091513135895246
52	54	3.3549556251701578
52	55	5.219014552521607
52	56	4.970982662602492
52	57	3.5584823687542153
52	58	-1.5068598730083698
52	59	0.5657520627351212
52	60	-2.3196563777881156
52	61	-1.9007864345553642
52	62	-0.9122132461475717
52	63	0.21876323241783846
52	64	1.0581004012837225
52	65	-2.9346041069592412
52	66	-0.5954053954003612
52	67	-1.5348549325923304
52	68	0.7748031128920452
52	69	-1.8113689206206423
53	53	NaN
53	54	0.2993452622357527
53	55	2.7362486808963276
53	56	-0.3727185602778676
53	57	-0.8187869151266602
53	58	-4.770039690701845
53	59	-0.3724100010329249
53	60	-2.2041699607108867
53	61	0.8432530802893592
53	62	-0.890900611062237
53	63	-1.6232712389784698
53	64	2.201227656098242
53	65	-0.7266048451087882
53	66	-3.555472079078572
53	67	-1.8717304137704385
53	68	1.7693168032911577
53	69	-0.5352624653620556
54	54	NaN
54	55	2.70063832819623
54	56	3.576861745667276
54	57	0.42236710034519004
54	58	-0.43761867324393694
54	59	-0.6657373183648732
54	60	-2.0769058821158466
54	61	-1.645662948764137
54	62	0.05769421007341193
54	63	-1.2408955369881407
54	64	0.6081360730618797
54	65	2.02405205504349
54	66	-1.0058418626348247
54	67	2.9005319900508035
54	68	3.2434588608428827
54	69	-1.8739563205182501
55	55	NaN
55	56	4.019742287264418
55	57	3.2942758003995345
55	58	-1.5891087760886196
55	59	-1.7761206783417505
55	60	-3.3781056553358755
55	61	-1.788584953967722
55	62	-3.7544359567245125
55	63	1.3894529543846441
55	64	0.6213709617674738
55	65	1.6936761089203634
55	66	4.752472950344847
55	67	-0.17814935472918528
55	68	0.8653178517247023
55	69	1.8824703423977782
56	56	NaN
56	57	1.6798605402929865
56	58	-2.380000056970102
56	59	-2.4373203013912432
56	60	0.291245100069657
56	61	-2.3170905540252025
56	62	-5.236666306788561
56	63	1.4876212646670444
56	64	1.0336870158544076
56	65	2.6023417424135364
56	66	1.1629167132780938
56	67	-0.11113299332546717
56	68	-0.6423499015987232
56	69	-1.5166353362343747
57	57	NaN
57	58	-3.1253404570932637
57	59	1.320612877826515
57	60	1.693912338077765
57	61	0.6564819099675921
57	62	-0.8508103941337881
57	63	0.7148644813409003
57	64	3.6976159718126222
57	65	-1.4521052702524895
57	66	-0.9166392590955988
57	67	1.100461641377254
57	68	-1.811352469450583
57	69	-0.10021797794350705
58	58	NaN
58	59	0.4109048529237365
58	60	-1.6522656317810769
58	61	-0.4490897679044696
58	62	3.8059797447630705
58	63	3.685860336731022
58	64	2.1960921745142605
58	65	2.0984353594008684
58	66	-0.1735261537696179
58	67	-2.7458087046181547
58	68	-3.1293512533044825
58	69	-2.154187319702149
59	59	NaN
59	60	4.710843245457073
59	61	0.9125258725227455
59	62	-0.6251421202687032
59	63	-0.1242588337717412
59	64	3.619046653375097
59	65	1.8812054039849122
59	66	-0.4004186718465196
59	67	-3.6582915937317457
59	68	-1.4482362227502181
59	69	-2.1495890605618495
60	60	NaN
60	61	-0.779386027504399
60	62	0.6590879088705802
60	63	-0.07240630189033652
60	64	-0.07644766775943354
60	65	0.011863209709368642
60	66	-1.2791362592727304
60	67	0.9607450166685193
60	68	3.9664490200915044
60	69	-0.7974393675851217
61	61	NaN
61	62	4.6186023208204725
61	63	-0.7555883377118587
61	64	1.0843746794441196
61	65	2.311104753909312
61	66	-0.933989209640823
61	67	3.35541835967028
61	68	-1.2639276110107496
61	69	-0.4774033595923311
62	62	NaN
62	63	-1.7948976848214078
62	64	-1.6126473121612943
62	65	6.917054897949848
62	66	-1.9055321080212269
62	67	2.0348900344351866
62	68	1.4080309809191105
62	69	2.4959663417188227
63	63	NaN
63	64	1.5610903267295568
63	65	2.3103248657743976
63	66	1.8702410775708467
63	67	0.7294731723193423
63	68	-0.3819983653766761
63	69	-1.8137905331601862
64	64	NaN
64	65	1.3585901470943735
64	66	-0.6683071547477922
64	67	-4.326463876601826
64	68	-0.10689579624831969
64	69	2.7905450478567304
65	65	NaN
65	66	0.24723854355869884
65	67	-0.27710695299432186
65	68	-1.296843631330455
65	69	-2.153677348317513
66	66	NaN
66	67	-2.7718364882361906
66	68	-0.2493587026940142
66	69	5.251555173545301
67	67	NaN
67	68	2.1722026467435045
67	69	-0.1794057623145921
68	68	NaN
68	69	3.1688572566871587
69	69	NaN
