1	1	NaN
1	2	0.948364860944762
1	3	-2.903376550147729
1	4	-1.0307561927575914
1	5	4.542547154164039
1	6	0.5899789663621637
1	7	7.177693645085683
1	8	-0.9816099462813064
1	9	1.5103252456080072
1	10	-0.24255905825460292
1	11	-0.2363957374106553
1	12	-2.242638709682401
1	13	0.036081346379282224
1	14	0.7818222724718021
1	15	0.26466869059281367
1	16	-2.8947160779663585
1	17	-0.2407409685808411
1	18	-2.103650981128879
1	19	-0.24228954114993514
1	20	-0.5331263066958531
1	21	0.7594502074360358
1	22	-2.053821006928558
1	23	-0.50310433248314
1	24	1.6473977657285412
1	25	0.01117031056020857
1	26	0.30573792264350313
1	27	1.7580388258474224
1	28	0.2645973913674845
1	29	-1.2242850507629603
1	30	-0.17799241045462624
1	31	0.6392165022461301
1	32	0.6016901977903497
1	33	-1.1656439904093827
1	34	-3.1262540148984637
1	35	0.9692409897643769
1	36	0.40716928201223207
1	37	0.9562215299294277
1	38	-1.2576889802775342
1	39	-0.70752787085584
1	40	0.6513023672708164
1	41	0.3827354393900821
1	42	-0.32187183115337087
1	43	0.04053581382636908
1	44	-1.0711409907402663
1	45	0.3093700200999263
1	46	-1.6574414157194894
1	47	1.4369223517486138
1	48	0.2502582889967504
1	49	0.4334255642802095
1	50	0.7905381046424348
1	51	1.2522380204775252
1	52	0.35737192382912686
1	53	-0.7676242177515058
1	54	-0.8399576990420473
1	55	0.5509096760150932
1	56	1.9605321903940802
1	57	1.6145207974370757
1	58	2.6203463970390444
1	59	-1.7500515619876522
1	60	-1.2775006841229153
1	61	-2.2685366150989146
1	62	-2.533366208388015
1	63	0.788326990876973
1	64	1.2122624806445794
1	65	-2.4511446594326247
1	66	-2.1861836143694586
1	67	-0.8734999135666922
1	68	0.7570127423699252
1	69	-1.4237520298422064
2	2	NaN
2	3	2.0562961209801682
2	4	1.2321520866003388
2	5	-2.3204980656455656
2	6	-1.4019678934898583
2	7	-0.3191293431558541
2	8	1.4097393333615
2	9	0.31409080180430576
2	10	-0.17490277886178873
2	11	-1.2774641780054852
2	12	0.1672144742205116
2	13	1.1980673238613087
2	14	-1.5448712418845238
2	15	-2.5561377443581286
2	16	1.14058625004787
2	17	-0.7141384780494578
2	18	-0.24503311182059348
2	19	-4.519524280624265
2	20	-1.7608022126374985
2	21	1.0705718544282694
2	22	-0.01481639973580859
2	23	1.7400702925836227
2	24	-0.767994996506488
2	25	0.1967768791518859
2	26	-0.36772171320813957
2	27	1.3534225802348976
2	28	-1.056303350553915
2	29	-3.918981279420464
2	30	-0.48324004054284936
2	31	0.5645624884341286
2	32	-1.025802103956883
2	33	1.242496129254927
2	34	-0.8056165588471038
2	35	-0.3961966801456561
2	36	-2.098429621697354
2	37	-0.5035211734624433
2	38	1.0645051107627606
2	39	-4.531009870753243
2	40	-0.745647543677425
2	41	0.6095560861723148
2	42	-1.2504902773806212
2	43	-0.1470285278688755
2	44	-0.083025223679049
2	45	1.0817145940329813
2	46	-1.3852065348533695
2	47	3.239884511716431
2	48	-0.9257452165673518
2	49	2.043473381142113
2	50	-0.0866209716354372
2	51	1.3275817035104547
2	52	-0.25989342645642866
2	53	-1.0627908945965145
2	54	-1.0389002952612163
2	55	1.0000493006293036
2	56	-0.553631323705718
2	57	0.18691921625000027
2	58	8.603316809346563
2	59	-0.3004165542420382
2	60	-0.6812171794847447
2	61	8.885248451651018
2	62	-1.5665941433187736
2	63	0.1685193137123391
2	64	-2.5647448862311486
2	65	-1.5531686048214735
2	66	2.647269348408729
2	67	0.30713691390953773
2	68	4.061889364774244
2	69	-3.7613557161560642
3	3	NaN
3	4	2.6326073112434853
3	5	3.4591319479937153
3	6	-3.874581215355377
3	7	-1.1685954050256329
3	8	-2.0343819167187025
3	9	-0.5950050582410011
3	10	-2.4989328072083694
3	11	0.5948880660810567
3	12	0.6952969413299297
3	13	2.1613728476850462
3	14	-0.35357028590710365
3	15	0.8201690843366208
3	16	2.1797326510305783
3	17	-0.2520460274818301
3	18	2.843860480610163
3	19	-3.1972127164990254
3	20	-2.8600481230058903
3	21	3.323601926486936
3	22	3.1158451995250105
3	23	2.78530669778883
3	24	-3.7218166745989274
3	25	5.802685972784622
3	26	4.55497545418601
3	27	-1.9247976346765496
3	28	2.131382761093381
3	29	-1.7048335143344135
3	30	2.703178376413878
3	31	-4.494555290330435
3	32	0.7579610642096726
3	33	-0.5239658006991185
3	34	0.1469648994943057
3	35	-1.438978998865926
3	36	-1.1908649106148785
3	37	-3.5877546374455207
3	38	-0.10571701331197898
3	39	0.6159998736776208
3	40	-1.4720727194647265
3	41	0.5979043357001872
3	42	0.30523812274221757
3	43	1.0315049727010805
3	44	0.3390557066227821
3	45	-1.1489294300525235
3	46	1.283600485486438
3	47	-4.228654333834469
3	48	4.076975068896676
3	49	-0.9876866163547214
3	50	-1.6995187021657954
3	51	4.242613172733706
3	52	0.9927546446314909
3	53	-4.087017480223356
3	54	0.6308950933622123
3	55	-3.2028184275993237
3	56	-0.24059996666847827
3	57	-2.7641100116295596
3	58	-3.895770496017362
3	59	0.45148679580759543
3	60	-1.2991202150487005
3	61	0.550794992431583
3	62	2.8034667737568197
3	63	-1.8943050612710413
3	64	-1.165158226811343
3	65	2.310144221548792
3	66	3.1171588843463387
3	67	1.8818023299082782
3	68	4.4486871255400064
3	69	0.2265493345095682
4	4	NaN
4	5	1.4076497228219795
4	6	-2.6462420346979414
4	7	0.18395665722979845
4	8	-1.2000098726994262
4	9	-0.6951518335979131
4	10	-2.0858602621961997
4	11	0.9735257075100416
4	12	-0.3713905530333583
4	13	-3.4636935626586034
4	14	-0.4812526805414432
4	15	-0.599771596968776
4	16	-1.8329446177893503
4	17	-3.01484905784135
4	18	-0.15347805874892642
4	19	-1.4538345675504531
4	20	-2.5044427565048135
4	21	0.1082853010969656
4	22	0.9621929693595951
4	23	-0.457565909077385
4	24	1.4087456035084385
4	25	2.4360227497451286
4	26	-2.608422611900749
4	27	-2.168770590977423
4	28	0.6119522040571156
4	29	1.7019286691493207
4	30	1.2479832456112565
4	31	1.3097907210218136
4	32	0.49792041002877385
4	33	7.753455456078475
4	34	-0.0928938311950952
4	35	-3.020823154397006
4	36	-0.6675880784074913
4	37	-2.2151600595182295
4	38	-2.037498261011572
4	39	-0.8613249181787729
4	40	-2.3191238189010535
4	41	-2.0870589746046164
4	42	-5.45276313181745
4	43	0.6354266510603834
4	44	-1.145219256281153
4	45	2.586327431751216
4	46	1.974451902861227
4	47	-2.4363937830942612
4	48	3.4074963140998595
4	49	0.6618188225972444
4	50	-1.7275928217731564
4	51	2.374619361558172
4	52	0.7038402195128486
4	53	0.6911981651009019
4	54	1.6287185423255055
4	55	-1.7581556838793846
4	56	-0.6258499579776141
4	57	0.2757044348416646
4	58	-0.7055093210284947
4	59	9.246929109197222
4	60	2.6585658797981413
4	61	0.7657798911054469
4	62	-0.21807942452624615
4	63	-0.3997072061117844
4	64	3.991281856599939
4	65	-1.6600722809825663
4	66	-1.929892891491687
4	67	0.5030176127253669
4	68	1.6806845719996832
4	69	0.5711744003977953
5	5	NaN
5	6	-1.6657759879036809
5	7	0.18055854804516763
5	8	-3.0653929532955138
5	9	-3.9283491786731113
5	10	-4.0627810081839995
5	11	-1.0898913194157873
5	12	-2.0321624716994853
5	13	-4.3807815715604805
5	14	2.5596740221197645
5	15	-3.0912467991381902
5	16	-1.8210423548434835
5	17	-3.1336364761719793
5	18	2.143547043078067
5	19	-1.693000470432853
5	20	-2.0522855626951997
5	21	0.1520805797656702
5	22	1.72743931015711
5	23	-1.8594295180741893
5	24	-2.9731384553007665
5	25	-2.34119165044685
5	26	-2.4402214815005014
5	27	-5.2688794271976285
5	28	-1.0455473640557889
5	29	-0.422547881765916
5	30	-4.581415311041817
5	31	0.9613125732666723
5	32	-1.0512296181968768
5	33	-0.3499370686966672
5	34	40.06555447121479
5	35	-1.782977380112287
5	36	55.95481104268149
5	37	-0.37381159814460263
5	38	-1.227189526415054
5	39	-0.35249800620126553
5	40	-3.867718016176393
5	41	2.76658906374947
5	42	-0.7126914486454677
5	43	-5.988088724664654
5	44	1.0857813547105462
5	45	2.5168334199471945
5	46	-0.9067143523376907
5	47	-1.847913366454103
5	48	-1.744463342373029
5	49	-1.8878225866129392
5	50	-1.9028936964752345
5	51	2.3724771453526783
5	52	-0.8156355204257981
5	53	-5.203067413982674
5	54	-4.232978135056445
5	55	-2.129220836863563
5	56	-3.521880854033254
5	57	-1.9498304401918858
5	58	-1.6734565256533949
5	59	-2.246321441871573
5	60	1.19785122577552
5	61	-2.0470902835904212
5	62	1.4474951130212137
5	63	-0.05548070729154904
5	64	-3.9010062671880013
5	65	-1.4946697980860923
5	66	-2.1687599631398724
5	67	-1.7436404736603794
5	68	-0.6086845645503205
5	69	-3.2163750527393415
6	6	NaN
6	7	-3.026920275993393
6	8	2.7734227714085606
6	9	4.327764372734373
6	10	2.207612725332766
6	11	1.2089924134547678
6	12	-1.2969917481925504
6	13	1.4645561514987373
6	14	-1.5501262157080156
6	15	-1.1779583246536127
6	16	-0.49508718107106664
6	17	1.1719757804291497
6	18	-2.2050129291727147
6	19	0.4856411128184773
6	20	2.271544049874795
6	21	-2.108434465100207
6	22	-1.793280140437142
6	23	-2.430763012605227
6	24	2.755602247430158
6	25	-1.878853040599211
6	26	-2.3124201975622016
6	27	3.7638137816783686
6	28	-1.5539121428975133
6	29	-0.6173352000648429
6	30	-1.6634284267935526
6	31	-1.7854802378605372
6	32	-2.9123079019349136
6	33	3.6642436396300058
6	34	-3.3566404852493608
6	35	1.5452716131223905
6	36	-2.697587105541065
6	37	2.2262842454985288
6	38	2.1462374192478504
6	39	-1.0909696353239282
6	40	2.162986187230336
6	41	2.6062843997978358
6	42	-4.301061200129384
6	43	-1.7956196727266804
6	44	0.8779113647658284
6	45	-1.5802534348196817
6	46	-1.9359608707159845
6	47	3.4062801030545806
6	48	-2.2215547960982134
6	49	2.7853336078495383
6	50	-3.2600877654193625
6	51	-0.45901383259871315
6	52	3.3520370895196385
6	53	4.774898143893204
6	54	-0.08563614275129493
6	55	4.754827073678607
6	56	3.7722726125771033
6	57	0.7303826823775078
6	58	-3.4092437880739936
6	59	1.260338733043098
6	60	-3.305993143281006
6	61	-0.6497162815082451
6	62	-0.04258834413425248
6	63	2.2979842354114446
6	64	-1.197144958876
6	65	-2.118271735180588
6	66	0.004566198747140872
6	67	-0.3982988903895198
6	68	-1.193430593957311
6	69	2.521606559941723
7	7	NaN
7	8	-1.60070660183741
7	9	-4.57566186397092
7	10	-0.7922225925344225
7	11	-0.04130191876092022
7	12	-1.5700813182935436
7	13	-0.25783668966521395
7	14	1.0000560220886703
7	15	-2.3124917428319667
7	16	-0.8166661935061361
7	17	-2.3753661903436547
7	18	-0.29140450035860793
7	19	-3.93888437848533
7	20	-0.43931513609106676
7	21	-0.1745276509761381
7	22	-1.4194694638876693
7	23	-0.5691149779903341
7	24	-3.788861238432382
7	25	0.45965317669457445
7	26	1.0260856460225085
7	27	-0.43699727029031044
7	28	1.4471175598002686
7	29	-0.04134612682188966
7	30	0.1990927431631884
7	31	3.09748068142537
7	32	-1.6855247883786255
7	33	-3.6577798177380214
7	34	-2.205698270098991
7	35	-1.967903529313632
7	36	48.93628183132622
7	37	-0.14978437439857678
7	38	3.970654010601887
7	39	-0.32678128751777646
7	40	-1.3906964291448942
7	41	-0.6622150594497328
7	42	-1.6225496523591119
7	43	-0.47453126716690114
7	44	0.017660579038461355
7	45	-0.3876943312211881
7	46	1.1952020520147377
7	47	-1.203491041718792
7	48	-1.8459930038763075
7	49	-2.554619588908435
7	50	3.874134662820337
7	51	0.4172228635193271
7	52	0.5875922694094731
7	53	-2.5027293638031423
7	54	-5.325003933404516
7	55	-3.695238147271361
7	56	-2.3348287417834674
7	57	-1.8063054089502457
7	58	-0.5600061387724414
7	59	-3.4629521817448796
7	60	-0.906878878200186
7	61	1.7835159172001709
7	62	-5.18644845697932
7	63	-1.6097215037387547
7	64	0.8974784221508658
7	65	-1.270031416710891
7	66	0.2283822178888877
7	67	-0.32415420135517586
7	68	0.9993954090512911
7	69	-0.09950223565292872
8	8	NaN
8	9	2.739373134810119
8	10	1.4384480990926733
8	11	-0.28585341821107024
8	12	-0.8114849923327865
8	13	0.14128837631971566
8	14	-1.163424890153828
8	15	-2.56193275287529
8	16	-2.6754225688655593
8	17	-2.22329622932792
8	18	-0.9957471301519072
8	19	-1.8751783536353672
8	20	1.5089555832852382
8	21	-2.2614467645905583
8	22	-0.8950137039066441
8	23	-0.2802715755903956
8	24	3.9233528430774363
8	25	-1.2938332624221545
8	26	-1.130646984602479
8	27	0.5034122000515037
8	28	-2.145191958214782
8	29	-3.05053761927016
8	30	-0.5409200288103031
8	31	-1.7529913803810733
8	32	-1.2240448487272857
8	33	0.7696116203796924
8	34	-3.4236680542068503
8	35	0.011704988619497947
8	36	-3.778820784453636
8	37	23.410501905319112
8	38	0.8079728538457721
8	39	-0.7848201939519532
8	40	1.2209424568023144
8	41	-3.147016750335071
8	42	1.1045375296616198
8	43	-0.9125230329793724
8	44	-1.4636069011537074
8	45	-2.1956144775746496
8	46	0.6823628442990514
8	47	1.9207581114564498
8	48	-1.2868566254551106
8	49	2.7667232501498753
8	50	-3.3888080798382267
8	51	-0.5086174724056677
8	52	1.7584142554799458
8	53	17.609585938827454
8	54	-0.15580941294521522
8	55	0.1712718482388146
8	56	1.2382234662968605
8	57	0.634549222359872
8	58	-1.91994865618866
8	59	-0.6628778917873074
8	60	-3.8872054772070643
8	61	-4.423412366102315
8	62	-2.8410849768715765
8	63	0.18164197952022132
8	64	2.464390348121081
8	65	-0.9650309203048959
8	66	-0.05098259918288542
8	67	-3.4608933152916896
8	68	-1.1369388891729435
8	69	-1.7992373621303124
9	9	NaN
9	10	2.8595144255970113
9	11	0.23737769114241525
9	12	2.0991517901873307
9	13	0.2917755726965733
9	14	-1.2527927021416911
9	15	-3.181425542842144
9	16	-3.0050172208325847
9	17	3.512573761149111
9	18	-1.00543312535818
9	19	-2.154008473684943
9	20	3.0627949248411763
9	21	1.5628439939610497
9	22	-1.189020596701416
9	23	-2.643777057166116
9	24	1.0017546258084038
9	25	-1.7212199809481408
9	26	-0.6982517255469033
9	27	3.495897070765487
9	28	-2.696264315692372
9	29	1.4661127407008658
9	30	-2.4609609321018437
9	31	-0.42537333063494115
9	32	-1.7556635827057443
9	33	5.2827068393343
9	34	-4.187451479026757
9	35	0.7319405534474795
9	36	-4.031395636637463
9	37	-0.14841387010582419
9	38	2.05259843232614
9	39	-1.5029048614690834
9	40	4.009968385711904
9	41	2.84741855312102
9	42	-2.831650588668767
9	43	0.13526324137790735
9	44	-0.2834706511179708
9	45	-1.1682327778331092
9	46	0.8833746626878279
9	47	2.2915905963382515
9	48	-0.5870123068757601
9	49	1.9622954288851735
9	50	-1.0632536941050381
9	51	-1.6882698525967867
9	52	1.568901654092993
9	53	3.725886256042357
9	54	-1.9468014587025262
9	55	2.0327285756946294
9	56	3.1050737953644982
9	57	1.902974551861667
9	58	1.084046750123091
9	59	-0.6340829612521446
9	60	-0.12752926343399687
9	61	-1.7454835657514378
9	62	-1.4865203438537702
9	63	1.9662356395308287
9	64	-1.227065397100042
9	65	-1.9481286501398283
9	66	-2.379416168961502
9	67	-3.3939947355692865
9	68	-1.0780396718902723
9	69	-2.270569113880162
10	10	NaN
10	11	-0.9926161276078675
10	12	-3.2762358899610233
10	13	2.7580054747915503
10	14	-0.009696975476942031
10	15	-3.154564212499975
10	16	0.21273157600247924
10	17	27.875897560858224
10	18	-1.4530194851087854
10	19	-1.695392020139583
10	20	2.922358279806006
10	21	-3.3474776806546473
10	22	-1.8762586404002701
10	23	-2.0884364318888737
10	24	2.2963999791125205
10	25	-1.0260595805782453
10	26	-2.66848492685133
10	27	0.317609648121802
10	28	-5.204388500598151
10	29	-0.43181321891494384
10	30	-1.4597255186354994
10	31	-2.6866115681105516
10	32	-3.4860338716380745
10	33	3.2196153453621084
10	34	-3.6604480429162254
10	35	1.5003408756295398
10	36	-3.9040816731045593
10	37	2.0927830790266055
10	38	2.2438887628850357
10	39	-0.6138442054302937
10	40	3.559946392607805
10	41	-1.9323528631311304
10	42	-0.2688825378171794
10	43	-4.073540918129714
10	44	0.7816190530522611
10	45	-0.9983513597837429
10	46	-3.3542077076300068
10	47	1.4836499109152546
10	48	-3.7275020786913533
10	49	2.0308962161874615
10	50	-0.3190039735646639
10	51	-1.601749651430977
10	52	2.656694349122513
10	53	3.275308053974471
10	54	-0.7136641390464027
10	55	0.5155873398022871
10	56	1.9827711419270437
10	57	-0.15117136498345266
10	58	0.06513650155829613
10	59	-0.6804966991345445
10	60	-2.000465475745245
10	61	0.8514828497743164
10	62	-1.7260761892056193
10	63	2.1192518952308834
10	64	0.7302441135139293
10	65	-1.5079621121483193
10	66	-0.7681752496778536
10	67	-1.819667720343578
10	68	-3.5130000820621614
10	69	-0.5322548036078054
11	11	NaN
11	12	1.3133511719164521
11	13	-3.0183671568028063
11	14	-1.2974893565067347
11	15	-0.052234721253804635
11	16	-3.4254227546356737
11	17	0.43981509581516653
11	18	1.468125532193281
11	19	0.9697615069297283
11	20	-1.417862781279037
11	21	1.7725556739075243
11	22	0.5544757722741638
11	23	0.1065471178887237
11	24	2.2655964334072256
11	25	0.28219719627175743
11	26	-3.324460694074961
11	27	-0.13111900610758473
11	28	-1.052099807864007
11	29	1.6230843492641163
11	30	1.5719628916072617
11	31	0.10623273377186626
11	32	3.7349186552736175
11	33	-0.8166751680249124
11	34	0.7966752105578135
11	35	-1.1839204958439118
11	36	-1.6384224581213789
11	37	2.4551008892486323
11	38	-0.7283337868361844
11	39	-0.4500355802333306
11	40	1.4792525406511812
11	41	0.305365524633766
11	42	0.23251806726760588
11	43	-1.5948135622859705
11	44	-0.23092589312285447
11	45	0.7185980972592227
11	46	0.866601632044445
11	47	0.5909906549231438
11	48	-0.008586607992336119
11	49	0.24298679869579903
11	50	-0.2288927667555444
11	51	-0.9266741116008161
11	52	3.4493832518681855
11	53	-1.3549672645226578
11	54	-1.8233346666430073
11	55	0.5378124242131757
11	56	-1.1951025720960908
11	57	-1.4129670885043828
11	58	-0.5335198105887935
11	59	-1.1089575469939597
11	60	-2.387657462371125
11	61	-0.3951910844726949
11	62	-0.10672948778062154
11	63	-1.7006036961494655
11	64	0.47774478841189455
11	65	0.9787090686150283
11	66	0.3728010517133757
11	67	2.4785403977688394
11	68	-0.24307078401356275
11	69	-1.7566047924613495
12	12	NaN
12	13	0.723787283007225
12	14	-5.973324988731084
12	15	2.202057668758658
12	16	0.07490609584671695
12	17	-3.803410935608446
12	18	41.58324383842057
12	19	-3.3359201203476267
12	20	0.03215051909007861
12	21	0.4671095512605844
12	22	2.3107091381440434
12	23	0.7939008494808159
12	24	-3.459610119654328
12	25	1.5241771761373164
12	26	-0.04568516549977199
12	27	-4.5772921174664685
12	28	-0.30513305783840594
12	29	-1.9604595127199593
12	30	-0.27434600310084517
12	31	2.453081446043324
12	32	0.7556148275814683
12	33	-5.3384249771216465
12	34	1.239555502822799
12	35	0.8319569436303822
12	36	-5.926878136769361
12	37	-0.959199288944928
12	38	-1.9132309990931082
12	39	-2.1847529021328884
12	40	-1.3036786709841497
12	41	2.0008871852935557
12	42	4.324766620238383
12	43	1.9312952848009668
12	44	-1.2375517924424795
12	45	-0.2428958224155033
12	46	2.894687029387049
12	47	-1.6556060018809655
12	48	-2.213931689173195
12	49	-2.9219738135512374
12	50	1.8978904626753583
12	51	2.8934884149625106
12	52	-0.40125063525512394
12	53	-1.3646002512670863
12	54	-2.0643064976213017
12	55	-2.397749657246871
12	56	-2.5449968201161086
12	57	0.7391134544119511
12	58	-1.4303123720715671
12	59	-0.3337935747003898
12	60	-0.8658619425842512
12	61	4.2087742461881215
12	62	3.7541770610068013
12	63	-0.5301930855645763
12	64	2.401035695747493
12	65	3.0134494497956923
12	66	-0.5398037030870437
12	67	-3.725592277069125
12	68	-2.265893441273022
12	69	-2.642081548178701
13	13	NaN
13	14	1.7457394984826395
13	15	0.18741042739615532
13	16	0.644470295943189
13	17	-0.6800966996826309
13	18	-1.2311785058900038
13	19	-3.059196862195226
13	20	1.9556382689682512
13	21	-0.9796109757448769
13	22	1.6727329961415125
13	23	-1.814843704891013
13	24	3.327513312964159
13	25	-0.975960195145317
13	26	-0.8124352053037883
13	27	-2.0320789336076657
13	28	1.8991623819013048
13	29	-0.41722785669350176
13	30	-2.076650945334739
13	31	-1.26061840903116
13	32	-1.5290553443499078
13	33	3.521862338935184
13	34	-3.416314444744948
13	35	2.2386528274515496
13	36	-1.0753924805348853
13	37	-0.8769191468607233
13	38	1.9471997185226855
13	39	3.18739027067157
13	40	-0.0856907642247481
13	41	2.50896584322228
13	42	-0.5144542423095834
13	43	0.15387572723182158
13	44	-4.2465792797123605
13	45	-0.6764305139203002
13	46	-1.8550652099753735
13	47	0.05461352503568162
13	48	-0.27025622200520655
13	49	1.9501876930498612
13	50	0.43815680319729644
13	51	0.31583510636636797
13	52	1.0162730354831568
13	53	1.6669918919698583
13	54	-0.05224189278692571
13	55	2.7227624089495683
13	56	0.15611378799552267
13	57	-0.6741404782578742
13	58	-3.6987454177365433
13	59	1.1442981362492382
13	60	2.8941728005506295
13	61	0.7372591675739606
13	62	-0.656042069993577
13	63	0.7791640858792693
13	64	-0.918454544521581
13	65	-2.124227682197345
13	66	0.8070558942632915
13	67	-0.17744987338228957
13	68	2.029950328858348
13	69	-2.2125500001998772
14	14	NaN
14	15	1.2969103273630394
14	16	-0.1758128250104329
14	17	-2.7539085952460214
14	18	-1.8815912124327623
14	19	-1.7409782751263445
14	20	0.8083918332230767
14	21	0.11277636495590085
14	22	-1.0600534720632535
14	23	-0.25176195293534354
14	24	-0.6083695609176571
14	25	1.919776256197402
14	26	2.151950926169236
14	27	0.5358278790795868
14	28	3.764770816190528
14	29	2.9450517128759612
14	30	0.5185963305674792
14	31	0.18602952691573066
14	32	-0.3255377617698463
14	33	-0.003141528144492392
14	34	0.3595630578399708
14	35	-1.390038152410121
14	36	-1.7884809823624703
14	37	-0.7005338069584139
14	38	2.803054277386581
14	39	-0.6939197345116238
14	40	-0.8500679041371577
14	41	0.21357902052518976
14	42	-0.6874033838472126
14	43	-1.2348491559873576
14	44	1.2005611783281596
14	45	-1.0181345345706085
14	46	-0.9813267625069585
14	47	0.25807351900296116
14	48	-0.07039967048342977
14	49	2.217043000672846
14	50	1.5955653923631576
14	51	-0.2422466606236867
14	52	-1.3778025951943835
14	53	9.169867982531468
14	54	-2.7146711783297524
14	55	0.44206047919696356
14	56	-0.7649677358623862
14	57	-0.5739659550169507
14	58	1.6182213127288931
14	59	-1.6536650315180415
14	60	1.731691940428188
14	61	-0.684247930985705
14	62	2.0400061120142077
14	63	0.04844164710209749
14	64	-1.6940342993350102
14	65	-0.842120117921396
14	66	-0.695207332353398
14	67	-1.4111536228550303
14	68	-0.7094645079665929
14	69	0.4703887128384779
15	15	NaN
15	16	2.6361568482641924
15	17	1.0140173628938915
15	18	2.5945143513955
15	19	-1.0152606654818792
15	20	-0.10040316041394215
15	21	1.0569822149780994
15	22	3.624623411558289
15	23	1.3327702051316672
15	24	1.130985406302405
15	25	0.09721801701496938
15	26	-1.1629388331905746
15	27	-2.239754736033608
15	28	1.413518087327664
15	29	1.0476225277315632
15	30	2.2396431871006506
15	31	3.696058611503688
15	32	4.979413675010846
15	33	-1.1879964055274697
15	34	-2.311602881662047
15	35	-4.571597538127785
15	36	-1.257422883860602
15	37	-0.7392301752751943
15	38	-1.7634047640896335
15	39	0.10688835349889364
15	40	-1.018126410364528
15	41	-2.6676456232034904
15	42	1.321118917466132
15	43	4.55070675358054
15	44	-0.5014612198707571
15	45	1.349754200352237
15	46	0.7376804432775493
15	47	-0.4408866990566603
15	48	1.742919016251727
15	49	-1.2505850472376592
15	50	0.27850428775050984
15	51	0.8425296326752839
15	52	-3.0568876855697336
15	53	-0.3151844308951215
15	54	-1.3772379899044913
15	55	-0.5489202726094784
15	56	-0.9406095607342996
15	57	-2.8914835851607874
15	58	3.6467641470950443
15	59	1.4110863919007663
15	60	-2.195010274774056
15	61	1.2275409476302686
15	62	1.3456638022826155
15	63	0.3277295818519448
15	64	-1.6362340329021274
15	65	1.3563111983699683
15	66	2.6335862704611728
15	67	1.3242514191868062
15	68	2.709841317981534
15	69	1.0497410103734472
16	16	NaN
16	17	1.2718587943937858
16	18	3.9814792308334574
16	19	3.4767359506681967
16	20	-1.720723834409314
16	21	-1.5827311106090733
16	22	1.5400481677753768
16	23	-1.9811917045361789
16	24	-0.54147255005548
16	25	-0.8584681327378961
16	26	2.6772540760196293
16	27	-2.4071476281478583
16	28	3.9850789321639426
16	29	4.438566821087482
16	30	1.760119103109522
16	31	1.088962255443633
16	32	2.2064318790838815
16	33	-1.240594767143615
16	34	-3.8078413461433476
16	35	-2.308251668611019
16	36	-3.4033228091559034
16	37	-0.08298005045293301
16	38	-2.902002876729505
16	39	2.24830436932641
16	40	-0.14551533451229404
16	41	0.15864300049337335
16	42	1.3045272203698028
16	43	0.5616040080621492
16	44	1.6032770782735064
16	45	2.4862215523879225
16	46	0.28680322998512664
16	47	-2.816488528147871
16	48	0.2790574111106447
16	49	-1.9000975470606571
16	50	0.2200698799256364
16	51	2.6179098769328717
16	52	-0.567807492657774
16	53	2.5737491543679303
16	54	-0.8443905927871997
16	55	0.015808401859209478
16	56	-0.6217071819196323
16	57	-0.4044709505843108
16	58	-0.8694484378040421
16	59	-1.185657246955518
16	60	-0.7288218840871755
16	61	2.9359529832300058
16	62	-2.516153718770361
16	63	-0.7692915485280938
16	64	-1.055406837536456
16	65	0.5955052532328654
16	66	0.6360355316776087
16	67	0.8055054004477634
16	68	-2.9166224403658063
16	69	6.630842083167008
17	17	NaN
17	18	-1.0293254384095059
17	19	-0.7754960251806223
17	20	1.0941919887584237
17	21	-0.893866279787421
17	22	-0.34212879393853646
17	23	0.3252332532901805
17	24	1.206673622967161
17	25	-1.7624210436578995
17	26	-0.10419104651433367
17	27	0.7105970013650175
17	28	1.105159822528393
17	29	-2.225036500518809
17	30	-3.039276494563439
17	31	0.1689997553929383
17	32	-2.617797295030393
17	33	1.4166136937960425
17	34	0.0617337311037869
17	35	1.1868774459163582
17	36	-5.065884967033413
17	37	-0.9367066945028955
17	38	1.333251885865179
17	39	-1.3951729993713184
17	40	2.424559871794279
17	41	-0.32433316018645697
17	42	-2.7791157099649295
17	43	-0.6558080974486596
17	44	0.6719464297914789
17	45	-1.396487292621869
17	46	0.23394829781498844
17	47	1.1984057605402727
17	48	-1.7929911920912873
17	49	1.1256214590158993
17	50	-2.323748619810787
17	51	-3.306269664980672
17	52	1.064213800510801
17	53	4.227181841339119
17	54	1.8957427092495558
17	55	0.9683351502785261
17	56	0.5844300070088756
17	57	0.6083797053582085
17	58	-1.7889059982452833
17	59	-2.3021681882970793
17	60	-3.5587896191296267
17	61	0.501545179878865
17	62	-3.7954206324057402
17	63	0.9380413181227445
17	64	-2.2514211229050765
17	65	-1.037263883421435
17	66	-0.6006802580101048
17	67	-0.2593932606391232
17	68	-0.9014861703976202
17	69	-1.6245783414821706
18	18	NaN
18	19	3.116040512425671
18	20	-2.957974522734782
18	21	-0.7289475643210783
18	22	-0.5181776247235096
18	23	0.2714436041362515
18	24	-1.7391782229586707
18	25	0.22223995644351105
18	26	1.5793296326305453
18	27	-0.9838881614430667
18	28	0.5872968168890639
18	29	1.5298902889300192
18	30	2.1965003328112442
18	31	-1.9853261977127088
18	32	3.8353220169783713
18	33	-2.2221864052025024
18	34	-1.034527810799321
18	35	-1.281826856728464
18	36	-1.2938536893720993
18	37	-1.7194179149658584
18	38	-0.9489123707292109
18	39	-0.9620790629486023
18	40	-3.744839899439356
18	41	-2.81901698520262
18	42	0.3136844225693434
18	43	0.6821301097691397
18	44	0.7758776990476156
18	45	-1.917757849507751
18	46	-3.624090427361551
18	47	-2.08593156502936
18	48	-2.7051864176842324
18	49	-2.124035070438196
18	50	2.4228501079315268
18	51	1.7397998480942372
18	52	-4.689777373836444
18	53	-3.894930082234654
18	54	-2.3086072647823195
18	55	-3.946892237863758
18	56	-1.4600919160670163
18	57	-3.024478458195421
18	58	-3.3138358496151006
18	59	-0.9297496837142979
18	60	-0.43640161276611406
18	61	-0.20637713208628145
18	62	-1.4501626080310002
18	63	1.693765282409932
18	64	-1.0796691612918796
18	65	-0.9103790374319937
18	66	-0.13238653267168948
18	67	1.689412772952768
18	68	1.9298595690864313
18	69	-0.15350891303889888
19	19	NaN
19	20	-1.3331103724084339
19	21	6.502203256480663
19	22	1.2075536058135083
19	23	-2.061292747592367
19	24	-1.6916476317684064
19	25	2.1072782884138266
19	26	1.0319524425340296
19	27	-2.663196132698044
19	28	-0.8880654457184101
19	29	3.504660308147016
19	30	1.4741192003903172
19	31	5.122942757353894
19	32	-0.20044602491651603
19	33	-2.6614395804087225
19	34	-0.6811760134918347
19	35	0.12810266472760337
19	36	0.20749320621363052
19	37	-2.6731666883655874
19	38	0.3951000217120427
19	39	-1.8916041326553912
19	40	-5.37496984859396
19	41	-4.135861389480473
19	42	1.1710404134210681
19	43	0.9634342866441541
19	44	0.7461883712579515
19	45	-1.8810604215433928
19	46	1.423279674983157
19	47	-2.008847679868005
19	48	2.7350472780752217
19	49	-2.3059619705717718
19	50	-1.9352610365631144
19	51	1.151482943092961
19	52	-1.0613646096061617
19	53	-0.5470820405105071
19	54	-1.4327210992051995
19	55	-3.8129243669178043
19	56	-1.280337238985488
19	57	-0.6216592192425364
19	58	0.27939846744795394
19	59	3.217687786859853
19	60	0.7470644409324219
19	61	2.221249329738884
19	62	2.1394801580968448
19	63	-2.172524279903528
19	64	-1.8232551590354353
19	65	-0.010431804948748147
19	66	-2.304165188820042
19	67	-2.672187626460352
19	68	2.183726704991869
19	69	38.62870037197595
20	20	NaN
20	21	0.24954463242928573
20	22	-1.96868377280532
20	23	1.9221179799597496
20	24	2.6289993889621894
20	25	-2.0478770644829876
20	26	-2.215932051482476
20	27	2.61678169647026
20	28	-3.430595560404791
20	29	-2.3676169659926463
20	30	-3.4275746119952633
20	31	-1.9984436877148875
20	32	-3.4720304289915296
20	33	0.12185833042142423
20	34	-0.9689885830707177
20	35	2.5740726910698006
20	36	-0.8964984360676121
20	37	1.0149968886052483
20	38	1.6820445858201465
20	39	-0.4188652336802788
20	40	3.1579379380382653
20	41	0.0657191396082517
20	42	-1.1658595918611192
20	43	-2.046832519391194
20	44	1.6981215536030756
20	45	-2.6286063268331312
20	46	-0.6701577912031997
20	47	1.4620067480885097
20	48	-0.8046851040191811
20	49	3.4983736703153894
20	50	-1.7031860186115793
20	51	-0.623149124575862
20	52	3.713452424385139
20	53	4.080423548709542
20	54	0.6262326781217438
20	55	5.297724896669936
20	56	0.3899321172367858
20	57	1.3131107627383631
20	58	-3.245268194798604
20	59	-1.6885902496970058
20	60	-0.4592784910789909
20	61	-2.335158848657996
20	62	-2.282392917085778
20	63	1.6010670398559506
20	64	-1.0265336870562471
20	65	0.4895136062878173
20	66	0.46029259080145274
20	67	-0.43963079718067305
20	68	-1.7657403774281084
20	69	5.278596448819912
21	21	NaN
21	22	-0.03832737619877716
21	23	1.9855464742475182
21	24	-1.7604626944208457
21	25	-0.19117342802345005
21	26	4.7955077748170245
21	27	-0.3428121249435647
21	28	0.40243805775058544
21	29	0.48118047526030866
21	30	2.1647109009406447
21	31	3.652427005868627
21	32	0.8411983364177081
21	33	-4.442873834338584
21	34	0.11228648821109521
21	35	-3.655468607862039
21	36	-2.7992396086796725
21	37	5.045854098717088
21	38	-1.6487568953377953
21	39	-1.7784061328399565
21	40	1.2476129041071233
21	41	3.5400124632407177
21	42	1.02762504578475
21	43	-0.711079720941798
21	44	2.0338215080191304
21	45	2.1453186512155633
21	46	-0.24236083759409732
21	47	-0.5081042261854138
21	48	-1.5793992679872986
21	49	-2.5305450495076816
21	50	0.7307658940995794
21	51	0.37352485201078556
21	52	-3.671458752078083
21	53	-2.2327677483701334
21	54	-2.320516599642989
21	55	-4.4323785174148265
21	56	-1.213139063182664
21	57	0.5674301354797427
21	58	-0.36100752452900736
21	59	-1.3350849192583967
21	60	1.7613771150130992
21	61	0.8645160303153899
21	62	0.07384440159102272
21	63	-0.7315348693404212
21	64	2.0382422072070354
21	65	0.16385380554455428
21	66	0.3430964099968293
21	67	0.9060855224384109
21	68	0.7529132339630046
21	69	-2.795135792338452
22	22	NaN
22	23	2.511766770737584
22	24	-2.934515606495613
22	25	4.866738751363672
22	26	-0.9846403035956145
22	27	-3.386435977300259
22	28	4.218260684101045
22	29	1.1492648277538695
22	30	-0.36185767372354893
22	31	-2.541415967227614
22	32	1.603607575107698
22	33	-1.2045411237859092
22	34	-1.0223560356301005
22	35	0.38301440364560524
22	36	1.4333641122344178
22	37	-3.292362436968144
22	38	-2.077562602560217
22	39	2.351754595312502
22	40	-1.5165346907601176
22	41	-1.7172735903181024
22	42	0.3969552876211379
22	43	3.8520162237549513
22	44	-1.151188832631751
22	45	-0.8259853170254899
22	46	1.5118213555550808
22	47	-1.2017666655219703
22	48	-2.1736195042657456
22	49	-0.8908200303366062
22	50	-0.4195192163455559
22	51	0.5752959417937279
22	52	-0.28910632611360143
22	53	-2.4077797533696366
22	54	-0.9468301942524279
22	55	-4.067229988658466
22	56	-0.7396941239211124
22	57	1.4349759539304805
22	58	2.7067034563656684
22	59	2.516149601838919
22	60	2.569895203062457
22	61	1.1343788595352746
22	62	-2.8025142255908992
22	63	1.5289388284027052
22	64	-1.3616608216980186
22	65	-0.9643887656044029
22	66	2.8723026180024585
22	67	2.2302278019037503
22	68	0.6578400711160447
22	69	-1.5933227827556458
23	23	NaN
23	24	-0.9875686346501446
23	25	-0.6766016366991227
23	26	1.003194895183741
23	27	0.12910902403927507
23	28	-0.7672825868973528
23	29	-0.30877582673085174
23	30	1.5248525124817909
23	31	-2.462355758465487
23	32	-0.8349641819305319
23	33	-2.871463383809212
23	34	1.2936836072322948
23	35	0.29792298119587685
23	36	-1.8258861950091554
23	37	1.4223523786488617
23	38	-1.7172867793706275
23	39	2.9478721851256564
23	40	-1.883354934695402
23	41	-2.081973582115564
23	42	1.2685216933011256
23	43	2.785807098134648
23	44	1.8493116106170913
23	45	-0.640891131190949
23	46	1.4349232626258974
23	47	-0.19464646852848205
23	48	2.269646512512683
23	49	-0.7497910582730354
23	50	4.860040078886188
23	51	0.4906721792826261
23	52	1.198409682470599
23	53	-1.486154323566914
23	54	-1.6608108251236042
23	55	-1.0097687319009958
23	56	-0.5306855841520594
23	57	-0.6867399910272597
23	58	-0.4493405077250666
23	59	-3.201645743835084
23	60	0.8882868845764429
23	61	2.752504002306798
23	62	-1.2663580824492977
23	63	-2.2692644101000283
23	64	-0.7727082008628713
23	65	3.1696917525529877
23	66	0.9177682418140423
23	67	1.9233516191756646
23	68	1.7758414401105558
23	69	-3.2009930163145257
24	24	NaN
24	25	-0.5910701759106703
24	26	-1.0961452580488875
24	27	3.6350111833682464
24	28	-2.1452708280535995
24	29	-2.5565885732241536
24	30	-1.9936590645664065
24	31	-1.5533696815239357
24	32	-2.740656283693944
24	33	2.785905199805088
24	34	-2.081980777875128
24	35	3.759600740260507
24	36	-2.0149491473320853
24	37	2.15666839085416
24	38	3.4214235495779644
24	39	1.4160996780779247
24	40	3.9897129127562976
24	41	1.152710413581547
24	42	-2.5726861117965023
24	43	-2.301386061283391
24	44	3.36681912548961
24	45	-3.5499102369070985
24	46	-1.1770302020201342
24	47	1.8768361651393017
24	48	0.905469023672981
24	49	1.461668182309636
24	50	-1.5521628223148947
24	51	-4.260236981229586
24	52	2.0640240496443027
24	53	1.3363071258594263
24	54	2.22663609468129
24	55	4.815026377108713
24	56	3.1009527812173125
24	57	0.835098402830889
24	58	-2.3350667308150577
24	59	0.06440205412313085
24	60	-2.459738610938034
24	61	-3.7902824968781754
24	62	-2.8824010132106093
24	63	1.194553598781624
24	64	-0.33030734752840735
24	65	-0.3653074160595994
24	66	-2.5523490703526925
24	67	-0.8079219211980602
24	68	-2.005240109895778
24	69	1.4986006340650029
25	25	NaN
25	26	6.322276761719519
25	27	-1.3255003326835404
25	28	1.0881417656717982
25	29	2.261095844775385
25	30	3.9479558442319065
25	31	0.2738824577902751
25	32	3.997167803403022
25	33	-3.378274289556642
25	34	-4.608812746144524
25	35	1.989065462537985
25	36	4.2521349454059285
25	37	-3.6019107276731415
25	38	-3.0929921909321982
25	39	1.9619490720958994
25	40	-1.8358719081650163
25	41	-2.5800769291711525
25	42	0.16620100344297212
25	43	-1.5036998694554229
25	44	-2.0937029111733234
25	45	3.770473552339918
25	46	0.14930352963082866
25	47	-1.2151043098688665
25	48	1.040035250571405
25	49	-3.460474592414896
25	50	2.3390265571998516
25	51	2.500226702374134
25	52	-3.4098366390926325
25	53	-2.3076038181983503
25	54	-2.6290643768922646
25	55	0.04282525355814385
25	56	-2.3701543558782547
25	57	-1.0806931625717802
25	58	1.9122462187192082
25	59	1.811787777033863
25	60	4.1216943750818675
25	61	5.013687396121667
25	62	-0.9276860357075999
25	63	-2.1004298986924357
25	64	-0.6556749201550535
25	65	-0.5674298463362994
25	66	-2.608750735962926
25	67	0.9916440375709357
25	68	1.9814210721539967
25	69	-1.4532074026895854
26	26	NaN
26	27	-0.7097256614564136
26	28	0.2887726623914143
26	29	1.097964862638601
26	30	4.188479058832606
26	31	-2.06878850110153
26	32	1.1891657719366349
26	33	-0.24737486222694074
26	34	0.6324865024081555
26	35	-0.5043242024060647
26	36	-3.647517856001651
26	37	-1.0679408131535035
26	38	-2.230342162035408
26	39	4.261917504551636
26	40	-0.07768966894110345
26	41	-2.4331067123665098
26	42	3.080829151001787
26	43	0.732412674812338
26	44	0.8693276646295707
26	45	1.923187268799134
26	46	5.312495155409901
26	47	-0.1452405996860977
26	48	0.4481740091577475
26	49	-1.2380033621120146
26	50	1.9405544554598126
26	51	0.7492958142230275
26	52	-1.5593254263183385
26	53	-2.16729870012371
26	54	2.0782195574803377
26	55	-1.9131219134261257
26	56	-2.7978747170874994
26	57	-3.793549838636282
26	58	0.7423466462438187
26	59	-1.8448541914083814
26	60	-1.357405927004274
26	61	0.04439600287540263
26	62	4.024146196080984
26	63	0.7669060381473575
26	64	-1.4594587161611206
26	65	-0.6517512783267283
26	66	2.6865724738405006
26	67	0.21268930710519035
26	68	0.39084051268020104
26	69	0.7401352925475915
27	27	NaN
27	28	-3.038962144569987
27	29	-2.4380906369471225
27	30	-2.359224504095404
27	31	5.548103818290096
27	32	1.2975749485341115
27	33	1.564747284585808
27	34	-1.8759533108713435
27	35	4.2059779270011095
27	36	0.51389191290937
27	37	1.1425767607505968
27	38	0.08494459318433213
27	39	1.1052694383025785
27	40	3.0848616212320907
27	41	1.3947496302250704
27	42	-3.915336979743849
27	43	-1.459602035638863
27	44	0.6302443163748717
27	45	-2.730293541573412
27	46	-0.8939875444873335
27	47	2.2486583995337592
27	48	-2.249427106685397
27	49	0.9205778342470654
27	50	-0.6206443726742141
27	51	-0.6922317257462357
27	52	2.066346545351838
27	53	0.3003293558055645
27	54	-1.2819806635943318
27	55	4.713097824153156
27	56	5.599499245388811
27	57	1.598698472905064
27	58	-3.273666771302123
27	59	-0.8947530970864028
27	60	-0.3746231633208838
27	61	-2.0986358990110543
27	62	-2.164549067301124
27	63	0.8076734538925449
27	64	-0.7643117112775061
27	65	1.7209174548763384
27	66	2.209386077149215
27	67	-1.3548491522144612
27	68	1.087998930896131
27	69	-1.4816208281758958
28	28	NaN
28	29	0.8296420635907706
28	30	1.849473248219485
28	31	1.4262733869888462
28	32	0.2964188803172879
28	33	-4.183134624752221
28	34	3.1243211911027426
28	35	6.001624789833051
28	36	0.7752273424854675
28	37	-0.7536590729407661
28	38	0.749249740639939
28	39	-0.38819557162486296
28	40	-1.2160907453464878
28	41	0.17795584269437426
28	42	2.0552061481052717
28	43	-0.22516433134852085
28	44	-0.009197621967909084
28	45	0.3312522866942459
28	46	1.4706325047896953
28	47	-0.4212769165921516
28	48	0.8800315153962187
28	49	-3.7002093410433394
28	50	-1.6217509253303715
28	51	0.2643919177309096
28	52	-2.7766206902978663
28	53	-0.9955073384587787
28	54	-2.0290196077635807
28	55	-0.20106371435883294
28	56	-2.555210467720701
28	57	-2.555031535331314
28	58	0.11674887378060374
28	59	-2.14175639621408
28	60	1.1598272357954367
28	61	-0.6884409068787907
28	62	2.339701171830486
28	63	-0.6141980774711816
28	64	3.055993894762095
28	65	2.4088293861196717
28	66	-1.5172987696320137
28	67	3.7544463420458514
28	68	0.668828677274287
28	69	-0.15976122000889736
29	29	NaN
29	30	5.423363391820089
29	31	-0.40074544612635205
29	32	2.257046134827683
29	33	-0.803795292687862
29	34	-2.2994592673794547
29	35	0.6867569676511943
29	36	-0.43970603830503024
29	37	-3.162066012902804
29	38	0.09061556902201197
29	39	0.3671281438094136
29	40	-2.431941873230027
29	41	1.1405817927797433
29	42	1.105629599990407
29	43	3.3158364845805974
29	44	0.004156491449144143
29	45	5.96794305747202
29	46	4.760730828018253
29	47	-1.5016771246405929
29	48	-2.0017980187949886
29	49	-0.16668768629805933
29	50	1.8339069316788121
29	51	-2.994032375559048
29	52	-0.39946382133256036
29	53	-3.3106278598209222
29	54	-2.507661405643497
29	55	-2.3579324526918484
29	56	-2.8608924594149165
29	57	-1.3822204878385203
29	58	-1.2074561909908808
29	59	1.309170192332911
29	60	2.800241794587044
29	61	2.8214292074460228
29	62	2.1622538056412255
29	63	-1.2214983814806828
29	64	0.7977281840688137
29	65	-0.33683272322098345
29	66	3.4601632402253872
29	67	0.4107959485385256
29	68	0.255162403938372
29	69	-2.053980003663623
30	30	NaN
30	31	5.109115077135859
30	32	2.3078846272235856
30	33	-0.35962286334032323
30	34	2.091085650362728
30	35	-0.14859570123976426
30	36	-5.691553111003082
30	37	-2.697942543563372
30	38	-1.9744962778273605
30	39	-0.15618296825643585
30	40	-2.427316351677172
30	41	4.664262299577842
30	42	1.5895952821582437
30	43	4.409027606728076
30	44	1.7206924499692033
30	45	1.7115650053398932
30	46	-1.83948947143361
30	47	-2.2545659388121067
30	48	3.796915275615168
30	49	-1.9075037150417404
30	50	0.7712280345548406
30	51	0.46508377914497906
30	52	0.14684553362349187
30	53	-0.988785802285899
30	54	-1.446925539748691
30	55	-1.005091394176999
30	56	-2.778442083322275
30	57	-2.5595219024915594
30	58	-2.9727880714969146
30	59	0.8390129114492402
30	60	3.3873949711311586
30	61	-0.6622233560170117
30	62	-1.9104170225962906
30	63	-0.5458419545383061
30	64	0.421224489509037
30	65	2.4482830999336986
30	66	0.9017172217823586
30	67	-1.8799596774557183
30	68	-0.3935977339364476
30	69	-0.9542192045204677
31	31	NaN
31	32	3.7517771333473298
31	33	-1.572946437303757
31	34	-0.10193730013042139
31	35	-0.0958706023686033
31	36	4.512906731729406
31	37	-1.5653746853688966
31	38	-0.6296190227504644
31	39	0.25681201029403206
31	40	0.6341530333762602
31	41	-0.44867491412064714
31	42	0.03570760440596057
31	43	1.414667353941597
31	44	-2.0193854719980915
31	45	3.8223340446229424
31	46	0.74683202307685
31	47	0.14545604834186496
31	48	-2.8678154359210466
31	49	-0.6356205111350337
31	50	-1.1533641983939853
31	51	3.248994977526255
31	52	-1.7736937366978622
31	53	-5.221480751452041
31	54	2.4617824449794115
31	55	-1.176404158292804
31	56	-0.6631277850907898
31	57	-0.671914702481049
31	58	0.16476708575597582
31	59	-2.371327811191292
31	60	-1.6071153402755622
31	61	3.042274632627092
31	62	3.72367159921881
31	63	-1.3704762662998125
31	64	0.0814303058276437
31	65	-0.3951088803461104
31	66	-2.6883098247599846
31	67	-2.9332163759335237
31	68	0.9429908814596931
31	69	-1.9440693844417698
32	32	NaN
32	33	-3.6422934197393104
32	34	1.5946189484446718
32	35	-1.724489319345366
32	36	-1.0146965059676016
32	37	-2.261735328606463
32	38	-1.8069266736113991
32	39	1.6119964912229787
32	40	-1.4835249043477619
32	41	0.9322590009253073
32	42	1.9873612756054027
32	43	1.9071620807682559
32	44	-1.6957379677685738
32	45	-1.3283235126238355
32	46	1.987404396895051
32	47	-2.1991833361228927
32	48	4.398912883904468
32	49	-1.1889853127477614
32	50	2.181401410366267
32	51	3.3715549526240847
32	52	-1.7644897993000326
32	53	-1.9179085624617656
32	54	0.2513396438417193
32	55	1.0871837775042092
32	56	-1.0737987250642336
32	57	-5.719631147603146
32	58	-0.8627774075725324
32	59	0.8409699645810942
32	60	0.39701045146625413
32	61	-1.602105925352993
32	62	0.27331662069984736
32	63	-0.8547109899102474
32	64	-2.781734999024724
32	65	0.007372791510800961
32	66	0.8336656847199732
32	67	3.908265332779361
32	68	0.5627784555783084
32	69	-0.4817599563587676
33	33	NaN
33	34	0.26707936748449335
33	35	-0.2883693659642095
33	36	-2.879045120972802
33	37	2.3752098991869754
33	38	0.7276571763953752
33	39	-1.1364420585118908
33	40	3.5921279282226775
33	41	1.5940838434866218
33	42	-0.8554439932977148
33	43	-1.0268109814128317
33	44	0.8267032070334335
33	45	-5.336856837253553
33	46	-0.08652479239479165
33	47	1.8533083725244208
33	48	-3.0780950603661967
33	49	1.903245537623147
33	50	-0.7011301407566837
33	51	-0.9420568593761866
33	52	5.631058601390911
33	53	2.1540629833782194
33	54	0.985322253733917
33	55	2.127528740871957
33	56	2.060987934715818
33	57	1.4285346543632746
33	58	-0.8350135765389765
33	59	2.569374385541251
33	60	-0.5778661003931258
33	61	-2.0328320835888767
33	62	-0.710182799743159
33	63	3.9715268462138233
33	64	-1.8089195286793924
33	65	0.32441963476342506
33	66	-1.0612479092606253
33	67	-1.8372430961667203
33	68	-1.6752160089738166
33	69	-1.169512311833886
34	34	NaN
34	35	3.4158373384519924
34	36	5.9113720040274185
34	37	-1.4101084199726026
34	38	-3.2206193903210747
34	39	-3.082405567040746
34	40	-1.8846577433775105
34	41	-0.47169120806051035
34	42	-1.4726974271469664
34	43	-2.8887464877265767
34	44	0.8668656496842265
34	45	3.934423247042493
34	46	1.7305155104793422
34	47	-2.6386190992597593
34	48	1.6382369311117229
34	49	-0.44458399407439264
34	50	0.680605175587603
34	51	3.9358408077700733
34	52	-0.9382961143630171
34	53	-2.820546868462745
34	54	-0.7650919049789241
34	55	-0.04394158253466368
34	56	3.0164807428959843
34	57	-0.791516716618745
34	58	-2.0491963486538327
34	59	-2.9034112419361646
34	60	-0.11404301694138429
34	61	4.450016498857675
34	62	0.9078757741238587
34	63	-2.4054200484645967
34	64	-1.5126495367400306
34	65	1.6464220924532786
34	66	-0.353421864455342
34	67	2.232858681958984
34	68	-0.05445942766982111
34	69	0.10269309565255078
35	35	NaN
35	36	-0.49888012974400336
35	37	2.831413223110649
35	38	0.5656504811754649
35	39	-0.37815306224960826
35	40	0.6702036333898445
35	41	1.1932541774700913
35	42	1.255046522716487
35	43	-2.0937807886893687
35	44	0.1471548618040775
35	45	-0.9143215707071078
35	46	0.8800669766982732
35	47	1.9766719454149162
35	48	-1.6384351701475566
35	49	0.8601908090744603
35	50	-2.4298086500007376
35	51	-0.8036272059408552
35	52	1.3565932477992577
35	53	0.8871393673976357
35	54	2.735795612025596
35	55	1.5549373653199716
35	56	2.032829381176954
35	57	0.815566872003386
35	58	-3.020567675760615
35	59	-1.8598996532733596
35	60	-1.426616831753236
35	61	1.382311275050337
35	62	-3.334039163588343
35	63	0.4540779873996623
35	64	-3.6637771241892234
35	65	-3.5652757301408053
35	66	-1.0644481037136861
35	67	-0.8845796451218103
35	68	-2.568213168838076
35	69	-1.402882148502202
36	36	NaN
36	37	-2.7822351771990306
36	38	-1.198079074110491
36	39	0.09105246366869284
36	40	-3.3500560127137766
36	41	-0.1477643890677799
36	42	-0.20595195478658307
36	43	1.6059124663556128
36	44	-3.5887631452033206
36	45	2.590796595015574
36	46	-1.5200065332350154
36	47	-2.0068298850377926
36	48	-3.6028888901718514
36	49	-0.9587980602885862
36	50	-1.949948568508097
36	51	-1.3811644467116047
36	52	-0.09120218029372652
36	53	-5.028465739380099
36	54	-4.419347467288048
36	55	-4.119489785090568
36	56	-3.0573935248341675
36	57	-1.219942792113335
36	58	-4.637983507491031
36	59	-3.308415878328801
36	60	-0.3555130437727944
36	61	-3.7985887088282184
36	62	-3.653984860590312
36	63	-3.99852671708154
36	64	-0.8006420502067425
36	65	5.468028825410777
36	66	-3.938333042813883
36	67	-2.2608565107864282
36	68	-0.16870257825803048
36	69	-1.9345110958664118
37	37	NaN
37	38	0.04529592472113559
37	39	-0.14509590981024306
37	40	0.8027535891316838
37	41	-0.6422778303294696
37	42	-0.9808263475965033
37	43	-0.43778468852503144
37	44	1.2536865476404508
37	45	-1.3199143654397318
37	46	-3.731718993464142
37	47	5.385359842971357
37	48	-2.514342852414885
37	49	1.8299004515897588
37	50	-1.0452615338414888
37	51	-3.5598026935610676
37	52	1.0990523768421838
37	53	1.6745915763035284
37	54	1.757146143262827
37	55	2.1335429104753674
37	56	1.4548010666888644
37	57	1.0482427353475559
37	58	-2.3663560893363917
37	59	-0.3504625506310435
37	60	-2.225397571229291
37	61	-3.206344840481416
37	62	-4.8403774127891595
37	63	-0.3721550005291672
37	64	-0.19507746886232455
37	65	-0.7461557093617988
37	66	-1.477097227808969
37	67	-1.5433232486870974
37	68	-0.6882248747666577
37	69	0.30210696334112636
38	38	NaN
38	39	-1.325547429206913
38	40	2.2251176578873464
38	41	0.8985342511570925
38	42	-0.7728536705066191
38	43	1.5586406762186398
38	44	-0.4523158324059903
38	45	-4.739068901140899
38	46	-0.4007714608750842
38	47	1.1728718760659669
38	48	-1.0317704044439067
38	49	2.5929994828011593
38	50	-1.1593435736169135
38	51	-1.7139586801043365
38	52	1.5655313852281267
38	53	1.2380447880877574
38	54	2.3903769877396006
38	55	0.7930678585382311
38	56	1.4693285640669445
38	57	3.290653006449986
38	58	-2.0425484495354747
38	59	-1.0623829638926332
38	60	0.6914829233901563
38	61	0.37198157458073705
38	62	-1.6624913554344327
38	63	2.1516004680154777
38	64	-1.876396263123524
38	65	-2.668797592153777
38	66	-0.8190365693387767
38	67	-0.8681486201730702
38	68	-1.2115979065649145
38	69	1.345048476094888
39	39	NaN
39	40	0.9162021950920068
39	41	-0.14192937076395498
39	42	1.5232282715728511
39	43	-1.1654736153940355
39	44	-2.889695393497246
39	45	3.8336277502949665
39	46	1.8729469874635793
39	47	-1.5170068050446577
39	48	1.3914139541371462
39	49	-0.5273422840452133
39	50	3.735632306164485
39	51	1.5195221503035738
39	52	-1.260210899994822
39	53	-3.45757826971505
39	54	1.811069911445625
39	55	0.34111841096845463
39	56	-1.3968054977050504
39	57	-0.8488276467650723
39	58	0.32714436266445435
39	59	-1.425537590373679
39	60	2.5581374620525685
39	61	1.882116936718572
39	62	-0.8200091945780873
39	63	0.5863074984531852
39	64	0.6614065831492676
39	65	-2.6108901970289127
39	66	4.183237930624235
39	67	-1.471135684458212
39	68	2.2450999912571237
39	69	-1.191630264556885
40	40	NaN
40	41	-1.526701126773371
40	42	-0.26831812070370253
40	43	-0.13687162042752057
40	44	3.2024656765835564
40	45	-1.5998010215357745
40	46	-0.12379319231059484
40	47	3.0728112975551207
40	48	-2.782620364601391
40	49	2.4319529824864956
40	50	-0.26167690488265055
40	51	0.07368180401115347
40	52	1.8019618061830984
40	53	1.097380897025561
40	54	-0.09829122256077932
40	55	2.431109438558673
40	56	3.1612650212752436
40	57	1.6708825942751073
40	58	-1.6266638515377756
40	59	-1.287021611797794
40	60	-2.568555856596094
40	61	-1.2494731799525665
40	62	0.6712746425604851
40	63	1.498798207913716
40	64	-1.0072818447638614
40	65	-2.555063958764652
40	66	-1.1159786918551862
40	67	-2.6098254494512876
40	68	0.9506307480911581
40	69	-0.35692333328220305
41	41	NaN
41	42	1.212264315384747
41	43	0.40732017721363273
41	44	-2.8382319485142986
41	45	-1.3091919154801925
41	46	1.019170599223507
41	47	-3.235451980866608
41	48	0.20684718222732312
41	49	-1.1041029002694542
41	50	2.1170804810082635
41	51	-0.98817664679245
41	52	-0.5832528380878408
41	53	-0.9419507679380954
41	54	-2.6403645280852435
41	55	0.34762474074322686
41	56	-0.6181674010371482
41	57	0.8357949378292547
41	58	-0.9143065047702398
41	59	-3.1630232249826946
41	60	4.8325228985699535
41	61	-1.3727282516669281
41	62	1.8895010165592525
41	63	-1.0384477776546077
41	64	0.41688456556192993
41	65	1.1730730882460731
41	66	2.106711796412386
41	67	1.567027389560185
41	68	5.646722458520803
41	69	-1.4407389598362512
42	42	NaN
42	43	4.312057125999966
42	44	1.3437165717963968
42	45	3.6787525872042597
42	46	0.0032948454697072113
42	47	-2.2582122647498077
42	48	5.964902954063702
42	49	-2.319025199022785
42	50	1.0475995712343642
42	51	0.48339104000653915
42	52	-3.0519586283584275
42	53	-2.5319301785338952
42	54	-1.08271099407859
42	55	1.835492695581277
42	56	-0.8136685262194971
42	57	1.8268387642233248
42	58	-0.7693586746128142
42	59	0.0962087125364956
42	60	2.0677273028071825
42	61	0.771099070072325
42	62	-1.390523822541601
42	63	0.8182834512958419
42	64	-1.5668850577965188
42	65	1.7910995944801855
42	66	0.686855511228323
42	67	1.2623480815734556
42	68	0.8599523759297015
42	69	-0.8392397793200397
43	43	NaN
43	44	-0.09115523851988717
43	45	5.254460698971415
43	46	6.605327633386629
43	47	-3.609004480720484
43	48	2.0427571583870416
43	49	0.27707733145302643
43	50	-1.4397104344940497
43	51	3.1137827378647236
43	52	-2.534752333015508
43	53	-1.3951148779759406
43	54	0.8245166140854425
43	55	-0.9520933208319234
43	56	-1.183190719106147
43	57	-3.7382919136590185
43	58	-1.167564999209746
43	59	0.5655450027551153
43	60	-0.3557975346031795
43	61	-1.2195059714193128
43	62	3.4911484519082663
43	63	-1.268292163757371
43	64	2.2036900805419415
43	65	2.1569036393890677
43	66	-2.7321275890018226
43	67	1.5740992367938031
43	68	-0.6567132668752305
43	69	-5.355631825084412
44	44	NaN
44	45	-0.2267406895858672
44	46	-1.8873552759770449
44	47	1.0017718682786687
44	48	-0.08013776167785218
44	49	2.3173318719735305
44	50	1.1027799088063441
44	51	-1.891717843198804
44	52	1.0996941035295134
44	53	-0.14922309947755288
44	54	0.4461579279327782
44	55	-0.15410617970636314
44	56	-1.4398048352247272
44	57	1.6454623616910937
44	58	-0.5918559695638679
44	59	-1.6529910682992177
44	60	1.042491686778028
44	61	-1.334338892151271
44	62	-0.883079178276716
44	63	-1.6540104099165804
44	64	0.11750394604178512
44	65	-2.0645815618607113
44	66	0.4017106868652253
44	67	1.0089936919308324
44	68	-0.4755062750842667
44	69	-1.1694344726976378
45	45	NaN
45	46	5.903882985408834
45	47	-1.2169194431665724
45	48	2.5712396486008564
45	49	-1.6760714616916519
45	50	0.8515027456256453
45	51	0.3306732017817813
45	52	-3.6696969233671495
45	53	-0.7526812283355844
45	54	-1.059891123707213
45	55	0.6252219321875001
45	56	-2.0275253443008574
45	57	0.4398830399070395
45	58	-0.8849246124197088
45	59	-0.5334508597844102
45	60	0.569036124549437
45	61	-2.3107081789469905
45	62	-0.4501793671420133
45	63	-2.2768811915168654
45	64	1.9785399065066318
45	65	0.8069800124836294
45	66	-0.14234828550582243
45	67	-1.9453357084535647
45	68	2.5250796852729978
45	69	1.3264427696271643
46	46	NaN
46	47	-1.8705892051980997
46	48	9.06117134850605
46	49	-3.6043764842017607
46	50	-1.2041365422429289
46	51	-4.448594559512845
46	52	-0.4032262485206212
46	53	-3.883246172895972
46	54	-3.284320508062895
46	55	-1.7978237983724659
46	56	-4.220093120303196
46	57	-0.9312412746048171
46	58	-2.0585581174680176
46	59	0.8722829199757689
46	60	6.004662951165833
46	61	0.11934761107392518
46	62	1.3972681678968732
46	63	-1.3690018276776392
46	64	-1.6531564028672887
46	65	3.599499454705869
46	66	1.0037447747537964
46	67	-2.3091316905317565
46	68	0.3209230925687618
46	69	-2.0159600423622073
47	47	NaN
47	48	-0.9002697506413828
47	49	2.4270952181488332
47	50	-1.1580755304647834
47	51	-1.665454335892421
47	52	2.37164024103762
47	53	1.6199701115424
47	54	-0.01625051374862526
47	55	2.913140756008961
47	56	3.139001462087934
47	57	0.6316686414611639
47	58	4.658907152218019
47	59	-0.3872664682147797
47	60	-0.49504329201603736
47	61	-1.2481874875187913
47	62	-1.5260463018836297
47	63	1.8302251147550566
47	64	-0.42810828918374455
47	65	-1.948006277832109
47	66	-0.8872145934526647
47	67	-2.411056175604904
47	68	-2.082417314601723
47	69	0.8570959543390344
48	48	NaN
48	49	0.5653478547544706
48	50	1.370153965716374
48	51	-0.32023554038490354
48	52	-2.3049119846759503
48	53	-3.685725306997012
48	54	-0.07588981449268359
48	55	-1.7216877105221746
48	56	-0.8708032529699157
48	57	-1.2092650204768636
48	58	-0.08911418197996329
48	59	2.9457118554016346
48	60	2.9645221106825135
48	61	1.1883993242189206
48	62	-0.5442760423149698
48	63	0.83843396801858
48	64	-0.918414793488349
48	65	4.125072911246906
48	66	2.4548921069531757
48	67	1.3333964685088993
48	68	1.0972126330680179
48	69	-2.2174421407005207
49	49	NaN
49	50	-1.9737203196484123
49	51	-2.982516434571865
49	52	2.0588246240323853
49	53	2.6833613731324766
49	54	4.904617321346185
49	55	2.2115592201868757
49	56	4.877154010500515
49	57	2.2895521878958904
49	58	-0.6420700158656619
49	59	-1.370646324895364
49	60	-1.7956058190682873
49	61	-2.2274045983509145
49	62	-2.541469256830612
49	63	0.15426834751704935
49	64	-4.185607291556467
49	65	-0.5454861139392521
49	66	0.5600585017808558
49	67	-0.2589974049220457
49	68	-1.6887378274432148
49	69	-0.8043636575959591
50	50	NaN
50	51	2.509283825732754
50	52	-1.6964852178935452
50	53	-0.42173121828397164
50	54	0.5329718007118353
50	55	-3.72182963866437
50	56	-0.9513937398053134
50	57	-1.3044057068912116
50	58	-0.7579565970216179
50	59	2.4611504892483493
50	60	0.7211860533322749
50	61	-1.6083554439191505
50	62	-1.4261181907051241
50	63	-2.093364627085361
50	64	6.396013408779128
50	65	2.4624161268927858
50	66	-0.2641575490968041
50	67	0.4877062670833659
50	68	1.6939924581830004
50	69	0.294975677273694
51	51	NaN
51	52	-2.4963581921689904
51	53	-2.050618321814907
51	54	-2.8638912032318697
51	55	-2.4792721937100692
51	56	-2.7580434463582604
51	57	0.6539276371810655
51	58	-1.098579579782741
51	59	1.0556867510735117
51	60	-0.0010586792117488748
51	61	0.01850328055919084
51	62	0.9473152130775507
51	63	-0.04780986713309619
51	64	4.344609128683322
51	65	2.1432194783042475
51	66	-0.031042138589053005
51	67	1.2495948635429441
51	68	0.6493638038654364
51	69	-0.6748455214721462
52	52	NaN
52	53	3.350509416454841
52	54	1.5403616472330421
52	55	3.032300802904586
52	56	2.6134663785194423
52	57	1.2141316859387479
52	58	-2.558069735177542
52	59	1.4763294434818353
52	60	0.877505884702738
52	61	-1.2726710815868032
52	62	-2.7269721399092997
52	63	2.0135726573281922
52	64	-1.2689087452503336
52	65	-0.886834415929808
52	66	-3.3256536244616655
52	67	-2.449871820084814
52	68	-3.3734729765804046
52	69	0.3497309152038962
53	53	NaN
53	54	1.3950463581832182
53	55	1.6437693611388018
53	56	2.389076264405721
53	57	1.6785810752997314
53	58	-1.0266442522985828
53	59	1.9053833866954752
53	60	-1.3039230161180095
53	61	-2.8718782939741554
53	62	-3.079821726067418
53	63	-1.4964108927856739
53	64	2.3347938320213992
53	65	-1.503600351459783
53	66	-2.763614213271542
53	67	-1.874018774993299
53	68	2.225346672390714
53	69	1.7102253600568214
54	54	NaN
54	55	4.054944447430633
54	56	0.8762249083583593
54	57	2.237100104760014
54	58	-2.6133665413890506
54	59	0.3339498686457045
54	60	-2.5803923307476135
54	61	0.6503978124613415
54	62	-3.569613844696763
54	63	1.4046356480578586
54	64	-0.28170856082868156
54	65	0.8619336422788212
54	66	0.8908940422828889
54	67	21.841559910182955
54	68	-0.8692035548539485
54	69	-0.44864565018150243
55	55	NaN
55	56	2.692396191806334
55	57	2.0468465847605652
55	58	-1.802426986007917
55	59	0.2843740515373446
55	60	0.08972351199604629
55	61	-1.2040912946571725
55	62	-1.3176271752217295
55	63	0.5053536364830777
55	64	-3.506377781884819
55	65	-1.0138464812099892
55	66	0.23046192400729362
55	67	-2.366297486589138
55	68	-2.304429013128414
55	69	1.3116002779057678
56	56	NaN
56	57	4.612803931328965
56	58	-3.3901361789522344
56	59	-1.0293496665157076
56	60	-1.7438271969446766
56	61	0.4231706215842706
56	62	-2.30898996845551
56	63	4.15704406073158
56	64	-0.5937106691894155
56	65	2.0195168839956152
56	66	-0.0927333205334959
56	67	-0.48581979755448174
56	68	-1.9054509423289194
56	69	-0.21778933249277344
57	57	NaN
57	58	-2.3868923891679197
57	59	-0.8690905724407306
57	60	-1.6638193255917606
57	61	-1.677831860127499
57	62	-1.7447576456490808
57	63	1.3057514561462893
57	64	10.21320303944693
57	65	-0.5574664649395841
57	66	-1.4523895888070695
57	67	-0.8294006485596815
57	68	-1.0026101717380334
57	69	1.7783572679615594
58	58	NaN
58	59	-0.7136207073292837
58	60	3.1392693913460437
58	61	0.10890984830663071
58	62	45.02108571764586
58	63	1.6975083197791137
58	64	-0.1698815273747135
58	65	2.066730876905027
58	66	5.073553815139576
58	67	-0.5795357767809663
58	68	1.0004328117702965
58	69	-4.372742414753287
59	59	NaN
59	60	1.5463422922764058
59	61	2.667508876373307
59	62	3.013868996395918
59	63	1.0882351915446264
59	64	6.865472526367819
59	65	1.9030075393137533
59	66	-1.5782848720788598
59	67	-0.990589583513651
59	68	-1.6298602980724037
59	69	-0.18763907319426507
60	60	NaN
60	61	1.464939958051417
60	62	-2.757407726471752
60	63	1.0173955475415202
60	64	-0.9294538685146895
60	65	-3.2510398421169224
60	66	2.6550903482225356
60	67	2.296202211321305
60	68	-1.6300738195863993
60	69	0.08535803560872526
61	61	NaN
61	62	-1.3505645090921226
61	63	-1.5984635412152686
61	64	1.6522671356309002
61	65	1.435576664717199
61	66	0.02267129791452191
61	67	0.9992769369460497
61	68	1.7195979692914098
61	69	-2.9057358582734647
62	62	NaN
62	63	0.7212065596834637
62	64	-0.257372264549672
62	65	-2.4315631091441055
62	66	0.2161998390877078
62	67	1.5072666243274127
62	68	-1.454516131431389
62	69	-0.9754348817897808
63	63	NaN
63	64	-2.129662750107688
63	65	0.6718249822171406
63	66	-1.5196829201066244
63	67	-0.6412912483066605
63	68	-3.1340277507219816
63	69	-2.286994309115174
64	64	NaN
64	65	3.49063240720409
64	66	-0.3426852368532705
64	67	1.3437247526402891
64	68	1.1458402127283316
64	69	-1.61555642566829
65	65	NaN
65	66	0.4389034288840789
65	67	-1.144898238991489
65	68	-1.0378215086085476
65	69	-0.4426517864206345
66	66	NaN
66	67	2.2604628053116667
66	68	3.604930848867757
66	69	-1.6071289895753142
67	67	NaN
67	68	-0.8737071259347826
67	69	-0.9780218956902493
68	68	NaN
68	69	-0.9049200654393041
69	69	NaN
