1	1	NaN
1	2	-2.3197691697566825
1	3	-0.031845768368581086
1	4	-0.10020148569560994
1	5	2.170474310677249
1	6	2.4544166598076806
1	7	-1.068577433187377
1	8	3.1247914293392562
1	9	2.1747166048995252
1	10	-0.4670443795098944
1	11	-1.0245234601895343
1	12	-1.945905480633168
1	13	-0.9468836632129559
1	14	-1.8491884235045097
1	15	0.17372509498395156
1	16	-1.195945841562603
1	17	0.4231037599320382
1	18	-1.4092023754260021
1	19	-0.7699378162985925
1	20	4.291905920083835
1	21	-3.2611208811502728
1	22	0.4329472204853385
1	23	-3.4007433701564724
1	24	2.0994426499110883
1	25	-3.398948504392753
1	26	-2.789390085070417
1	27	2.2899146814336673
1	28	-0.5604887978798424
1	29	0.48538264510937357
1	30	-1.3884077160714519
1	31	0.8988522493663412
1	32	-2.222218922994191
1	33	-1.2338502328778278
1	34	-4.814170201205514
1	35	3.827281373370141
1	36	-2.4416303854407615
1	37	2.465623399629252
1	38	3.1627215226767995
1	39	-1.9988838643909859
1	40	2.1856876488178125
1	41	-1.762835161718478
1	42	-0.5984183247748284
1	43	-0.3245414882054856
1	44	3.3009604453351926
1	45	-0.38419574246365207
1	46	0.38081432092871476
1	47	-0.7220858335635597
1	48	-1.9705363368199529
1	49	1.6681670953256162
1	50	-1.182124242725774
1	51	4.082717578797751
1	52	2.2340393621607917
1	53	0.2627334218891765
1	54	1.0313055467651613
1	55	2.3189298284331046
1	56	0.28492651485551207
1	57	4.34794839586943
1	58	-2.1252446942882997
1	59	1.6020977937614327
1	60	0.8093205924233313
1	61	-3.1189384908060105
1	62	-4.161482193311366
1	63	-0.6083910353829795
1	64	1.245134876299523
1	65	2.393124840838986
1	66	-0.7898662654888396
1	67	0.558218419602905
1	68	-1.3573590799578
1	69	-2.7690081530171895
2	2	NaN
2	3	-0.6463242158737436
2	4	0.3634345952684557
2	5	1.9108579822385592
2	6	1.508903299096249
2	7	-2.409463335295239
2	8	-1.8625210752688952
2	9	-0.6522618164013156
2	10	0.32433319114795595
2	11	0.5495084132358135
2	12	1.3131243654382574
2	13	3.4923202406357157
2	14	-2.060951083319301
2	15	0.6756574414635196
2	16	-0.7002070447155526
2	17	-0.556792311405442
2	18	-0.1621216160991537
2	19	-2.2189249735788437
2	20	0.4079744914267137
2	21	7.605326318235538
2	22	1.7787605806342788
2	23	3.009185325904689
2	24	0.3867543485771079
2	25	-1.5177986067823026
2	26	3.1020336440347567
2	27	0.14276316052285498
2	28	2.3208079708275466
2	29	1.4139737983794531
2	30	3.0254126670288146
2	31	-1.5357960541759148
2	32	3.2151653989031
2	33	-2.1559808647025918
2	34	-0.7485626511349842
2	35	-3.351784596974473
2	36	0.19968364609119366
2	37	-1.7990691483837389
2	38	-1.668731419209201
2	39	-1.858825032481529
2	40	-2.4115924467024024
2	41	-1.2400269497795906
2	42	1.4622383051558934
2	43	1.4901072121878605
2	44	-3.4113968917848645
2	45	0.8293489712945471
2	46	1.131195835889688
2	47	2.6061387753353285
2	48	0.9742655357654155
2	49	-2.6311718774342108
2	50	0.9604807362497877
2	51	0.4530344964624038
2	52	-1.338472460719016
2	53	-2.7100750120551798
2	54	2.730609147419249
2	55	0.6949586633798363
2	56	-1.1687421388925037
2	57	-0.8390383035449064
2	58	3.1511860139532537
2	59	-2.0858700889363817
2	60	-0.0718628602578939
2	61	-0.6007938422757357
2	62	1.1170795584199804
2	63	-0.8774874584584836
2	64	-1.5150841969099442
2	65	-0.21012045320893602
2	66	-1.032005269925961
2	67	-1.1951483044921332
2	68	1.489440972859037
2	69	-0.7236166003173151
3	3	NaN
3	4	-1.1775376390317982
3	5	6.574913057090877
3	6	-1.8866155231704917
3	7	-3.204282771079018
3	8	-2.1961571741628765
3	9	0.6272638674551131
3	10	0.3604164716022889
3	11	2.036811132172959
3	12	1.419345837420843
3	13	0.5970125617611743
3	14	2.6416581469592706
3	15	2.578878023675636
3	16	0.011254583810803
3	17	-1.989077994951399
3	18	5.18665840174636
3	19	-0.26234815824606883
3	20	-1.9684048341075493
3	21	0.46770844434814335
3	22	1.8503290219538695
3	23	0.33352718065474735
3	24	-3.5134904387511026
3	25	-0.5717304502716658
3	26	-0.09387434411475262
3	27	-0.9846999876596142
3	28	3.9128635506050506
3	29	-1.4889555064650064
3	30	3.629181689275957
3	31	-1.69297179506168
3	32	-0.7072521550086441
3	33	0.8803532623074941
3	34	-0.030628550604013538
3	35	-0.9527628745856274
3	36	-5.333345309736088
3	37	0.5207958571939558
3	38	-0.5952007331515128
3	39	1.5772059626521728
3	40	-3.454657513958401
3	41	3.1835184857158496
3	42	7.938101067538917
3	43	-3.3992790198483944
3	44	-3.0398588645393354
3	45	0.3255307696923038
3	46	-0.13049839967548618
3	47	1.5569124928290847
3	48	-2.3319059001791467
3	49	-1.636925662195082
3	50	0.027712447286221784
3	51	0.6835053149416978
3	52	-1.933195299102111
3	53	-1.6105985313352515
3	54	1.0133749238192575
3	55	-1.6874225760577137
3	56	-0.03248246786793357
3	57	-3.6129311825888624
3	58	4.205232103723261
3	59	4.293960696916082
3	60	5.276211724491145
3	61	-0.696304685779719
3	62	-0.37450995266720155
3	63	-1.5777336994334297
3	64	1.576803371111831
3	65	0.3058292442509554
3	66	-0.23276057283393548
3	67	-0.7001311391939071
3	68	-1.3586875134007637
3	69	1.4816145089208592
4	4	NaN
4	5	0.2590637360843194
4	6	1.5945116465923237
4	7	-3.7970754787680634
4	8	3.0611253225641923
4	9	2.824676359166562
4	10	-0.2734779311668357
4	11	-0.7235970064166678
4	12	-2.3221472270497037
4	13	1.3733228636549852
4	14	0.5832003620193794
4	15	0.7335125414699463
4	16	-1.4826499982622683
4	17	-0.030131816632147125
4	18	-0.9087608018626268
4	19	-0.5534234090381406
4	20	0.6600913272642805
4	21	0.11579231769180544
4	22	-1.9742038392836436
4	23	-0.05927201720689834
4	24	2.07463504511651
4	25	-4.719540982868352
4	26	1.778861432828045
4	27	2.7752373658152
4	28	-2.713239503441292
4	29	-1.0877048080197023
4	30	-0.5209493952828841
4	31	-0.6621457796880231
4	32	-0.6109655482314101
4	33	9.385154994668952
4	34	-3.335404433307778
4	35	2.1691710088727216
4	36	-2.8774085501467748
4	37	0.11175774657575402
4	38	1.394134649347687
4	39	-2.9735570188303844
4	40	1.5107507377697404
4	41	-2.1296538804864173
4	42	-2.016978867404375
4	43	1.5838978355474949
4	44	1.8753264663817493
4	45	-0.7544004023974754
4	46	0.7120396496519683
4	47	-0.5600413243269713
4	48	1.5489432766778135
4	49	1.4455429019756143
4	50	-0.3418844969266064
4	51	1.9259761738043542
4	52	0.3020358863069171
4	53	-0.48401205450734563
4	54	-0.8100994440516367
4	55	1.8438183865998645
4	56	1.3648232759627086
4	57	2.8467605243753877
4	58	3.311221806248074
4	59	1.3425002143771425
4	60	-0.6525926299520005
4	61	-1.329420583101673
4	62	-2.3474690479555416
4	63	0.11910557397793642
4	64	-1.2756760075484925
4	65	-1.805633530629074
4	66	-2.1524716556552215
4	67	-2.2446564554206394
4	68	-0.18430263167680475
4	69	-2.9109792123210383
5	5	NaN
5	6	-1.1762373680720921
5	7	0.828333651697363
5	8	-1.804912702336132
5	9	-2.080055359479252
5	10	-0.24983808385588532
5	11	1.921543235124554
5	12	-4.393071033928109
5	13	2.201242168032438
5	14	-2.221478128083902
5	15	0.7766125493611604
5	16	-0.02816139095103021
5	17	0.9240793503629087
5	18	3.653310695819963
5	19	1.1960531761371902
5	20	1.0400764133256617
5	21	-0.5680432121120724
5	22	-1.189114896031186
5	23	-0.9659359784564964
5	24	-2.199701668126895
5	25	-2.768500788774144
5	26	-0.6869272768282866
5	27	-2.9038416271589966
5	28	0.9414409236390221
5	29	-0.9104251261724774
5	30	1.39441129231747
5	31	-3.780725089052065
5	32	-0.8545837862419315
5	33	-0.6280869809516612
5	34	11.29495088557878
5	35	-1.8847853734798385
5	36	12.874966675232715
5	37	-0.7333765759548615
5	38	0.08143414603907582
5	39	-0.47595323769032877
5	40	-3.3236704002302875
5	41	-2.330141166726038
5	42	0.5810878706100928
5	43	0.7166534434284871
5	44	-2.133174298252181
5	45	-2.2917402947301775
5	46	1.4412415350878103
5	47	0.3713297080020161
5	48	1.7691216291310379
5	49	-1.0436594854741907
5	50	2.3889837563136695
5	51	-2.2890602938300395
5	52	-1.62230374906791
5	53	-0.6708002981021062
5	54	-0.5387690557387869
5	55	-0.47793072814298954
5	56	-1.2425726733775164
5	57	-2.5375764224634145
5	58	-0.15489925368903745
5	59	-1.000100365999463
5	60	-0.6817274540606042
5	61	-2.6326151795599313
5	62	2.0662476500774996
5	63	0.6515514268177731
5	64	2.299885472190172
5	65	-2.2392102917061947
5	66	-0.2742957492518527
5	67	1.053744046439639
5	68	-0.41531518471284856
5	69	1.4070595830727126
6	6	NaN
6	7	-3.461846890462503
6	8	4.224722837513764
6	9	6.067531345106851
6	10	-0.659977145861816
6	11	-2.421807882277564
6	12	-0.7806277926051192
6	13	-2.901300801405962
6	14	-1.9378201926057719
6	15	-1.907699644405091
6	16	-0.510956999304392
6	17	0.5980119845060294
6	18	1.12966047480796
6	19	-0.8844249861993353
6	20	1.3322958841746493
6	21	-0.4478133443975677
6	22	2.2317755360457987
6	23	-0.29350636019264786
6	24	5.641658314561738
6	25	-2.4064402178296436
6	26	-1.9664931603040345
6	27	2.2874271304777305
6	28	-2.9648765073813097
6	29	-2.1234755551424986
6	30	-2.090919785947964
6	31	0.10816761604047163
6	32	-1.4677334257470995
6	33	-2.78372533009714
6	34	0.4034103785838258
6	35	0.8348696437315054
6	36	-1.4250915969352715
6	37	-1.2660510740808104
6	38	3.791922682132184
6	39	-2.055535797707067
6	40	1.2076735241448928
6	41	-2.291679426036382
6	42	-2.936398570453231
6	43	2.602640020959578
6	44	0.7767890379012867
6	45	-2.4090459404521445
6	46	1.4813954877789248
6	47	3.3133661794249183
6	48	-4.003822355676521
6	49	2.508902176463102
6	50	-0.635035308752484
6	51	-3.5034884505069703
6	52	2.886047814853675
6	53	0.8322829533074307
6	54	2.2385054042146018
6	55	1.7071324956584797
6	56	1.129837601102
6	57	1.2214034717521103
6	58	-2.559546888434224
6	59	-0.09936109906184994
6	60	0.7762014511270491
6	61	0.7135865398079562
6	62	-0.4094354614736308
6	63	1.0910042384221117
6	64	3.4506322192634045
6	65	-0.5038103659020986
6	66	-0.614618252167302
6	67	-1.5780465169795108
6	68	-0.3887230902554342
6	69	-4.461221595262957
7	7	NaN
7	8	-2.2598071526728694
7	9	-0.8226707344467908
7	10	-4.17962795289746
7	11	-1.5147389626044727
7	12	-0.13640790144822404
7	13	-1.2632154608333426
7	14	-1.996574436789059
7	15	0.9881079461215558
7	16	0.3581159080173221
7	17	0.2593062839066406
7	18	-0.39908266644940277
7	19	-0.7806039793806797
7	20	0.0728041659942236
7	21	-2.348007110458605
7	22	-0.11242969625400544
7	23	0.5038842858299089
7	24	7.783038299341789
7	25	-3.0806030426544395
7	26	0.4997598154376543
7	27	-0.8442809084093174
7	28	4.040056657608762
7	29	0.7913921105537945
7	30	-1.3086901741939563
7	31	1.1610463385507028
7	32	-0.6125909847724087
7	33	-1.6757738777306779
7	34	2.3358970550394176
7	35	-2.0677627640024387
7	36	56.093762128782856
7	37	17.11054691834336
7	38	0.7745386282362572
7	39	-2.6706915255156054
7	40	-1.8013697311794643
7	41	-2.016404082526088
7	42	-2.7339208952683483
7	43	2.2273497646911777
7	44	-3.762665332223868
7	45	-3.698747367829732
7	46	-0.3038481346665847
7	47	-3.1154963258597355
7	48	0.8765876166694945
7	49	-2.6824027822728067
7	50	0.15366798074019716
7	51	-1.1128602186234395
7	52	-2.9207176936258907
7	53	-2.069132261326523
7	54	-0.9063144709946415
7	55	-4.312152467955897
7	56	-1.6661868375170537
7	57	-1.4673160629841087
7	58	-4.737894282871021
7	59	-1.9764818507911879
7	60	-2.858669174506466
7	61	-1.41590231490478
7	62	1.076114265051877
7	63	-1.86777184691847
7	64	-0.7290899756430211
7	65	0.8283650637301132
7	66	-0.4836587384584108
7	67	-0.6570276966835251
7	68	3.3224627495446173
7	69	-1.7883333829366612
8	8	NaN
8	9	2.5791268812205077
8	10	2.5277304783619408
8	11	-1.4958567639618927
8	12	-2.570733763986507
8	13	-0.42454976802397587
8	14	0.13766019476349306
8	15	-1.632017933331055
8	16	-1.6670780147489255
8	17	0.9475921523260964
8	18	-3.3558376066155335
8	19	-1.9868159104799596
8	20	2.367026583754379
8	21	1.3288176851468123
8	22	-1.7402351557043692
8	23	-1.7892477967844336
8	24	4.627584919552318
8	25	-1.938558851989412
8	26	-3.666317237603128
8	27	2.8764577083894136
8	28	-0.34892315251093553
8	29	-1.9812421879743993
8	30	-3.4680912334702936
8	31	-0.8603144429609377
8	32	-2.029948710172618
8	33	-1.837164100082746
8	34	-2.858201109738962
8	35	3.4679303406111197
8	36	-1.863805559131212
8	37	14.390090329535754
8	38	3.2977939784439982
8	39	-3.110403721629795
8	40	3.9234349294611803
8	41	-1.4132760324249636
8	42	-2.0508636227659407
8	43	-2.2336807340573803
8	44	4.4968742220719875
8	45	-0.41840109557573973
8	46	-2.6621936939654933
8	47	-2.88430505491029
8	48	-0.9552194996582513
8	49	3.7108204070521866
8	50	-1.9487917664503345
8	51	-1.6245574247328172
8	52	4.727612772163015
8	53	5.698844456450427
8	54	-1.4576617063215194
8	55	3.246822674459095
8	56	3.8139227839961802
8	57	2.6577186757752496
8	58	-4.3014003205894875
8	59	0.11895874466010593
8	60	-1.2364695389941687
8	61	-2.825500470345505
8	62	-1.9013024178922833
8	63	-0.6290785101025128
8	64	1.2102761937404107
8	65	-0.4822226504814239
8	66	-1.4365729343328415
8	67	-1.3687577385705583
8	68	-2.711267238941337
8	69	-2.537492409693181
9	9	NaN
9	10	1.0000971184528926
9	11	-1.989114034954967
9	12	0.10932582536890947
9	13	-0.5921942713178021
9	14	2.0225703680758453
9	15	-0.6190816136509015
9	16	-3.787262199797673
9	17	2.1785521505430996
9	18	-0.3175795909090221
9	19	-3.003468077673934
9	20	2.4449292868266497
9	21	-1.0123473674734977
9	22	-0.9083746459782019
9	23	-2.5221265336923637
9	24	3.7722726962088755
9	25	0.6368673803231761
9	26	-7.0418287023579325
9	27	1.6303961711733579
9	28	-0.09846625924435566
9	29	-2.987377847925421
9	30	-2.01710310626191
9	31	0.2454925559270176
9	32	-0.465412168525012
9	33	-1.867140809628915
9	34	0.10377143334167246
9	35	3.0929344817215307
9	36	-2.4448281474465303
9	37	0.4805257128567015
9	38	3.561596811497235
9	39	-0.40724448590855894
9	40	5.711694882862621
9	41	-1.473794608211101
9	42	-2.740617942246194
9	43	-1.9834041161569678
9	44	6.7684796244195296
9	45	-1.0525237829351537
9	46	-2.844266489223111
9	47	-2.9959616319147293
9	48	-3.144326010717518
9	49	2.405889883831286
9	50	-4.218722568454265
9	51	-2.107365723226522
9	52	2.393126380089997
9	53	-0.6961303914881362
9	54	-4.661752137790374
9	55	0.5586630182017788
9	56	2.384470611507043
9	57	2.5033645148931107
9	58	-2.7916388954847977
9	59	-1.4269268980166978
9	60	1.6442531880362752
9	61	-2.832623379803584
9	62	1.0048949052948661
9	63	4.640455260388131
9	64	0.2547412494562132
9	65	2.23949864151915
9	66	-0.38744683495691756
9	67	-1.7503970287360413
9	68	0.004367923154534168
9	69	-1.6801282660486143
10	10	NaN
10	11	-0.26384522503092517
10	12	-2.1396583884992793
10	13	-3.358944541360808
10	14	0.27985536320113885
10	15	0.5978970091225144
10	16	-0.29260360705876026
10	17	20.465326160911214
10	18	-1.1848075535548155
10	19	-0.3869396298183117
10	20	1.2602946841424825
10	21	-0.9542654205942007
10	22	-1.8304498706539374
10	23	-2.176959203119622
10	24	2.660449809082812
10	25	-1.0942877909433615
10	26	-1.8170102495461584
10	27	1.515959098684133
10	28	4.879053768390308
10	29	-3.389715790450537
10	30	-3.1968462880165007
10	31	-3.557718335137171
10	32	-3.7825183266961906
10	33	0.13859004132936917
10	34	-2.596403049418128
10	35	1.0670713365666444
10	36	-0.7952597430825115
10	37	6.511810448184694
10	38	0.26459082568594566
10	39	7.487644141665665
10	40	0.524668269572492
10	41	-3.181805604544224
10	42	-0.2704648760255962
10	43	-1.9740526243488876
10	44	1.450258935266533
10	45	2.926318218504907
10	46	-0.7349272832227929
10	47	-0.7187225273757358
10	48	-0.4787192161009707
10	49	1.0504967891639398
10	50	-0.08171908686271376
10	51	-3.219506697064952
10	52	3.717041289552292
10	53	-0.21231293528426948
10	54	-0.528291032621483
10	55	-0.19793433012635323
10	56	-0.5328341572496085
10	57	-0.0149496240613985
10	58	-2.033841295438733
10	59	0.6491104133272776
10	60	-0.7511775893965382
10	61	-2.8727472197667505
10	62	-2.748902551424751
10	63	-1.915753670699472
10	64	-2.656016211370511
10	65	-0.15578059658660598
10	66	-1.183086439421288
10	67	1.2164143508141732
10	68	-0.9839452332921521
10	69	-1.4859984756305569
11	11	NaN
11	12	3.566147702992243
11	13	2.4476313406135075
11	14	-1.3433970071824937
11	15	-0.39571016311567225
11	16	0.7871748864050826
11	17	-0.8227083794325624
11	18	3.1182557506725312
11	19	-0.8436988775136732
11	20	0.28005706554684523
11	21	-1.459048897790288
11	22	4.220480920983026
11	23	2.3173895528302433
11	24	-1.8423250875039558
11	25	0.8682856241765782
11	26	0.06771151462101814
11	27	-1.534267285388209
11	28	-1.890068869008447
11	29	0.6056372621127056
11	30	0.23702042525399772
11	31	-0.5973729435698681
11	32	2.2910734507238417
11	33	0.44938522964669436
11	34	-3.479811841974798
11	35	-1.58367994068365
11	36	-0.16098580886774166
11	37	-5.217843933789614
11	38	-4.012597234332794
11	39	-2.46042736551772
11	40	-3.6675122026778624
11	41	17.390873201564446
11	42	-1.4044537958288845
11	43	0.9142982957206746
11	44	-0.755359007966531
11	45	0.4924848290747171
11	46	2.7202670530827597
11	47	3.276601981405433
11	48	-0.984725416961731
11	49	2.810343558940148
11	50	-2.1335650628434193
11	51	1.1547022616414755
11	52	5.604248243873144
11	53	-0.8365595078430963
11	54	-2.7144569348625187
11	55	-0.78102367046807
11	56	-0.5150843674835051
11	57	-2.1423378906849875
11	58	0.49200157957592056
11	59	-0.8992739395531274
11	60	2.720699372491404
11	61	1.5734426217067683
11	62	-2.6474395451068053
11	63	-2.161478748475939
11	64	-1.8685760603573067
11	65	-1.3454798998362116
11	66	-2.934446324242672
11	67	-0.55268797611605
11	68	2.34353739920046
11	69	3.6179425673176024
12	12	NaN
12	13	3.367268971864957
12	14	1.6195749127582892
12	15	-1.5723777885147512
12	16	-1.129419041822556
12	17	-4.882111686189065
12	18	4.485836860248345
12	19	2.371532579410535
12	20	-2.2735699902848947
12	21	-1.7689974386790064
12	22	-3.3112895159947615
12	23	0.20017246775140776
12	24	0.9395245685182556
12	25	-2.317424359941831
12	26	2.341605015659507
12	27	0.009727771166158056
12	28	1.5138702946728706
12	29	1.9369180743558116
12	30	-0.6771597890246986
12	31	1.6061947016053402
12	32	1.3571483699951339
12	33	-0.9979110077793741
12	34	0.5093618780514598
12	35	-0.6597564825681935
12	36	-0.6042277766164285
12	37	-0.9874273265826187
12	38	-3.8487641585568655
12	39	48.623924114892596
12	40	-3.7286277791293165
12	41	10.834589976487354
12	42	-2.046311849857291
12	43	-0.10106852491032203
12	44	-1.5551740266009468
12	45	1.1524156117044584
12	46	-1.2451827445024128
12	47	-2.6105350639645097
12	48	-0.9009670783865238
12	49	-1.7539033446244614
12	50	-0.8730431389840786
12	51	-3.568694265107613
12	52	-1.6053783145613685
12	53	-1.9382118157359258
12	54	-3.3016747077243496
12	55	0.9815846280272058
12	56	-1.5600273983717774
12	57	-2.7153910606285416
12	58	1.4676067377715363
12	59	-1.483261071641407
12	60	-1.7153232663294766
12	61	2.402243606498677
12	62	0.2543495101984085
12	63	-1.803076555199061
12	64	-0.39560283283342634
12	65	-3.4785146904588684
12	66	-2.9619308599798977
12	67	-0.968238016174243
12	68	-0.30658216614051514
12	69	-0.3844895763109683
13	13	NaN
13	14	-2.440022940019298
13	15	1.0525828891654416
13	16	4.062107358359952
13	17	-1.549563444969086
13	18	-1.4923703742241334
13	19	-2.979503304357601
13	20	-1.9362359772478286
13	21	0.9699477173018008
13	22	4.390550971241421
13	23	-0.38201724550950644
13	24	-4.6008710364882175
13	25	-0.34371183275539513
13	26	0.31362618343194915
13	27	-0.40314652721104
13	28	4.201601692014033
13	29	0.9924932248046617
13	30	1.7900055528721328
13	31	-0.9990022208336712
13	32	-0.7756731936761702
13	33	-2.2487830489555263
13	34	0.07050086520089506
13	35	-0.5675222002730721
13	36	-0.8443034102618509
13	37	-3.359983094129495
13	38	-2.265321844323963
13	39	-1.627910540448801
13	40	-2.7718292707751417
13	41	3.5327132874610134
13	42	1.8889249990315513
13	43	-0.3565821002245369
13	44	-0.07291786472353248
13	45	-0.4394464110734514
13	46	3.2160158228529054
13	47	3.3305315697794793
13	48	2.5952374755004755
13	49	-4.229032963226608
13	50	-0.30845474768713144
13	51	2.1737438952967767
13	52	1.6135136421249414
13	53	1.002313782667426
13	54	2.5756768880964307
13	55	-2.4927975819578574
13	56	0.9493850231476069
13	57	-2.0184343951373944
13	58	-0.9563292348527758
13	59	2.469866361652966
13	60	-2.9826380744693917
13	61	-0.9370485750328418
13	62	0.45373738777056144
13	63	-1.3125199681758957
13	64	0.1433349870229838
13	65	-0.6264832468538611
13	66	0.2778246133074045
13	67	0.7204032175729338
13	68	1.0353269347396707
13	69	1.637342188372626
14	14	NaN
14	15	0.5001378717567124
14	16	-1.33385918870645
14	17	2.9846273674855768
14	18	-1.7735284502686215
14	19	-0.5314460653530667
14	20	-1.0256059717867307
14	21	0.26881938278863343
14	22	2.262548341011098
14	23	0.4867980967649541
14	24	0.6384664036010842
14	25	-0.06264579774299428
14	26	-2.6217448121214795
14	27	0.1743981077922084
14	28	1.2850504515191938
14	29	-1.9540993668531264
14	30	-0.2434561137326512
14	31	-1.5111046947255953
14	32	-2.463661919028025
14	33	1.0361717317881345
14	34	2.0612968188707406
14	35	-2.4424954661526037
14	36	0.539014212965247
14	37	-0.9277694534855051
14	38	1.7890989134893462
14	39	-3.4834566392806146
14	40	-0.6991352928434795
14	41	3.6604310854244413
14	42	0.5039232252774711
14	43	-2.1986432633545125
14	44	-2.0892571443237062
14	45	0.09476566624374784
14	46	-3.3784429380027747
14	47	-2.2367015234768663
14	48	1.9450610460060216
14	49	-0.7588241007452327
14	50	0.9743544919986948
14	51	0.18443023022601343
14	52	0.36367118465937914
14	53	22.03551910084934
14	54	-0.796819866788947
14	55	2.9535341127553396
14	56	-1.7125065828506207
14	57	-2.467902028023883
14	58	0.15758797288994544
14	59	-0.16296931456245523
14	60	2.3791067723047203
14	61	1.4488529425708991
14	62	-0.26378305566843485
14	63	-2.4300324161675904
14	64	-0.4047643068482423
14	65	-5.181517323369294
14	66	1.6709072801778944
14	67	-0.5789116183569671
14	68	-2.878938067016095
14	69	4.525920207669823
15	15	NaN
15	16	2.907893898676654
15	17	-1.2471675463729297
15	18	8.650013663832285
15	19	3.9478258035231923
15	20	-1.1193162761221276
15	21	-0.062271782412344254
15	22	-2.512703083152109
15	23	2.7953161160701723
15	24	-0.8968564846904921
15	25	0.41441996019208693
15	26	1.3215107152360606
15	27	-3.232147135890661
15	28	-0.42889418349634056
15	29	2.9382271192803207
15	30	1.98538669449207
15	31	5.185113657989268
15	32	0.19402304949181542
15	33	2.738084303764233
15	34	-0.5215979616936007
15	35	-0.9451388017895931
15	36	-1.3369696234667174
15	37	-2.0927703015047245
15	38	-1.5625783120522165
15	39	-1.8342751777552524
15	40	-3.7403673217873905
15	41	0.4637001912981252
15	42	-2.6892012746981853
15	43	1.900001585600319
15	44	-1.0888181920339626
15	45	-1.8165865378282633
15	46	-0.4041693038958785
15	47	1.0396240528107845
15	48	-0.012738971433310127
15	49	0.023029638822181547
15	50	0.1007526329362203
15	51	-0.3358292153118268
15	52	-1.7730573597105053
15	53	-3.508186930633977
15	54	0.3705076082856174
15	55	-0.9957209504354357
15	56	-0.08108890670117921
15	57	-0.9618320656448619
15	58	4.501647902673252
15	59	3.09072702765953
15	60	-0.9262715181514051
15	61	-0.5668141037596284
15	62	0.8537964155301911
15	63	0.24849263527847432
15	64	0.41355630637421836
15	65	0.2032675717405562
15	66	-3.119043591228874
15	67	-2.101501153415692
15	68	-1.6080421338480089
15	69	2.9757749242550533
16	16	NaN
16	17	-1.93919350972508
16	18	3.648674415022681
16	19	-0.8422847422344969
16	20	-1.349647792876604
16	21	-1.038875994687366
16	22	-0.1554883701821406
16	23	0.760996182771453
16	24	-0.1483148484763692
16	25	3.842629566098453
16	26	0.45594967843936524
16	27	-2.900178359867419
16	28	0.32387914207274343
16	29	3.240761077425423
16	30	-2.9043763721877545
16	31	-4.160653411198887
16	32	1.6868721160507765
16	33	-1.3925787582127753
16	34	-1.163916974254307
16	35	0.4054445809875733
16	36	0.4957890876021393
16	37	3.598670394698585
16	38	-0.2012862025518454
16	39	2.634909981791388
16	40	-0.7168379781511733
16	41	-3.1814335197985235
16	42	1.0575398972198784
16	43	5.840695289802957
16	44	-4.226412746083842
16	45	1.9226501803653928
16	46	-0.6485893837750365
16	47	-2.221415193604225
16	48	2.1268293438514525
16	49	-2.4135602501951117
16	50	-0.05663969510070095
16	51	2.472023677926277
16	52	-2.0888285754111147
16	53	7.491180359437513
16	54	-1.4861026669480801
16	55	-1.1679142746285667
16	56	0.3935540453519543
16	57	-1.7764155605700576
16	58	-0.14646959234400134
16	59	1.3963809647132213
16	60	-2.1354017800163225
16	61	2.7213293903619853
16	62	0.03982748260407128
16	63	-1.4309218253007803
16	64	-1.4059974675835925
16	65	1.6281879730405318
16	66	3.304237736321318
16	67	3.3031211939764393
16	68	1.507551914081793
16	69	0.23414701799741297
17	17	NaN
17	18	-3.4694123470090115
17	19	0.12703910848613015
17	20	-1.0241538081875734
17	21	-1.0367555287445755
17	22	2.1230361318477597
17	23	0.05229742263931368
17	24	-2.3314685102192843
17	25	-1.2418181271826199
17	26	-1.7579191938885037
17	27	0.579633887185483
17	28	0.847951862582303
17	29	-2.0752495650898455
17	30	-2.9858023746955116
17	31	-0.15854843135367483
17	32	-0.7044442929401027
17	33	1.2142230638214835
17	34	-2.400694323051335
17	35	-0.6508071267275601
17	36	-0.6030373812447121
17	37	-1.9067583475328898
17	38	-0.4314061440247985
17	39	-0.8438025337226698
17	40	1.8035494532335008
17	41	-1.577215789355474
17	42	-1.002860459789992
17	43	-1.4155351275780237
17	44	-0.15593924521003552
17	45	-0.800237262431519
17	46	0.05789180908011146
17	47	-2.0872012684463668
17	48	2.1648918665576375
17	49	0.2697624131645402
17	50	0.7349277262889419
17	51	-2.3969476579063085
17	52	1.8047064994318367
17	53	8.957385956216454
17	54	-1.9111488947993116
17	55	2.5671917491119713
17	56	-0.571184849357317
17	57	0.5149350448555924
17	58	0.06593662812284554
17	59	-3.4892181866850684
17	60	0.9474680026765042
17	61	-0.7881529285294038
17	62	-0.8455337023687546
17	63	-0.8905791889523813
17	64	1.06297627381975
17	65	0.9079349779099861
17	66	-2.2201206200677883
17	67	0.1827981945726387
17	68	-1.350203561681472
17	69	-0.9945092651373035
18	18	NaN
18	19	4.041305480447501
18	20	-1.6287042541042742
18	21	2.8113720645249725
18	22	-0.6714824217336766
18	23	1.3309560931484812
18	24	-1.5931276138453778
18	25	-0.9763363984073412
18	26	-0.277990470512584
18	27	-2.0386498513741063
18	28	0.15124296079334493
18	29	-1.496583388510767
18	30	2.4314430656909836
18	31	-1.0818067719204643
18	32	-0.32748077361476063
18	33	-1.6152017681411623
18	34	-0.2697076963150688
18	35	-1.7101071046306495
18	36	3.0095445030310284
18	37	-0.05572064959491119
18	38	2.1695921874456294
18	39	1.48601825637806
18	40	-3.6302770712727477
18	41	-1.259196654619189
18	42	4.08896056971457
18	43	3.336268735879924
18	44	-4.813683902526052
18	45	-0.5675941022847604
18	46	0.17974057648057326
18	47	-1.7815086000217597
18	48	-1.0929042786842926
18	49	-4.353887536493401
18	50	3.065411528917314
18	51	0.3235020352035076
18	52	-3.452034756744834
18	53	-3.0735406617445578
18	54	1.6528555277970105
18	55	-1.1525828797731592
18	56	-2.7535791457270307
18	57	-0.24532364234611023
18	58	-2.2252865126376182
18	59	1.8573959230399195
18	60	-1.5314642973494283
18	61	3.18293890088645
18	62	-2.8363357512082095
18	63	3.8673062081884275
18	64	-0.20330006949010457
18	65	2.78069380908895
18	66	0.5696230477179502
18	67	-0.299310105449843
18	68	1.456434532724604
18	69	-0.3531247757516072
19	19	NaN
19	20	-0.3091407289829741
19	21	-2.2962862666834587
19	22	-0.8531374919434992
19	23	-2.32990426303688
19	24	-2.053175307434254
19	25	0.17084851435904347
19	26	2.4137739742939144
19	27	-3.496562298587113
19	28	2.037185602118593
19	29	1.452526611555081
19	30	2.355436068467644
19	31	-2.1625890342873064
19	32	0.34168601421437944
19	33	0.5459471039952026
19	34	2.627917710380133
19	35	-1.7851241173225973
19	36	0.8608761548618935
19	37	-0.013963619589590347
19	38	0.2516774317224162
19	39	1.4281045560476124
19	40	-1.7211651432843997
19	41	-3.2387772392512932
19	42	0.28926931795225985
19	43	0.0013872056643939588
19	44	-0.8366703744295616
19	45	0.6448883736749638
19	46	0.5568921234390852
19	47	0.45842905429933806
19	48	0.2126555994990019
19	49	0.32517894444737816
19	50	0.16522517980434273
19	51	3.1964288680885202
19	52	-0.46071757369296057
19	53	-0.05820240862480255
19	54	1.0666548016982562
19	55	-0.9667628332679093
19	56	-0.12083430549287029
19	57	-1.4240028976862928
19	58	0.769352000865328
19	59	0.03903171725915093
19	60	3.1829204094885
19	61	1.8635823937014084
19	62	-1.2705250231529361
19	63	-1.678264905503471
19	64	0.4401615812954538
19	65	-2.2775482604562036
19	66	4.913300124135334
19	67	2.2044346994343873
19	68	-0.013007025269348715
19	69	-0.3088691035102881
20	20	NaN
20	21	0.9035153205970533
20	22	-3.428163007261801
20	23	-1.9901333734189366
20	24	6.044578237003668
20	25	0.966700177949988
20	26	-0.6602054454955232
20	27	1.4852180518744504
20	28	-2.343662316220032
20	29	-1.8079959598038116
20	30	-2.2451912289788853
20	31	-1.5069975021942608
20	32	0.3278266502728137
20	33	-2.508845017698036
20	34	0.5012450723626886
20	35	1.3281578043892996
20	36	-1.0787643033744014
20	37	0.4052876276086056
20	38	1.7064387557896943
20	39	-0.13298878655271754
20	40	1.2181172338619546
20	41	0.12815847633360364
20	42	-2.025963334717719
20	43	-2.3292084247760734
20	44	3.030287374936973
20	45	-2.261478276625093
20	46	-1.8737554171260649
20	47	1.61821338794786
20	48	-1.5746598243998835
20	49	0.625915281443337
20	50	-3.4746574004080233
20	51	-2.2312533606757214
20	52	1.458689237058981
20	53	8.363819373898005
20	54	1.6287810219785097
20	55	3.7671607658730855
20	56	2.355586880774338
20	57	0.053666744005697146
20	58	-3.518270925043599
20	59	-0.04204663678814291
20	60	-0.6846858264103066
20	61	0.29039526932382403
20	62	-2.7942891536831524
20	63	-2.140731226758523
20	64	3.4474966400051
20	65	-0.7635769867727376
20	66	-2.148180905082146
20	67	-1.8220813620149432
20	68	-1.4822594072575594
20	69	0.2640652951352537
21	21	NaN
21	22	3.3598181857615805
21	23	1.7712477304804493
21	24	-1.2790082887134875
21	25	-3.1135325124763793
21	26	0.5368129442395113
21	27	-2.2739607887095943
21	28	-1.4940917569503627
21	29	-0.6227284938456428
21	30	1.3857337192629005
21	31	0.2581687301891005
21	32	0.9827171359949902
21	33	-0.6264512041544087
21	34	-0.6761890369590596
21	35	0.042034607368960336
21	36	0.8834379344848678
21	37	-3.071718037024496
21	38	-1.8647952041371703
21	39	-2.6487896201552097
21	40	-4.737874835980813
21	41	1.535466473326915
21	42	1.6375724331960277
21	43	4.828714195229738
21	44	-0.6114739940489268
21	45	0.9510552419927122
21	46	1.7534442107835857
21	47	5.95115386872684
21	48	0.5445807694082865
21	49	1.423215722020498
21	50	-1.8823848872211106
21	51	1.0208982094634917
21	52	-0.967331860048116
21	53	-2.3342540525860755
21	54	-0.5364344747391284
21	55	-2.504848962463195
21	56	0.8193125148857736
21	57	-3.072619178171989
21	58	-0.4319775077625303
21	59	-1.0507994542629486
21	60	1.692148021986656
21	61	0.24665550386152676
21	62	2.049726306327852
21	63	-2.1678113335090274
21	64	1.1544218803600095
21	65	2.0100067928127126
21	66	1.3717099140019378
21	67	2.849763387451818
21	68	3.3493338305066307
21	69	-1.5913456175952014
22	22	NaN
22	23	1.6842451700672567
22	24	-1.1487720172190838
22	25	1.8933838665735552
22	26	2.268930314340566
22	27	-2.324817145377253
22	28	-1.327336769711015
22	29	0.37640567548814013
22	30	0.6745384316108732
22	31	0.6699843754168847
22	32	0.674415029941928
22	33	-3.3844783886328136
22	34	-1.332864820094399
22	35	1.3541882399742111
22	36	-1.7036745245319882
22	37	-0.5810421218700591
22	38	-1.8822055521531644
22	39	1.6590321252549423
22	40	-1.398296170934743
22	41	1.8180050906645668
22	42	0.33656158519175167
22	43	-0.44908306525043057
22	44	-3.2163576717934297
22	45	2.6634737614852555
22	46	1.6735430644773608
22	47	-1.5266942469478677
22	48	2.537001675849715
22	49	-1.603172405660658
22	50	-0.16791916105837415
22	51	2.4791999647125307
22	52	-2.9147450494002105
22	53	-1.8297855625388804
22	54	-0.5994837635587175
22	55	0.47846264437166264
22	56	0.6943150969834401
22	57	-1.770724080963453
22	58	-2.4160691785159414
22	59	2.0436018756596654
22	60	3.6252790268515347
22	61	3.9633993462981136
22	62	-1.4029274834797965
22	63	-0.26798447441176065
22	64	-0.26461932153946616
22	65	0.34844002540869035
22	66	-1.1090675899248088
22	67	0.19857487693079345
22	68	1.1819282083282843
22	69	0.6690151547744828
23	23	NaN
23	24	-0.6214585533093678
23	25	-0.1462416722024674
23	26	5.880041002994136
23	27	-2.610482564216981
23	28	1.7463136550593488
23	29	0.389194463296967
23	30	0.5682059742146893
23	31	3.386336658365852
23	32	4.952515841155422
23	33	5.2705408495891515
23	34	2.0688887303000767
23	35	-3.295352014115204
23	36	1.2112455340604809
23	37	-3.8149981389569527
23	38	0.10717416727165209
23	39	1.9250200997615228
23	40	-1.5586275827059415
23	41	-1.1726104226055987
23	42	-2.927248807352818
23	43	0.6718740391640134
23	44	-2.3365049519956607
23	45	-1.7199048226698317
23	46	3.3087271128700335
23	47	2.527692731028604
23	48	2.8478134582904313
23	49	-0.9305059449913959
23	50	2.3810527638486394
23	51	-1.768296502063875
23	52	-0.7841727857101065
23	53	-4.222877381878094
23	54	-0.5439600802877345
23	55	-3.2057863226430476
23	56	-1.13365197685715
23	57	-1.6191451268452992
23	58	-1.7326316481710782
23	59	0.18440281578380316
23	60	-1.8418423905933174
23	61	-2.2174806235184836
23	62	-0.19433166686121128
23	63	1.2648101481031218
23	64	-1.5532443496171822
23	65	0.32200037153293304
23	66	1.875629303150933
23	67	1.8940048280597153
23	68	0.49444600379438475
23	69	-0.7657007661287916
24	24	NaN
24	25	-3.4423986797987625
24	26	0.22351191368913784
24	27	0.6811888710966972
24	28	-0.10295085102136924
24	29	-2.26460393833532
24	30	-3.5552512705670165
24	31	0.02622892267096967
24	32	-2.1614683764077034
24	33	0.5634530998673807
24	34	-1.7792183930700756
24	35	4.903646801023795
24	36	-1.02437759467757
24	37	-0.3067407171554124
24	38	1.9702186594631208
24	39	-5.486504959119983
24	40	2.552919134374373
24	41	0.039394987802278784
24	42	-3.511929415611963
24	43	-1.0984996630283537
24	44	3.1061228652208825
24	45	-1.1470671660531238
24	46	-1.9118645664907663
24	47	-0.5020315641513126
24	48	-2.194586595308179
24	49	2.5168813878254856
24	50	-0.2065822491551027
24	51	-2.4029286241724424
24	52	2.9140759141607573
24	53	0.1281329483638951
24	54	-0.11665379646913956
24	55	6.985101457861203
24	56	3.479025669442882
24	57	2.915406184466299
24	58	-2.5236724175725778
24	59	0.11078037318297432
24	60	-4.212291085078536
24	61	-0.8392799163485753
24	62	-3.483883532602879
24	63	1.249346931587209
24	64	-0.013654486703285885
24	65	-0.141257724068037
24	66	-1.07388886922865
24	67	-3.6871962644456597
24	68	-1.195357251879289
24	69	-2.5116891515271007
25	25	NaN
25	26	3.1182454589296404
25	27	-0.1693468059612586
25	28	2.9034121281193346
25	29	43.663639447030306
25	30	-0.7421151314242315
25	31	-1.0795133291075392
25	32	4.7225852026655115
25	33	-0.979012802660455
25	34	-1.116968572873817
25	35	-2.814020869259447
25	36	1.0696836663924096
25	37	-2.5873612284189913
25	38	-3.240856206869202
25	39	0.8942698752011108
25	40	-2.1175172403412885
25	41	-1.5345952044757607
25	42	1.1778671584316138
25	43	-1.0182785545198951
25	44	-3.7889743262409183
25	45	2.1736835405924206
25	46	1.1677648486080034
25	47	5.733003854518071
25	48	-1.185861284815269
25	49	-0.4320971647129473
25	50	-0.3505384454663976
25	51	0.40764749945721557
25	52	-1.9137491785124185
25	53	-0.016489940182096187
25	54	-1.0176191928593588
25	55	-2.738478325951776
25	56	-2.4178877901943068
25	57	-1.6258019403131991
25	58	-4.38627703162529
25	59	-3.971226705085698
25	60	0.15280225340467027
25	61	-1.1578981322591853
25	62	4.76677675095475
25	63	-2.5073808258787245
25	64	-2.7451697252677465
25	65	-0.21213044792307623
25	66	2.5000449392049204
25	67	2.3157629938833
25	68	-2.888402957385143
25	69	3.2916441337401725
26	26	NaN
26	27	-0.969508782566175
26	28	1.8692090188782002
26	29	-0.8690679545688565
26	30	-2.1216773722355704
26	31	3.242541883784901
26	32	0.5639934513645034
26	33	-0.27047966369187915
26	34	3.9284776052629975
26	35	-1.5070049128567913
26	36	-1.534288762840147
26	37	-0.5681873424659337
26	38	-2.6142908584441096
26	39	0.13113450051568656
26	40	-3.3151554733786592
26	41	0.8445201731082812
26	42	0.2451613311563986
26	43	2.8530437019361328
26	44	-2.790685217824625
26	45	-0.4693044733829133
26	46	1.8339293773355918
26	47	1.1619156179505001
26	48	-1.953148169605861
26	49	-2.3863544198513784
26	50	0.5093716353760187
26	51	0.8859297909974676
26	52	-1.0806670483242609
26	53	-0.28429839528125184
26	54	2.3603244933695016
26	55	-2.057086641491627
26	56	-5.303630141717224
26	57	-0.9981567222430853
26	58	0.5143560081461209
26	59	0.9115974550573364
26	60	1.1858164892580796
26	61	0.8876408650321246
26	62	-3.5563476232437483
26	63	2.0290563511977497
26	64	2.26310468490356
26	65	0.12987443306283447
26	66	3.0104428793251143
26	67	2.362536620923918
26	68	6.818871182618201
26	69	-1.0577906810428723
27	27	NaN
27	28	1.9645526835709997
27	29	-2.9439736324232575
27	30	4.0010125368796015
27	31	2.5999506389809293
27	32	-3.5410770581874047
27	33	-0.3945582569591543
27	34	-1.466573366044233
27	35	4.4252684827980415
27	36	-0.8822587213954413
27	37	0.4717234223572481
27	38	2.8603356022075963
27	39	-0.19166479076736825
27	40	2.5572817778509416
27	41	-1.6544477105784843
27	42	-0.8768283397711206
27	43	-1.2984891001023309
27	44	2.4596445322003384
27	45	-1.653368625786116
27	46	-2.4757811389467563
27	47	-1.140303092859629
27	48	-0.3964448585893233
27	49	3.0268122624681912
27	50	-0.7348283149273763
27	51	-2.562529370989676
27	52	3.710592758809123
27	53	0.2197014043922872
27	54	-0.5119229907026699
27	55	1.4271144804005569
27	56	-0.6882222934929513
27	57	3.16704054791713
27	58	-0.40506489230839915
27	59	0.00977876525481635
27	60	-1.5325340791367705
27	61	-0.6222023851742333
27	62	0.7419042676298327
27	63	0.6568006651033691
27	64	0.9389950345311848
27	65	1.0008093583058513
27	66	-1.0371070448616815
27	67	0.016032615586774063
27	68	0.9340916690769614
27	69	-2.840285515166753
28	28	NaN
28	29	-0.4131096285799326
28	30	3.4139998082006655
28	31	-2.5318117575831494
28	32	-2.4456566736262007
28	33	-1.0916707335251843
28	34	0.4436146722269707
28	35	4.680608219442703
28	36	0.09166303541144705
28	37	-2.9247694361790306
28	38	-2.591656423622284
28	39	0.5965572812154879
28	40	-3.0303907685303813
28	41	-3.034924372244441
28	42	2.5434180559996875
28	43	0.47444113148613715
28	44	-1.3435859948772997
28	45	-0.1524313400361809
28	46	-1.7368464909409105
28	47	-2.941693535530465
28	48	-0.38846533906013797
28	49	-1.4710171102484666
28	50	1.0066924342973151
28	51	-0.05544151269019033
28	52	1.5645420428198549
28	53	-1.2381817870838048
28	54	-1.7762976436944142
28	55	-3.0015886733755583
28	56	-1.6026455728485218
28	57	2.053630768977162
28	58	-2.015183370420674
28	59	-1.2259465135315604
28	60	-0.7677935417854613
28	61	0.49487232032289574
28	62	0.19999639561393354
28	63	1.4321750721211592
28	64	0.15199666081984464
28	65	-0.1913847325134267
28	66	1.7982832299053488
28	67	-0.8431640141016452
28	68	-0.9423240252099465
28	69	-0.9393148252215554
29	29	NaN
29	30	-0.7326838079285581
29	31	0.25568812026929205
29	32	-2.674156624899131
29	33	-1.0549204803158043
29	34	-0.4605574640264006
29	35	-3.9591675333276566
29	36	0.30060213657375945
29	37	-0.08418117216241532
29	38	-0.08877327104077962
29	39	0.38379503534405357
29	40	-3.649985838896
29	41	-1.269720862796873
29	42	-1.2020341889366675
29	43	0.4864184188920423
29	44	-1.91093218879953
29	45	-0.5738528769855595
29	46	2.451426215866901
29	47	-0.055775901894554177
29	48	1.1618582748774915
29	49	-1.7058173931490095
29	50	-1.5422305419004454
29	51	1.3649498436582288
29	52	-2.3417760963054977
29	53	-3.97363476864632
29	54	1.9377975299564736
29	55	-2.452662021005674
29	56	-4.044278229776144
29	57	0.499063947904314
29	58	-2.521387674427879
29	59	-0.6842063576778413
29	60	1.269825302376811
29	61	4.005409275045172
29	62	-1.9809278797034022
29	63	-1.2846593496697416
29	64	-2.185500210728705
29	65	-1.2260854078192958
29	66	-0.1960509117429178
29	67	1.6389321113495363
29	68	-1.6555469831279348
29	69	0.3960132745206141
30	30	NaN
30	31	1.4248340473139889
30	32	0.1954477826405307
30	33	1.1360970704388669
30	34	1.9417144737522642
30	35	-2.2157613128170737
30	36	0.5604994857734549
30	37	-1.3189363459650145
30	38	-2.200619491397714
30	39	1.0049898952643246
30	40	-0.34771571226129977
30	41	2.7121681734929983
30	42	1.5215813382167105
30	43	3.5621107902301405
30	44	-2.9717790109042075
30	45	0.41988204683907976
30	46	-0.026942801814456935
30	47	0.18619952528384479
30	48	-1.7321972533983776
30	49	-0.994334670562304
30	50	0.5916083494991426
30	51	1.9739393383295951
30	52	-1.5462625946358117
30	53	-1.5591648162244194
30	54	2.2686229174281864
30	55	-3.910877974057216
30	56	-2.172797138702563
30	57	0.35001516010780415
30	58	2.5234041312992184
30	59	-0.6242074281958481
30	60	2.0935789314500717
30	61	1.2382017128333926
30	62	2.2610508366474624
30	63	0.0707668845571838
30	64	-0.2878177528133046
30	65	-1.954200194732535
30	66	-0.25122620050904365
30	67	0.2587858440639028
30	68	3.7096988403010323
30	69	3.5665857869304984
31	31	NaN
31	32	0.07812244464044549
31	33	0.5079133133435738
31	34	-0.741384243766905
31	35	2.6329744559732258
31	36	-4.16524387130003
31	37	0.6697019798700529
31	38	-0.1815402597909052
31	39	-1.7186374881084132
31	40	-0.9091204034193894
31	41	-0.35299093856048985
31	42	-2.011334438442486
31	43	0.18763531525872346
31	44	-0.6901369291954037
31	45	1.9383407720991301
31	46	0.5126597215212544
31	47	-3.8141865899465754
31	48	0.026933660129596356
31	49	0.7424912214431788
31	50	1.0423329444874958
31	51	2.9661669007843305
31	52	-0.7287179495924491
31	53	-0.7654139897830414
31	54	-2.9273528313168993
31	55	1.9228381731015398
31	56	1.253811029610761
31	57	1.002046188646913
31	58	1.7392873022389268
31	59	0.545950182254861
31	60	1.5146285147034273
31	61	0.13079015688270365
31	62	0.5644918886649316
31	63	2.531927884636351
31	64	0.282555055115887
31	65	2.1260493621694327
31	66	4.376856014707513
31	67	0.7252353122615421
31	68	-2.421472399503467
31	69	-1.6680978312170913
32	32	NaN
32	33	0.8701537450577017
32	34	2.961689491906377
32	35	-0.8353602798307277
32	36	-0.8906910091295206
32	37	0.20242216712993277
32	38	-0.0930231050157596
32	39	0.2267831190494197
32	40	-3.176156208979381
32	41	-2.4355025435988997
32	42	5.549903729854779
32	43	0.9676232262972209
32	44	-2.8143395006006
32	45	-0.35411602463627534
32	46	-1.1737792125207793
32	47	1.9188382378097226
32	48	0.8289197080949493
32	49	0.45310049954923426
32	50	-2.5970922923458146
32	51	0.023711340890433155
32	52	-1.759344978259634
32	53	0.9414450062012698
32	54	3.3374143962255682
32	55	-1.6828178374368163
32	56	0.3060498438470321
32	57	1.330945305186045
32	58	1.0386827649567372
32	59	-0.3935926650482242
32	60	-1.5007290359869438
32	61	3.9618780368869793
32	62	1.5252143872541792
32	63	-1.1597402193060276
32	64	-2.169152976091837
32	65	-1.400988353511308
32	66	4.207579877339204
32	67	-0.5160059226200479
32	68	2.8522803140144295
32	69	3.489184141939977
33	33	NaN
33	34	1.0042168364462816
33	35	0.2233299197317441
33	36	-1.2028654046892167
33	37	-0.5273517772721509
33	38	-0.815821545430581
33	39	-1.3173093999193717
33	40	-0.4155628479279195
33	41	0.03810715557281842
33	42	3.3825754558137486
33	43	1.7142425223261037
33	44	-1.5298516618804752
33	45	1.4944788509187283
33	46	1.234415299022938
33	47	0.5460212543618188
33	48	2.3698354184796404
33	49	-0.5682303603506846
33	50	0.5873925623216002
33	51	2.3834755833516543
33	52	-1.0596318625847119
33	53	-2.6955616600948784
33	54	-1.9313198274959225
33	55	-1.340479369675196
33	56	-1.3424637330609612
33	57	-0.6157558927803582
33	58	-0.9786822338544011
33	59	-1.6292913823511912
33	60	2.9091905512900964
33	61	1.1842498888379684
33	62	2.6872264662209058
33	63	-1.096303267780758
33	64	0.027724286867425306
33	65	-2.6314158530541865
33	66	-1.3367139650361735
33	67	0.29421369048515117
33	68	3.1927840365805116
33	69	0.8474820808684412
34	34	NaN
34	35	-0.5399119703933064
34	36	-0.19215840096690448
34	37	0.8226698177505324
34	38	-0.5955342977344709
34	39	-1.6653770253007814
34	40	-3.91895317311357
34	41	1.2305734552478529
34	42	3.7576095114428187
34	43	-0.17254551281970917
34	44	-3.5392926444380564
34	45	2.027209430180175
34	46	-0.26592525274189405
34	47	2.9360993187737177
34	48	1.2798954303480221
34	49	-3.477925276729919
34	50	2.6889942959241404
34	51	-0.6003633257223652
34	52	-2.5261313884462457
34	53	-1.7848759608417786
34	54	3.68367910943336
34	55	-2.464602884485299
34	56	-0.2522847860369493
34	57	-0.7027356923918459
34	58	3.0326043674951784
34	59	-1.9947624958358268
34	60	2.4407164883141483
34	61	1.357647375794961
34	62	1.097342481188482
34	63	0.7474622043096997
34	64	-2.399531986590911
34	65	-1.5588019200754373
34	66	1.4994798376730425
34	67	-0.706434393560226
34	68	2.073156394741406
34	69	1.6293496188657604
35	35	NaN
35	36	-1.586666138263762
35	37	1.3531070236032101
35	38	3.8493276171184103
35	39	-0.6579981739746232
35	40	1.7743156360637353
35	41	-2.0825373421059106
35	42	-2.8986395881062865
35	43	3.184718247653668
35	44	2.1394391082872706
35	45	-1.0583056507033688
35	46	-1.68527291170844
35	47	-3.048919022599217
35	48	-1.1307334261303421
35	49	2.2685717307999935
35	50	-1.3233474723223968
35	51	1.0825892420457224
35	52	3.5271827192367855
35	53	0.10794897983174216
35	54	-0.39821934452729874
35	55	1.2653323875846263
35	56	2.0628592076205408
35	57	1.9667835569970502
35	58	-0.6041857990818353
35	59	1.8062346214641765
35	60	-1.5157469255039555
35	61	-3.4922187585958167
35	62	-0.20698875564550334
35	63	-0.15274751519191365
35	64	1.5737794840944057
35	65	1.5538146949272684
35	66	-1.0777917258623109
35	67	-4.383533043521624
35	68	-2.871802918378474
35	69	-3.0946231248010694
36	36	NaN
36	37	0.06194357613906667
36	38	-2.4104957000668215
36	39	0.7746440023771787
36	40	-1.2103120497095388
36	41	-1.9971647106870285
36	42	-0.9660947683397861
36	43	-4.497601941862482
36	44	-1.4410084054993169
36	45	-0.26737939545689365
36	46	-1.466820840029578
36	47	0.00787051600260492
36	48	0.49949953787579415
36	49	-3.7738646548020913
36	50	0.450359093995819
36	51	-2.4045867805779975
36	52	-1.0448734011285281
36	53	1.4229634306243228
36	54	-2.2077027572667607
36	55	-2.0869755102490797
36	56	-1.5251186199790339
36	57	-1.5819146881594814
36	58	-1.009895621974543
36	59	-2.6378296881792647
36	60	1.272289729540945
36	61	1.6894025408395135
36	62	-3.172909976942422
36	63	-1.8289434162399132
36	64	-1.7368561549590102
36	65	-3.862647337453619
36	66	-2.507872964319983
36	67	-1.5772637548608106
36	68	-3.0674398288755422
36	69	1.6839494686358745
37	37	NaN
37	38	1.2330715319626018
37	39	1.1678891347095766
37	40	-1.9262795581345986
37	41	1.0243419717961095
37	42	-1.872990807318707
37	43	-0.18990359654185412
37	44	-1.1370044917436084
37	45	3.1008781008503767
37	46	-2.0552063341311997
37	47	1.0312871314852117
37	48	0.13347211866595574
37	49	-0.276211066273924
37	50	0.34886579819202657
37	51	-0.30655361820145133
37	52	-0.7740028273356597
37	53	-1.413880254900876
37	54	0.01786890335972171
37	55	-2.557245499654884
37	56	-0.12403571727253145
37	57	-1.0154729235819664
37	58	-3.5547209628239385
37	59	-0.9480891656321307
37	60	2.1459500781551526
37	61	-1.604794928081528
37	62	-1.8882041323777672
37	63	0.8371399091688094
37	64	-0.947071563236648
37	65	0.4894802763216384
37	66	-0.11069702936915007
37	67	-1.9826640358828769
37	68	0.12485415706528308
37	69	1.714837093585021
38	38	NaN
38	39	0.9631025732581427
38	40	2.4106916319071114
38	41	-1.91339765196304
38	42	-0.4342876769689535
38	43	-0.12180202782847384
38	44	3.5054825910181084
38	45	-3.24169670494967
38	46	-1.7217599109330675
38	47	-2.1446817640998757
38	48	-1.3827367776918895
38	49	1.284800867779862
38	50	-1.8397733079721972
38	51	-2.3938698855389293
38	52	3.0980163268820102
38	53	-0.7086965895690779
38	54	-0.7396850095279844
38	55	3.2123238621215964
38	56	0.8138987225928402
38	57	2.6979930829280567
38	58	-2.853820958643326
38	59	1.5300098190794316
38	60	-1.7731646250953057
38	61	-1.777403337330488
38	62	1.1402564472711876
38	63	-0.5905901605396857
38	64	0.2632497567263184
38	65	0.6003439572978764
38	66	-2.4305811087777607
38	67	0.4409810373723687
38	68	1.6640705966914064
38	69	-0.15115558181507055
39	39	NaN
39	40	-3.0639737493857475
39	41	5.016533851808782
39	42	0.8301428894200696
39	43	1.9579002688794118
39	44	-3.0647301171311243
39	45	1.2645331702808726
39	46	-2.6411035911936613
39	47	1.663883549345365
39	48	2.258384416213251
39	49	-2.111732965922038
39	50	-1.5062813806130755
39	51	-3.421308839773178
39	52	-3.1887630432263827
39	53	-1.4692536305353199
39	54	-6.124894485513017
39	55	-1.2384139248536175
39	56	-1.3817938520631194
39	57	-2.5063135674781054
39	58	4.090906888935079
39	59	-1.7776264710769367
39	60	3.2612711902383444
39	61	-0.16206868877057634
39	62	-0.6439329560926588
39	63	-0.30588934673303714
39	64	-3.4596864796997178
39	65	-2.9339497674979254
39	66	-4.093231139797314
39	67	-0.8933597852138665
39	68	-0.9872752982262377
39	69	3.353866976618468
40	40	NaN
40	41	-0.8233152897729334
40	42	-4.476385596445103
40	43	-3.0481276006067577
40	44	53.06273803936523
40	45	-0.3212406866160216
40	46	-1.8489338931471273
40	47	-5.029883131273995
40	48	-0.3025251252775801
40	49	3.655256748304815
40	50	-0.6386377281548051
40	51	-1.7984759584880827
40	52	7.938914469155745
40	53	0.8658085675496268
40	54	-1.2820793828501695
40	55	2.882724903929891
40	56	2.581244195366516
40	57	3.1274843983447806
40	58	-2.2946317718572904
40	59	-1.3326807867526858
40	60	-1.3367536191888496
40	61	-2.601248254114945
40	62	-2.358930403336906
40	63	-2.5497197647813943
40	64	1.6605827191526419
40	65	-1.3627667931667087
40	66	0.18201481367560662
40	67	-1.66483477577349
40	68	-2.868156182093844
40	69	-1.5702898478818923
41	41	NaN
41	42	3.446330909691107
41	43	-0.035039811378029084
41	44	-1.2477679942546602
41	45	2.2068383282512243
41	46	0.8464824671217018
41	47	-2.54834559277368
41	48	1.8502546016048598
41	49	-2.4986224344703283
41	50	0.7443163531550868
41	51	2.8097514317272405
41	52	-0.6453994210821995
41	53	-2.137314499003889
41	54	-2.117916466169303
41	55	2.431618398285014
41	56	-2.616916828657772
41	57	0.228273608485154
41	58	-0.25070541212656144
41	59	-1.155788880858251
41	60	-0.3591221345702742
41	61	-1.4050152845023722
41	62	0.7246749689787921
41	63	1.0672916688650163
41	64	-1.6208343242424121
41	65	1.3211718934843686
41	66	-4.521288132297522
41	67	1.8360100876087444
41	68	-1.4639425756086535
41	69	-0.9260776697332911
42	42	NaN
42	43	1.0816949195744172
42	44	-2.6202261330685435
42	45	2.177506411482818
42	46	0.0008994375564212444
42	47	1.4077851757711404
42	48	-3.4141134285371306
42	49	-0.6590053937269708
42	50	2.241481681310081
42	51	0.5615020151879414
42	52	-1.2260651761232308
42	53	-2.8631713576330715
42	54	1.5465395408815579
42	55	-2.156995086186165
42	56	1.9722709027275411
42	57	0.17179087213006103
42	58	0.8189448295398118
42	59	-0.032218868814291896
42	60	0.2793730391603299
42	61	2.2747913625033065
42	62	1.2123678932069264
42	63	0.9616544771922912
42	64	1.7175624670210385
42	65	-1.1137538439896888
42	66	2.295493564116975
42	67	2.276671014233217
42	68	-2.3257882837297688
42	69	-0.47841579013211627
43	43	NaN
43	44	-1.8447763591622146
43	45	0.30502768262525937
43	46	0.16360683989223285
43	47	0.502568024008042
43	48	-1.0182885558296948
43	49	-0.7136118804561866
43	50	1.020046393574878
43	51	1.4447637658498267
43	52	-2.785778744561313
43	53	-1.2006714910995742
43	54	-2.1097290549704644
43	55	-1.490490389126917
43	56	-1.1646156534911534
43	57	1.0902711971289472
43	58	0.8042175532820003
43	59	0.8364874733659013
43	60	-2.101218780605078
43	61	1.411254364815541
43	62	1.7330033448345343
43	63	-0.6952016113451491
43	64	-3.2494814080439034
43	65	-0.5462197861710142
43	66	-1.2863304789154162
43	67	-1.588387646991012
43	68	2.026216314195455
43	69	2.346891468225685
44	44	NaN
44	45	-1.5713548438408527
44	46	-4.481029654346501
44	47	-4.743382513597853
44	48	-0.3785533507751349
44	49	2.4747458293668076
44	50	-1.2369712829811068
44	51	-2.725689940298297
44	52	4.086441008233282
44	53	1.8433223377129504
44	54	-1.534206212447201
44	55	3.246907295521531
44	56	0.22944356005596717
44	57	3.2681888567882758
44	58	-4.691512821762343
44	59	0.21109236780731863
44	60	-3.262662906358949
44	61	-2.5762161482111576
44	62	-0.2856270471664833
44	63	-1.2790126718453245
44	64	1.2542190103361202
44	65	-2.108072416786859
44	66	-1.7171040620219902
44	67	-3.007771511642942
44	68	-0.30548718017075094
44	69	-3.037467424991328
45	45	NaN
45	46	2.789729898254668
45	47	1.2791718837241461
45	48	-2.7916086875997754
45	49	-1.6434712188517173
45	50	0.6135234106529197
45	51	1.1774625076281593
45	52	-0.8492388352749307
45	53	-1.3841073700624245
45	54	0.47339906989445113
45	55	-0.8018362719496709
45	56	0.07384120713105873
45	57	-1.9832140451380071
45	58	1.150659501962316
45	59	0.9810676049000893
45	60	1.0400082529439063
45	61	-2.564809356285904
45	62	-4.367760653657971
45	63	2.8498994175161885
45	64	-0.32330244652564477
45	65	1.5718225811737534
45	66	2.4283359337914163
45	67	1.6069227030258888
45	68	-0.14685559567210685
45	69	0.6405844027541163
46	46	NaN
46	47	9.52259034927409
46	48	2.210395577508452
46	49	-1.4685386009501777
46	50	4.790456987879
46	51	-0.8148334607164756
46	52	-1.8235754557876456
46	53	-2.967805650855724
46	54	1.817850191642451
46	55	-3.623554067555178
46	56	-1.3684174454442202
46	57	-2.793212690051325
46	58	0.09318689601519274
46	59	2.755305430638862
46	60	-3.3023333027151547
46	61	2.6217123726808116
46	62	1.5708149729489749
46	63	-0.5758472550551094
46	64	-1.591572949836151
46	65	-0.5689614850152169
46	66	4.008056441790789
46	67	3.1809792645696175
46	68	3.1777090969566832
46	69	1.4277993069233077
47	47	NaN
47	48	3.179560295277548
47	49	0.8413029250979482
47	50	-1.2850043871230703
47	51	0.26899616204574606
47	52	-1.5423569324403497
47	53	1.373763353756364
47	54	1.9834437722288711
47	55	-1.0079909950587245
47	56	-1.3652100769124211
47	57	-1.547684187803897
47	58	-1.4365886478897407
47	59	2.2456404937864396
47	60	0.3488201839060467
47	61	-2.6639633468212898
47	62	3.1393736852820124
47	63	3.7556604153256874
47	64	-3.814578939137976
47	65	2.2198066701996306
47	66	1.430601104787032
47	67	-0.19456259753403507
47	68	-0.6594438710332382
47	69	1.1002987350631341
48	48	NaN
48	49	-1.1808951961783278
48	50	-2.314271743273369
48	51	0.6548578489077486
48	52	0.1168255593705113
48	53	-2.94625689998739
48	54	3.7538906517160715
48	55	-1.7197874325821962
48	56	-0.15304557174765618
48	57	-0.3540599541651997
48	58	-0.5435975852293087
48	59	-1.858108457988249
48	60	-3.4246339733280107
48	61	3.6385591836117697
48	62	1.3328845703397016
48	63	-1.5039662032902867
48	64	-0.2897773478353892
48	65	0.7910234024314888
48	66	1.3009395347999646
48	67	1.913283097666789
48	68	-0.20699203264924804
48	69	2.2366241455123386
49	49	NaN
49	50	3.1406575611176613
49	51	-0.5598532543051297
49	52	1.4951831938370528
49	53	1.5141703435822416
49	54	4.034562756915522
49	55	2.8723479017558184
49	56	0.9956026972776758
49	57	2.9255706735097067
49	58	-2.9165872178331242
49	59	-0.35310507000760855
49	60	-0.4029949770300335
49	61	-3.8512884140950723
49	62	-0.2562829624350839
49	63	1.6162750537436534
49	64	1.31680906359784
49	65	-1.3545955104253304
49	66	-0.6869848641978105
49	67	1.401479648578685
49	68	-1.3690017163671253
49	69	-0.6433640932312474
50	50	NaN
50	51	-0.1020394501913625
50	52	-1.1048189782038436
50	53	-1.5552579265455133
50	54	1.3356476854651342
50	55	-2.806565972925591
50	56	0.17481003120970226
50	57	-1.773726680485481
50	58	-1.3408134945880723
50	59	2.8785570769500066
50	60	-0.8997855278821587
50	61	2.3220170466353216
50	62	-1.2098711553234867
50	63	3.2233768148919095
50	64	0.22320739875325535
50	65	2.3269428012291544
50	66	0.755485295618856
50	67	0.8390903486869686
50	68	-1.0582193660926578
50	69	1.503770505402668
51	51	NaN
51	52	-2.741229536576008
51	53	-0.9569386226206308
51	54	5.544560169003794
51	55	-2.452683936512935
51	56	0.898933356361931
51	57	-3.80453285305073
51	58	1.650600213086976
51	59	-1.5086667169296049
51	60	4.2335344871878355
51	61	5.513513643737216
51	62	-0.8131985614495374
51	63	1.0628033579644367
51	64	0.061531415190274254
51	65	3.1090325356169255
51	66	0.6598984080606624
51	67	1.8667531153436734
51	68	0.5907238045005547
51	69	0.16971614646341912
52	52	NaN
52	53	1.2755018644610692
52	54	-2.8458250104368807
52	55	3.221211757459357
52	56	2.045165474723436
52	57	3.475620241308637
52	58	-2.5633440340853575
52	59	0.4422108646990093
52	60	-0.8463805481924163
52	61	-1.0926330672839653
52	62	-4.414870889064329
52	63	0.6294983449752813
52	64	0.5441289140967354
52	65	-1.3622532945679413
52	66	-0.44495326061516727
52	67	0.007279603176268707
52	68	-1.7424154370499267
52	69	-2.067265777619758
53	53	NaN
53	54	1.381824723172423
53	55	4.085220040287343
53	56	-1.0025472586341377
53	57	2.816503204766684
53	58	-4.305845688458913
53	59	-0.34989064400878317
53	60	-3.782419902239658
53	61	-1.3833602808975112
53	62	-0.2105948102282534
53	63	0.08646354594014222
53	64	-1.563936504340207
53	65	-0.6806668480066372
53	66	-2.1880169537495293
53	67	-0.6531652109119853
53	68	0.26788059383287505
53	69	-1.3239338484304248
54	54	NaN
54	55	0.6879932135878754
54	56	-2.241068399483026
54	57	-0.8848938726549644
54	58	-1.7726908870209461
54	59	-0.22593182428607295
54	60	1.408267370358112
54	61	2.2501126839250234
54	62	-0.5941173766414618
54	63	0.2921334666977967
54	64	-2.381408338354518
54	65	5.029962832508576
54	66	-1.9364512434129357
54	67	0.59007772874649
54	68	-2.5636178537995122
54	69	-1.0099907428921449
55	55	NaN
55	56	1.3479122625429705
55	57	2.2974674541952482
55	58	-1.294598745305974
55	59	0.08474630188091223
55	60	-0.8580142834186587
55	61	1.7190559517327195
55	62	-0.8260604609557376
55	63	0.20073086229384463
55	64	1.3642918374595803
55	65	-1.174120728158771
55	66	1.4725389710771233
55	67	-2.145488582560923
55	68	2.2496214733204996
55	69	-1.5066621754912546
56	56	NaN
56	57	2.7958036187044435
56	58	-1.318225117241921
56	59	1.3936278952563814
56	60	0.33944579505507305
56	61	-1.2931438385426932
56	62	-1.402117726631256
56	63	1.862027386887544
56	64	0.848793534459421
56	65	5.093543023116175
56	66	-0.12309857829730017
56	67	0.5764779318971065
56	68	-1.2156061515921865
56	69	1.8977320098462205
57	57	NaN
57	58	-1.3186502597504546
57	59	0.6876753833251705
57	60	-0.02855383181356818
57	61	-1.0975777233847908
57	62	-1.6549442590673966
57	63	-0.009313116618365152
57	64	5.25215342640289
57	65	-1.8890883035342045
57	66	-0.7610480305175669
57	67	-1.744778937224913
57	68	-0.18577210501821223
57	69	-2.347158640884401
58	58	NaN
58	59	2.1569041211895876
58	60	3.015519914575542
58	61	-3.7135024174859317
58	62	27.04006582934772
58	63	3.8511060137486206
58	64	5.299721172647118
58	65	6.830142027475038
58	66	1.612891218179797
58	67	1.4991681235252172
58	68	-2.1441380477661127
58	69	1.5503068592896312
59	59	NaN
59	60	-4.861096521898533
59	61	2.3286918200014837
59	62	-1.4653624044558042
59	63	0.1547333623349721
59	64	0.9203626805087747
59	65	-1.316184295289407
59	66	4.118008662714173
59	67	-2.713985646969133
59	68	1.2678356259587047
59	69	-2.2943269937381983
60	60	NaN
60	61	-0.059500917494626625
60	62	-3.1004095722158302
60	63	1.1537396155791155
60	64	0.5424466648279488
60	65	1.1217411763490017
60	66	0.005474746709932829
60	67	1.0943909906729359
60	68	2.0544727746999305
60	69	1.2507201031152093
61	61	NaN
61	62	1.2876739009400002
61	63	2.1568492049759946
61	64	-1.8832478943509863
61	65	1.0637039374746595
61	66	1.1149626690533052
61	67	1.5221285013020198
61	68	0.017312316104812958
61	69	0.030603369909512453
62	62	NaN
62	63	-1.2694133161530765
62	64	-0.04314873760103351
62	65	1.2474004096355367
62	66	0.2423028444886792
62	67	-1.7510368264171627
62	68	1.5614491251955447
62	69	0.9874228327739426
63	63	NaN
63	64	-0.9400360929120147
63	65	-0.6841862569460879
63	66	-3.6734157120316
63	67	-1.2853963486849473
63	68	-2.2745706216438086
63	69	2.2441154496385742
64	64	NaN
64	65	1.0436013455606197
64	66	-0.7331083203843984
64	67	1.4916992488231482
64	68	-0.20837943871864567
64	69	-1.8954190756686276
65	65	NaN
65	66	-1.1822768614984043
65	67	-1.300711159453896
65	68	0.8878851160781356
65	69	0.9547036550480387
66	66	NaN
66	67	1.7425742177165013
66	68	3.990147804599613
66	69	1.1311227203034537
67	67	NaN
67	68	1.3855982132012479
67	69	2.366522082350043
68	68	NaN
68	69	1.4748313032522442
69	69	NaN
