1	1	NaN
1	2	2.8935328111424896
1	3	-1.732488424789216
1	4	-0.5305932560126377
1	5	-2.5645621879281992
1	6	-2.0556704262611003
1	7	-0.7910252147038611
1	8	-0.037213388915375484
1	9	-2.2666187827149336
1	10	-2.9615077835139036
1	11	1.6916734208758268
1	12	2.565330111265251
1	13	0.9370729919246775
1	14	-1.9805264448553455
1	15	1.424849849521293
1	16	0.44706004857251497
1	17	-0.7297498597558256
1	18	5.112941650619636
1	19	0.24442264277100986
1	20	-2.5742615762493988
1	21	0.5146871355355703
1	22	0.6997411210162312
1	23	-0.21481235441578833
1	24	-1.9198625991634108
1	25	1.6120047774830413
1	26	0.0865194633041782
1	27	-3.1996882990333466
1	28	-0.6460676746625325
1	29	2.8266594353689265
1	30	-1.2094939563505631
1	31	2.6787182423185683
1	32	0.13569747232091459
1	33	0.8570684631106169
1	34	5.382683356297118
1	35	-1.097196353737004
1	36	0.6860428248640051
1	37	3.0247957404167796
1	38	-1.757502710553363
1	39	1.976802114527649
1	40	-2.810654281172379
1	41	0.7884201199897437
1	42	-2.121415952136156
1	43	3.593300327357121
1	44	1.4873188822320895
1	45	-0.173693073049931
1	46	0.701012151843105
1	47	-1.6155638897343532
1	48	0.19059263289583833
1	49	-0.9895097186766109
1	50	0.9111002747580466
1	51	-0.30236522851185127
1	52	-2.4758049538064038
1	53	1.4042355368647113
1	54	-2.045839659112678
1	55	-0.23277645098842487
1	56	-1.7263813994676411
1	57	1.0842189830692595
1	58	-2.968865344560957
1	59	-0.5720150006750022
1	60	1.2720127725744212
1	61	3.53350087018091
1	62	1.001810436164453
1	63	-1.5576375435341498
1	64	-3.527595881286879
1	65	-1.4556992894025602
1	66	2.16601006793892
1	67	3.6326926696529864
1	68	0.17372636121680407
1	69	-1.33957191471389
2	2	NaN
2	3	3.136674191719102
2	4	1.5838585356647568
2	5	0.7512582875128825
2	6	-2.6407388636821882
2	7	-0.6909074288953565
2	8	-2.666494190576537
2	9	-1.8427604248966611
2	10	-1.7549709821141093
2	11	1.1030191737292727
2	12	2.855255563443698
2	13	-1.6475939240377604
2	14	-0.24395156191000364
2	15	2.307164672461992
2	16	0.06755328094101823
2	17	0.2218658723027805
2	18	-0.5342413333998021
2	19	4.9034266249606
2	20	-1.4016599886287242
2	21	-3.0726863258137107
2	22	0.2620574998350957
2	23	0.6566937156598691
2	24	0.13279666335871426
2	25	0.9586469021585026
2	26	-1.7955831010392622
2	27	-1.5042543670109674
2	28	2.7102012307118
2	29	1.8011260796069557
2	30	0.24157502593507194
2	31	2.813878012716014
2	32	1.5673025834808039
2	33	-1.6740937693864049
2	34	0.8542169475420085
2	35	-0.5170830754048534
2	36	0.9980695837172127
2	37	0.7158945315990111
2	38	0.08915286747373881
2	39	-0.16221298985491292
2	40	-3.5584592898898078
2	41	1.0046269948184432
2	42	2.7732998896659367
2	43	3.468553240067827
2	44	0.7903870608486718
2	45	2.294234655934306
2	46	3.191631482434458
2	47	-2.858937201472827
2	48	0.04183042476513883
2	49	0.7013286710972148
2	50	-0.8672443868172828
2	51	-2.1606291665746893
2	52	-1.9358655345997422
2	53	-3.3379517390890783
2	54	-0.5830752374315112
2	55	-3.218245968901094
2	56	-1.7562639768393038
2	57	0.026825407794551413
2	58	-0.7696484492488789
2	59	-1.3163018424831463
2	60	2.1664585446208044
2	61	2.929915111272471
2	62	2.5873727672681657
2	63	-1.8218672874241448
2	64	0.21837864981278463
2	65	-2.1053916862180637
2	66	-2.857980463577466
2	67	5.371034958027095
2	68	-0.1894604104311037
2	69	-4.769361382602904
3	3	NaN
3	4	1.7387082806930627
3	5	-0.51004458732442
3	6	-2.1233721728866946
3	7	-3.6405692428802015
3	8	-2.9162434594958535
3	9	-1.00505488040026
3	10	0.02864978886096502
3	11	-0.9557333926535603
3	12	-0.8214284313782766
3	13	1.9117448485186843
3	14	-2.39456016472402
3	15	3.9360081519162278
3	16	-2.6530773650222157
3	17	-1.4876460648602816
3	18	-1.3655318609261242
3	19	0.9910102779435846
3	20	-0.6999006665303656
3	21	1.4687392861215465
3	22	0.343090822952899
3	23	3.2614193886496556
3	24	-2.2700942120090426
3	25	4.805561696779842
3	26	0.5296929197751636
3	27	-1.7766721614266228
3	28	-0.5913417847946874
3	29	3.845705477766279
3	30	5.868707575276755
3	31	-0.2640711655894994
3	32	1.4357577001217912
3	33	2.818126084965776
3	34	0.8586900608868149
3	35	-0.2940321386976811
3	36	-0.2024349564092934
3	37	-3.6524863016545366
3	38	-2.8387703916955997
3	39	1.4703980830373091
3	40	-2.8567111610806126
3	41	0.24594418600955184
3	42	2.5096269072728066
3	43	7.798101756919457
3	44	0.18810332044725436
3	45	-0.27130245377202594
3	46	0.9894082567418627
3	47	-1.9955714659663508
3	48	2.7607228352625977
3	49	0.4548563456622708
3	50	4.366954293557768
3	51	-0.07421488086902876
3	52	-2.4461677849522028
3	53	-0.5211930173013622
3	54	-0.06934928945802941
3	55	-2.118792661680363
3	56	-2.0542596284865877
3	57	-1.5802778084591684
3	58	1.4003192937313271
3	59	-1.5389285146000289
3	60	-2.4712913402448606
3	61	-1.6373315591446307
3	62	1.2546140606340745
3	63	1.0204563491436172
3	64	-0.07146956709638883
3	65	-0.7060675612706453
3	66	3.441496631966164
3	67	0.2795073962146314
3	68	1.7317332122382412
3	69	-1.2985657721325552
4	4	NaN
4	5	0.3482499423474111
4	6	0.5591847784695217
4	7	-4.952136770965516
4	8	-1.5933970080430049
4	9	-0.8423132508583268
4	10	-2.227943370283451
4	11	-0.3251782895291102
4	12	2.2621881408709053
4	13	1.8608120870951772
4	14	0.8025024665654101
4	15	2.595600268888042
4	16	2.7522448377729742
4	17	-1.3379489721297086
4	18	1.2090535514943517
4	19	-1.6194315143359788
4	20	-2.407402155325168
4	21	2.8994327653755567
4	22	0.17531760445921118
4	23	-0.3427620232654511
4	24	-2.54273187862359
4	25	2.092648653601856
4	26	0.9505626220347305
4	27	0.19322502340834088
4	28	1.54117530849928
4	29	1.6871394828307948
4	30	-2.0080855372915294
4	31	0.44034031763266995
4	32	3.8143274152652915
4	33	-0.1360161550958536
4	34	1.3667801228528873
4	35	-0.3548195243474661
4	36	-1.7672551005039379
4	37	-1.5456125679739905
4	38	-2.3090992042514134
4	39	-1.4334760818814785
4	40	1.0178299784867109
4	41	2.3137107214693446
4	42	0.3459440892530436
4	43	3.8757767518684285
4	44	0.39445642433706096
4	45	1.5206464652624958
4	46	1.1080260653013798
4	47	-3.5026632183298396
4	48	-0.5028058205578539
4	49	-2.6997054355831804
4	50	-1.9774079147105084
4	51	-0.9847752740753769
4	52	-1.5656905381090214
4	53	-0.45930317876600646
4	54	-2.479047951372267
4	55	-2.1852111280185955
4	56	-0.7679475528756459
4	57	-1.8229812917564758
4	58	-4.506927040405384
4	59	5.05771009558769
4	60	1.6484807676422526
4	61	0.5983878274005903
4	62	0.9959784284876765
4	63	-2.50470668226902
4	64	-0.008363602100258917
4	65	-0.5394950186074234
4	66	1.8359057642737662
4	67	1.0611675912260883
4	68	5.637618881864489
4	69	-1.494568166832249
5	5	NaN
5	6	2.103028152529172
5	7	3.7651250005272097
5	8	0.1548352581273018
5	9	2.6983642872313274
5	10	2.1044532602880506
5	11	-1.3866874273260559
5	12	-0.2800684118074071
5	13	2.3309954096084864
5	14	-0.49171594067768665
5	15	1.0199107543602137
5	16	-3.7185298550945105
5	17	0.7994177686658298
5	18	-0.5694862620478213
5	19	-2.4870467176059576
5	20	2.613250641680246
5	21	-1.1525999150615143
5	22	-1.1544117933466564
5	23	0.2513827966042544
5	24	0.4650719675480638
5	25	-4.218812137542211
5	26	-0.5251581202849274
5	27	1.2184460855173735
5	28	0.9174433589805154
5	29	0.6168494059375287
5	30	-1.9152529613685618
5	31	2.752937165589453
5	32	0.13288051857748445
5	33	0.10492545722637873
5	34	0.7826560681706818
5	35	-0.004152514857726909
5	36	3.6559004373815576
5	37	1.089564826779608
5	38	0.8014664129509396
5	39	0.1440953589557587
5	40	1.6478080015134873
5	41	-0.714117453966371
5	42	-2.729333439020119
5	43	-0.9146926178551996
5	44	-1.9392097427689552
5	45	0.012096462227301048
5	46	-0.4428262358305181
5	47	0.8724673181551755
5	48	-1.2549284736986626
5	49	2.3065311637706736
5	50	-1.7583008873857804
5	51	-0.5004305976857212
5	52	0.6414359837333649
5	53	-1.8264386419244178
5	54	-2.3195936569959406
5	55	0.7163997212655256
5	56	1.65258301522001
5	57	-2.2204487057067936
5	58	4.441334860340414
5	59	-1.5851200352220525
5	60	-1.4624468067069487
5	61	-2.1046307308350025
5	62	-0.3696540388112566
5	63	1.0027056053656573
5	64	-0.12888811215058238
5	65	-0.4466926020413224
5	66	-1.356415390807827
5	67	-2.25622742609817
5	68	-0.486317147482065
5	69	-0.5449525202840758
6	6	NaN
6	7	3.5835504599305312
6	8	3.763879814538067
6	9	4.85340463044417
6	10	2.880846286373932
6	11	-2.088952220633499
6	12	-1.542023047210056
6	13	0.8495258197807665
6	14	-2.2872357370534275
6	15	-1.0496395915486605
6	16	-0.8415080822329813
6	17	1.6131300306477423
6	18	0.12126101887539577
6	19	-2.5258972268778086
6	20	-0.1623567686431328
6	21	-3.1322960350950866
6	22	0.06963425336022779
6	23	-1.7315910256348286
6	24	6.489547315218103
6	25	-2.400411165678622
6	26	-1.8151535655929776
6	27	1.9802087922662193
6	28	0.4627175739587911
6	29	-0.862571699591388
6	30	-4.290339592842753
6	31	-0.5533002140061517
6	32	-4.872083501186199
6	33	0.7040707545237105
6	34	-0.4800785458121713
6	35	2.702703765394489
6	36	0.6821984120034221
6	37	0.6754884786489449
6	38	0.03475445414610358
6	39	0.5969635978228125
6	40	1.5565661707074934
6	41	-1.6730215850167323
6	42	-1.8801738373160124
6	43	-3.095692193464407
6	44	-0.0949811511813834
6	45	-0.6048811497558416
6	46	-2.4309029883293904
6	47	1.6487346860925667
6	48	0.2887509237608247
6	49	0.17626800721247837
6	50	-5.3676112441338075
6	51	-1.1003132749857563
6	52	2.0178744874296277
6	53	1.5688769515662815
6	54	0.2463096600046531
6	55	2.039987654322049
6	56	2.98572736523886
6	57	3.028834826371543
6	58	2.601397731027295
6	59	-1.0492648992133986
6	60	-3.367488652141906
6	61	-1.020459314406818
6	62	-4.364060612105331
6	63	1.8862465413858
6	64	3.999299302600719
6	65	-0.09872463491485853
6	66	-2.1052379467777236
6	67	0.415222893932294
6	68	-2.899427846047869
6	69	2.9970766743535115
7	7	NaN
7	8	2.5023801447802874
7	9	4.43247747121346
7	10	1.5607079959320542
7	11	-0.20652121992142064
7	12	-2.6670458875064247
7	13	-0.6794236434794731
7	14	-1.8150161656439439
7	15	-2.931469198044423
7	16	-1.8771097030875032
7	17	1.947550807801691
7	18	-2.2480162741540384
7	19	-0.11767469023442693
7	20	0.6464231263253772
7	21	-0.9718658882778417
7	22	-1.01544332741634
7	23	-0.5288805961800263
7	24	0.5798519115525843
7	25	-2.4395758536458714
7	26	-1.5597431577956644
7	27	1.6151277816885417
7	28	-0.3033895763642831
7	29	-0.9490637120836181
7	30	-3.755906024310509
7	31	-2.051350571029086
7	32	-2.6841168673367384
7	33	-0.9934235468452045
7	34	0.9311687167095577
7	35	3.078082344176911
7	36	2.571609506186193
7	37	3.084071503181872
7	38	4.598969307250813
7	39	-1.941673816669663
7	40	2.7629454439526087
7	41	-1.7270051487703593
7	42	-3.3139631706819537
7	43	-2.4553011291816307
7	44	0.5687435737401579
7	45	2.342557082966275
7	46	-2.4380826282875994
7	47	2.0540140079543936
7	48	-2.587579978116954
7	49	1.9886379773122353
7	50	-2.2738616595828107
7	51	-3.453141748746589
7	52	2.4063349425982756
7	53	1.1705305098546526
7	54	0.06733114374417158
7	55	2.086133187105446
7	56	4.003028029859014
7	57	0.18390719861141805
7	58	3.0959249832456193
7	59	1.717983868443487
7	60	-3.030584480867637
7	61	-1.8118157494967828
7	62	-1.5932384053377358
7	63	0.991692151001969
7	64	3.0462062248217707
7	65	1.132968378647933
7	66	-0.6294965950877995
7	67	-1.8993170602061806
7	68	0.09412283461575299
7	69	-0.3547075652009295
8	8	NaN
8	9	2.0283387302036324
8	10	0.9427735596814804
8	11	2.029168335629981
8	12	-3.4435047476740346
8	13	-0.40036585263499835
8	14	-2.171886297066951
8	15	-1.9081673095499345
8	16	-3.2850866673603187
8	17	10.148975994073847
8	18	-2.65597518736565
8	19	-1.0143584421367313
8	20	2.701735361891886
8	21	3.8211246844410027
8	22	-3.2411584762204093
8	23	-2.1039959852790138
8	24	4.3188743873974005
8	25	-5.519727776559738
8	26	-0.7121867864505366
8	27	1.8805928250952468
8	28	-1.63900679659879
8	29	-2.75675623241802
8	30	-2.0183103263826276
8	31	-3.667348481000945
8	32	-2.0073076443878266
8	33	-0.6476729766424593
8	34	-3.689914348075451
8	35	2.0730206121161037
8	36	0.6067353330094801
8	37	2.0748186418319343
8	38	2.3001763863748566
8	39	-1.104822440622117
8	40	2.65176348551961
8	41	-2.8180381982762994
8	42	-3.693174734916759
8	43	-1.3850572799387115
8	44	2.811364190365337
8	45	-0.014196605636245998
8	46	-1.7639920432834908
8	47	2.3633815147663793
8	48	-0.8210226934529479
8	49	1.6365119806842356
8	50	-1.5999156852881196
8	51	-1.334075453700471
8	52	3.2012826704440234
8	53	5.328781862401645
8	54	0.9346342080140558
8	55	3.4480400536511318
8	56	1.882204608800528
8	57	1.4709516232236985
8	58	1.6555088874215789
8	59	0.602265669161908
8	60	-2.0047086577439073
8	61	-2.1858053826160906
8	62	-1.4455748534525448
8	63	0.6381596347281648
8	64	1.8836978417108086
8	65	1.3455980339457871
8	66	-3.0026256305228727
8	67	-1.5981826021609724
8	68	-2.428820790741527
8	69	-1.4098949956339464
9	9	NaN
9	10	4.423608217100517
9	11	-0.6234156221767057
9	12	-0.06939474642976623
9	13	2.734408960359651
9	14	-1.1148544005484684
9	15	-2.1651931283600563
9	16	-2.5751008609567627
9	17	0.6593365500821305
9	18	-1.3099395631654411
9	19	0.471955857130526
9	20	2.9007359500733747
9	21	-3.5006094115653457
9	22	-1.1638717374388687
9	23	-2.0358771143146477
9	24	1.3631268223323572
9	25	-0.08305024067246482
9	26	-1.736595236301466
9	27	1.260120987759617
9	28	2.3679439112249785
9	29	-0.7145723950863103
9	30	0.7577911575647772
9	31	-0.12915854595005913
9	32	0.1540662883011853
9	33	-2.4753553644865782
9	34	-3.3738841379965043
9	35	1.618611708701111
9	36	1.0516114105421812
9	37	1.2619286359023223
9	38	2.025969434005397
9	39	-2.0796347764699488
9	40	1.3816769176098826
9	41	-1.8237691173737482
9	42	-2.8899031509387743
9	43	-2.0138083616773432
9	44	-0.17705034139277812
9	45	0.22677446733003023
9	46	-5.073272799519532
9	47	4.471865382689141
9	48	-2.954985221825165
9	49	1.5982574732900308
9	50	-0.9030165917456944
9	51	-3.7077366697668874
9	52	1.4242936230406567
9	53	0.22233427681509343
9	54	-0.8288308839768098
9	55	1.617505546576036
9	56	0.9925181815064504
9	57	-1.2640962873035542
9	58	0.45303203182066204
9	59	0.12191648966857153
9	60	-3.383225316408784
9	61	-0.21752583848819637
9	62	-1.9647336233030097
9	63	1.7864695820269705
9	64	0.06462411577580278
9	65	4.999866072024109
9	66	-1.2783964954253295
9	67	-2.955968641068884
9	68	-0.7745233040835301
9	69	3.665174423836912
10	10	NaN
10	11	-1.6680147278735948
10	12	1.1859454785210155
10	13	0.7022359466413294
10	14	-3.735284834692062
10	15	-0.603203631695555
10	16	-1.5832229118409749
10	17	0.42121155272201505
10	18	-0.14004379805371636
10	19	-1.6992768922610333
10	20	4.128307356631835
10	21	0.17281319628549321
10	22	-1.5143816379244721
10	23	-1.9598745394600008
10	24	1.2583715089610255
10	25	1.0631663808077647
10	26	-3.4259393669682603
10	27	0.050786029130453596
10	28	2.4210186632316715
10	29	-2.574254869317169
10	30	-1.0875930988140563
10	31	-0.755256032483699
10	32	-0.8846439395453691
10	33	-0.541941906609258
10	34	0.3346049070316123
10	35	1.7082270075694785
10	36	-1.1102143479264281
10	37	0.05809960361739215
10	38	3.509993642170721
10	39	1.1298041160034717
10	40	1.6777210785033483
10	41	1.4244285257817473
10	42	1.1139241647302118
10	43	0.0270229399984077
10	44	-0.2237951916804473
10	45	-1.9019130612773554
10	46	-3.1238536001160724
10	47	-1.0150203899010906
10	48	-3.3431720116184716
10	49	1.5348108007863288
10	50	-1.8874630764947347
10	51	-2.0594787667172527
10	52	0.7380477863611654
10	53	2.6157859349065844
10	54	-1.1400290440945156
10	55	2.1339912485659296
10	56	2.209102655226504
10	57	1.010248528970656
10	58	2.3280101636257196
10	59	-1.587147553150528
10	60	2.813439585760032
10	61	-1.9833963546636262
10	62	-0.8919449116612118
10	63	1.0795805815753023
10	64	1.5654097408925352
10	65	-0.9363095814139505
10	66	-1.8095000007932227
10	67	-1.1395013868824153
10	68	1.2771848851841379
10	69	0.14079236381067387
11	11	NaN
11	12	0.23535192425825305
11	13	-2.0678294607266663
11	14	0.10269175053283448
11	15	-0.1890120046602591
11	16	1.21964598271528
11	17	0.20297209740099934
11	18	-0.48546925235887955
11	19	1.2324549186941813
11	20	-0.7837119715438405
11	21	4.904424695940284
11	22	-1.4876671216546427
11	23	-0.9358413073023394
11	24	-1.0943913925973827
11	25	-0.9065939130515469
11	26	-0.015941827814948576
11	27	-2.515668773074614
11	28	-1.9289967659818312
11	29	0.4865339863325368
11	30	-3.0608551723606685
11	31	-0.08094446891695958
11	32	1.0069058204275358
11	33	-1.1053702826510825
11	34	-3.64683640087012
11	35	-0.4567850031956538
11	36	-2.2565314002101244
11	37	0.29621920323454826
11	38	0.4976380345102027
11	39	-3.2144331877917187
11	40	8.841492367656876
11	41	0.9665608091377975
11	42	-0.5446872478074359
11	43	0.6409708579936114
11	44	0.5467864036560333
11	45	0.6852037318969822
11	46	2.0869646243392928
11	47	-1.0113683277821437
11	48	2.0644295989506087
11	49	-1.7949830177065897
11	50	1.022715615243895
11	51	2.1993312851940927
11	52	6.123491408051942
11	53	-1.7387801758043449
11	54	1.10083550998635
11	55	-0.047723805746403586
11	56	-1.7763019409087446
11	57	-1.1094922469539044
11	58	-0.9435552655596386
11	59	-0.05106906056031369
11	60	-1.2101201472390442
11	61	-0.3001314984528779
11	62	1.9439862986206193
11	63	1.7498937660494924
11	64	-1.1615768660703447
11	65	-0.9335747943096102
11	66	-0.7743527497305613
11	67	-0.5245143942287165
11	68	1.128283144121686
11	69	-0.9230519608776981
12	12	NaN
12	13	-1.221198910845953
12	14	1.111501155862059
12	15	5.068534156502198
12	16	1.5886330997305007
12	17	-2.4269775936796223
12	18	1.584047606104578
12	19	2.3652751057508414
12	20	-2.080965082546359
12	21	4.123681375505949
12	22	-0.5741412851990111
12	23	0.19382224567556167
12	24	-1.2537821947161951
12	25	-0.8726869749882559
12	26	0.18854992939505644
12	27	-3.2615961321437266
12	28	-2.0326418912112563
12	29	-2.6110135077612817
12	30	2.4769104351957467
12	31	2.5891857442430375
12	32	1.722238041866436
12	33	1.9377771730804063
12	34	-0.9076610573027324
12	35	-3.7762786423730494
12	36	2.4704035051392634
12	37	2.3676964720039773
12	38	-0.600538637079946
12	39	15.223047100844292
12	40	-1.38758321026423
12	41	0.007359741454632613
12	42	4.590715214553739
12	43	-1.6368530146048221
12	44	1.2344056717724707
12	45	-1.0382764464889784
12	46	-0.7538144732842692
12	47	-2.03027956744384
12	48	2.0275549296657616
12	49	-0.5977793507038
12	50	3.255351695505971
12	51	-0.8986635248017221
12	52	-1.6304413515308784
12	53	-1.062726976783552
12	54	-3.955421522243171
12	55	-0.7986612890705377
12	56	-2.5653928195894884
12	57	-1.600728262341417
12	58	-2.9571048272506846
12	59	1.6206400565596215
12	60	0.7316788101216259
12	61	-3.2571812210462827
12	62	2.438697387334305
12	63	0.12486087794373044
12	64	-0.04283638685595011
12	65	-2.3977201959764765
12	66	-0.6640891856872797
12	67	0.0509231228457338
12	68	-1.9649204797032496
12	69	-2.3891037403133515
13	13	NaN
13	14	-2.218780678023608
13	15	-1.933883640026512
13	16	-3.3946658121189275
13	17	0.8771294901269538
13	18	1.2857339784465793
13	19	0.5398667196312552
13	20	0.9424679975160762
13	21	0.6178787146469197
13	22	-1.4049917122942712
13	23	-3.7348741186565957
13	24	1.1426249890177982
13	25	-1.4936064470597818
13	26	-1.2925527422414147
13	27	-0.7742278151985323
13	28	-2.7356117396422333
13	29	4.803351159982458
13	30	1.921137426700823
13	31	-2.4286637421243022
13	32	1.7747743142355938
13	33	1.1272030022697703
13	34	0.5621962480323229
13	35	0.46247996216409704
13	36	-0.6530910068610916
13	37	1.31699472037361
13	38	1.2997305499492882
13	39	-2.1231373723055476
13	40	5.684112281811529
13	41	3.450522769990316
13	42	2.4437943946346805
13	43	-1.4145374291653927
13	44	-2.4397987711787463
13	45	-1.643285261473544
13	46	-0.12546150425108488
13	47	0.6096191361196884
13	48	-0.2158167161467059
13	49	-0.8020848381858426
13	50	0.8756092709393669
13	51	-0.6719238621174517
13	52	0.642211052111544
13	53	-0.919333116393542
13	54	-1.313156135752561
13	55	-0.4745360240649061
13	56	1.5191617660415844
13	57	0.68666501368089
13	58	-0.38614994425210064
13	59	-3.2654058591796002
13	60	-0.5523328463248516
13	61	-0.1819218341888178
13	62	-0.012426304226953375
13	63	1.9677701937685965
13	64	-1.2497988002760734
13	65	-1.0829249225942505
13	66	-1.1147577154477954
13	67	2.0210869108384935
13	68	-2.8761166388441834
13	69	0.8627150720654221
14	14	NaN
14	15	3.9081960097991
14	16	-2.1225957488221012
14	17	-0.9728439126159059
14	18	0.22508030570358958
14	19	2.768127268260732
14	20	-0.8015260572382762
14	21	-0.5565868367484741
14	22	1.7801232275358638
14	23	0.47356601046468727
14	24	-2.0272012908416004
14	25	3.0425841900431854
14	26	1.9369413165529077
14	27	-1.6774380124796777
14	28	-0.36508692141958426
14	29	0.5281067481475065
14	30	1.8097831475088542
14	31	3.0894331005338826
14	32	-1.3353094833376722
14	33	-0.2735302063742827
14	34	2.2141740843735276
14	35	0.006140936783339551
14	36	-1.2303331150212162
14	37	-1.2779269973333722
14	38	-0.7097020990050877
14	39	0.42042340488655805
14	40	-3.260908488894272
14	41	0.7167966476432571
14	42	-1.1803539654053108
14	43	-1.6657735811268615
14	44	-0.8047362929937357
14	45	0.9362939188646622
14	46	1.736168501174607
14	47	-2.976667754470809
14	48	2.402934004513043
14	49	1.433236500829179
14	50	3.48249405799668
14	51	2.354574922862671
14	52	4.084119176575131
14	53	0.06218131434974141
14	54	0.9205708926755325
14	55	-2.2926938303925963
14	56	-1.8846314463972802
14	57	-1.665397040118921
14	58	-1.3364930059400828
14	59	0.29138399732295556
14	60	1.362312783218398
14	61	4.402262398023701
14	62	1.626714547190388
14	63	0.39246196709589726
14	64	-1.750397557979783
14	65	0.32414575692386977
14	66	-0.017268974966835278
14	67	2.5020423157433354
14	68	0.7068485337443572
14	69	-2.537095320324309
15	15	NaN
15	16	2.2238888988736516
15	17	-2.858152994120271
15	18	0.26813894409792205
15	19	5.084460881872421
15	20	0.5362180948526059
15	21	0.3286339014883697
15	22	-0.6704420941445566
15	23	3.067244739534702
15	24	-2.205130756125473
15	25	-2.500845563510652
15	26	-2.2793805588591067
15	27	-0.2572658642633378
15	28	-0.8875095575030064
15	29	1.378993727035116
15	30	4.4757100723734915
15	31	0.7371119596969565
15	32	0.9664686759680865
15	33	1.3912678995749215
15	34	5.833577993756578
15	35	-2.499645428620636
15	36	-2.4116522597816177
15	37	-1.5564132324340618
15	38	-1.1196764408288538
15	39	1.7699309053470236
15	40	-2.903731328661793
15	41	0.26474877610202885
15	42	2.4104182297774686
15	43	0.5495499513867741
15	44	-1.2317437861216132
15	45	-0.5727532650415111
15	46	-0.03219245543419575
15	47	-0.990160190911443
15	48	2.164609223888954
15	49	0.29599425829190273
15	50	2.4497158710457407
15	51	2.569289638456499
15	52	-1.7908782179237732
15	53	-2.8496516030927497
15	54	-2.6321406453106087
15	55	-2.9233800764802207
15	56	-1.8766207883977712
15	57	-0.7535553141333795
15	58	-2.3633360137988517
15	59	-1.3146852644195985
15	60	-0.9860099044080981
15	61	2.1926757296846455
15	62	1.5727081410170367
15	63	-1.1632655001659726
15	64	-1.8112537901559946
15	65	-0.08068931264685422
15	66	1.3785715990297016
15	67	-1.3904237843445713
15	68	-0.1558169688063784
15	69	0.16467857627710192
16	16	NaN
16	17	-3.210424215527818
16	18	0.5581075499562059
16	19	2.6456934195861477
16	20	1.5665610983061435
16	21	4.148339009976347
16	22	0.5750932793004397
16	23	-3.5920700831803782
16	24	0.8051260238385787
16	25	3.641732080439671
16	26	1.3155874561864194
16	27	-2.3678179169993165
16	28	-1.089483563979241
16	29	4.637568272596797
16	30	0.9546905634184596
16	31	0.003148543371499141
16	32	4.739728269177374
16	33	0.18443357112370087
16	34	0.06397886044298444
16	35	-0.49729622614419583
16	36	-1.4872093154139252
16	37	-1.0687400943354524
16	38	-2.1351909038889767
16	39	-0.4365467231989623
16	40	-1.4107999799849933
16	41	3.2852285997373203
16	42	1.2090259410463218
16	43	0.8895484194670412
16	44	-0.4252784762375402
16	45	-2.295346940655772
16	46	-4.612343543947272
16	47	-0.2788521794129116
16	48	-0.682228617042772
16	49	-1.5892793526991333
16	50	0.31017950763352203
16	51	-2.0268723388634626
16	52	-1.2253825093472244
16	53	5.947099784850294
16	54	0.5327082532118531
16	55	-1.9066249117209957
16	56	-0.7225204977540417
16	57	1.1580050051831656
16	58	-4.150186601878743
16	59	1.8290275084048389
16	60	0.6480213466122613
16	61	2.1503188600805556
16	62	1.2625585997388569
16	63	-0.5661223917687653
16	64	0.4613566937284178
16	65	0.5312103746633243
16	66	10.341773446943039
16	67	-3.572390564528654
16	68	5.126272925865608
16	69	-0.2909358951758412
17	17	NaN
17	18	-0.04807018587919903
17	19	-1.0825000591990868
17	20	2.5527199488750796
17	21	-2.0304759630405536
17	22	-3.845257552521369
17	23	0.2853064202860608
17	24	-0.03868974430209557
17	25	-0.6422174172606958
17	26	-0.4596385417459181
17	27	1.0210172213704676
17	28	-2.4462076278574334
17	29	-2.534868197411012
17	30	-2.0354770282602854
17	31	-1.5409899758916525
17	32	-1.3642251654155821
17	33	0.8076877050054406
17	34	-3.2441946843249907
17	35	2.309866434763439
17	36	-0.6559209435306746
17	37	1.9596271334767856
17	38	1.7881789050216328
17	39	-0.7166380919085253
17	40	0.8523814481775231
17	41	-3.068562061597789
17	42	-0.49916491099678134
17	43	-1.2825612539964537
17	44	0.076295731189443
17	45	-0.6818271604452196
17	46	0.08975895874482102
17	47	-0.5318617370783291
17	48	0.3956284457860068
17	49	0.4248054582284116
17	50	-1.306450846232012
17	51	-2.098829311231235
17	52	4.514498674388867
17	53	4.534711980077594
17	54	2.9581433706382634
17	55	2.812927177403955
17	56	1.7232266424413674
17	57	0.4886382164166939
17	58	2.174491385053543
17	59	-0.5656292428195717
17	60	-0.5432111588984637
17	61	-3.3588340976196833
17	62	-2.8701985262355914
17	63	0.4427038539852027
17	64	0.2397678713776071
17	65	2.172794563092719
17	66	-1.2655321748053978
17	67	0.862130174848217
17	68	-3.4647593401835044
17	69	-0.10653188104831011
18	18	NaN
18	19	2.9141285869095035
18	20	-1.3545537548790567
18	21	-0.1473960136710999
18	22	-2.0052896349669798
18	23	1.7388992380790065
18	24	-2.4735395301133067
18	25	-0.9080553494780276
18	26	2.9905045047580177
18	27	-2.0568452081259143
18	28	0.433552514409067
18	29	-1.167805703536274
18	30	1.1103583721406767
18	31	2.4361247806029565
18	32	4.538871129994061
18	33	-0.3721079796847173
18	34	1.453440303690783
18	35	-0.9176567458160515
18	36	-0.21097699470045964
18	37	-1.466516446306974
18	38	0.8742440580119497
18	39	0.023887234941225105
18	40	-0.0468725021847018
18	41	5.831186946013959
18	42	5.186653067721561
18	43	-2.1497718207100864
18	44	0.42202127242806314
18	45	0.4583272028273566
18	46	-0.3404124273464537
18	47	-0.6679743476810569
18	48	1.4372796886338874
18	49	-1.283001225808955
18	50	-0.927149987630465
18	51	-0.975645884547665
18	52	-3.7455227510719595
18	53	-1.7749418526961755
18	54	-1.8874912017717587
18	55	-3.026774013132445
18	56	-2.1123267769696183
18	57	-0.18920016947952523
18	58	-2.7925051293634993
18	59	-1.8554770185278608
18	60	2.021141887096199
18	61	1.6218965840102468
18	62	3.459621963831457
18	63	0.35531069860460757
18	64	-2.8153424315910356
18	65	-1.3050210230731014
18	66	2.033131590393852
18	67	-2.2498810188671925
18	68	0.7332662051996928
18	69	1.2047619943178842
19	19	NaN
19	20	1.0482493753547886
19	21	-0.7175940079394914
19	22	0.3322407684809371
19	23	-1.4072279482144865
19	24	-1.975250827579983
19	25	1.0177247836031837
19	26	2.101810333929823
19	27	-1.646487865524062
19	28	1.1528032431350825
19	29	0.098161633383759
19	30	-1.4318831984255695
19	31	0.9764033475507563
19	32	-0.27081792447630737
19	33	-0.6579618924788363
19	34	-1.8215156297822133
19	35	-1.026449926140895
19	36	0.4328238816401755
19	37	-3.4068562957782533
19	38	-3.26240531041813
19	39	2.232134324772439
19	40	2.2393951556563967
19	41	-0.22583281955674622
19	42	0.0016947197442594266
19	43	-1.0345857070060933
19	44	-1.249252723277928
19	45	2.0048392621929016
19	46	-0.5054909415249444
19	47	-3.4266152780678545
19	48	1.27937674753354
19	49	-0.941228910930539
19	50	-0.8779106459023468
19	51	2.522735621376733
19	52	-0.45515561585571335
19	53	-2.632674422215576
19	54	1.9235211775270202
19	55	-1.8682869321598665
19	56	-2.3249523636000102
19	57	-1.4241715298243265
19	58	-1.0080865813953357
19	59	1.1450234396917371
19	60	1.5647933694268479
19	61	0.5042994428275174
19	62	1.5849930688835476
19	63	-0.9376081903863794
19	64	-0.04420940363994238
19	65	0.949251660525588
19	66	-5.798980570129386
19	67	-0.5807719664049049
19	68	0.01632034075450348
19	69	5.82770244669433
20	20	NaN
20	21	-1.3279808087475884
20	22	-1.5530897306187936
20	23	-1.5322018399374977
20	24	-0.013167988228856226
20	25	0.7171387845853203
20	26	3.227046218994923
20	27	0.707889357028277
20	28	1.696419878597435
20	29	-0.6177858707487524
20	30	-3.634795898607378
20	31	3.2780749987971776
20	32	-2.3581638424245037
20	33	-1.4020078454175138
20	34	-1.6560048183313323
20	35	-0.10618026349400946
20	36	0.1258544317974485
20	37	-2.8916095129206316
20	38	1.2256525674273777
20	39	-1.5720738519649895
20	40	1.4088821513407144
20	41	4.146079023461063
20	42	-4.1870709655614915
20	43	-0.03599333181943107
20	44	-1.8798222839021597
20	45	-1.4436009017162856
20	46	0.9048105974317883
20	47	2.688228625567252
20	48	-1.1280535811717656
20	49	-0.009624946635242004
20	50	0.6643794874930927
20	51	-1.5609346053765152
20	52	2.0719136520000516
20	53	1.5463800079296797
20	54	-1.4874170798868454
20	55	2.755895243576836
20	56	-0.24639801581427737
20	57	-0.9198720044950336
20	58	1.8576894099411354
20	59	-1.2806574947266594
20	60	-0.6064421785431207
20	61	-3.9357421366508794
20	62	-0.9837438326783255
20	63	2.2150598739191287
20	64	-0.8393574951069007
20	65	3.2005530066448946
20	66	-0.41039094406192
20	67	-2.6810673913605685
20	68	-0.45372935917281704
20	69	0.4763750365087305
21	21	NaN
21	22	0.37048141410296515
21	23	0.7460365296705175
21	24	-2.3993304814113223
21	25	-0.9456795926164797
21	26	4.6306313744629515
21	27	-0.2836794275284273
21	28	1.2770915214077798
21	29	1.7901443593484894
21	30	0.673650491220047
21	31	-1.1905999905664575
21	32	-0.08058050845890534
21	33	-0.5102662814489769
21	34	-0.36263283976930855
21	35	-1.7460904185353407
21	36	-1.3174272912591185
21	37	10.238119161037682
21	38	-2.284407445622388
21	39	-2.4474190227241355
21	40	-1.0125259493043575
21	41	0.37387676840062584
21	42	-1.57667168090454
21	43	1.1094425800142356
21	44	2.785160364717519
21	45	0.2533234663278935
21	46	0.21102600254130857
21	47	-2.871215006454241
21	48	1.106424624063796
21	49	0.3194828309951312
21	50	0.7820450128613227
21	51	0.6465513452490922
21	52	-1.6427007633648314
21	53	-3.6523731365025824
21	54	-0.24964607538389433
21	55	-2.4841934960626615
21	56	-3.9163248144137746
21	57	-1.462121920802772
21	58	-0.05598377867798899
21	59	3.4387149413761415
21	60	-0.05854712956876855
21	61	1.872818256675849
21	62	-2.9064377980076235
21	63	-1.6413635263635593
21	64	-3.3798771251153408
21	65	-0.6230928309016627
21	66	1.2504727935739093
21	67	3.00125048835699
21	68	1.104637787547264
21	69	-0.405230031290115
22	22	NaN
22	23	2.4213199555838782
22	24	-0.9588896920779175
22	25	0.0406020899717345
22	26	20.606983296364636
22	27	-1.0545030684279697
22	28	-0.7113579404581494
22	29	1.5816217247998656
22	30	1.36577768801142
22	31	-0.18393540394379201
22	32	-0.22110521904452546
22	33	-2.616064496451792
22	34	-0.34010454496431686
22	35	0.38020178125083137
22	36	-1.1329334597975527
22	37	-1.2624248661269264
22	38	-0.9024937711588455
22	39	-0.10976724301518004
22	40	-2.6702164053046133
22	41	-1.5645265365106305
22	42	1.845041226329385
22	43	2.2131255552349542
22	44	1.7276706296202406
22	45	3.281627717808936
22	46	-0.8016826625549865
22	47	-3.612953415931567
22	48	1.9658891217174166
22	49	-1.8804943545828166
22	50	1.8581095260125255
22	51	-1.6287371292517923
22	52	-2.9541118076601784
22	53	-2.4451296684609063
22	54	0.5990289822563128
22	55	-0.45103507879145993
22	56	-1.297435482182159
22	57	0.34800774406489937
22	58	-1.9234682811783752
22	59	-0.08256028175236217
22	60	3.1687203098669503
22	61	0.2350931849451359
22	62	2.543931024934806
22	63	-1.2212302515795888
22	64	-0.023883925073115667
22	65	-1.8374194497469605
22	66	5.965326912520028
22	67	0.8357754178062206
22	68	2.2168518311063052
22	69	-2.0793660058396912
23	23	NaN
23	24	-2.385474492268158
23	25	-0.9249991145238381
23	26	1.0300453180439684
23	27	0.006015921288612011
23	28	1.4674196210197439
23	29	-0.3907064731004521
23	30	3.200503416510038
23	31	3.9481370294252223
23	32	1.4908235478070928
23	33	0.00015584582194779034
23	34	5.060019233807927
23	35	-1.013218234541849
23	36	2.282350886588528
23	37	-0.4502393421598076
23	38	0.3707229634173534
23	39	-3.1173422298167828
23	40	-3.933951311761664
23	41	-0.7013968885985978
23	42	5.900524157608292
23	43	-1.6681239923339266
23	44	-1.2638120488048856
23	45	1.33984557839774
23	46	2.313529937793032
23	47	0.03543995823793353
23	48	-1.02104917628615
23	49	0.12034441046440056
23	50	0.1163547943299047
23	51	-1.0220470458075086
23	52	-0.5605733267908779
23	53	-2.707204251469106
23	54	-2.40332975671716
23	55	-1.5436660447736148
23	56	-1.5864982144779651
23	57	-1.2199227362068465
23	58	0.019845187143741255
23	59	1.1782241217770297
23	60	1.6892956285086225
23	61	-0.060362115648773376
23	62	-0.10396754352103435
23	63	-0.9823519338587343
23	64	-0.40373085630680766
23	65	-1.875505737246035
23	66	-0.08402377084951809
23	67	1.7260656337522349
23	68	0.3000895338833929
23	69	10.152012143418455
24	24	NaN
24	25	-1.2263788796359034
24	26	-2.3134446271511586
24	27	2.0075379309224775
24	28	2.2935476375544437
24	29	-1.2389198855145287
24	30	-2.930395204703823
24	31	0.7373276701183041
24	32	-2.761307197914102
24	33	-1.387177032201674
24	34	-1.8312161759066616
24	35	0.8065777840018962
24	36	-0.22948298298316427
24	37	3.8402270353021577
24	38	1.2152199907353576
24	39	-2.296394863347334
24	40	0.4182830494471013
24	41	-0.5307147361333757
24	42	0.09779394318732894
24	43	-0.20120462384727236
24	44	0.6879832068216212
24	45	-1.714949587821131
24	46	-2.6806332951136724
24	47	4.092756825593637
24	48	-0.10989763333910212
24	49	0.3863870600765449
24	50	0.19233836293698137
24	51	-3.02672589675128
24	52	2.702526674892791
24	53	2.4045948336315885
24	54	-1.02086980036549
24	55	3.7231456329164048
24	56	1.6148698166702493
24	57	0.6500137406427328
24	58	1.5919288801322222
24	59	-1.7429553103029016
24	60	-1.7559666260287938
24	61	-0.2482488020930082
24	62	-1.4746409702288548
24	63	3.633815096522527
24	64	-0.8076517455922376
24	65	1.4779197640443524
24	66	1.426122407618434
24	67	-1.2449085954128032
24	68	-1.1368279982143417
24	69	1.5895185395516844
25	25	NaN
25	26	4.452916442047333
25	27	-1.1447450902955472
25	28	4.319939643478444
25	29	1.5488723628864587
25	30	3.1450389239518683
25	31	2.520530619393791
25	32	0.010278467493951707
25	33	1.589653724532077
25	34	1.7766732648900085
25	35	-4.548288440044312
25	36	-2.424976054702353
25	37	-1.7316671597411009
25	38	-2.145303650306941
25	39	-2.0136292643156186
25	40	-1.444623218840836
25	41	2.1994143305173703
25	42	0.6654447167853436
25	43	-1.4054521397260478
25	44	0.49168232356210684
25	45	1.9705224740978644
25	46	5.0340050927225555
25	47	-3.047487171386413
25	48	-0.8610051361402599
25	49	-3.5676901195422013
25	50	5.300645114997216
25	51	2.2061294476122613
25	52	-2.268421998875629
25	53	0.10919430667900279
25	54	1.4581553679878758
25	55	-0.986694934164827
25	56	-3.206265426678944
25	57	-0.7186408562774144
25	58	-0.04089779575947905
25	59	-0.6386310769678134
25	60	2.9460458357085573
25	61	1.8552737064982303
25	62	1.7942381122173914
25	63	-0.7689964609026695
25	64	-1.2251094726211893
25	65	0.684893378726652
25	66	1.145305656361522
25	67	3.0597719490755577
25	68	-1.31244951792665
25	69	0.0010347346745052015
26	26	NaN
26	27	-0.18872414301880003
26	28	3.7802828346106767
26	29	1.1058510668129968
26	30	1.222857623348515
26	31	-0.2593480177135656
26	32	1.3635813887955173
26	33	1.3067284276674043
26	34	-3.2328863895712114
26	35	-1.6125323081402412
26	36	0.15375722428687416
26	37	-0.7611520393388509
26	38	-3.625376991541568
26	39	3.7996609532863777
26	40	-4.170175716075542
26	41	-0.6201594378584829
26	42	3.3734797733144104
26	43	1.5805010899704528
26	44	-0.6009008070598013
26	45	-1.389521166312997
26	46	2.2311450105950965
26	47	-3.744962919732023
26	48	2.8377889919990675
26	49	-2.709824827191193
26	50	-1.1725798284516622
26	51	-1.5666214044556712
26	52	-2.3318888735188743
26	53	-2.5265163377706785
26	54	0.8321751165342861
26	55	-3.465551223171779
26	56	-1.5021352723183456
26	57	-2.4762981638339996
26	58	-2.2832279390972157
26	59	-0.7360298949506989
26	60	1.6148372299223956
26	61	1.477752754690891
26	62	-1.1734760823951254
26	63	-0.8168062259856445
26	64	-1.3418975410912495
26	65	-3.02480910436465
26	66	-1.0387653476665992
26	67	-1.848733638827518
26	68	1.3685822591273813
26	69	2.1014054603230568
27	27	NaN
27	28	1.2870987538000391
27	29	0.2971039756165608
27	30	-0.40031116985399157
27	31	4.232008480513179
27	32	-0.9682250528732533
27	33	5.02908802272726
27	34	-2.0934501149133258
27	35	1.3145311714539036
27	36	1.5775839596590333
27	37	1.5699274840532043
27	38	0.6588113307316547
27	39	-1.6288612531481437
27	40	0.8911126047074532
27	41	-1.1383492934621255
27	42	-0.5995761743089605
27	43	1.842562658088246
27	44	-0.18532392550651883
27	45	1.2154927367028985
27	46	-1.6962981792469374
27	47	2.5926890895012265
27	48	-1.6842645402429774
27	49	2.143505349204543
27	50	-1.6920056670069827
27	51	0.13022280623765342
27	52	1.0863022366033859
27	53	0.36391512270369997
27	54	0.22265881787317537
27	55	0.9860809721618468
27	56	2.1477505519485836
27	57	-0.008893046717647372
27	58	3.4851163887278065
27	59	-2.113191768663383
27	60	-2.7195580187143014
27	61	-1.903576229964789
27	62	-2.106349738135405
27	63	0.14341870289521455
27	64	0.8863840490142895
27	65	0.7246806432099572
27	66	-2.047050406582871
27	67	-2.207187306642968
27	68	-2.4363983412860426
27	69	-0.3737943244108433
28	28	NaN
28	29	0.05869420721149632
28	30	-0.9854930600544927
28	31	-2.068417896179041
28	32	-2.3344250140312495
28	33	2.970243363393924
28	34	0.47674777790290124
28	35	-1.5027697749103448
28	36	1.5644002460317543
28	37	-0.9027957501995526
28	38	-1.6061364267900227
28	39	-2.1893110986582935
28	40	-1.6781893714152445
28	41	-0.612851573969404
28	42	1.7798014472906403
28	43	1.1613129565914353
28	44	-4.041144862179859
28	45	-2.85044710809977
28	46	1.5060651842961434
28	47	3.96788218816447
28	48	1.9739036226009472
28	49	-1.5059322258737922
28	50	2.8882084872989515
28	51	-4.035437325537371
28	52	-2.054385270018675
28	53	0.04179747227252097
28	54	-0.5988957455138318
28	55	-2.426270128817857
28	56	2.339969914480486
28	57	4.575727278740091
28	58	1.429413551287274
28	59	2.1049628036482004
28	60	-3.479578300555411
28	61	1.732968805503638
28	62	-1.466084781795879
28	63	-1.234775600860571
28	64	-0.2572100040514797
28	65	0.6450776791805536
28	66	0.47746143760029586
28	67	-2.0670699381298765
28	68	-2.0662378147214464
28	69	-0.2232965439077077
29	29	NaN
29	30	3.5740468655288833
29	31	1.5238266866692585
29	32	4.683564036297095
29	33	0.13355164401839742
29	34	-0.032253507412681966
29	35	-2.7925181181395065
29	36	-2.3921759680299357
29	37	-2.0921769825830743
29	38	-2.037557110863332
29	39	2.851662105848915
29	40	-3.1639300435538926
29	41	0.27936813833924334
29	42	1.8518445452893737
29	43	5.132835271949614
29	44	-0.29348599034401274
29	45	1.508910446022473
29	46	0.8877919983820008
29	47	-0.3969521153492338
29	48	-0.20180719120429616
29	49	-0.6010671915162886
29	50	0.21598581113177984
29	51	-0.19992831909781428
29	52	-0.9535390576829982
29	53	-2.1218437715730136
29	54	-0.5169965431403357
29	55	-1.6655624638615159
29	56	-1.8626130174116524
29	57	-0.2365914808989734
29	58	-1.5087950714719058
29	59	3.1477216631724705
29	60	1.2463548670381193
29	61	1.5725637221180322
29	62	-1.1447714388453636
29	63	-2.4638061204886643
29	64	-1.7269866707783925
29	65	-1.1907361069955493
29	66	0.10742754012044206
29	67	-1.8282913942930834
29	68	0.1937860898598015
29	69	-0.018431684427570594
30	30	NaN
30	31	2.054955819929266
30	32	4.770647533212005
30	33	-0.5073801388300292
30	34	-0.7983767269882966
30	35	0.015644597714466028
30	36	0.24030402899119677
30	37	-1.3930883095373285
30	38	-2.4435930942263884
30	39	-0.7973782002674227
30	40	-3.1431096232989857
30	41	-0.6251902142900826
30	42	2.2791977466564526
30	43	2.06509210739897
30	44	-1.0446656290158611
30	45	1.8933624807880949
30	46	3.0815831475903845
30	47	-1.2419970604507566
30	48	-0.022679905628034347
30	49	-1.4580612559947683
30	50	2.651335230340441
30	51	0.6200337613571371
30	52	0.2517559443823604
30	53	-0.7040817202466519
30	54	-0.4275864496305766
30	55	-3.6134446171592653
30	56	-0.5381957163611424
30	57	0.4793340791480091
30	58	-3.50549649204074
30	59	2.547567956031904
30	60	3.486994040001363
30	61	2.088825095134038
30	62	-0.8481660419112211
30	63	3.2951902498365397
30	64	-0.9613320945650923
30	65	0.7458443443352198
30	66	1.5458976328307679
30	67	-0.8719594334942888
30	68	0.5549854197856398
30	69	-2.7698146132781067
31	31	NaN
31	32	2.0587944441279507
31	33	-0.4453135334101586
31	34	0.4863501087224507
31	35	0.9226122097448414
31	36	0.267244708225254
31	37	-1.104039177218465
31	38	-4.25986970731805
31	39	4.035649080987322
31	40	-0.48388759564618616
31	41	0.34179083605858096
31	42	1.8810573603224003
31	43	0.31092842288830397
31	44	0.7747722525715549
31	45	-0.3456976283517319
31	46	0.05485855772339591
31	47	-4.298041538995722
31	48	2.046078041369025
31	49	-3.671475981041229
31	50	-0.9551647956903757
31	51	-0.3567354479017754
31	52	-3.660611231127336
31	53	-2.1025297913640837
31	54	0.44695492595708347
31	55	-1.2240574228001861
31	56	-0.6315953443253155
31	57	-3.4415607665064636
31	58	-1.4700366704262087
31	59	-0.8547618159064096
31	60	3.7097914222981037
31	61	-0.7293941496041598
31	62	-1.9760046607847128
31	63	-2.2657851969303504
31	64	-0.5853865155380584
31	65	-0.6110693478117376
31	66	1.8828317762123097
31	67	-0.4814646515866469
31	68	1.259664427954543
31	69	0.8477473014923972
32	32	NaN
32	33	2.114055695090543
32	34	-0.051294670804805376
32	35	-1.7388716371639685
32	36	-2.886022685449128
32	37	-0.41704938535542196
32	38	0.17695450777614782
32	39	1.7808157171489083
32	40	-3.804293358771362
32	41	2.309932178273788
32	42	0.14860423961225824
32	43	-0.09366869352595297
32	44	1.312938818820157
32	45	1.9741529243454872
32	46	2.9013143508010595
32	47	-0.9884628284534519
32	48	2.956172502784085
32	49	1.3505371184629098
32	50	0.4140598280200602
32	51	0.28980929719300963
32	52	-0.37945482103983896
32	53	-0.6107712052235509
32	54	-0.6993647899804598
32	55	-3.036388763195724
32	56	-4.194862152033618
32	57	-0.07853471934195609
32	58	-1.0160057757538141
32	59	3.4014308779823166
32	60	-1.8267099283652188
32	61	-3.2739868026926775
32	62	-0.4531611440857262
32	63	-3.317087274411549
32	64	0.15069629848158111
32	65	0.25421221352053075
32	66	1.5056257379491704
32	67	-1.0019939629687804
32	68	-1.7205989260218268
32	69	-2.2648641160995586
33	33	NaN
33	34	1.3504118423711589
33	35	-0.9558566251668669
33	36	2.1513311851194596
33	37	-1.7640447732157236
33	38	-0.3763073169294267
33	39	-1.0968722257376617
33	40	-0.44116574141054127
33	41	1.2857242611011723
33	42	-0.9071805256549604
33	43	-0.0035818469469413644
33	44	0.27418581139547554
33	45	0.004287432261428316
33	46	-0.32571231529327954
33	47	1.205311105297588
33	48	2.297101758641299
33	49	1.3002961476771802
33	50	0.3209114512316989
33	51	1.7776811726952555
33	52	-0.1746101120867932
33	53	-0.6981446533184967
33	54	-0.35917130869144026
33	55	-0.51222508628808
33	56	-0.8855648176724513
33	57	-0.5018643131111348
33	58	-2.090433521736824
33	59	-2.5632539473034326
33	60	-2.8473796019336
33	61	0.05088570280814013
33	62	0.39566577237983824
33	63	-1.1083449663455738
33	64	-2.343242701468851
33	65	-0.15455559102767713
33	66	-1.8567911826165209
33	67	2.396416221158594
33	68	-1.040268478069511
33	69	0.20217444824726422
34	34	NaN
34	35	1.4108604677545986
34	36	-1.983746864377113
34	37	-2.8206641852525927
34	38	-1.010031372578437
34	39	-0.9464909148901461
34	40	-1.3908990254468376
34	41	2.4324489628845902
34	42	2.912955308560966
34	43	1.0720010162593658
34	44	-0.19927578750364136
34	45	4.12013303907014
34	46	1.6546499712385179
34	47	1.0527413517799633
34	48	-0.5183884628152209
34	49	-2.3188882923666907
34	50	3.240319585576774
34	51	0.6189203617728326
34	52	-3.508239924255159
34	53	-1.683769644420197
34	54	0.49280415331102145
34	55	-2.412344475474284
34	56	-0.3461327833235121
34	57	-2.227934581216598
34	58	-3.1820163426095553
34	59	-1.9564011235876502
34	60	6.193321427890709
34	61	6.97473180194476
34	62	1.172310716073999
34	63	1.3975328573782597
34	64	0.941326646517283
34	65	-2.1159655901918244
34	66	1.7579276544970475
34	67	-0.8075785599590234
34	68	2.9590567450240934
34	69	-4.548600573778949
35	35	NaN
35	36	-0.4046877546986928
35	37	1.4820987374762096
35	38	1.4944335691804747
35	39	-3.32050460283349
35	40	2.165619103598484
35	41	-1.097272190782672
35	42	-5.367971063443433
35	43	-0.9219177521633604
35	44	-0.813231907196536
35	45	-0.7898832548200097
35	46	0.6991706375900827
35	47	-0.7872302242279468
35	48	-0.9984475356198917
35	49	1.056307765139447
35	50	-0.15265152521841346
35	51	0.3150695157174389
35	52	2.644741064919502
35	53	-0.36531639176357433
35	54	-0.04906237666338878
35	55	2.635404583432081
35	56	2.5493969684108464
35	57	0.9954985007579251
35	58	2.3340222053804864
35	59	-0.9855590321232586
35	60	0.5601097762127737
35	61	-0.3164787755476035
35	62	-0.9153765138995672
35	63	1.9129172282332934
35	64	1.6680719738950547
35	65	0.6923871568995955
35	66	-0.3868228571442075
35	67	2.7881803329493127
35	68	-1.7555048541586387
35	69	-1.8289098506559298
36	36	NaN
36	37	0.7114847524948712
36	38	3.6573863610670485
36	39	-2.7671341627533357
36	40	0.6480714798292573
36	41	2.286924456509989
36	42	0.5348916560510119
36	43	-0.652851905362224
36	44	-0.16791388470506144
36	45	-1.4443891615575453
36	46	-3.5634972594909047
36	47	2.59787643357981
36	48	-0.466129739133734
36	49	0.7637349565916425
36	50	-0.9891868311024379
36	51	-0.4115880894722994
36	52	1.4193703579605106
36	53	2.865051324363247
36	54	-2.127402287856836
36	55	0.9207866254722187
36	56	0.8876011713213909
36	57	-1.3153914598208887
36	58	1.6220705584702697
36	59	-0.7876764752340354
36	60	-1.7563165790400819
36	61	-1.2846493743393403
36	62	0.7494120932055311
36	63	-0.8683747428947401
36	64	-0.22986642910504632
36	65	1.1011836518428528
36	66	0.6879233916636053
36	67	-1.3290449752483444
36	68	-0.1951396035470121
36	69	-0.2051917838074386
37	37	NaN
37	38	2.861992681686461
37	39	-2.135522453671528
37	40	0.34252376384181965
37	41	0.2638759499312196
37	42	-0.5971000124934112
37	43	-1.195610432435311
37	44	1.2115570918190828
37	45	-1.9931406304260475
37	46	-3.0431558776418206
37	47	0.5251475834843718
37	48	0.9051141049765538
37	49	0.2781276003630633
37	50	-0.30726180393263564
37	51	-2.102125769993155
37	52	0.8791428719381236
37	53	0.014763013338494373
37	54	0.033153143807201184
37	55	2.3690684142780802
37	56	0.7299873613820843
37	57	-0.07594871321180507
37	58	0.26259715930998007
37	59	0.7286966563353402
37	60	-3.7444227680693007
37	61	-2.6541266594522708
37	62	-0.6789846360654588
37	63	3.2079200463060924
37	64	0.10208983517243514
37	65	1.773144116935625
37	66	-2.052387753306572
37	67	-2.444236002585609
37	68	-1.5916543832273087
37	69	-0.5528593351951288
38	38	NaN
38	39	3.6230514725062113
38	40	1.1291115257843674
38	41	-0.7287374744623738
38	42	-3.11750530531658
38	43	-2.9695355053324195
38	44	2.0317733852943913
38	45	-1.0122048598681475
38	46	-2.284151617201785
38	47	2.0843827972936015
38	48	-0.6618621130285475
38	49	1.5001013519814501
38	50	-1.005416870856924
38	51	-0.7635322177027252
38	52	0.5341543785097087
38	53	1.4446285361855646
38	54	-0.7386132663815573
38	55	2.273574902254241
38	56	3.0062225079816156
38	57	1.1337572047681612
38	58	1.2176933952635378
38	59	-0.11513438947886291
38	60	0.14641214749165002
38	61	-2.3935878975773526
38	62	-1.8484666571232564
38	63	0.12013062977230506
38	64	2.0302044347254893
38	65	2.230998992499786
38	66	-1.6581949982273831
38	67	-2.6662390916831744
38	68	-1.670329591251592
38	69	1.55815643706196
39	39	NaN
39	40	0.023555469111524143
39	41	1.1522212978446496
39	42	1.2053292350487808
39	43	2.189720531640535
39	44	-2.049218710972683
39	45	0.06476788489103459
39	46	4.251326642689111
39	47	0.7827822765282281
39	48	1.8745027068406757
39	49	-1.6440061322362267
39	50	1.6028016755373025
39	51	-0.29287349435232857
39	52	-0.5958001698782234
39	53	0.7306689860496992
39	54	-0.040904047589651805
39	55	-0.49503024181904315
39	56	-0.6934435620721423
39	57	-1.3014535242834226
39	58	-0.45955964264506854
39	59	-1.1451254069109413
39	60	0.05871345156847477
39	61	0.7488835690859587
39	62	-0.6327213931449313
39	63	-1.4195304308128203
39	64	-0.6432738810803639
39	65	-3.0816511975651806
39	66	-1.0042659460775258
39	67	1.0542134820190923
39	68	2.5781821623806813
39	69	1.024997238235245
40	40	NaN
40	41	-0.09782639999388754
40	42	-1.341044592549291
40	43	-2.1440358033075517
40	44	3.868635852652226
40	45	-1.1511399481989744
40	46	-0.46055514967277705
40	47	2.9707609762796268
40	48	-1.360863760291919
40	49	0.34063838931642837
40	50	-2.0413597791026565
40	51	-1.4344962876105223
40	52	2.9350788730650197
40	53	0.14757177150575937
40	54	0.6910311414425421
40	55	1.8996600862890936
40	56	2.5370283222343994
40	57	-1.1744567263934842
40	58	1.4731712319786479
40	59	0.7245438599580943
40	60	-0.12598365425359623
40	61	-1.3972344607776148
40	62	-0.26636750665641895
40	63	1.7237047395667195
40	64	3.1231397413598816
40	65	1.0792203445973705
40	66	-1.0934386078399134
40	67	-3.6957116900168105
40	68	-2.3583904329452965
40	69	-1.0403577830254125
41	41	NaN
41	42	1.5868025548081421
41	43	-0.4234361640721565
41	44	-2.316484101756913
41	45	4.440021839230125
41	46	3.184943818710155
41	47	2.4867597407258635
41	48	-0.1738399069063107
41	49	-1.9742317550045068
41	50	1.1711835740022165
41	51	-1.5628986082352925
41	52	-0.644837597992365
41	53	-3.534266003496129
41	54	-2.9108948293974493
41	55	-2.946092007173734
41	56	-3.5325689034446204
41	57	-3.109916226757518
41	58	-0.07756350232142145
41	59	-2.7704386997002772
41	60	5.66035705714619
41	61	-0.04378589631254869
41	62	-3.3674510457940845
41	63	-0.9473818659674369
41	64	-1.320472835411691
41	65	-1.9991188593904805
41	66	2.461677868397211
41	67	0.28261249337904676
41	68	0.5329410214511928
41	69	-0.8140578615633266
42	42	NaN
42	43	6.877466203520673
42	44	-1.251402851885837
42	45	-0.5453581675729389
42	46	2.8823433246852153
42	47	-0.39785854150449235
42	48	1.2007780750804011
42	49	-2.127252265405796
42	50	1.4742651504585824
42	51	-1.9776587034095094
42	52	-2.7240314184612426
42	53	0.3566605930587734
42	54	-0.5583663129840578
42	55	2.959945515641553
42	56	1.6890500865559464
42	57	-0.37397147311989076
42	58	-2.1583761911210115
42	59	-3.4992901766696085
42	60	0.3066280359320966
42	61	1.6190733908768118
42	62	-0.5280283630710384
42	63	-1.8329976225596856
42	64	-3.486358959308313
42	65	-1.0867140593781837
42	66	1.4709717927355979
42	67	-0.43157691455547387
42	68	2.9562920966930073
42	69	-4.024080035836815
43	43	NaN
43	44	-1.716435851076139
43	45	1.8623507367206653
43	46	2.814041855421544
43	47	-0.4998228621706053
43	48	0.270197467262161
43	49	-2.8885854468786083
43	50	1.0182681940013874
43	51	2.8956185775572267
43	52	0.13506723626538633
43	53	-2.0354038949480637
43	54	-0.2336841892969603
43	55	-2.702461941933249
43	56	-1.7251977513830168
43	57	1.2417683229213448
43	58	-1.7091931470767665
43	59	-1.3590851313579388
43	60	-0.8930281038985666
43	61	2.2689088896491225
43	62	0.30842764858594934
43	63	-0.6405899171838967
43	64	-1.0494503294501671
43	65	-1.9278309542962504
43	66	-0.3473526618727387
43	67	-1.2752500133477407
43	68	0.18690650956385463
43	69	-2.0110153805675526
44	44	NaN
44	45	-0.14798655918535905
44	46	-2.3955904427862307
44	47	-1.9781067380599764
44	48	5.288484201166964
44	49	2.6423683617230016
44	50	-0.5060310244059488
44	51	2.0343477810212165
44	52	-0.7101713945595521
44	53	-0.14947487196510714
44	54	-0.6449306644222496
44	55	0.08905671903900202
44	56	0.1877960834268722
44	57	-0.6452438826565527
44	58	0.20308391375853996
44	59	-1.6992861755406967
44	60	0.5852438368325964
44	61	0.23797392841295162
44	62	1.2588621571349308
44	63	-1.5538714447484914
44	64	0.3284932170052343
44	65	1.3174835515067678
44	66	-3.606282238585533
44	67	-0.4517954740206811
44	68	1.2260471141113876
44	69	-2.2675520056178846
45	45	NaN
45	46	2.5160592589672834
45	47	-2.9969565945697787
45	48	0.9059915420195722
45	49	1.06395870216748
45	50	-2.7592225542294333
45	51	3.0724435262055176
45	52	-1.0617244174720615
45	53	-0.64116642915131
45	54	-2.3401835884732294
45	55	-3.4929083852432856
45	56	-0.06896956966627656
45	57	-1.9966959188616824
45	58	-1.9110052591595645
45	59	-1.9928081564957285
45	60	3.3549177990379513
45	61	-0.1889897856029875
45	62	-0.6335184366078838
45	63	2.141756960336351
45	64	-1.6489885481379953
45	65	-2.5154660328232605
45	66	-2.7733642097235216
45	67	3.8777970812638527
45	68	0.515195478997767
45	69	-0.3536696126313383
46	46	NaN
46	47	0.19817484676326355
46	48	2.170788180313611
46	49	-3.1610109501528867
46	50	-0.5218643508133005
46	51	-3.3510877653369264
46	52	-3.512200117594752
46	53	0.04267848145224282
46	54	1.552133259454993
46	55	-1.2811621544652478
46	56	-4.841739802283695
46	57	-0.7661967909364582
46	58	-1.0364550721262573
46	59	3.546079377584461
46	60	2.633530800364267
46	61	-1.1091295788081101
46	62	2.4819061810448573
46	63	2.053822610824602
46	64	0.41585629168430605
46	65	-1.5767227207253238
46	66	2.6667789586445467
46	67	1.4976274240620324
46	68	0.5368063566502307
46	69	-0.19380723209996822
47	47	NaN
47	48	-1.4505053199758846
47	49	2.3767959329105084
47	50	2.5391631469846208
47	51	-3.209764124895478
47	52	2.187106816972665
47	53	2.650783803241597
47	54	-0.9715981247676496
47	55	2.683196680585093
47	56	2.1863460216491784
47	57	2.919274543384563
47	58	4.054974759549753
47	59	-1.307530427082937
47	60	-2.01430470805094
47	61	-1.3689978245857246
47	62	-2.6257335327424522
47	63	-1.7821220729558827
47	64	2.1686277520078443
47	65	1.3384985584774034
47	66	0.6902860338206211
47	67	1.1241767110032508
47	68	-3.010708331460599
47	69	-0.9077054077911216
48	48	NaN
48	49	-0.5368356848291868
48	50	-1.8801082077016742
48	51	0.8606848943450319
48	52	-1.8687793376864186
48	53	-2.4776438619927323
48	54	-0.8871361840892108
48	55	-0.3488084034593195
48	56	-3.525846817605893
48	57	-1.4070614871791767
48	58	-0.03360219030849541
48	59	-0.8128296642030677
48	60	1.2992000155053542
48	61	1.4916946475270354
48	62	-0.45572812861064876
48	63	-2.474148871562919
48	64	0.006889061831489715
48	65	-0.6847747918876884
48	66	-3.296362171019464
48	67	-0.29232593110689953
48	68	1.4873766321733255
48	69	-2.154085901983941
49	49	NaN
49	50	-1.1609294635489928
49	51	2.3980462423729403
49	52	2.2798591285748837
49	53	-0.19211977561837393
49	54	6.135945059396116
49	55	1.8299853263797683
49	56	1.69070586172947
49	57	2.494085451594394
49	58	1.5315569320410285
49	59	-0.1069743688785438
49	60	-0.9891927923956056
49	61	-1.0277037856608862
49	62	-2.3787052704905047
49	63	-0.6473226743774522
49	64	-0.6408865002654542
49	65	-0.05826671062292348
49	66	-2.117067605508857
49	67	-1.7452454685418297
49	68	0.01419102464099307
49	69	0.5650173307459353
50	50	NaN
50	51	-0.8136574281394671
50	52	-1.2334182502441238
50	53	1.3224256320441257
50	54	-0.46177003356334123
50	55	-0.6281368703733171
50	56	-2.0432728753451737
50	57	-0.23238181633035293
50	58	-1.7507339850028645
50	59	1.724643207015876
50	60	0.7650049537830124
50	61	1.8127453877804478
50	62	0.4946103864431353
50	63	-2.3537818337377314
50	64	0.10895165541307711
50	65	-1.7277682976177566
50	66	1.0785271678605757
50	67	-0.4016107523829874
50	68	3.640285080236223
50	69	-0.8603342342334771
51	51	NaN
51	52	-2.2835826923413762
51	53	-2.923604378297429
51	54	0.5828204016037293
51	55	-0.4879289420660674
51	56	-1.6333056974803177
51	57	1.7843237094511304
51	58	-0.19293633406335867
51	59	-0.250772732920496
51	60	-1.2688967161139773
51	61	0.46502247894236226
51	62	3.7189655022042967
51	63	-1.6493156601704182
51	64	0.2694527691860231
51	65	-1.7924682470975708
51	66	0.621838649465006
51	67	29.509475904095602
51	68	-1.4654765853373648
51	69	1.1837956491638513
52	52	NaN
52	53	2.1921189954132974
52	54	0.23919046876738106
52	55	2.620027042575218
52	56	3.6540058360728223
52	57	2.0786199922258692
52	58	2.3957858563232968
52	59	0.560601188178817
52	60	-3.629072293309121
52	61	-4.29943841291937
52	62	-0.8044425469481625
52	63	0.24872288784861618
52	64	1.8195262329120865
52	65	-0.15949292895778988
52	66	-1.5017931704419751
52	67	-5.129461326313699
52	68	-0.7323081724086871
52	69	3.351622364464108
53	53	NaN
53	54	0.4875834516206973
53	55	0.5761381123785086
53	56	2.7851446270025924
53	57	-0.42294359577152185
53	58	0.14331169034188382
53	59	-0.1539460395532646
53	60	-3.0588635584128356
53	61	0.25542345857413973
53	62	-1.1449890355043115
53	63	-1.2058820065569038
53	64	0.16823258729398907
53	65	-2.4961490790870386
53	66	-0.006071823681963249
53	67	0.6020594471040868
53	68	4.081526354454408
53	69	5.91996015335067
54	54	NaN
54	55	2.083118915389684
54	56	0.15049325440100322
54	57	-0.36111520977729483
54	58	-0.36996251000615604
54	59	1.488871253765968
54	60	2.0960673170444157
54	61	2.0135165977053227
54	62	2.6869169687865426
54	63	1.0689428843490105
54	64	-0.2905114651122733
54	65	3.19058396887604
54	66	-2.60258213856169
54	67	3.4087767117349945
54	68	-0.29403672704429623
54	69	-0.19636372548839556
55	55	NaN
55	56	3.7173652223830844
55	57	1.0915447132239418
55	58	2.144765332694153
55	59	-0.7703008861862997
55	60	0.6841287561711881
55	61	-1.4078877261392573
55	62	-0.7492019950815177
55	63	2.352537416595121
55	64	2.317258242752767
55	65	1.9169007053093943
55	66	1.147783212621417
55	67	-0.5974577322943369
55	68	-2.661153721717429
55	69	-1.8842919010600834
56	56	NaN
56	57	3.0107222157263305
56	58	3.3344220800185305
56	59	1.5788193033868934
56	60	-1.5132798998370356
56	61	-1.7124392270521531
56	62	-1.721292940162868
56	63	1.531972795420001
56	64	1.3836808045939877
56	65	3.6996580757120556
56	66	0.7152184219494131
56	67	-3.5384876863710972
56	68	-0.544072439812682
56	69	0.029208711280812368
57	57	NaN
57	58	1.6369509836845881
57	59	1.4530993411947188
57	60	-1.7901526178394171
57	61	-1.7821444180680284
57	62	1.9971611598208427
57	63	-0.2899726362588335
57	64	1.632169358825967
57	65	2.8949359733491398
57	66	-2.1373914972915085
57	67	-0.2679039848134594
57	68	0.8411265082680673
57	69	0.7808568026765575
58	58	NaN
58	59	-0.12103281477026268
58	60	-1.8030853538279523
58	61	-0.42773343831413263
58	62	-1.0919261127825615
58	63	2.1741219173974127
58	64	3.1725263245907342
58	65	2.0101026347026782
58	66	-1.3211086046324156
58	67	-4.563969194650059
58	68	-1.6847136396043023
58	69	0.01824663551258708
59	59	NaN
59	60	2.8182992038320984
59	61	1.1926376554512073
59	62	-2.2624636613606364
59	63	1.403772873986221
59	64	-0.5238286582201922
59	65	-1.2806140696691537
59	66	-0.42745620851209576
59	67	-0.8508924469928744
59	68	3.4282652266728046
59	69	0.0579734223415914
60	60	NaN
60	61	4.314201759222862
60	62	1.7458681780484226
60	63	-2.787766348579755
60	64	0.39590540594199874
60	65	-1.409298543765093
60	66	0.4279037479469536
60	67	0.6691598251773888
60	68	-0.8534928341190461
60	69	1.4284303187292444
61	61	NaN
61	62	4.228944711056501
61	63	-2.5112162363796586
61	64	-3.068605025727132
61	65	-0.41256722835912946
61	66	3.10307119130354
61	67	0.7192685189315926
61	68	5.436739995160685
61	69	-3.7556963378991273
62	62	NaN
62	63	1.9295305727553358
62	64	0.6486287520031904
62	65	0.5533176515087747
62	66	3.141038777089088
62	67	-2.1333619562955324
62	68	3.750597254177886
62	69	-0.601372510339032
63	63	NaN
63	64	4.73345960802592
63	65	1.8218438056465576
63	66	-1.7473454875047227
63	67	-2.4362225308473855
63	68	-3.7262059217864203
63	69	0.40087973433325536
64	64	NaN
64	65	-0.35076657557537555
64	66	-1.8173649328392376
64	67	-2.4403259935491226
64	68	-0.5589198954617608
64	69	1.1857361427175281
65	65	NaN
65	66	-1.048773119193059
65	67	-0.5139595091221687
65	68	-0.5000120937533011
65	69	0.3302678197325409
66	66	NaN
66	67	3.147023895992004
66	68	1.3715399961108514
66	69	3.640738907589208
67	67	NaN
67	68	-2.0224891543691834
67	69	0.21597790688510213
68	68	NaN
68	69	-0.5208980909495824
69	69	NaN
