1	1	NaN
1	2	-0.16508783878161287
1	3	-0.6277591033543892
1	4	3.389955536839792
1	5	2.3860646810928348
1	6	1.1316127987239908
1	7	-0.7090392620243522
1	8	-0.6102299762915092
1	9	2.11377823553065
1	10	1.087606503837354
1	11	-0.25980498479135494
1	12	0.36709389329079156
1	13	-0.48284589332586647
1	14	-0.6083579215406484
1	15	0.9436381688326378
1	16	0.7904650981625803
1	17	2.3539998549263514
1	18	0.5299446646834941
1	19	-0.5384842030304591
1	20	-0.48187601142975467
1	21	-2.596211414936511
1	22	-1.9692005155882406
1	23	0.5823333767658437
1	24	0.6878915878386768
1	25	-0.675627132443226
1	26	-0.43299591818176525
1	27	1.3804375676557563
1	28	-0.03523497128426331
1	29	-0.5173815938210806
1	30	0.6848151691843615
1	31	-0.35011225610669416
1	32	-1.6301762585526518
1	33	-2.4357525481923528
1	34	-0.9785827368135122
1	35	-0.1364489093749534
1	36	1.0707073225128736
1	37	-1.3307425644753068
1	38	2.399975860150917
1	39	-2.508804560850553
1	40	0.9072325582050585
1	41	0.03605486959891192
1	42	-0.4774360653087808
1	43	0.37510763360691785
1	44	-3.001036066375185
1	45	-0.8113941701339166
1	46	-3.276844671138295
1	47	3.9129210043593594
1	48	0.5579787636835398
1	49	-2.0235244424431227
1	50	-1.1986539538976113
1	51	-3.4476486715551156
1	52	2.30009180907547
1	53	-0.7468027043069136
1	54	1.016739852035267
1	55	-0.5344206595766803
1	56	3.220071831501353
1	57	0.989684417991946
1	58	1.1507114400772687
1	59	-0.21800831297192222
1	60	-1.0710311719266508
1	61	-0.017390003717998342
1	62	-0.13294372275058247
1	63	2.1058727027270523
1	64	-1.8037252724725257
1	65	0.6359492569979853
1	66	1.4199549935889124
1	67	-1.6658856795117185
1	68	-1.1287003242133506
1	69	-2.8979666068812038
2	2	NaN
2	3	4.153330082081537
2	4	2.5413733241125063
2	5	1.5845848257653286
2	6	-0.32114541464016716
2	7	-2.7040102897400837
2	8	0.4408108742570539
2	9	-0.2233130398537262
2	10	-3.0940011766434994
2	11	1.3817491420868835
2	12	-0.6333898979458291
2	13	3.1148519491678495
2	14	1.3450080047134918
2	15	-1.1386867019246014
2	16	-0.012306696553386436
2	17	-1.5197749190082734
2	18	3.6587094527093083
2	19	-0.5608875388022343
2	20	1.2058183541193428
2	21	-0.0040981479265035535
2	22	1.1360826343077508
2	23	0.4409916848153527
2	24	-0.14476916064401324
2	25	-1.5685851254931893
2	26	-0.05905371972236709
2	27	-0.9922496656792571
2	28	-2.488355610405957
2	29	2.9201676228337563
2	30	-1.2597279344881107
2	31	0.49068506176337146
2	32	-0.47283332761393404
2	33	0.0562899482682967
2	34	3.449824892730086
2	35	-1.4318165387403823
2	36	3.0374784685773633
2	37	0.3661431177168595
2	38	-2.1294208601886293
2	39	-1.2709847777048529
2	40	-2.9920234535908525
2	41	1.4292008735762738
2	42	2.1742498724894914
2	43	2.5242890265180695
2	44	1.828666491996362
2	45	1.8612793888062895
2	46	-1.0706765375677736
2	47	-0.43089709059372067
2	48	-1.0801058688850875
2	49	-3.3377672821926923
2	50	-0.40232669235226565
2	51	1.1245636466524025
2	52	-0.5199172433270883
2	53	-2.185762792284706
2	54	-2.3444274311692697
2	55	-1.140047859422426
2	56	-0.13021833989402878
2	57	-4.044106347828208
2	58	0.6430479394979605
2	59	-0.1944200573659953
2	60	0.392778212714202
2	61	5.317727534136347
2	62	0.6293009793536417
2	63	-1.5131516738713267
2	64	-3.0506188942479717
2	65	1.7052514814327913
2	66	-0.5418012825804187
2	67	-1.1467480384472897
2	68	1.3486886342158468
2	69	-1.3834204934728163
3	3	NaN
3	4	-1.9679426716745372
3	5	-1.150397935781598
3	6	-2.814467598108762
3	7	-2.777658676933809
3	8	-0.18254432985206898
3	9	-0.9584202541039462
3	10	-2.0477512989827726
3	11	0.35325923396782044
3	12	2.309048374160951
3	13	-1.4816668778812025
3	14	-0.7917754734075473
3	15	2.1471032312413363
3	16	-1.9872444142510335
3	17	-2.9972691272047185
3	18	5.0223981415075425
3	19	3.7045404161228275
3	20	-5.62755191483116
3	21	0.34301263726757264
3	22	2.169679715644762
3	23	2.3821516055125684
3	24	-0.568858845107324
3	25	0.9394975833509503
3	26	2.5470820532747105
3	27	-1.4684674376281082
3	28	1.394148344977527
3	29	2.021724924279923
3	30	1.1827460523266007
3	31	-0.42578223995172476
3	32	1.1387790671479963
3	33	0.4933638928994389
3	34	-1.0233296030429395
3	35	-1.409703979401552
3	36	-0.0094726988394678
3	37	4.330773912975868
3	38	-1.8496644455805995
3	39	3.7240721454772383
3	40	-1.5644589585816107
3	41	0.8691155029673467
3	42	1.1221633844165395
3	43	0.172138123225126
3	44	-2.0821535642413127
3	45	2.577500798624807
3	46	0.7771350389278469
3	47	2.6440511788066865
3	48	1.7038943383547123
3	49	-3.172205291257637
3	50	1.7648911410567172
3	51	4.097038410306795
3	52	1.885846937140498
3	53	-4.8575215411884525
3	54	-1.905111622866711
3	55	-3.913718091436192
3	56	-0.5297293264842422
3	57	-3.3293467686402387
3	58	0.7457429797324071
3	59	-0.228911576996497
3	60	-1.0591709306127464
3	61	3.888575711174466
3	62	-1.3582653620091099
3	63	-2.0013161655965908
3	64	0.049087897787113165
3	65	-0.20965444115411866
3	66	0.14428034918713253
3	67	0.25404110336673014
3	68	3.648956946285133
3	69	-3.9372637692401384
4	4	NaN
4	5	-1.924939820701181
4	6	0.8432129258511616
4	7	1.4701534566589063
4	8	1.634380632773032
4	9	1.485635278931848
4	10	1.8722413928619543
4	11	-0.3860083050457119
4	12	-1.7025590695179316
4	13	0.7941895277969321
4	14	-0.24547055972626752
4	15	-1.249157487054048
4	16	-2.599811575645965
4	17	2.7376962230086073
4	18	-3.4165769490493054
4	19	-1.867600991943369
4	20	-0.7988225878185707
4	21	-4.352718846055295
4	22	-3.47186776925791
4	23	-0.5826735524818357
4	24	2.437994239037718
4	25	1.5002929254094646
4	26	-0.03522779118452611
4	27	1.770116434501514
4	28	-1.7653284007839014
4	29	-5.348856462589515
4	30	-2.2722622030959014
4	31	0.8530571066123827
4	32	-2.5257939889009897
4	33	7.879294848904286
4	34	-1.3698193110646337
4	35	1.7972637687624409
4	36	0.17749130445367275
4	37	-1.2267785495915604
4	38	2.70494870144938
4	39	0.2146702757871033
4	40	3.094381180552257
4	41	-1.7507079350752022
4	42	-2.869706622148637
4	43	0.7178770048179625
4	44	-1.1333640741011552
4	45	0.4096043848534837
4	46	-2.199390905984899
4	47	-0.4475643571641551
4	48	-1.9419209918574671
4	49	1.6984165818369565
4	50	-1.8719865515022382
4	51	-2.0361256689354335
4	52	-0.5449018027337932
4	53	0.4638682995127568
4	54	0.2570057180306808
4	55	2.3829896413773133
4	56	2.155038449109811
4	57	5.182656692138653
4	58	-1.314444889972654
4	59	3.706368599717908
4	60	-2.1757400471788007
4	61	-0.9901074839914106
4	62	-0.883410728161888
4	63	2.505428769779207
4	64	1.5489245391301165
4	65	0.18414688724407915
4	66	-2.773971885055099
4	67	-2.384610060340764
4	68	-1.010316648876382
4	69	-1.6469244929661708
5	5	NaN
5	6	-2.287240366876891
5	7	-0.9918654167381873
5	8	-2.797823614395178
5	9	-1.8788057152489017
5	10	-0.8392141460146848
5	11	-0.9307416017736176
5	12	0.9311375094019524
5	13	-1.799210735311373
5	14	1.977131811031909
5	15	0.26106477042562815
5	16	-0.9412932337760113
5	17	-3.8290483454642774
5	18	1.1887926979887518
5	19	-2.37871045813305
5	20	-0.559591088859083
5	21	-2.6703548157452497
5	22	-1.4822081747187041
5	23	-1.6074110887498532
5	24	-1.0348144507975576
5	25	0.966070453336756
5	26	1.7695694652222522
5	27	-0.24500014149505633
5	28	0.33833829655696007
5	29	-2.3478989238066545
5	30	-2.014708108316188
5	31	-2.879820558304227
5	32	0.47591823861221594
5	33	-0.5365600734408886
5	34	66.20545384529969
5	35	-4.329067892644654
5	36	1.9046190046987377
5	37	2.316149137379016
5	38	-2.8619031144838076
5	39	-1.2012208157852027
5	40	1.4123261136787204
5	41	-1.6660008944669644
5	42	-2.257978016981822
5	43	-0.3733804974709383
5	44	0.9349629294594431
5	45	-3.7542344445532727
5	46	-4.098526025599194
5	47	-0.07844401456195073
5	48	2.493721574174719
5	49	-0.2882170989225052
5	50	-0.24923969120618295
5	51	-2.7038455502289858
5	52	-3.5981618039885945
5	53	-3.64575377963477
5	54	-1.882293909572814
5	55	-0.91438921674709
5	56	-0.00939499996576122
5	57	-2.409638552910335
5	58	-2.373640773461592
5	59	-1.0736415766348897
5	60	-0.576575684952836
5	61	-0.41329449242242017
5	62	-4.017009314869278
5	63	-2.1295293255358105
5	64	-1.1828326239848814
5	65	0.781621445154188
5	66	1.0555872945146076
5	67	-1.3886672111305864
5	68	1.6101506563919263
5	69	3.1517051322857825
6	6	NaN
6	7	3.0078760909193614
6	8	0.41310405029894814
6	9	2.224447084564185
6	10	0.645460599786531
6	11	1.9026360632644612
6	12	-2.4779622484720396
6	13	-4.125083589193244
6	14	0.3367758591459093
6	15	-1.3210166807136399
6	16	-3.644117047717501
6	17	3.1222295427068247
6	18	-3.041631347165102
6	19	-2.0291486958371125
6	20	2.1333253860317702
6	21	-1.6564167564056889
6	22	-1.2411032631750114
6	23	-0.4025988146745809
6	24	3.77256946944358
6	25	-0.8596322157700818
6	26	1.1945734017461218
6	27	2.7038893906360126
6	28	-0.8169842349104974
6	29	-2.170771599227411
6	30	-2.3745350048977136
6	31	-1.188225817182301
6	32	0.4929991836613015
6	33	5.769749710541331
6	34	-3.4528186696033196
6	35	2.7872736224032213
6	36	-1.6877906031015062
6	37	-2.3304575338920577
6	38	0.8988231602056733
6	39	-0.8114731733524727
6	40	2.7908502521096628
6	41	-3.612550898271074
6	42	-3.318482843818137
6	43	-0.4093254582763226
6	44	-0.9203318819526355
6	45	-2.2946830903647024
6	46	-4.054689028503037
6	47	0.7427597602443053
6	48	-1.7753391048272225
6	49	1.1214567390725485
6	50	0.6904888750479903
6	51	-0.7998143338626235
6	52	3.950252065027403
6	53	1.6547979327813036
6	54	0.9847422637018655
6	55	3.6844866702963315
6	56	4.229651470613302
6	57	4.340652091413812
6	58	-1.9602092854007651
6	59	1.0312500805669242
6	60	-0.7860061412458285
6	61	0.10857020673093226
6	62	-1.4684332192737262
6	63	5.477776107727617
6	64	-1.116811019375716
6	65	1.2050522713302982
6	66	-4.733513129949433
6	67	-1.5655712082925364
6	68	-2.328420882929733
6	69	-0.6146928161337962
7	7	NaN
7	8	3.4760865650238815
7	9	3.0507490496809684
7	10	2.8873702957861735
7	11	1.068833260029472
7	12	-0.9108897428740407
7	13	-0.9507344076853498
7	14	1.7211166534501672
7	15	-0.033824512615809176
7	16	-2.847070217766885
7	17	1.6814860177833912
7	18	-0.2978964821064704
7	19	-1.038600190306314
7	20	-0.5026933059037798
7	21	0.2944151732714103
7	22	1.2397889195221157
7	23	-1.7195338136173182
7	24	3.3121014263491992
7	25	-2.610027855593019
7	26	-1.0928795109165947
7	27	1.1051217078300766
7	28	-1.951836854370442
7	29	-1.5288615321741508
7	30	-1.445562340131945
7	31	-1.2418836380246225
7	32	-3.5765813931547346
7	33	-0.3392682462520077
7	34	-1.1017859492067967
7	35	2.2121823667623053
7	36	1.8710668837985605
7	37	-1.8976534802779743
7	38	1.7785377364289072
7	39	-1.9201811835453324
7	40	0.8268206721701415
7	41	-2.149285942782101
7	42	-3.3044920075866813
7	43	-2.7756975787906124
7	44	-1.4682802437366709
7	45	-2.4822117964115686
7	46	1.2902505424301254
7	47	1.5403856746595859
7	48	-1.537615510223602
7	49	1.106903686793794
7	50	-0.40885401028741636
7	51	1.0562559177165627
7	52	3.3559326310705777
7	53	1.4774797637616488
7	54	-0.549030334514316
7	55	2.1586267891768918
7	56	5.01819583211682
7	57	3.0517963988899477
7	58	-0.7537714163775273
7	59	0.2664172475663117
7	60	-2.747411339956756
7	61	-0.9156049628026202
7	62	-1.7276013561736032
7	63	3.4004010990229023
7	64	0.4249313912444742
7	65	2.88974772538656
7	66	-2.7119629361428137
7	67	-1.3966842295095185
7	68	-3.6175853828762947
7	69	-1.6486586379969106
8	8	NaN
8	9	2.0481476457719276
8	10	1.2805192521479554
8	11	0.5037490395914008
8	12	-2.3790585446829193
8	13	-3.9286234176753774
8	14	-1.4716668416235357
8	15	-1.5481516960550197
8	16	3.147358476839509
8	17	0.18356361276388433
8	18	-5.591599122727993
8	19	-0.7443123045991298
8	20	6.8479303437878905
8	21	0.846906216532922
8	22	1.8824622994302949
8	23	-1.574664646442443
8	24	0.22061886580775142
8	25	-4.0234849074469015
8	26	1.344009013945194
8	27	-2.798610540528228
8	28	-2.9497632493745956
8	29	1.347577271871294
8	30	-2.6450612464635794
8	31	-1.9987992709187894
8	32	-2.1217172494383196
8	33	0.10912267828715164
8	34	-5.225638521740149
8	35	2.0929922579158835
8	36	-3.5455449941703137
8	37	7.395086924596125
8	38	-0.8592989667968945
8	39	-2.7404469889181033
8	40	1.7458405727626216
8	41	-3.9700779603262086
8	42	2.1948120213130373
8	43	-0.48257841113656863
8	44	-1.5865953245797664
8	45	-3.902882431875276
8	46	1.0649314566214743
8	47	-4.798174274138606
8	48	-0.46727752575183285
8	49	-0.8573397515534876
8	50	1.1235395416101823
8	51	-2.9844396151477386
8	52	0.8252427036765823
8	53	24.079828722543848
8	54	-0.21599878954255652
8	55	7.95433210906783
8	56	-0.1864463017210536
8	57	-1.7841211365704324
8	58	-3.0314737896047017
8	59	0.49061684623631846
8	60	-2.2146008086817415
8	61	-0.5205522715608214
8	62	-2.519797277939964
8	63	2.478692726588615
8	64	-0.8777417935458678
8	65	0.6850421731985462
8	66	0.31052051110331613
8	67	0.2647146351182795
8	68	-1.4665174369436762
8	69	-0.14888219124556687
9	9	NaN
9	10	2.0792315923832203
9	11	2.4845435219508536
9	12	-0.5580875084375486
9	13	-1.4135815993370042
9	14	-1.511262999642241
9	15	-0.40410763906206
9	16	-2.7684468002568416
9	17	3.571121397953773
9	18	-1.8340897698233356
9	19	0.20834921190970201
9	20	0.42131849958092044
9	21	-0.5637746329656004
9	22	-1.2253198184025604
9	23	-0.041206777840835845
9	24	4.605365800687949
9	25	-3.853800233351476
9	26	-1.3959247398775338
9	27	1.3729451924194682
9	28	-3.0371195015499506
9	29	0.12898382434333763
9	30	-1.2295224865697494
9	31	0.40121193761148816
9	32	-2.6369916464538345
9	33	1.4607624673166442
9	34	-0.9505411659476851
9	35	3.371998523340307
9	36	-0.5553057963366068
9	37	-0.6419830225055185
9	38	4.010724601992789
9	39	0.16234989484350384
9	40	2.2539946979219043
9	41	0.18718085742886192
9	42	-1.4247537710627913
9	43	-0.8065188248318677
9	44	0.31408326401507886
9	45	-2.8609692538796168
9	46	-2.0793947644195803
9	47	0.3936906407234119
9	48	-0.10221235432629955
9	49	4.326668866244375
9	50	-1.5264420526732905
9	51	-2.613765023803052
9	52	1.3583847636805024
9	53	0.9620747206488879
9	54	2.154634075081536
9	55	0.4399048383842644
9	56	4.333233320860741
9	57	3.5814909037406806
9	58	-4.218046269730439
9	59	-1.4965198958818022
9	60	-2.3263790369040636
9	61	-2.8881776389466185
9	62	-3.242806779438504
9	63	1.7791844450600427
9	64	-0.07515332123309881
9	65	-0.8873766324664794
9	66	-1.849933098265013
9	67	-2.053011228660609
9	68	-3.7614126049468855
9	69	-0.26173949886839964
10	10	NaN
10	11	-0.7746150913700356
10	12	0.9033341673837202
10	13	-2.9658457036381884
10	14	-0.7847724921410837
10	15	-0.7840180869868469
10	16	-1.6687984794999728
10	17	33.08571701751704
10	18	-3.3184484744611846
10	19	1.7570498030891015
10	20	0.9470048414111643
10	21	-0.9966339192692385
10	22	2.5393523908872337
10	23	-4.943787824111108
10	24	1.6565225626329068
10	25	0.2112596397961858
10	26	-2.231854900059697
10	27	0.15790897505307633
10	28	0.17904620403712965
10	29	-2.378278652363078
10	30	-4.019348778184607
10	31	-0.6466934254939609
10	32	1.457154767372596
10	33	-0.0286914763470032
10	34	-0.6789363651246669
10	35	1.2635186592310157
10	36	-2.593689722946176
10	37	-2.5721907230552556
10	38	0.12116639948440804
10	39	-2.0814704144568528
10	40	1.2199796382444528
10	41	-0.02138096695330863
10	42	-0.9068939884789012
10	43	-0.4708369691441042
10	44	-3.246804689814305
10	45	-1.448899121243864
10	46	0.0972434742605252
10	47	-4.4107261249767555
10	48	-1.0094769604218337
10	49	-0.016800479929100123
10	50	-1.7573175866399495
10	51	-4.064893187201861
10	52	1.64874679448759
10	53	3.827070696014766
10	54	-0.5669477028444369
10	55	0.15314978736595755
10	56	-0.037613329349639964
10	57	3.6585976077908433
10	58	-3.1803545022961495
10	59	0.6958402760708882
10	60	0.2326465965668821
10	61	-4.386073056523455
10	62	-1.0260225941846148
10	63	2.481303135097259
10	64	0.3743106783261048
10	65	-1.6741084543765254
10	66	-1.590196638964197
10	67	-2.654171846638976
10	68	1.332572173856174
10	69	-3.331658432696569
11	11	NaN
11	12	-2.4087495918737325
11	13	-3.1343820396995814
11	14	0.4703863596435526
11	15	0.48339694950137313
11	16	-1.5766367235579526
11	17	1.7743728456439292
11	18	-3.775796076524417
11	19	-1.2444778108689583
11	20	-0.28654217652082103
11	21	-0.9288516573240689
11	22	1.0451183412493565
11	23	-1.020008516516458
11	24	1.0938043085517697
11	25	-0.4626297820548098
11	26	-1.600435710730991
11	27	-0.10380235037496365
11	28	0.17929606298458353
11	29	-0.5749755808787563
11	30	0.4346639506153968
11	31	-0.6045100329671328
11	32	-2.1976313578092284
11	33	1.024803375121456
11	34	-0.5750409140129554
11	35	-0.6793141574195241
11	36	-2.3588511416759026
11	37	0.07328708246747372
11	38	2.8458355459823226
11	39	1.6061594082347674
11	40	5.0899057635126335
11	41	3.0839122816250497
11	42	-1.5779108036997542
11	43	-0.2671950460940572
11	44	1.6384553165637636
11	45	-3.344836676446868
11	46	-1.45413305605105
11	47	-0.9176734489627546
11	48	0.345896621078378
11	49	-0.26357689948520624
11	50	3.7594233643575943
11	51	-1.6026466090260387
11	52	0.10632990168610863
11	53	0.22741535484273756
11	54	0.004632138410176291
11	55	-0.3609581386158548
11	56	0.6935978275652375
11	57	0.8980205997897277
11	58	-2.03122700885889
11	59	-1.075356218149904
11	60	-1.5790441004530629
11	61	0.42426553187388055
11	62	0.09433980461896063
11	63	1.0260369566202114
11	64	-1.5905757989144158
11	65	0.3489181003327979
11	66	-0.1914111021085049
11	67	1.2847581553940315
11	68	1.2911397025187994
11	69	-1.505923228136046
12	12	NaN
12	13	13.22785058383935
12	14	0.3836718613696272
12	15	1.6032536852698684
12	16	1.9490051531655905
12	17	-1.8688312241902478
12	18	-0.9615203219573931
12	19	1.6914072886383615
12	20	-3.9023999556141096
12	21	1.5968153321764655
12	22	0.16096594247059737
12	23	0.16927945209157522
12	24	-3.46722680831613
12	25	3.0717857897908254
12	26	-1.3975066101341485
12	27	-2.71288816157618
12	28	-0.9884231232721216
12	29	0.29526351347260005
12	30	1.2667292880462737
12	31	0.2832257164595101
12	32	1.430430153929611
12	33	1.828530870587497
12	34	-1.7636633339458125
12	35	-4.147251159622577
12	36	0.04481589781669654
12	37	0.6429505268904243
12	38	1.7128865467559193
12	39	2.6310305120575816
12	40	-4.894186182768696
12	41	3.002130925727809
12	42	0.474770314531475
12	43	3.6831416765500915
12	44	2.138486789899539
12	45	1.8113756778063599
12	46	1.474579368643872
12	47	5.103830673526016
12	48	-1.7560386408635917
12	49	-0.6342076828739475
12	50	2.3801892160941565
12	51	1.138372637856236
12	52	-2.9029945870353737
12	53	-4.7924973911970445
12	54	-2.0769961515535402
12	55	2.4166460918390267
12	56	-2.340733998590896
12	57	0.056010580023950776
12	58	2.0643171650301215
12	59	2.279532681616851
12	60	-1.0670914814887984
12	61	3.6941863847975034
12	62	0.016621555988481924
12	63	-3.3163830160672396
12	64	2.1694263902575965
12	65	-0.6816982307958962
12	66	-0.5909575190050149
12	67	-2.4472038111623085
12	68	0.8112576950708287
12	69	-3.389435053915164
13	13	NaN
13	14	-0.4924463255501601
13	15	6.52706820073139
13	16	0.9800042811838269
13	17	-1.381858367185935
13	18	4.9088252236609025
13	19	0.5789264951118908
13	20	-0.8047048113768982
13	21	0.8093006534867785
13	22	-3.220722851869377
13	23	0.6836969881959799
13	24	-3.0528088143310397
13	25	2.2185638139229966
13	26	-0.5226881557620309
13	27	0.3311357646871468
13	28	-0.5959270525147721
13	29	0.7094808539833324
13	30	3.1805179762574087
13	31	-0.4501744683205045
13	32	-1.683766058209274
13	33	-3.5448292016844376
13	34	-3.6403305746082677
13	35	3.879356600519112
13	36	2.018569729723555
13	37	-0.40514851111944455
13	38	0.7854844206354875
13	39	1.2037721068819183
13	40	-1.8713228265555701
13	41	6.607906040234469
13	42	6.511299738511813
13	43	1.6482525656168399
13	44	-3.6761239163925783
13	45	2.3905075753907217
13	46	3.4822701023266904
13	47	2.2195181687061294
13	48	2.8936505582273324
13	49	-2.8131250502124425
13	50	1.5295212764647614
13	51	0.14063866609114012
13	52	-0.9726089817912638
13	53	-2.881170251357809
13	54	-0.6063557135575186
13	55	-1.5755544839624869
13	56	-0.4455967437552423
13	57	0.5256929595335984
13	58	1.2458627322295084
13	59	-0.495924735077746
13	60	1.0901232116649966
13	61	1.4397435294928076
13	62	-0.9601669881406933
13	63	-3.192992749905624
13	64	0.4235782016533842
13	65	-0.4745652477128631
13	66	-1.288274369047081
13	67	-0.4417347908376585
13	68	-2.6091617111528347
13	69	0.8461305678878405
14	14	NaN
14	15	-0.7501969809012237
14	16	-0.5447165294831295
14	17	0.2641883006448564
14	18	0.15757837819640344
14	19	3.0485757199962253
14	20	-1.2298235860611821
14	21	-3.3927704903279627
14	22	0.2860798400907218
14	23	-0.11379282238587578
14	24	1.848963365271488
14	25	1.9017733042187206
14	26	-1.9211577370724853
14	27	-2.2249917870430234
14	28	-0.6270027932276082
14	29	2.756987709256908
14	30	1.4858981656948405
14	31	-2.336685659174909
14	32	1.4209037654010335
14	33	-0.2717896419620441
14	34	-0.8104482806397916
14	35	0.1918457831749841
14	36	-1.4628202872311087
14	37	-0.40748795397642273
14	38	-0.4843287836134836
14	39	0.2490437068051139
14	40	-0.6875837427981736
14	41	-0.5871498562320204
14	42	-1.4041978184564612
14	43	-1.6786494468758517
14	44	-1.0003692177572994
14	45	-2.9434027109188117
14	46	1.8354398901457223
14	47	1.7387064908883811
14	48	0.4159425987167058
14	49	0.35466837140240143
14	50	0.04943518994428104
14	51	-3.9364871808591144
14	52	1.0557625009158949
14	53	11.04698772145939
14	54	0.6064132407054439
14	55	-0.9781542782039405
14	56	-1.3047392926249453
14	57	-1.195922782829075
14	58	1.1128082638446803
14	59	-0.04891561536810199
14	60	-0.06453211861909218
14	61	-1.4357062523701478
14	62	-0.7165899249619841
14	63	-0.9822291251802
14	64	2.176377967817734
14	65	-1.6981508354680976
14	66	-0.3776655550559253
14	67	1.45107245392325
14	68	0.5761377618814273
14	69	-0.692855112573327
15	15	NaN
15	16	4.568639166204722
15	17	-3.00156453176068
15	18	-1.602375532240383
15	19	1.8250518214014695
15	20	-1.0648484108288943
15	21	1.2263213339150143
15	22	2.125955715692349
15	23	0.6286514618456872
15	24	-1.6683148436727708
15	25	-1.6631527356233335
15	26	0.765762317580141
15	27	-0.26958890958480775
15	28	-3.195884548592671
15	29	3.398907819435235
15	30	5.335456665668864
15	31	0.5974037947982509
15	32	0.7676290147269285
15	33	1.2287219170165857
15	34	0.3448353524995077
15	35	-3.729114364455497
15	36	1.4769738825190788
15	37	2.420076730884061
15	38	-3.529928917188492
15	39	0.6158373054803047
15	40	-2.4107806178914903
15	41	-2.0120350723077376
15	42	3.133585731124299
15	43	-0.10538741887472135
15	44	2.7661122472143806
15	45	-0.3480706674569612
15	46	2.9069583269240553
15	47	0.501829939990726
15	48	-0.9993863905722841
15	49	-0.33449424923593724
15	50	-2.018746160371213
15	51	-1.1654641534606285
15	52	-1.5894192941884824
15	53	-3.6943351582289448
15	54	-0.2509080975620402
15	55	-0.8981701895557997
15	56	0.05945562422569905
15	57	-2.1121377107289643
15	58	-2.223067420875586
15	59	-0.2595821710913203
15	60	-0.4182702727030548
15	61	2.2819912561175384
15	62	0.32970013853179947
15	63	0.34819109547282434
15	64	-1.1972513007959484
15	65	-2.114716397043574
15	66	3.060894513035575
15	67	-0.10272824950592835
15	68	0.2820105448536853
15	69	-0.3183953213178277
16	16	NaN
16	17	-0.5252968494616074
16	18	2.8535385796802775
16	19	-1.2786203849783084
16	20	-1.6723873927393584
16	21	0.2272191130216272
16	22	0.9017596723542908
16	23	-0.789909645089354
16	24	-1.9785596957518923
16	25	-1.6434504610773852
16	26	-0.32238716386344307
16	27	-0.9962297401138063
16	28	-0.423962815654512
16	29	1.053312208174785
16	30	-2.5418024345706165
16	31	-0.07453527567240546
16	32	-0.7788438774941485
16	33	0.16984706791005824
16	34	0.20255564226838974
16	35	-1.343450308306874
16	36	-0.42957207920727797
16	37	-0.7989207403261537
16	38	-0.14552503924899152
16	39	0.5573997633303767
16	40	-2.084133168986049
16	41	-0.06123649935766453
16	42	2.488509475413762
16	43	-3.1735519406682595
16	44	-2.105644899637688
16	45	1.5566952874396394
16	46	-0.3282213819453708
16	47	1.8782127113662526
16	48	0.7116986965761601
16	49	2.106531306130063
16	50	3.339303909618685
16	51	3.6994466923730074
16	52	-1.7565022401009593
16	53	4.304325683715387
16	54	-1.6266658120448825
16	55	-1.2278455901869316
16	56	0.11007031815250683
16	57	-2.560597270020718
16	58	-0.0525249115328763
16	59	0.48280026676975013
16	60	-0.11178026215017071
16	61	0.3100169288770488
16	62	-1.3473863342727668
16	63	-1.1901137518371077
16	64	-0.7090052912433169
16	65	-2.877144582954098
16	66	1.7485878771666998
16	67	-0.10775623893422737
16	68	2.028877765854143
16	69	17.720566271151903
17	17	NaN
17	18	-1.4489978779013621
17	19	0.827786669195265
17	20	0.2038816757220184
17	21	-1.592560364528773
17	22	-1.517250767886614
17	23	0.29536471157180405
17	24	2.8199697466420823
17	25	-2.5625366822327704
17	26	-0.9447280643763232
17	27	1.6405231034346082
17	28	-1.258083675744845
17	29	-2.159724408180143
17	30	-1.999794064023601
17	31	-1.6689424932481909
17	32	-4.331849016783209
17	33	-1.4486078094928874
17	34	-3.6073456870277067
17	35	-0.3149252788421867
17	36	1.643796929276711
17	37	-1.7051949754797464
17	38	-0.3085963804589249
17	39	0.34674445767671397
17	40	1.852028452331772
17	41	-2.0523598380141665
17	42	-2.3450599924155298
17	43	-1.6594101002628259
17	44	-0.3567613340166557
17	45	1.313269793043936
17	46	-3.458563846508727
17	47	-2.1630327379392797
17	48	-0.05596969819839854
17	49	1.0428396406742395
17	50	-2.0123627606047347
17	51	-3.5453064851060816
17	52	2.724905582741867
17	53	2.3896758127571354
17	54	3.50095488933173
17	55	0.8618512665704383
17	56	1.4871341481416218
17	57	1.3994330701905235
17	58	-5.920621269140387
17	59	2.14414933047816
17	60	-3.5311693565655156
17	61	-2.400013818854972
17	62	-3.3903559570632913
17	63	1.831373554456537
17	64	1.9794800669889956
17	65	0.40758635661339426
17	66	-2.50634090625117
17	67	-0.46575689636722367
17	68	-4.506128593761755
17	69	-2.0860923224793777
18	18	NaN
18	19	7.226661924263027
18	20	0.22619041590575986
18	21	0.17395228983855882
18	22	2.8609366764253856
18	23	0.7140750993629555
18	24	-1.732175597635692
18	25	0.6622065836400564
18	26	4.989812038889086
18	27	-1.5032844033697559
18	28	0.8531114213612695
18	29	0.07217264512930058
18	30	1.747839256542727
18	31	-0.8020014886048606
18	32	0.30932067412194475
18	33	-0.7833583571310155
18	34	1.9568646790865711
18	35	-1.586394907526374
18	36	2.393354306558059
18	37	0.5334257895893346
18	38	-0.9378943669400213
18	39	2.7967871618558657
18	40	-2.6851733144889773
18	41	0.9481640870868319
18	42	0.030218051663022907
18	43	2.477965807481486
18	44	0.3312013276871921
18	45	0.8475459389820111
18	46	1.5761581045691013
18	47	-0.941759769140215
18	48	0.009225078239803394
18	49	0.9749196255331761
18	50	-2.2002236283471293
18	51	0.7062144598356025
18	52	-1.464795994366856
18	53	-3.849529706646088
18	54	-3.4119973381271254
18	55	-0.5284066402213087
18	56	-3.0080858873525878
18	57	-1.7461960483266061
18	58	-4.898246505089314
18	59	2.5086617416979005
18	60	3.9481281274759494
18	61	1.3847189421965296
18	62	-1.9788436966613407
18	63	-0.07089122347233481
18	64	-1.5285288618153843
18	65	0.5787800540243532
18	66	2.030278548271601
18	67	1.0509955693873714
18	68	2.1827696898496245
18	69	-1.407661863401016
19	19	NaN
19	20	-0.10745995273644657
19	21	-2.0554029492483235
19	22	1.8187224661885073
19	23	-1.5458693415787246
19	24	-1.833443684101569
19	25	1.268763750259249
19	26	-0.877960822197276
19	27	1.862608519994343
19	28	0.11862118997670969
19	29	-0.09172463613465956
19	30	-3.229437200707481
19	31	3.0296444655034924
19	32	-0.43506249235762956
19	33	-2.106631892685856
19	34	0.1447538293047718
19	35	-4.387049971653137
19	36	-0.3761116060062935
19	37	-0.09144614746313155
19	38	-1.656857214519066
19	39	3.6858857802562404
19	40	-2.780410368587959
19	41	0.6658114407199573
19	42	1.3070506140393523
19	43	-0.47108280302980077
19	44	3.745289627301781
19	45	1.8064181650193354
19	46	2.6654659158192398
19	47	1.5976210694123743
19	48	-0.35403749515405014
19	49	0.07687946920593643
19	50	1.880685537201654
19	51	3.5610219164708243
19	52	0.30224082164149485
19	53	-1.775221828517335
19	54	1.5130525123173706
19	55	-3.2699816942606232
19	56	-3.5974178280455074
19	57	-2.5609548985433297
19	58	0.19020846524023505
19	59	-1.2487411854978927
19	60	0.8948146918691068
19	61	-1.0993707456402197
19	62	2.368269042732337
19	63	-2.1061762168905274
19	64	2.0975550021368337
19	65	-1.4182840336232272
19	66	-0.6901211031399931
19	67	-2.959466552662386
19	68	0.5356571899083412
19	69	0.4713294176650353
20	20	NaN
20	21	1.7118198321912719
20	22	-4.832016154435533
20	23	-0.9946550498930428
20	24	3.4387553792865475
20	25	-0.22038625426848105
20	26	-2.1469217195284145
20	27	1.5394541730611282
20	28	-2.519148286673014
20	29	-1.0654745292869694
20	30	-2.326796843371832
20	31	-0.5993074051105961
20	32	-0.16445581539876436
20	33	1.1872301249989725
20	34	-1.5130428114250911
20	35	-0.9807543833855512
20	36	-2.030714897206149
20	37	-1.989208741153447
20	38	-1.2517455664233184
20	39	-2.0055993142464232
20	40	-1.6886572124333938
20	41	0.6118653878668947
20	42	-1.714351123624224
20	43	-3.247325532922657
20	44	-0.8113234104458288
20	45	-1.63234827049694
20	46	-2.463204508141353
20	47	0.007480027237466733
20	48	0.09253085724998238
20	49	-1.2583407705877172
20	50	-2.5439059919013185
20	51	-0.10817725970363036
20	52	0.6196510132639631
20	53	18.34083423662553
20	54	-2.375771617465016
20	55	3.761153886588719
20	56	0.28655619433974977
20	57	-0.5468331140233352
20	58	0.3751023032127253
20	59	-1.4059482223943573
20	60	-0.9375748865207233
20	61	-1.573012196045261
20	62	-1.5169727136699165
20	63	-0.09160867255077469
20	64	0.7123899847292113
20	65	-0.29783882763709757
20	66	-0.9642052402642568
20	67	-1.0664638809779723
20	68	1.269452795723358
20	69	19.66763320433253
21	21	NaN
21	22	1.3226793441387625
21	23	-0.3942590215248198
21	24	-1.1771723046029547
21	25	3.051613640295719
21	26	-2.721193413618685
21	27	-1.2595479699085088
21	28	1.593131283638899
21	29	-1.3923959106362551
21	30	1.369585729580666
21	31	0.6956481185385988
21	32	3.894208920088603
21	33	-1.5860885627372352
21	34	-0.8982026117344596
21	35	-2.6229351820084243
21	36	-2.978923401554009
21	37	-1.843175079367173
21	38	2.0390863781392476
21	39	-0.18222890500504674
21	40	-2.706146120693064
21	41	2.8200796905005445
21	42	4.8299895698237245
21	43	-1.8033242461560095
21	44	2.902295714088076
21	45	0.4708595038976315
21	46	4.49163237649438
21	47	9.254436938407634
21	48	1.1451803232110356
21	49	0.5140525862453779
21	50	1.6294435075936455
21	51	0.49485473189087487
21	52	0.2580663915035972
21	53	-3.0329635573269202
21	54	1.2177790389067145
21	55	0.1354872545164367
21	56	-1.0260029466786085
21	57	-3.9736071508348356
21	58	2.5105551905374393
21	59	-1.2062813335239875
21	60	2.268319123200111
21	61	0.07497613806963228
21	62	4.054427141628975
21	63	-0.9888919026939114
21	64	-1.7110295214090276
21	65	0.5259898687243038
21	66	1.7915367735847174
21	67	-0.9379471468795303
21	68	2.021085930761463
21	69	-0.780726604672689
22	22	NaN
22	23	0.8865270481676724
22	24	-2.1617009496805157
22	25	8.646084509800822
22	26	1.424419258529983
22	27	0.19646449223465992
22	28	1.0764091859935792
22	29	3.1212230067422078
22	30	0.8035436769312275
22	31	-0.7449539039949548
22	32	8.73371325109133
22	33	4.950691781599952
22	34	-1.2942447597181284
22	35	-0.48021616315968074
22	36	1.9578912904325327
22	37	0.18746336588420817
22	38	-1.5841890220711006
22	39	-3.465026368279116
22	40	-1.8372389316249267
22	41	-3.0283748536491384
22	42	3.4674327696795917
22	43	2.5053477773958086
22	44	-1.8463025070598742
22	45	-0.8915768989878783
22	46	1.7574201320998029
22	47	2.4593345704313454
22	48	1.8847372517052208
22	49	-1.686136840518199
22	50	1.1635015362098748
22	51	0.43666030911528253
22	52	-2.0810440513562547
22	53	-3.6678183255773296
22	54	-1.170797046397424
22	55	-3.0435767461646543
22	56	-2.44592603103275
22	57	-0.4683369531556192
22	58	2.3434547313143814
22	59	0.6969846408498411
22	60	-0.03663644524708809
22	61	-0.22793329960306574
22	62	-1.1007429723759286
22	63	-0.9401365498832271
22	64	-0.7996686415302405
22	65	-0.26291087707247424
22	66	-3.410074242176692
22	67	-3.115647762881814
22	68	-2.0146584867184396
22	69	-0.31762390278256586
23	23	NaN
23	24	-1.158327696210425
23	25	4.0951916042811725
23	26	1.2828527420698412
23	27	8.028897852554095
23	28	-0.8902319406011491
23	29	1.860244725360556
23	30	-0.687810207826764
23	31	-0.48263696822823837
23	32	-1.6900375322963326
23	33	-0.7569708444132638
23	34	-1.6705021268729587
23	35	-1.280250078467024
23	36	1.3245008560038427
23	37	4.966863414446384
23	38	1.0923044779478046
23	39	-0.8692997688059663
23	40	-0.8333357295052432
23	41	0.3462780592742537
23	42	0.46856237156244557
23	43	-1.0050203791126677
23	44	0.7350869242631033
23	45	5.090955599552791
23	46	4.19184434971302
23	47	1.1747548566786172
23	48	1.2379612625107064
23	49	-1.0717556987281283
23	50	0.5685378264247095
23	51	0.5972015871185883
23	52	-1.107230484164516
23	53	-2.753241229974424
23	54	-1.5578286948038493
23	55	-2.582000743753163
23	56	3.528833380256739
23	57	-2.697644270347604
23	58	-3.3798328960190682
23	59	-3.9346946561776552
23	60	-2.879738356969855
23	61	-1.7656235823077777
23	62	0.4472745754285215
23	63	-1.555340329742065
23	64	-0.7801681893438771
23	65	-1.2228500479105329
23	66	0.3989335795955005
23	67	3.984139346774941
23	68	3.583955769215596
23	69	-2.034506347905747
24	24	NaN
24	25	-1.639484857761957
24	26	-2.844307258894986
24	27	1.0885796292597998
24	28	-1.1762875390361136
24	29	-2.5072976681838384
24	30	-1.468279229833301
24	31	-0.14042427279495098
24	32	-2.2807878157517285
24	33	-0.38069344910083636
24	34	-2.7055196595470905
24	35	2.1410624889510994
24	36	-1.92110080250713
24	37	0.010818486146492588
24	38	2.1594505384889464
24	39	-2.4465657396263545
24	40	3.2585731318476734
24	41	-2.518559060699743
24	42	-2.2507719577491963
24	43	-2.731051885515218
24	44	0.9837733463589463
24	45	-1.9049733235350146
24	46	-1.979834721341554
24	47	-2.139765750447555
24	48	0.39736167470703104
24	49	2.5733471274907975
24	50	-1.0713422633915264
24	51	-3.1887450538064215
24	52	3.5226038106317064
24	53	2.610546882068118
24	54	0.007343163088704135
24	55	1.4834569367077348
24	56	3.1051975507082474
24	57	4.407248914978533
24	58	-3.7448871277477487
24	59	1.603193938400494
24	60	-0.4900069490029926
24	61	-0.7167579197122401
24	62	-2.6129012470810564
24	63	2.9466127653457534
24	64	1.240873518346117
24	65	1.7936901401836889
24	66	-1.244186084537032
24	67	-0.42386194488409923
24	68	-1.4289176819058405
24	69	-0.2920610888073676
25	25	NaN
25	26	4.5917912429103405
25	27	-2.3821253353174585
25	28	-2.0188430551254606
25	29	3.3072684661420295
25	30	-2.3515550698103143
25	31	1.834900498650315
25	32	1.1265277366147872
25	33	-2.0512991905195173
25	34	-0.837174737887777
25	35	1.3627856117800488
25	36	0.6060300665536619
25	37	-0.7387396996056782
25	38	-3.012800604822596
25	39	-4.168043377202805
25	40	0.11086710374126053
25	41	0.5033111222727699
25	42	2.538265692004545
25	43	0.5694208204697071
25	44	-1.2531762544020733
25	45	2.703037730612094
25	46	1.8298583901963632
25	47	2.3591364906322214
25	48	2.4311848665674267
25	49	-1.263725980410502
25	50	-1.4569113831157061
25	51	4.686882395540963
25	52	2.0008530743757715
25	53	-3.949693722892882
25	54	0.3809987553395482
25	55	-4.072152504652328
25	56	-4.301426216095905
25	57	-1.513274329262799
25	58	1.6964417125484472
25	59	-0.32491984864404816
25	60	3.60884615674961
25	61	-0.5188283019210375
25	62	0.024421449109388624
25	63	-3.7720762099738314
25	64	-1.603668003305278
25	65	0.7109571046146652
25	66	2.2442283808099384
25	67	-0.36968222681660373
25	68	0.7111282884394744
25	69	1.7812003586561829
26	26	NaN
26	27	-1.2115825251070707
26	28	3.4164931687162334
26	29	1.411756496100609
26	30	-0.5848433176896609
26	31	1.765172611078515
26	32	0.8752607494848936
26	33	-1.1507959521224156
26	34	2.408935222097737
26	35	-2.5381714686282693
26	36	2.9990280212893032
26	37	-1.2595137993828305
26	38	-0.5883985584057594
26	39	2.3794288380899027
26	40	0.21861436274307086
26	41	2.9163465582487853
26	42	-1.3461503026000263
26	43	0.42364932970030816
26	44	0.5103697031433104
26	45	0.5857168288274441
26	46	0.8092601631689632
26	47	-1.7621294623094932
26	48	1.385111887684259
26	49	0.2890473240041898
26	50	-0.8103890457420765
26	51	2.6623267061675144
26	52	-0.7861107689542758
26	53	-0.8626762563746836
26	54	-2.0866883238284815
26	55	-0.5919439591878387
26	56	0.7065851133542334
26	57	-1.6151981859804683
26	58	1.723528350488472
26	59	-0.29563929652144233
26	60	5.055218274408388
26	61	4.040124604559172
26	62	1.4616640593482344
26	63	-1.7948922876372593
26	64	-2.613882528172657
26	65	-2.1424099648092794
26	66	0.37766862051475886
26	67	-1.565658327595954
26	68	-2.520383746329574
26	69	-2.497550556510322
27	27	NaN
27	28	-3.4710360555944746
27	29	-3.245568766354588
27	30	1.1828231461596737
27	31	4.6019258319124665
27	32	-1.9934632013740943
27	33	-1.4776357128083515
27	34	-1.6697593653870342
27	35	2.588530901279367
27	36	-0.9713619685618052
27	37	1.5830422238942696
27	38	2.380636553546482
27	39	-1.6986062824887382
27	40	2.7091502570375625
27	41	-1.5523968355076159
27	42	-3.9019375142411317
27	43	4.788774274481139
27	44	-0.20386236466123045
27	45	-1.5868461285767257
27	46	-0.10426632651678945
27	47	-2.252644128666473
27	48	0.022358781336473343
27	49	-0.12552755090316398
27	50	-2.501344963330166
27	51	-0.5478494829128804
27	52	1.6812735522837063
27	53	1.212117811405365
27	54	-0.32672259305880624
27	55	1.7803081736705053
27	56	0.011130886144920922
27	57	0.8416576764004186
27	58	-2.0362287468583746
27	59	0.02213147288074847
27	60	-0.9985086248582968
27	61	-1.4848882943823225
27	62	0.4975606598306789
27	63	0.10370881704820287
27	64	0.22201779612871353
27	65	-0.6981196227337023
27	66	-0.36479584624012257
27	67	-3.176799443856089
27	68	-1.2329235167583457
27	69	0.07271350208865157
28	28	NaN
28	29	3.274635017947384
28	30	1.2019063281422067
28	31	-0.950468550131686
28	32	-4.183018607858054
28	33	1.093967443640309
28	34	-0.29276634784769495
28	35	-0.8547612560789839
28	36	0.7421066460178787
28	37	-1.753236022867884
28	38	-1.349814924620845
28	39	2.9477765017430806
28	40	-2.490926831835334
28	41	3.311078136747477
28	42	4.429421715260376
28	43	0.028248588736555013
28	44	0.35444861668711963
28	45	0.031751593328121726
28	46	0.9662330057465951
28	47	1.9858381099707239
28	48	-0.2015698785895182
28	49	-1.5641016526858986
28	50	1.4665449871702088
28	51	-0.9986574703471952
28	52	0.8662529850450713
28	53	-3.157081599649617
28	54	-0.35639326565389096
28	55	2.3109033545687163
28	56	-1.320638226461391
28	57	0.04839225443203165
28	58	1.2497762928999887
28	59	1.422590070162089
28	60	3.6791524942046228
28	61	3.761810326049433
28	62	0.7344575904930113
28	63	-0.6517461283299629
28	64	1.6197636429472198
28	65	-1.4465392162073478
28	66	1.9188631575292552
28	67	1.45278524351576
28	68	4.138678429712711
28	69	0.8197859863700172
29	29	NaN
29	30	2.4220320446538235
29	31	2.664330393079123
29	32	3.3453553074694695
29	33	-1.9476948460272694
29	34	-1.4812870392238637
29	35	-2.657489971010133
29	36	-1.3871730284144508
29	37	-0.997020483740045
29	38	-3.589578027528761
29	39	0.5489235971966719
29	40	-1.888401852086102
29	41	1.4973044461560796
29	42	0.3241217358053045
29	43	1.7842705180905893
29	44	1.1093847479416459
29	45	4.007268204427772
29	46	-1.7583553741099638
29	47	3.3866791603660693
29	48	-1.9851660946705898
29	49	-1.1619708257413925
29	50	0.6088652689827068
29	51	-1.0137597709890522
29	52	0.29605219825113416
29	53	-1.5382980775427197
29	54	0.5686098207686624
29	55	1.5391557195584633
29	56	-3.3918294313793385
29	57	-3.1728669308930666
29	58	1.732825605840026
29	59	1.326564185831487
29	60	1.3008673718862171
29	61	2.8590613812787664
29	62	1.3113319486612889
29	63	-0.6057956961079479
29	64	-0.01742831951921308
29	65	1.938833889375353
29	66	0.9034668032716164
29	67	-0.3783618580930104
29	68	0.4025663019186303
29	69	-1.3498263140157458
30	30	NaN
30	31	0.160595630163348
30	32	7.647584888144366
30	33	0.5469418688503331
30	34	2.4506872759059086
30	35	0.28381072781850963
30	36	1.9113986467546842
30	37	3.565226786270518
30	38	-1.7756884678558953
30	39	6.036644065982332
30	40	-0.6279805896025354
30	41	3.1227233326957515
30	42	-0.33804135423422016
30	43	-0.6910130481456989
30	44	2.021986229001137
30	45	3.5803896675995843
30	46	2.473965374058364
30	47	1.9532914432741002
30	48	-1.1290427505515344
30	49	0.07917500710247491
30	50	0.05084894374980007
30	51	-2.681535740612834
30	52	-2.9432065620963925
30	53	-2.606046384652799
30	54	-2.2027571199539384
30	55	-1.475374486788782
30	56	-1.271437254779227
30	57	-2.4110243921010834
30	58	5.487005669231514
30	59	-1.5120370286076257
30	60	1.9722404803252649
30	61	-1.6436402570581978
30	62	3.424348389764396
30	63	0.5169467862741847
30	64	-0.18526537447849573
30	65	1.7963562065485312
30	66	-3.7255368435691403
30	67	-2.5888526031808103
30	68	0.3503262457117891
30	69	-1.189259902104664
31	31	NaN
31	32	-1.215401178088223
31	33	-0.1135646271525085
31	34	-0.8874625014194313
31	35	7.663902851723066
31	36	-0.9917644971889397
31	37	-0.13027579725850819
31	38	0.16121358942510355
31	39	-1.6699178927718579
31	40	-2.8645753456758727
31	41	4.559903507225219
31	42	-0.3663829863291164
31	43	-1.5424426019408084
31	44	0.7693099769711074
31	45	-4.804132656621011
31	46	-2.899327027727202
31	47	-0.2949687048420162
31	48	2.2504678043527533
31	49	1.0430457391904153
31	50	0.685577993651566
31	51	4.028177501750314
31	52	-1.1570325143853155
31	53	-0.8001486752245033
31	54	-1.5072524991249414
31	55	1.3948290791382119
31	56	-1.0608738930340615
31	57	-2.9175674963724187
31	58	0.39230998040099757
31	59	0.9199361578065285
31	60	1.6902932455646922
31	61	1.639351443224333
31	62	1.3009714084344175
31	63	-1.154314957385061
31	64	-1.3639612360168125
31	65	-2.1026864539314554
31	66	1.25848431480893
31	67	0.6851850835186833
31	68	-1.551650312083023
31	69	-0.059154727024679034
32	32	NaN
32	33	3.605728225754056
32	34	-2.8982370418429304
32	35	1.0061562683051772
32	36	1.5480486779477884
32	37	1.054172001584272
32	38	-4.1935333897715426
32	39	0.4227846537155361
32	40	-2.8546737111691245
32	41	0.7454208063735814
32	42	2.3249637372577876
32	43	-1.0585408385398503
32	44	-1.9242122698248172
32	45	3.80938543084491
32	46	4.461054117132363
32	47	-0.5102975133118441
32	48	-3.3559138644669195
32	49	0.5830712030444674
32	50	2.2784864851246662
32	51	1.6093908355422126
32	52	-1.697759862222516
32	53	-1.7468565959734972
32	54	-1.5897822598260327
32	55	-0.4714238717584664
32	56	-2.210586858424876
32	57	1.8289654486503821
32	58	1.336922008767033
32	59	0.5055419102881425
32	60	2.0897717121910366
32	61	-0.21467927279401802
32	62	0.9602641472587808
32	63	-1.9431167631518762
32	64	0.6947591771300595
32	65	0.21524609670370126
32	66	-0.5638224347889974
32	67	0.8324696888419274
32	68	6.217014125326673
32	69	-0.028127879266075385
33	33	NaN
33	34	-0.2555569802740146
33	35	-2.085615286706553
33	36	-1.8209004355271459
33	37	-0.5373510350039576
33	38	-0.8609524926777099
33	39	0.3882324665064041
33	40	1.0136100525072236
33	41	-1.730181245207942
33	42	0.3716513245542965
33	43	-3.137764652778655
33	44	1.360335025036273
33	45	0.37863259078436795
33	46	2.1357844224515476
33	47	-0.07718168552915097
33	48	2.0656168970155555
33	49	-1.3170045348673916
33	50	0.11813261473591583
33	51	0.702742437661164
33	52	-3.4014071663736356
33	53	1.5189109816416053
33	54	-1.7760487227206385
33	55	-1.178079150067653
33	56	-1.2150100411095663
33	57	-0.8864090529562915
33	58	-2.2538966280528783
33	59	-0.7825721580754784
33	60	-1.164000927822102
33	61	-0.5658025688588261
33	62	0.17845170696935375
33	63	-2.185111091682061
33	64	-1.6665461903601464
33	65	-0.003044765105104283
33	66	3.5239151383174057
33	67	0.7645904352716811
33	68	0.005825568291964875
33	69	0.2698965394802846
34	34	NaN
34	35	-2.887595934352966
34	36	5.253092705285906
34	37	-2.709010997449226
34	38	-2.8358374088343017
34	39	-2.1611269486486036
34	40	-1.8859659373324822
34	41	-3.166579157389325
34	42	-3.4507414870508537
34	43	0.9330149406438899
34	44	-2.781026638288402
34	45	3.2718958381289527
34	46	-1.90078893636052
34	47	-0.8671902080894593
34	48	-0.45727342752053235
34	49	-1.4668630938206868
34	50	1.830455945332008
34	51	0.13745632138883992
34	52	-1.8265101771407832
34	53	-1.9935726437054326
34	54	-0.477162150592614
34	55	-2.6511084391401996
34	56	0.5593226162051456
34	57	0.06670528908687978
34	58	1.075900289871997
34	59	-1.0079689392634954
34	60	-3.3775379904997793
34	61	-2.9591981711478543
34	62	-0.6200486794289526
34	63	-0.2511479581692952
34	64	-0.40088599931546076
34	65	-1.3529768155569484
34	66	-0.2299356898274932
34	67	1.661364426016106
34	68	-1.5681669212587515
34	69	-0.1884779805012422
35	35	NaN
35	36	0.3931700417925143
35	37	-1.0565585499415089
35	38	3.7711077793676426
35	39	0.46230437773896016
35	40	5.230616147587883
35	41	-5.027322336433581
35	42	1.3151250418427118
35	43	-2.4321394605504985
35	44	-3.704290771722953
35	45	0.24709037320283678
35	46	2.2330446452895294
35	47	-0.4170543126837211
35	48	-0.997949368448604
35	49	-0.0029872836243012204
35	50	-3.4066283954735033
35	51	-0.6379368924520058
35	52	2.1455161425421614
35	53	1.5455679535601803
35	54	4.130752718287863
35	55	2.05490201367224
35	56	3.424765172339312
35	57	3.8612185068677216
35	58	1.1110277854613646
35	59	1.6528715956657234
35	60	-2.094954445369745
35	61	-3.159553934123008
35	62	-0.7377194861917832
35	63	0.003962795712179835
35	64	-0.19760172356352104
35	65	0.7701570823530759
35	66	-2.6772923343152777
35	67	-1.8622360562225855
35	68	1.063026314659132
35	69	-3.4674796257638327
36	36	NaN
36	37	2.0523619056395837
36	38	-2.4688064609895783
36	39	2.8215273643749996
36	40	-1.1022245370358763
36	41	3.6035190286158723
36	42	2.949101349925256
36	43	2.4335110030708758
36	44	0.25033340312506686
36	45	1.9823908065739013
36	46	-2.124340857849151
36	47	-1.429862794192243
36	48	-0.9105004410582636
36	49	-1.5809770287117286
36	50	0.40119252212301937
36	51	-2.422272509157595
36	52	-2.3378207164683142
36	53	-1.4590022111012382
36	54	0.7108388259494512
36	55	-0.49380660817950006
36	56	-0.4587578116304527
36	57	0.420319774852767
36	58	-0.5152420524997576
36	59	-1.7469143125612066
36	60	1.483622240132043
36	61	3.272798424741858
36	62	-2.5217224022230753
36	63	-1.1484360927555937
36	64	-1.2165635764188527
36	65	-0.7802859357729555
36	66	0.2910315097046684
36	67	2.0053116198363403
36	68	-3.72200166789586
36	69	1.5776331999086306
37	37	NaN
37	38	1.937222360535187
37	39	0.6780691169283358
37	40	2.3772767134995374
37	41	-2.719502781952189
37	42	1.5229333980133035
37	43	-1.8238455513774083
37	44	-1.9704031456896143
37	45	0.8053466247115522
37	46	-1.1364847061349468
37	47	-0.7640800967776963
37	48	-0.2404609969824417
37	49	-0.23371842084727826
37	50	0.3758983838324871
37	51	-4.7482234159809
37	52	-0.8495484684266489
37	53	-2.125114607800333
37	54	2.0815193716163405
37	55	-0.9789881926203148
37	56	-0.3249137559501618
37	57	-1.3947451259430264
37	58	1.485853887009072
37	59	-3.30439928080428
37	60	3.125441325109535
37	61	-1.2088730010239295
37	62	0.5120891101737606
37	63	-1.709214577907536
37	64	0.6093343955649323
37	65	0.6298140270086606
37	66	2.4061860048573367
37	67	-1.2955124541683296
37	68	5.521135113089201
37	69	-1.9348066663698775
38	38	NaN
38	39	-0.64139771271006
38	40	4.065493617063724
38	41	-0.7927918611356264
38	42	-0.6627997788097066
38	43	3.2593799836419253
38	44	-1.7771949057840495
38	45	-0.5238454879651963
38	46	1.1580245314779711
38	47	-1.166983628042603
38	48	-0.9318374373799488
38	49	1.0700391746046496
38	50	-2.3935395049748283
38	51	-2.0686566134448
38	52	1.29596308901778
38	53	-0.15168870010031224
38	54	-1.2911235055723922
38	55	1.0454981453946244
38	56	4.334472464626617
38	57	2.7791927107370156
38	58	1.2385710788742295
38	59	-0.3157542798290465
38	60	0.4922192928572983
38	61	-1.757450777420286
38	62	0.3590447141490076
38	63	0.14820065337188812
38	64	1.9643142452085718
38	65	2.2105249971563192
38	66	-1.7740854894954865
38	67	-0.9107608664040022
38	68	-1.2629647727982
38	69	-1.19236562185921
39	39	NaN
39	40	1.5162961831427277
39	41	2.4467182865177084
39	42	-0.5768073979159677
39	43	3.2903657111473272
39	44	-2.6307330411001404
39	45	-3.6434576031104373
39	46	5.900957813695858
39	47	1.1318897707731026
39	48	3.103984471025323
39	49	-2.412702547796917
39	50	4.314970316777792
39	51	-1.9847159519469901
39	52	-0.8707945802636243
39	53	-2.0710358893083045
39	54	-1.0789129671975104
39	55	-1.1307095233614801
39	56	-1.1670344312099075
39	57	-1.7652176339387944
39	58	3.39674702836407
39	59	-3.824162526909738
39	60	2.0598040369824187
39	61	0.10326668318623013
39	62	-1.2852849927726318
39	63	-0.7231172308552514
39	64	-2.2804411218119554
39	65	-0.44403116030289835
39	66	-0.31892692918006305
39	67	-0.9313389859383221
39	68	1.3350981164148226
39	69	2.766403410366411
40	40	NaN
40	41	-1.4231586824829119
40	42	-1.4369868405645525
40	43	-0.12660028430409467
40	44	3.4353804332166575
40	45	-1.318501732628108
40	46	-1.4860827098304128
40	47	0.9283276190156238
40	48	-1.3609279409651531
40	49	-1.3344276022871377
40	50	-3.4740580475556326
40	51	-2.1697583990474323
40	52	4.48814391142116
40	53	-0.5617767117184428
40	54	3.0057362095571687
40	55	1.4719990035535395
40	56	1.9406397256765628
40	57	3.630677969934712
40	58	-3.496594410138743
40	59	-1.4165257657832517
40	60	-1.2115803043032487
40	61	-2.4318629563120027
40	62	1.4024757244705417
40	63	1.6145139755947853
40	64	1.2211620337553328
40	65	1.1928933812663305
40	66	-1.4156239750002544
40	67	-0.009767621081723635
40	68	-0.21605901764949348
40	69	-2.062369648022978
41	41	NaN
41	42	5.367987609051247
41	43	2.524523547109543
41	44	1.8143966137185463
41	45	-0.8167091646459103
41	46	0.5282364297890962
41	47	-0.024515714222567507
41	48	-0.12350761685283865
41	49	1.2974971917788656
41	50	0.5243782166002489
41	51	0.3290136838286443
41	52	-1.464825534632832
41	53	-4.9357323347706545
41	54	-0.8106181411903879
41	55	-1.6817600191914714
41	56	0.5988806969217687
41	57	-1.401081752321734
41	58	-2.4276021545927944
41	59	2.117708028561473
41	60	0.18148083228325265
41	61	3.7155143164571385
41	62	-3.0354484339357994
41	63	-0.8901611595917144
41	64	0.392625642385733
41	65	2.1948629690145465
41	66	-1.457846505147336
41	67	1.3025139083837636
41	68	-0.6203483847000053
41	69	0.47985632356220403
42	42	NaN
42	43	4.243381497050941
42	44	0.9996105315444455
42	45	4.1775070982504
42	46	-0.094549394315282
42	47	0.16264537446237665
42	48	3.9560789883218286
42	49	-0.573774311637445
42	50	-2.470948201580307
42	51	-2.653577504929496
42	52	-1.8457704981836496
42	53	-0.95017131589931
42	54	-2.32399790283533
42	55	-4.448203867560311
42	56	-3.342037991464779
42	57	-0.6314573692970614
42	58	2.5616819350625395
42	59	-4.196799408505907
42	60	0.001272671114725719
42	61	-1.7781289469427743
42	62	1.969964443731034
42	63	-3.548604024014778
42	64	0.3869127331524134
42	65	-2.2930681219472886
42	66	-1.528719559124069
42	67	4.390442514677838
42	68	3.816732502836443
42	69	-1.0575929626051204
43	43	NaN
43	44	0.35548949801799934
43	45	4.155516171965776
43	46	-0.4869060880108681
43	47	-2.745543129094121
43	48	0.3791375981626255
43	49	-1.3406841419124491
43	50	2.2946212311482346
43	51	1.4617791439501326
43	52	1.2836799206793756
43	53	-2.1722958966200134
43	54	1.377990270911085
43	55	0.7843143088045175
43	56	-4.713690625727396
43	57	-0.19000776898989097
43	58	-0.8050372558878612
43	59	-0.4661921498863394
43	60	-1.4623226777413096
43	61	-1.8592031981685082
43	62	-0.2330230714610457
43	63	2.345992148137205
43	64	-0.9735960194674042
43	65	-0.31911880951109306
43	66	0.7061880282504596
43	67	-0.2834506211127686
43	68	-1.4482428589959295
43	69	4.0732231996012
44	44	NaN
44	45	0.6335309365109538
44	46	1.6215113735569437
44	47	-1.6361469452122401
44	48	2.9426668098225153
44	49	9.305382742499079
44	50	3.1249026976546217
44	51	0.7926900338671057
44	52	-2.215139861021155
44	53	-1.1918385992852216
44	54	1.457188510057745
44	55	-1.9854227902467567
44	56	-1.0652974591961577
44	57	-1.5732578201361183
44	58	-1.399131701444332
44	59	-0.8395348427396336
44	60	-0.9821669498399416
44	61	2.2063535543738273
44	62	-0.47723316373139263
44	63	0.23107903829601037
44	64	-0.36586387453377
44	65	-0.11877359111026972
44	66	-2.8625475607028297
44	67	3.730828445415668
44	68	0.49532274571809676
44	69	-3.101791058039581
45	45	NaN
45	46	5.162350110347895
45	47	6.637488441413809
45	48	2.827116773587381
45	49	-3.602862135119847
45	50	-1.9657938814599105
45	51	2.1030276276376383
45	52	-0.5673118502498586
45	53	-1.7986780102963718
45	54	-0.2105166234618336
45	55	-1.5100767743448555
45	56	-3.408983046739313
45	57	-2.0406399436867595
45	58	0.6221231784737116
45	59	-0.10663064882911298
45	60	-0.25168347660708895
45	61	-0.17369020394497542
45	62	-0.432711111555621
45	63	-1.7454651223389464
45	64	2.783285974506895
45	65	-1.510224034575482
45	66	0.9114313501264624
45	67	0.7137873501618118
45	68	0.018263545819371552
45	69	-1.0312846827011406
46	46	NaN
46	47	2.911941593807757
46	48	0.22117029061525598
46	49	1.296829210332189
46	50	-1.2749819998985568
46	51	-2.7937836444344493
46	52	-1.7353592256966237
46	53	-1.2675900519597663
46	54	-1.1670676019548845
46	55	-0.4171621357257393
46	56	-0.904532265542921
46	57	-0.126660554738662
46	58	0.582445295219529
46	59	-1.8697103868099632
46	60	-1.1378168629194167
46	61	-0.5873937225869105
46	62	5.844604998090091
46	63	-3.1064166374656406
46	64	0.5746669073392905
46	65	-3.9065845430190254
46	66	0.6264132122127328
46	67	-2.350081153197455
46	68	0.4086335594044958
46	69	-0.4642061740712089
47	47	NaN
47	48	-0.9868944620252068
47	49	0.24226691980823845
47	50	1.4612906747636434
47	51	0.7010956020267047
47	52	-1.2780583807219128
47	53	-4.680062031006162
47	54	-1.6930335483091115
47	55	-4.611932715231372
47	56	-0.2535639599074462
47	57	-0.3067650409172371
47	58	0.4534713873078822
47	59	1.549787108481677
47	60	-1.043895925116111
47	61	2.40143675806407
47	62	2.769201122992991
47	63	1.032727032759344
47	64	-2.7593338194173067
47	65	-1.7452851590673533
47	66	-1.8691213145190173
47	67	-0.34811712485863394
47	68	-2.710828425075455
47	69	-2.0862356768402393
48	48	NaN
48	49	-1.0524110337599963
48	50	0.373227119370488
48	51	1.517236637552219
48	52	-1.2788906496846875
48	53	-2.5190554186453435
48	54	0.680775356846542
48	55	-3.525307437118659
48	56	0.8729036091994059
48	57	0.8543519221805682
48	58	0.14494828815434227
48	59	-1.467209032939862
48	60	-1.1452236524784503
48	61	0.6381354295094516
48	62	-0.7039038951944088
48	63	-2.2460104447450324
48	64	-0.19945655726199132
48	65	0.16011463419310668
48	66	-2.1611404587475658
48	67	-0.2272914538085451
48	68	1.2240255195627725
48	69	-1.2895342294436685
49	49	NaN
49	50	2.749673221266574
49	51	-2.5200448654576193
49	52	1.933839053135058
49	53	2.1847749735958883
49	54	2.0154811974267606
49	55	1.0678981347723822
49	56	0.9251194003631612
49	57	1.5690204317998646
49	58	-0.4165967806038177
49	59	-0.9582909929061042
49	60	-1.1574527480155092
49	61	-1.341929906797584
49	62	-4.142357517342531
49	63	0.882909981887839
49	64	2.25359700513261
49	65	-0.21006762028394776
49	66	-2.5893517392518874
49	67	-1.628076353551211
49	68	2.7462094229119267
49	69	-0.6789258695992708
50	50	NaN
50	51	2.8193220150827627
50	52	-2.0690224770001993
50	53	-2.6084071822069594
50	54	-2.277068342710703
50	55	-0.6685194671483313
50	56	-2.2498519840144247
50	57	-4.112323364907957
50	58	0.126656248624042
50	59	-1.1188728482077541
50	60	3.4618186597427876
50	61	-1.2396155727227371
50	62	1.3482812294478335
50	63	-0.44470369569325846
50	64	-1.8251501138054917
50	65	1.8323326998967695
50	66	1.7915755547858405
50	67	1.7848217883428994
50	68	1.5381527857656492
50	69	1.4590127573295857
51	51	NaN
51	52	4.38997063434374
51	53	-1.75352312388519
51	54	0.46196211905521745
51	55	-3.9847625644923714
51	56	-1.9780135077127485
51	57	0.12440514119398764
51	58	4.5178021521883105
51	59	1.6475187798127398
51	60	2.873435928938302
51	61	2.7258221028633804
51	62	-0.15604236579861352
51	63	-3.4572493527292636
51	64	-3.7340899501667653
51	65	3.555931505280079
51	66	-0.7157855853021033
51	67	28.564386764093577
51	68	0.79815067473179
51	69	-0.5705920173437941
52	52	NaN
52	53	3.0742256980089038
52	54	-1.85277701319485
52	55	1.6822152707875213
52	56	3.0565759607697607
52	57	2.010347997151187
52	58	-1.3302978231888094
52	59	0.6733202886942906
52	60	-3.9162102538914523
52	61	-2.595783540751859
52	62	-0.9648776168803029
52	63	1.0993143945513255
52	64	0.34991036334803133
52	65	0.29065158585604317
52	66	-2.005291523981698
52	67	-0.9621238205864505
52	68	-2.830368653409016
52	69	-0.17019982038793002
53	53	NaN
53	54	0.09497084866760527
53	55	2.7463431497951483
53	56	-0.035831218709166245
53	57	0.955413864941823
53	58	-7.830279670017579
53	59	-1.428859257316858
53	60	-0.036726347633477964
53	61	0.6652194758340526
53	62	-3.4004977673094063
53	63	1.7594067963920563
53	64	-1.2125849241587532
53	65	0.22806393766832192
53	66	-0.9035371332865866
53	67	-2.227590574934387
53	68	3.5015306125502867
53	69	5.309246282799596
54	54	NaN
54	55	-0.7685830877931503
54	56	3.105780685014688
54	57	0.31238709930149816
54	58	-2.447442024889661
54	59	-1.7460742609606048
54	60	-3.7813522701050095
54	61	-2.100076192312073
54	62	-4.2447449792738565
54	63	0.6752024095745601
54	64	0.8085816136075075
54	65	1.3981123351150828
54	66	3.541359537761892
54	67	19.09986009021989
54	68	1.1580267437623526
54	69	-1.4885170159310834
55	55	NaN
55	56	1.969265720237511
55	57	1.0493383108713341
55	58	-2.9448969333817523
55	59	-0.07538827913974923
55	60	-0.8613330408034596
55	61	-1.349237047504297
55	62	-3.6786796952926273
55	63	1.8642142330829703
55	64	-0.022495801005436963
55	65	0.5269195371399192
55	66	18.024073523412714
55	67	-2.8181782983055195
55	68	-1.3157030031308146
55	69	-0.2894172149202115
56	56	NaN
56	57	0.8473513202911352
56	58	0.2717938071769728
56	59	2.0433647397330814
56	60	1.3697786556850746
56	61	-1.2740444423226442
56	62	-2.484397296659505
56	63	1.5905194564123113
56	64	0.40718594062689883
56	65	4.587688071641137
56	66	-4.199379143270715
56	67	-2.767505440523634
56	68	-4.101237730542243
56	69	0.1237464494295354
57	57	NaN
57	58	1.6622810081547208
57	59	1.2193445481155865
57	60	-3.952830580209081
57	61	-2.4510974148840727
57	62	-3.206261832623076
57	63	6.189067267012735
57	64	3.177153497273591
57	65	2.40507600512513
57	66	-0.7380197822962808
57	67	-2.7430491580160243
57	68	-1.39713300971536
57	69	1.2817267321442822
58	58	NaN
58	59	0.18009239894521398
58	60	2.5506365763137935
58	61	2.4428917500059257
58	62	30.774948037220156
58	63	0.16385128512845915
58	64	1.0399598512501491
58	65	-2.1156225103535915
58	66	4.21714481182671
58	67	-5.126071496779113
58	68	-0.7882637926774049
58	69	-2.1227061119434665
59	59	NaN
59	60	4.327826126179798
59	61	1.6371990490628892
59	62	-0.021423126260543487
59	63	1.5040437634117687
59	64	4.919085548538644
59	65	-2.055876534791754
59	66	-1.0686031622346022
59	67	-2.8982593329070707
59	68	0.1786486187891376
59	69	0.946055417839688
60	60	NaN
60	61	8.666277534338253
60	62	-0.21371444765559494
60	63	-0.007792161550624367
60	64	-1.7701203468233992
60	65	1.2646447247363752
60	66	1.8990810169354084
60	67	-3.07857388677871
60	68	2.5173115913532755
60	69	0.5287736132826698
61	61	NaN
61	62	2.1456330436636053
61	63	0.1260918777274268
61	64	-0.43702241480262644
61	65	-4.026507224909154
61	66	-0.5543019516201427
61	67	-1.3179392280795177
61	68	-0.015028644976569487
61	69	1.003917019611036
62	62	NaN
62	63	1.7088443354722485
62	64	0.6025062059243902
62	65	-1.9243578823480167
62	66	0.7079362623341675
62	67	0.05537950280548705
62	68	-0.9517229951729504
62	69	1.5155940728616086
63	63	NaN
63	64	3.5140700808733913
63	65	-0.3810860655921758
63	66	-0.35617931020610416
63	67	-0.6224999043608733
63	68	-1.3820692109557635
63	69	-3.586208845255406
64	64	NaN
64	65	0.12388806052871044
64	66	0.5707341571657488
64	67	-0.41899107023426657
64	68	-0.578268290853604
64	69	-2.4302909062438576
65	65	NaN
65	66	0.5679951958118844
65	67	1.7819149714751676
65	68	-1.6656951335408183
65	69	-0.49586459450025744
66	66	NaN
66	67	0.3939188913266458
66	68	2.925448876784709
66	69	0.44441621077764487
67	67	NaN
67	68	-0.6265921216679425
67	69	1.5893410710194167
68	68	NaN
68	69	-2.7872283385246903
69	69	NaN
