1	1	NaN
1	2	1.349880430028653
1	3	1.4133944117620176
1	4	-0.6625263212134523
1	5	6.043529167791748
1	6	-0.1601203506927444
1	7	7.129413848069416
1	8	0.20721433997187846
1	9	-0.4977017213313717
1	10	-1.0471774509862248
1	11	-1.3628801462257438
1	12	-0.28604636828282637
1	13	1.5343927173658294
1	14	-0.13265457219280205
1	15	-1.1828693525412606
1	16	-3.451681734101454
1	17	-2.201678260536465
1	18	-1.527194366914145
1	19	-2.0637699860940404
1	20	-1.376674740689139
1	21	0.7681434221458774
1	22	-1.1208316928069384
1	23	-0.2816965986245787
1	24	0.7261808933390703
1	25	-0.45223186461222614
1	26	1.4892895497634158
1	27	1.3949371858839004
1	28	-0.1496309903767339
1	29	-2.4208443926574743
1	30	-0.157730976403305
1	31	-1.7472857394277126
1	32	1.6240423595046771
1	33	1.4410350477206357
1	34	-0.14436115876755945
1	35	-0.41834282228153546
1	36	-0.21306172652298436
1	37	-1.4703335138071039
1	38	2.486568475909453
1	39	3.731748959058772
1	40	-1.5572198349426005
1	41	-2.992064963356111
1	42	-0.45473644220539683
1	43	-0.39675159788485337
1	44	1.1998544101970838
1	45	-2.2474212817407015
1	46	1.570773416005465
1	47	2.7116432734588614
1	48	-1.5997212971275918
1	49	-0.1749538647274099
1	50	-3.1553785495624234
1	51	-0.7312262674266833
1	52	-1.003193910427176
1	53	-2.9611876109127175
1	54	0.4823263158058815
1	55	-0.3785592923476738
1	56	-1.588667716363262
1	57	0.32296776497722546
1	58	2.8147509341384214
1	59	-1.9687695555272156
1	60	2.1919604265626047
1	61	-1.887851879893038
1	62	-1.0635819623015115
1	63	-1.4796732544029998
1	64	1.4892216970382732
1	65	1.2433278536253058
1	66	-1.966021796163982
1	67	2.6325812996823963
1	68	-2.0317575924935176
1	69	2.6375752564775015
2	2	NaN
2	3	5.219317959475718
2	4	0.7847505136712374
2	5	-2.6803222616831093
2	6	-2.0915059165617977
2	7	3.1952676181127635
2	8	-3.544894144165432
2	9	-1.366243610791643
2	10	-1.394162672575471
2	11	5.034538054993363
2	12	0.7772872792110155
2	13	-1.6355559145811
2	14	-1.224708523235988
2	15	-0.018760407634690248
2	16	1.9608924161039274
2	17	-3.9621186456552167
2	18	1.1856124772305372
2	19	0.3951608184967134
2	20	1.1015773941901559
2	21	-1.2548730205269039
2	22	-4.890570952254404
2	23	0.9658214609405583
2	24	-1.8644824797580564
2	25	3.711808832141293
2	26	4.510537832373241
2	27	-1.3610127005771293
2	28	-1.9310031891948694
2	29	1.4036031636462216
2	30	1.9527023180079743
2	31	1.3181576016001604
2	32	2.2439888464754163
2	33	-2.0500595847958216
2	34	-3.363956624690027
2	35	-2.921579560995765
2	36	-0.1678129296578822
2	37	0.3667573763631685
2	38	-3.1912192211846975
2	39	1.0958250093729522
2	40	-0.5133486902953802
2	41	0.0002696585799158721
2	42	0.26978290339001654
2	43	-0.4616854701544659
2	44	3.4886020828587494
2	45	2.132979135755479
2	46	3.191083812324283
2	47	-0.6985343322200206
2	48	0.49080300201387783
2	49	1.9369460252186754
2	50	2.032807513836283
2	51	0.9993559098416551
2	52	-2.3216876522736047
2	53	-3.1955327061977994
2	54	-0.8678407564743748
2	55	-0.01744919492144116
2	56	0.0021616534794481543
2	57	-2.416015308792363
2	58	-4.283730747432858
2	59	5.471855567944478
2	60	0.8167356146706474
2	61	0.23324338825945
2	62	1.3955976741598144
2	63	0.044881166987545684
2	64	-1.4071813159667674
2	65	-1.362788371937777
2	66	1.1611567542054482
2	67	0.0702053034550164
2	68	0.44850302244823065
2	69	1.189696643124313
3	3	NaN
3	4	2.3133945192868155
3	5	4.557464381168855
3	6	-1.0372131443592298
3	7	0.594318580168779
3	8	1.4466888760959904
3	9	-2.320784496119469
3	10	-1.1458629380716954
3	11	-1.4558474702265676
3	12	-2.0923747631986296
3	13	0.5515614302897638
3	14	4.955070481539095
3	15	-1.9200235775448447
3	16	1.5761777519918228
3	17	1.1102914031856863
3	18	-2.724527140223497
3	19	1.2426755675318288
3	20	-0.24797077796589245
3	21	-0.1872370536520669
3	22	-0.814410517487488
3	23	0.9942992415951123
3	24	-1.7886369932721506
3	25	0.09636078744548367
3	26	-0.272997737940006
3	27	-2.3846844261532274
3	28	0.7815442854870202
3	29	-0.7473195383490774
3	30	0.6452533743538359
3	31	0.09669473956809206
3	32	0.6268121298049218
3	33	1.538135150607188
3	34	-1.8723300964306486
3	35	-1.4458621394494586
3	36	2.8731053991104463
3	37	-1.9264828242519743
3	38	0.10203885703941747
3	39	-1.9583333157134795
3	40	-0.8600725277411115
3	41	0.6057852156233973
3	42	-0.08306975233283717
3	43	-0.6107552036466549
3	44	0.6324748069508955
3	45	-1.1560407418788334
3	46	-0.21685539745103496
3	47	-2.8385929668489265
3	48	-3.8689239795366643
3	49	-1.3948395657795052
3	50	2.756970038810439
3	51	1.9642835726867953
3	52	-2.9868441878803895
3	53	-2.065681394279023
3	54	2.4498030968359426
3	55	1.2241794789495763
3	56	0.008326625373866718
3	57	-3.1431502102293685
3	58	0.02591668410559748
3	59	-2.5554593601895017
3	60	3.134383915292047
3	61	3.4516602118467716
3	62	0.36234500246394225
3	63	-0.040458369119781006
3	64	0.4697373692005597
3	65	0.9042881445840619
3	66	3.3152630279595567
3	67	3.6764025640301052
3	68	0.3736200478385814
3	69	-1.9466152365340323
4	4	NaN
4	5	3.3381919943309617
4	6	2.345358391272242
4	7	-3.9075753725431785
4	8	0.8829092591893838
4	9	1.618465157523026
4	10	-1.848561232718987
4	11	-1.8295096611405683
4	12	0.5325017460127306
4	13	2.515843879207776
4	14	-0.8892965507213174
4	15	-2.2013088135656034
4	16	0.2633442714948646
4	17	-2.004991974689365
4	18	-1.5143730264367998
4	19	-2.098458421716865
4	20	1.3118377320698342
4	21	0.3609215059798725
4	22	-3.4118847594582937
4	23	-2.4733957847880323
4	24	0.4126768419299821
4	25	0.6011200349607722
4	26	2.0854270000616104
4	27	-1.1038190172897262
4	28	-4.560364584987536
4	29	-0.7593744112320943
4	30	-2.4492982854321435
4	31	-0.6359819883511617
4	32	-0.5405489308120905
4	33	19.964119446891175
4	34	-4.287620374203382
4	35	-0.9350459029363295
4	36	-3.3805106042291135
4	37	-1.807248967373932
4	38	3.5866782195589653
4	39	-1.4521844573969886
4	40	-1.7672278103273302
4	41	0.8723334645589952
4	42	-0.41435679862690405
4	43	-1.9234362413227275
4	44	-1.6857723791672192
4	45	-0.709256644842261
4	46	-5.496132892236442
4	47	-0.507048598780703
4	48	-2.0049696130645396
4	49	-0.6217894000690883
4	50	3.232683604969254
4	51	-2.014055883880508
4	52	-4.083347707931962
4	53	-1.547536711905644
4	54	0.7826085759751221
4	55	0.6631567283139703
4	56	0.5525390399364032
4	57	1.2908266154719665
4	58	-0.11919461846556843
4	59	31.88805301664196
4	60	-1.9709666266203032
4	61	-3.679358535205685
4	62	1.168368047130929
4	63	0.49737317231233585
4	64	-3.482338686368688
4	65	1.3169028551438737
4	66	-2.6792028671839168
4	67	-1.7554580477066963
4	68	-2.860741812294856
4	69	-0.7675882701617823
5	5	NaN
5	6	-1.4549322777611056
5	7	-0.7198847206479956
5	8	-4.669856457708625
5	9	-1.9294493573266709
5	10	-0.8815414855471595
5	11	-2.11224420917823
5	12	-3.1954661199568
5	13	-4.670339839164839
5	14	-4.035044308075937
5	15	-0.4775577128974023
5	16	-3.6130611242146777
5	17	-2.7867104375434093
5	18	-1.9652932977197177
5	19	0.8586671597544185
5	20	-2.4013291475964613
5	21	-3.8293050540381426
5	22	1.8371738955371106
5	23	0.1363605959528967
5	24	-1.4193127794757896
5	25	-2.509954332867247
5	26	-2.9524295525277746
5	27	-1.545777179961283
5	28	-2.4630362701731947
5	29	-3.57755547866786
5	30	-0.8163012606396953
5	31	-0.5192834020850478
5	32	1.941295815570312
5	33	-1.625688555232119
5	34	85.8262239768463
5	35	-1.8102269504445228
5	36	-3.8373810771752574
5	37	-2.541070209936428
5	38	-1.765701096375437
5	39	-1.4004465137234698
5	40	-3.19086978634521
5	41	0.05983083383559287
5	42	-1.1241101865175913
5	43	0.9207412548897133
5	44	1.209005236494644
5	45	-2.0009960922988728
5	46	1.2488265551259603
5	47	-0.08566841516489555
5	48	-3.3845260628693956
5	49	0.25608890322532346
5	50	-4.311483528051609
5	51	-1.4293725647218727
5	52	-1.8248793867903348
5	53	-0.9652257313887469
5	54	-0.9531559569695689
5	55	-1.3077019592757797
5	56	-2.606803024284833
5	57	8.758975931531015
5	58	-0.2436680728342765
5	59	-3.0447699972536975
5	60	1.7436209741278488
5	61	-4.162971998674318
5	62	-4.951117646373259
5	63	-2.206418238791787
5	64	-0.8562441541650263
5	65	-2.014338184169097
5	66	1.3211239839411055
5	67	1.7856135814932337
5	68	-2.458229623231003
5	69	-1.9223316768285894
6	6	NaN
6	7	-3.8294437773277266
6	8	1.9008763721524797
6	9	4.128311036382705
6	10	2.0390455393208233
6	11	-1.2726409343400547
6	12	-2.6339796742044665
6	13	-0.3118600754194948
6	14	-2.8280536905221174
6	15	-2.0192799890867166
6	16	-2.454731029243372
6	17	1.27008107138194
6	18	-2.834271097936461
6	19	-2.353809980479845
6	20	1.4304935961508964
6	21	-0.508789077446716
6	22	-1.2823779323124656
6	23	-0.40818552656216783
6	24	3.8649630912380593
6	25	-0.8314765518751458
6	26	-1.2051072761791302
6	27	2.371808037854026
6	28	0.8292565796055467
6	29	0.7491518682309565
6	30	-2.358411547388259
6	31	0.3215680467208632
6	32	-3.0819631762445083
6	33	-3.480628339530893
6	34	-1.231416304800116
6	35	5.645429458153295
6	36	-2.139040083693022
6	37	3.8125528231189394
6	38	4.552264995054263
6	39	1.8227365338956363
6	40	-2.4676317485315793
6	41	-1.8373963824574222
6	42	-0.5752320367419981
6	43	-0.5959999989878342
6	44	0.44304519312278223
6	45	-1.2043152374936203
6	46	-0.38283127341121614
6	47	1.6717651368704443
6	48	-0.13145385244579436
6	49	2.5474277323275363
6	50	-3.659947360906937
6	51	-1.6149847703953597
6	52	0.7490417511242292
6	53	3.939291176515467
6	54	0.8076017346405105
6	55	3.8863022772358
6	56	2.389261571531393
6	57	4.461880107849106
6	58	-1.2634974182185812
6	59	1.237734111182468
6	60	1.2290208263100542
6	61	-1.0113034184413072
6	62	-2.4160843688952047
6	63	-3.797745820349395
6	64	-2.1701156282186833
6	65	2.4087603946866056
6	66	1.3322879681999316
6	67	-0.2542116260818515
6	68	-1.6403852018918181
6	69	-3.6017665677055986
7	7	NaN
7	8	-0.4582145154919397
7	9	-3.3975044410842012
7	10	-1.7949827814770585
7	11	-3.656726831375444
7	12	-2.0594597246078328
7	13	0.3095689274565904
7	14	-3.259365897400375
7	15	0.5232224613029165
7	16	-2.9739505814925855
7	17	1.2972239797373042
7	18	-0.6318718358764717
7	19	-1.2631232015217244
7	20	0.7174685883959067
7	21	-0.07363503311789078
7	22	3.33851478600663
7	23	0.41278307122534336
7	24	0.11853652526434413
7	25	-0.674301290301254
7	26	-1.0727821368931727
7	27	-1.7254567680828825
7	28	1.014723709808275
7	29	-1.9075288927279461
7	30	-2.9233328324242134
7	31	-2.277048631725407
7	32	-1.0637360619034644
7	33	-0.4634226655870956
7	34	-2.6326295138467386
7	35	0.2788043294968905
7	36	60.3002334583035
7	37	-2.2499971518095214
7	38	-1.8227835973330322
7	39	-2.995553188500073
7	40	-1.3775173575129218
7	41	-0.7695169551816277
7	42	1.5180352960503467
7	43	-0.39456338850851586
7	44	1.0460511116017683
7	45	0.7564650458654529
7	46	-1.0756303254022044
7	47	-0.8196967539698291
7	48	1.066057510855505
7	49	-2.4225227789922985
7	50	7.056367759849248
7	51	-2.64885712565314
7	52	-2.8174744806076215
7	53	-4.3063871786429955
7	54	-1.8811733527346903
7	55	-3.7086461936241246
7	56	-3.1853498102384905
7	57	-1.6391152805724472
7	58	-3.23195753170587
7	59	0.522882335457574
7	60	-0.8345326388783745
7	61	-1.1523844595287986
7	62	-1.8747304558682516
7	63	-0.0650794137744914
7	64	-0.2140722380495853
7	65	-0.9676153334227416
7	66	-4.187501298561972
7	67	-2.0986215059709097
7	68	-2.6410779722838114
7	69	-0.47225800439183047
8	8	NaN
8	9	4.343179181050896
8	10	1.8073933384038805
8	11	1.547028148449798
8	12	0.9659439679790884
8	13	1.0905142868988624
8	14	-2.3472685901665162
8	15	0.25773487166950054
8	16	-2.1852843083470104
8	17	-0.2973794918967387
8	18	-1.855277440572311
8	19	-1.0900652706062168
8	20	4.513811486068355
8	21	-0.7475658115716523
8	22	-0.39146853610309995
8	23	-1.0760474560818072
8	24	4.394750666356972
8	25	-3.9400902341730393
8	26	-0.06748914549005287
8	27	2.847589504765052
8	28	-0.3169095342145636
8	29	-4.995684279440526
8	30	-0.2305576302854669
8	31	0.9407586242752923
8	32	-1.7379997486680552
8	33	0.026585280297055328
8	34	-4.325503549285388
8	35	2.3594512126458125
8	36	-1.3393280162036874
8	37	1.9330084650182682
8	38	1.236999533121472
8	39	-2.0800421309488315
8	40	0.8939605335885522
8	41	-1.143234013779154
8	42	-0.253558027868318
8	43	-2.8405309047950626
8	44	0.6857276287709907
8	45	-1.4099120956903703
8	46	-2.2973210410603344
8	47	1.2748573278435782
8	48	-1.4042716420343104
8	49	0.6404826711876119
8	50	-2.845538767459329
8	51	-1.2611230142707017
8	52	0.630720037468188
8	53	5.006767313776693
8	54	-1.5529597765063432
8	55	3.339663272052079
8	56	3.680637692129522
8	57	2.2446691070254787
8	58	-0.4914498569374669
8	59	-1.8185531135282473
8	60	3.038128711105374
8	61	-2.1676869814247413
8	62	-0.3660219677982008
8	63	-1.2722577375550477
8	64	-0.11519889452162006
8	65	0.46359137018008156
8	66	0.908003851876002
8	67	-0.4839293260925763
8	68	-0.8994610105868224
8	69	-1.3224144092327812
9	9	NaN
9	10	1.4202831081049139
9	11	-0.5761845666917803
9	12	-1.4595836476080128
9	13	-2.2237710510614432
9	14	1.2508448986343816
9	15	-2.7655467076790035
9	16	-2.628280936772
9	17	1.8680756793250124
9	18	-2.7156331894460455
9	19	-1.0486339889431375
9	20	2.4109321372239387
9	21	-0.45144752807353794
9	22	-0.46007560347716975
9	23	0.16963658668518758
9	24	5.320736654527758
9	25	-2.516754395402229
9	26	-2.5469477297928877
9	27	2.3150510648827862
9	28	-0.1347696949295358
9	29	-1.3927482987943274
9	30	0.05091546351665977
9	31	-0.3168121509989963
9	32	-1.957834212541253
9	33	-1.5188308544401166
9	34	0.01505809940046897
9	35	2.9736043133545413
9	36	-2.128178972881659
9	37	3.6878607722113954
9	38	2.7170017503691595
9	39	-1.9943846028264562
9	40	-0.9275321748056816
9	41	-0.6882106430912595
9	42	-2.5419089104100117
9	43	-0.38132877516144664
9	44	2.564162177637764
9	45	-0.4571215662095127
9	46	-1.558050277419845
9	47	2.2609683680995
9	48	-0.06013976520145372
9	49	0.6896813122026346
9	50	-2.517930632010742
9	51	-2.055880014337448
9	52	3.193281265170142
9	53	1.97526977280947
9	54	2.0561080138022234
9	55	2.963341502336521
9	56	2.480670099437473
9	57	2.555717560557918
9	58	1.7990484316242101
9	59	-1.6826529639057257
9	60	-0.8434785984715766
9	61	-1.735866980278519
9	62	-2.6521481713143746
9	63	-2.6313817498630776
9	64	-1.0421017611727144
9	65	1.3167782743055647
9	66	-0.9841306687175906
9	67	-1.9144685252940814
9	68	-1.928126052330168
9	69	0.18710480300080876
10	10	NaN
10	11	0.05091034415560773
10	12	-2.4498459033759636
10	13	-2.221300028078539
10	14	0.18709660294077526
10	15	-3.132013820623526
10	16	-2.9799504363577975
10	17	25.808029659835068
10	18	-0.20622880130971713
10	19	1.5357795644223597
10	20	0.5868970853262855
10	21	-2.0108353747218755
10	22	-0.40467780519855895
10	23	0.14161053366193196
10	24	2.556064800672779
10	25	-2.2954228732484996
10	26	-4.178178121398616
10	27	1.2123721251080244
10	28	0.35686256074586553
10	29	-3.523167975168055
10	30	0.27702860997721174
10	31	-0.06271094511879739
10	32	-0.7835207561059235
10	33	-1.4993216830793137
10	34	0.2505828697348034
10	35	-0.9344144904191181
10	36	-0.9218478113995935
10	37	9.351630541507301
10	38	4.058703068042424
10	39	7.595436023427472
10	40	-0.845807166172234
10	41	-1.650334401153902
10	42	-4.500858564235893
10	43	-1.5886633917494648
10	44	-0.4776461781418182
10	45	-1.3722113630238062
10	46	0.8611776888110415
10	47	0.6514241870067983
10	48	-0.3339759753896935
10	49	-1.158424650306322
10	50	-2.3099493705708523
10	51	1.1941119376277416
10	52	4.904554118344244
10	53	0.09612633517752847
10	54	-2.642853103774637
10	55	0.8107014594626092
10	56	0.23021197945153307
10	57	2.1322721540024316
10	58	-4.286091040359037
10	59	-2.713042673668102
10	60	0.3531880291152019
10	61	-1.0796473419645298
10	62	-3.5125695755918405
10	63	-4.6945896682141175
10	64	-0.4240045058769338
10	65	0.8735982693832035
10	66	-2.6301915557851157
10	67	-3.491207364073049
10	68	-2.4302603817104576
10	69	0.16522059654441465
11	11	NaN
11	12	2.254737525392338
11	13	-2.9793568493998097
11	14	-2.618698290930577
11	15	-4.08797233263974
11	16	-0.9109638180635271
11	17	1.507004601517794
11	18	0.41199452332909564
11	19	1.2070886691816634
11	20	0.30355592615153054
11	21	-2.3092846707796957
11	22	1.9112754173446593
11	23	-0.4496273647678687
11	24	-2.5817267088536355
11	25	-1.4519750807298442
11	26	-3.3305193347826223
11	27	0.28281838837415
11	28	-0.3418202304086406
11	29	-2.1997038032506953
11	30	-0.4097081715608375
11	31	-3.1604681595804696
11	32	-1.4144891241892008
11	33	-0.8294624116026363
11	34	-2.7754151745913807
11	35	-3.6813759319849666
11	36	3.6185088152212046
11	37	-2.5506245867575665
11	38	-2.849464105733137
11	39	-0.7507617799763217
11	40	-3.033622992507365
11	41	19.97174953608094
11	42	0.811162464002462
11	43	1.8627099914024554
11	44	-4.075270126847992
11	45	1.232479230793682
11	46	-0.3938947462695373
11	47	-0.6699315770863796
11	48	-0.3039813427186786
11	49	2.1926511135397666
11	50	-1.6557279855246774
11	51	2.9857579952975097
11	52	22.436351538292794
11	53	-1.2579831924844866
11	54	1.9253291336244662
11	55	-2.0693719356399414
11	56	0.3835248535208949
11	57	0.12497597119346134
11	58	-1.2134714980978303
11	59	-3.410749738311784
11	60	3.663839731073321
11	61	1.5035249704127691
11	62	3.8776501914714596
11	63	1.6461997523058582
11	64	-1.0324586865666567
11	65	0.2778809067016693
11	66	-0.9493151018983915
11	67	-2.9405441881827636
11	68	-2.0857688917075583
11	69	-1.7915826005149817
12	12	NaN
12	13	1.3793556820590442
12	14	-0.020104764640838955
12	15	-3.470021362166821
12	16	-0.3289318992493862
12	17	-2.087090716392754
12	18	-3.129691394469836
12	19	-2.035924123758691
12	20	0.05020535562761519
12	21	1.5878086363917903
12	22	3.35435277623825
12	23	-1.5551977190898556
12	24	-1.7283818002090963
12	25	-6.264364989707631
12	26	-2.672574411551913
12	27	-0.17696578014251754
12	28	3.626158019513519
12	29	-1.0466464633360144
12	30	0.09061728941642881
12	31	0.6566759153837698
12	32	1.2630734261337215
12	33	-1.5000386592696648
12	34	0.6659943311652846
12	35	-2.457884774258348
12	36	-0.941749005316838
12	37	-3.2267786134796634
12	38	-2.5466011159737842
12	39	42.481613118603356
12	40	-0.6672851534526871
12	41	20.206642097714155
12	42	-0.7930991932990737
12	43	-0.5208766598403192
12	44	-3.3708030154486845
12	45	-0.7179076492202183
12	46	-3.8805810674570678
12	47	-2.497276690959897
12	48	1.4777092902853872
12	49	-1.484895972435087
12	50	7.381203052245226
12	51	-3.453482693130127
12	52	-2.1692568618445183
12	53	-1.9741426350703066
12	54	-1.67415969683558
12	55	-0.1018778842343764
12	56	-1.5285147562081647
12	57	-3.118517572384054
12	58	-2.157889297711649
12	59	-1.0812636750293807
12	60	-2.411716984041314
12	61	-1.4906849300030751
12	62	1.2093836901472181
12	63	-1.2179817485858642
12	64	1.110805203195945
12	65	-2.4235783801438897
12	66	2.6207882698662845
12	67	0.21707179258003492
12	68	-2.9473345458400972
12	69	1.682402679450675
13	13	NaN
13	14	-1.127492048943666
13	15	6.326926675471792
13	16	6.8895004513614175
13	17	1.3510583985725915
13	18	-0.1828217045993642
13	19	2.1422200547802905
13	20	-2.941001927040947
13	21	-1.4773933627189781
13	22	1.4240115087176042
13	23	-1.7046214236567367
13	24	-1.9314263417074968
13	25	2.6060124277560552
13	26	5.1158223543327175
13	27	-1.4002389876864036
13	28	0.5859117508231232
13	29	1.8344900632134502
13	30	-0.8773972776374998
13	31	5.81968161166528
13	32	1.5176521401054994
13	33	-1.6620377000180055
13	34	-1.94275457523533
13	35	-0.7465370651997012
13	36	4.549001224074091
13	37	0.26937800831284314
13	38	0.49155153618494735
13	39	-1.6475224838796072
13	40	0.3548773676622183
13	41	3.0923910523794174
13	42	1.0807287796688179
13	43	-3.5156227965136497
13	44	2.794343589874116
13	45	0.1734205627833726
13	46	-3.0657930925566594
13	47	0.29989565084543485
13	48	3.338642456952938
13	49	-2.2555367457225888
13	50	-2.653642642672296
13	51	-0.8716562497749495
13	52	-4.363416319754964
13	53	1.9854261056879936
13	54	1.2172039443623255
13	55	-0.6018251700177152
13	56	-1.518507443209005
13	57	1.1528549921211124
13	58	-1.7419874687459511
13	59	-1.306787528555034
13	60	2.038870982104174
13	61	-3.3375329667138756
13	62	-1.7609026347441203
13	63	0.9503193320696366
13	64	-0.4757448452536439
13	65	-1.6539976031693382
13	66	0.08411299431199501
13	67	3.791751275037329
13	68	3.8457069238296118
13	69	-0.3574600256412617
14	14	NaN
14	15	0.4763194771064238
14	16	0.7985757412252581
14	17	-0.9936536264053724
14	18	0.1427578771848091
14	19	-1.2075249113264943
14	20	0.7712183700817828
14	21	0.8067758441230322
14	22	0.42524773198403454
14	23	0.9806627621167815
14	24	-1.4962622498597442
14	25	-4.099267698976594
14	26	1.2455614943902524
14	27	-2.089042525296821
14	28	1.321062615846814
14	29	0.5712459806778729
14	30	3.917624723643177
14	31	-2.6556886641615263
14	32	3.043744926628338
14	33	0.11334533795301699
14	34	-0.4192574188662023
14	35	-1.7878694819553536
14	36	-2.6527364536022775
14	37	0.24779057313366987
14	38	-2.8669888797806546
14	39	-1.073808176820059
14	40	1.21468510957577
14	41	-2.493373182891873
14	42	2.2773548913559947
14	43	0.6233645652080579
14	44	-1.0571057793637015
14	45	0.24905242775962713
14	46	1.3931551473173358
14	47	1.8243003825045199
14	48	-1.3986709258398182
14	49	-3.5342554409085003
14	50	1.004127772441053
14	51	-0.4207196120688299
14	52	7.97666901032623
14	53	17.56416317306998
14	54	0.75166300760687
14	55	-0.6685915666976455
14	56	-0.567810767593993
14	57	-3.236391221589564
14	58	-2.4227578591420387
14	59	-0.3835243135101753
14	60	-0.7189480407810708
14	61	0.7525330681375383
14	62	-3.270443158058563
14	63	-1.1844353553032816
14	64	0.9132809297768069
14	65	-1.3375039170206633
14	66	-0.11589340548641992
14	67	1.5449108586157652
14	68	0.16745895435548355
14	69	-0.7309425626227612
15	15	NaN
15	16	6.990887249674105
15	17	-1.1801448435967585
15	18	4.837498092475515
15	19	-0.16941386359582175
15	20	-1.335978432560164
15	21	1.6266224222127625
15	22	3.1265011144641397
15	23	-0.023588435808255412
15	24	-3.0770035595104455
15	25	2.342292390209621
15	26	3.8819258338172116
15	27	0.26339121178529573
15	28	-2.7677217828560434
15	29	-1.4644386464099026
15	30	1.9040878892421498
15	31	3.4206620493151476
15	32	-0.045083911067636026
15	33	-1.7595068941838798
15	34	-0.5808134711099565
15	35	-2.939279636358529
15	36	1.063276529963329
15	37	-1.201004541391144
15	38	-4.02945798866373
15	39	0.350022566892684
15	40	-2.192371485668898
15	41	1.1877575472449995
15	42	-1.2634325690185817
15	43	1.934086455844262
15	44	0.7018878698630721
15	45	-4.580851067282976
15	46	1.1705537394869039
15	47	-1.3222391002684848
15	48	1.8154721856243696
15	49	4.011126318654907
15	50	3.836751519895837
15	51	0.4683082737366242
15	52	-3.113745053267787
15	53	0.03996464774394609
15	54	-1.291778147525436
15	55	1.672567396368938
15	56	-0.805451342793806
15	57	1.1520546694453113
15	58	-0.6674032131050995
15	59	0.12004698500868177
15	60	1.4850873441912662
15	61	2.1700693121095616
15	62	1.3687859523678876
15	63	1.2146367802271958
15	64	-1.1910946816668087
15	65	0.45518157611589144
15	66	3.569512148872958
15	67	1.6065177714851342
15	68	-1.3113118650342315
15	69	-2.245939654916043
16	16	NaN
16	17	-1.2361817114372764
16	18	0.556125642982364
16	19	3.5080524978482757
16	20	-5.396161659662133
16	21	2.6724707508307746
16	22	-1.0258983645673887
16	23	0.2559561028388947
16	24	-0.5509270641176972
16	25	-3.014355866920008
16	26	-4.213199906815202
16	27	-2.1763278486417086
16	28	-3.4535457498069153
16	29	-1.3360278887656336
16	30	-1.9706245077849238
16	31	-1.467814947792595
16	32	1.5726325539084498
16	33	-1.0342674916200973
16	34	1.1917635795773474
16	35	-2.1968323597433335
16	36	-4.159055156696953
16	37	0.2949762670487358
16	38	-1.7711572129074866
16	39	-0.10663874224343098
16	40	-3.2557328484497368
16	41	2.8547600053987505
16	42	-0.7759790317686087
16	43	1.4457312579205612
16	44	0.4010134408565358
16	45	0.7089503122523976
16	46	-0.6027255266020377
16	47	0.6776952054458815
16	48	-0.7620072429300061
16	49	0.02589716085220697
16	50	6.883673821685178
16	51	0.46568311414962293
16	52	-1.7009147620256546
16	53	12.505308231686175
16	54	-0.5075678406016518
16	55	-0.19943950777176883
16	56	0.3778650728019862
16	57	1.5444152562478917
16	58	4.634242930966178
16	59	0.7161525988835177
16	60	3.914569656511881
16	61	3.6738355695446323
16	62	0.5989907306895583
16	63	-0.044698501605442274
16	64	1.5645906343116138
16	65	0.15074047587572645
16	66	1.5205338128795627
16	67	-1.9933667274645237
16	68	0.4028898259158903
16	69	2.157520448780789
17	17	NaN
17	18	1.967555719573525
17	19	0.028992560609728615
17	20	-0.2750585001793501
17	21	-1.5405028188073957
17	22	0.07028837501048538
17	23	-0.015734898575814723
17	24	2.057969927103953
17	25	-4.179516597672801
17	26	-0.9393195600466819
17	27	-0.019321414946313873
17	28	-0.2851800966738396
17	29	2.059107959222421
17	30	1.2156946114952647
17	31	0.08255056880101927
17	32	-1.5862001983877203
17	33	-0.7842129492664129
17	34	-2.178903513837611
17	35	0.799801581805809
17	36	-1.9478178801760786
17	37	-0.014070577575936539
17	38	1.368138046483506
17	39	-1.9825871743928074
17	40	-1.878112973564622
17	41	-2.835829560045402
17	42	-3.565101025479354
17	43	-3.484509161729413
17	44	0.5172765332386029
17	45	-2.0825875449074625
17	46	0.7412450386848131
17	47	2.207470593049179
17	48	-1.1183149477235237
17	49	-1.2769263888791091
17	50	-2.1866267980975254
17	51	2.4166390978172454
17	52	6.461179600067226
17	53	4.044428234200027
17	54	-2.6890668581189416
17	55	1.0285306435583303
17	56	2.116198332114737
17	57	-1.8095221888177024
17	58	-0.08279801797391892
17	59	-3.0236422765611883
17	60	-3.158767120001768
17	61	-0.3559374942804211
17	62	-1.586180677335356
17	63	-1.6765290166439482
17	64	1.8604408557391112
17	65	0.719256031139598
17	66	-1.025452137021852
17	67	-3.4748436655310866
17	68	-1.165723210721033
17	69	-0.5193297003449004
18	18	NaN
18	19	0.8853252914083265
18	20	0.18657353341625124
18	21	3.1492838187880263
18	22	-0.7257340599564971
18	23	3.2251892014541004
18	24	-1.5487903501901763
18	25	1.2918463997864653
18	26	2.7092843466210947
18	27	-1.221515794140911
18	28	-1.0338628376516354
18	29	2.280812418134113
18	30	0.15511041727009747
18	31	-3.113255382293377
18	32	0.22625339688091325
18	33	1.9138971693500888
18	34	2.4999054178062017
18	35	-0.3996500880524089
18	36	-1.5375575082723303
18	37	-2.0293223044871005
18	38	-0.036625398788548875
18	39	-3.107525695652601
18	40	-0.12586615512615834
18	41	-2.831883363578181
18	42	0.676587277775331
18	43	-0.7855243130601826
18	44	-2.8118009631662204
18	45	4.316661013223903
18	46	3.898659978025147
18	47	3.2722632252881465
18	48	-0.9321692101461816
18	49	1.9095551097670571
18	50	0.2895171886779252
18	51	-0.6139910464793679
18	52	-1.4328560239208925
18	53	-1.36187543626709
18	54	1.416197093584897
18	55	3.1191373036799983
18	56	-4.207522417344527
18	57	-2.0091091129803966
18	58	0.746565431637829
18	59	-3.6427617210697716
18	60	1.8915179715977828
18	61	0.2005093350071199
18	62	3.0659750960150007
18	63	1.6355596681431805
18	64	-1.7173281912903196
18	65	-0.3160684807741915
18	66	1.4301107309021979
18	67	2.296463891622144
18	68	3.1238120347565914
18	69	3.449504909176957
19	19	NaN
19	20	1.5893620580906689
19	21	0.12723533250458524
19	22	-0.5906039440141381
19	23	1.8150285418203613
19	24	-0.12556897147730947
19	25	0.19115233456146744
19	26	2.272677020690968
19	27	0.4247059274522594
19	28	-1.994799369048456
19	29	1.3940492849571626
19	30	2.255284843763904
19	31	-1.2763786461696713
19	32	1.6699427747206923
19	33	0.386357938688578
19	34	-3.3174558065786743
19	35	-1.5872636614490219
19	36	1.2883357817448828
19	37	-0.3085637914395507
19	38	-1.745009555819043
19	39	-3.374334736368116
19	40	0.4553882344830764
19	41	-3.404016100538766
19	42	1.0645948854225924
19	43	-0.5848464585503595
19	44	0.9683762605327636
19	45	0.661152825014692
19	46	1.569725435439953
19	47	1.3531159639962909
19	48	1.153157251520024
19	49	1.553887020355661
19	50	-0.8798271969214657
19	51	4.382969434740242
19	52	0.6392557903813375
19	53	-0.39257321363059106
19	54	2.1042287194205773
19	55	-3.2908339817953998
19	56	-1.7182914836628775
19	57	1.8228019776091777
19	58	0.9874876181518879
19	59	-3.1539207094674455
19	60	-0.23671781789038368
19	61	-0.35405065769353616
19	62	-0.5913192717004909
19	63	3.7275032216951853
19	64	1.344920487279609
19	65	-3.42502866506176
19	66	-0.4034941754443176
19	67	0.16324479972989384
19	68	0.1922424710799082
19	69	-0.23714040270903125
20	20	NaN
20	21	-0.9100817140501527
20	22	-0.2336548187820816
20	23	-2.048158617997858
20	24	2.146765640434414
20	25	-0.5924765131311011
20	26	1.0485981666369122
20	27	3.9164723946346824
20	28	-3.4046785080657718
20	29	0.024206178489008655
20	30	-0.14423403159338777
20	31	-0.278139811282249
20	32	-1.2464535207025655
20	33	1.0064027873119574
20	34	-0.2426740270712351
20	35	0.4825222135107272
20	36	-1.7524982138468364
20	37	-0.11106402878222303
20	38	1.7885334487463351
20	39	-0.5767041221520219
20	40	-0.8544938571153861
20	41	-1.6682346045009129
20	42	-0.7267009788160571
20	43	-0.2356422919939918
20	44	-2.296009196385164
20	45	-2.2068236091433455
20	46	-0.6537230096094306
20	47	-0.33557156521749376
20	48	-2.8106503917134598
20	49	-0.7605174662771478
20	50	3.191812829245759
20	51	-0.4541129736893277
20	52	0.031001526684717014
20	53	3.0272717038248853
20	54	-3.017586881570649
20	55	2.669153955250349
20	56	2.5621245849108276
20	57	-4.059212897771747
20	58	-0.43712997726986647
20	59	-0.3629983331446394
20	60	2.8706949409648175
20	61	-2.784331407837086
20	62	-2.728513068371642
20	63	-1.289162345596023
20	64	0.7979624883359079
20	65	2.6759522702037146
20	66	-0.24877516005024466
20	67	0.1533083002604409
20	68	3.3625330404531697
20	69	0.8051142726982821
21	21	NaN
21	22	5.699710493049177
21	23	-1.307490962391135
21	24	-0.40700508514773115
21	25	-0.3120129961818643
21	26	0.597892419125164
21	27	-2.35533757975441
21	28	-1.3316344009134813
21	29	5.467245536104299
21	30	0.022240374619185654
21	31	0.7579047271044126
21	32	0.26771000423967145
21	33	2.3112134248202256
21	34	-1.229178484869229
21	35	-1.8465372277147847
21	36	-3.139624824680623
21	37	-0.6274022469415045
21	38	-1.827378420844703
21	39	0.23487513207645527
21	40	0.24640643153587946
21	41	0.025521984593930784
21	42	1.5782904357912946
21	43	-0.33885403027447597
21	44	-0.773451818537363
21	45	-0.2505539905465758
21	46	3.3443871559459315
21	47	-1.3559511156994575
21	48	1.6594911917617685
21	49	-0.005038583400034931
21	50	-3.274409702646224
21	51	1.1086008276970012
21	52	-2.340685514678891
21	53	-1.5366537510355638
21	54	0.40790765724313066
21	55	-0.6721020025137238
21	56	-0.1041578595018859
21	57	0.6924180784471752
21	58	1.5680966069478621
21	59	-0.24453959741030254
21	60	-2.160101417664985
21	61	4.517267322873825
21	62	2.5934961988048064
21	63	-1.7468947685135459
21	64	-0.5119495878736297
21	65	-0.8341994087151241
21	66	1.3225156490950014
21	67	3.0041394422937993
21	68	0.2101953892940818
21	69	0.9434330959462383
22	22	NaN
22	23	4.878527744164033
22	24	-1.3238771317773084
22	25	2.241658317630252
22	26	1.8225779367762576
22	27	0.8494898944077396
22	28	0.91733505474311
22	29	-4.048560177622231
22	30	0.27244850309989704
22	31	2.0416643143194673
22	32	-0.6311520393924839
22	33	0.1413772306538902
22	34	-0.41161374732496225
22	35	-1.7224684991732595
22	36	-0.47624910161533196
22	37	-1.8169292927816074
22	38	-1.777100918009916
22	39	2.102490160557685
22	40	-1.5813932489811924
22	41	-0.5967997901518362
22	42	-2.316223551434788
22	43	4.503651232000439
22	44	-0.7854209644173
22	45	-1.5111897572305342
22	46	1.8426356488022686
22	47	-0.4645327408503269
22	48	-1.075175394481806
22	49	-0.514197929049837
22	50	-2.525478804091827
22	51	-2.9058717438995987
22	52	-0.48195743432594035
22	53	0.24029180367530611
22	54	0.8601916413734969
22	55	-1.0581324223550639
22	56	-1.6232326340236973
22	57	1.6922893954454277
22	58	-1.6156677557083055
22	59	1.851514173859644
22	60	0.14640711058236638
22	61	0.4308212593816122
22	62	3.3473655377960756
22	63	-4.8668459899318615
22	64	0.3001753974233158
22	65	-3.1232636918591212
22	66	-1.0119721712612917
22	67	2.688548697437706
22	68	0.049087670204209594
22	69	4.811787577167902
23	23	NaN
23	24	-0.8382223439653618
23	25	2.100346443319159
23	26	0.6418351862282254
23	27	-0.5062003876666469
23	28	4.1993121045463
23	29	0.3057953530313308
23	30	0.565233034566864
23	31	0.033296308450631085
23	32	1.2275108509350907
23	33	1.8695505000688457
23	34	-2.53274026478432
23	35	1.2372739251134293
23	36	-1.6744224076109204
23	37	-2.0785353653286323
23	38	-1.447440947731539
23	39	-2.4705650878401895
23	40	0.14515130858124142
23	41	0.8168429959197026
23	42	-0.6651110767106847
23	43	0.1765506377316313
23	44	0.330928250011631
23	45	-0.6399402698580413
23	46	8.978982694962342
23	47	0.4793388493599259
23	48	-1.0949390028195283
23	49	0.30575662121460123
23	50	-1.414757534048159
23	51	-2.985340683123424
23	52	2.018250676200448
23	53	-1.4087970595391814
23	54	-0.3541615604516915
23	55	-1.1527739004383128
23	56	0.4353510351503115
23	57	-1.6204838282017566
23	58	0.6739493054028174
23	59	-3.1818714356701467
23	60	-1.3362112617500626
23	61	-2.507920406726795
23	62	1.1480216894007298
23	63	-0.30872728488078566
23	64	-0.5664641843634276
23	65	-0.07809363269587624
23	66	0.08198342064560926
23	67	1.6692563025087852
23	68	1.981695694507716
23	69	-0.8916805665665967
24	24	NaN
24	25	-2.866972600149976
24	26	-1.4631173501667296
24	27	3.474960537704978
24	28	-0.4773115017475781
24	29	-1.4130853546279702
24	30	-0.7997354667193652
24	31	0.13473332811714805
24	32	-0.4359803484131483
24	33	-1.969445650758233
24	34	-1.9689969983904707
24	35	4.421477882918236
24	36	-0.5775987439984963
24	37	6.281112616868764
24	38	3.3288149043101907
24	39	-1.169438154134517
24	40	-0.23849856066811306
24	41	-1.6900668444137934
24	42	-1.9397412515390435
24	43	-1.7331195255395344
24	44	1.8017049219464656
24	45	-0.7971096245807691
24	46	-0.7574218924198428
24	47	0.7143241231491196
24	48	-1.0649450193048406
24	49	0.2563278147189572
24	50	-1.246240368417466
24	51	-1.6728110701144572
24	52	3.095120069087763
24	53	1.7709003369213625
24	54	-1.1609078089839269
24	55	3.3735616401316784
24	56	2.0778222337301284
24	57	2.670058874996986
24	58	-1.6568319530612798
24	59	-0.43358691567815827
24	60	-1.618872320531979
24	61	-1.3722385668908377
24	62	-1.2224385499407944
24	63	-1.108370070047513
24	64	0.08752704380041183
24	65	1.5689131411025399
24	66	-1.0619051893453026
24	67	-3.2001247274093085
24	68	-1.2818613697052408
24	69	-0.38606587391621117
25	25	NaN
25	26	7.295228790958932
25	27	-2.8700714716598705
25	28	-1.617830075011711
25	29	42.75118585904395
25	30	1.6758795196262188
25	31	-1.6853902511490013
25	32	0.7560322279829875
25	33	-2.2989284911435575
25	34	-1.8867737997157341
25	35	-1.6186655196100541
25	36	-0.3970747397034214
25	37	-1.2865246476474694
25	38	-3.2871312561325268
25	39	-1.8783791279869364
25	40	0.7068916361792225
25	41	-0.942127747463039
25	42	2.5917039961487096
25	43	1.8646478611467612
25	44	-1.2125501304222452
25	45	-1.283173960562088
25	46	0.5924575960194973
25	47	-1.9388965502261222
25	48	2.1108839801060446
25	49	-1.972549155085879
25	50	-0.2720186494779692
25	51	-2.126574697200866
25	52	-0.6937172628361644
25	53	-1.829454475949256
25	54	0.0701980232783615
25	55	1.6519640594904612
25	56	-3.1110953013703395
25	57	0.6334463966554947
25	58	0.8926613682352033
25	59	-2.731573026683027
25	60	0.8157960070573228
25	61	1.8574717520325843
25	62	-1.8044228276963645
25	63	1.833868632878055
25	64	-3.5349505735581164
25	65	-2.654677876730401
25	66	1.4572496898355403
25	67	2.2179096592865624
25	68	0.6003233968628249
25	69	-2.2125149432153592
26	26	NaN
26	27	1.7036354807692033
26	28	-0.8027348468269352
26	29	1.6869221670698877
26	30	-2.345116835293752
26	31	0.5246797996772106
26	32	-1.5783129436173002
26	33	-0.6411118154867407
26	34	-0.34281444213271184
26	35	-1.954210952558385
26	36	-4.148673558947522
26	37	-0.8573528513121256
26	38	-0.5413710659812893
26	39	0.8555250293013521
26	40	2.1795478360404
26	41	-5.310940247174582
26	42	1.3356040537915574
26	43	0.1082114387908517
26	44	-0.3803760753143953
26	45	-0.8173016800930358
26	46	2.801044477570309
26	47	0.5748799132283596
26	48	1.9407024189694313
26	49	-0.2727583423964979
26	50	3.651831047243955
26	51	2.2965835309646003
26	52	-1.063768544911232
26	53	1.1834427947743171
26	54	-1.5265521108320008
26	55	-0.9683162276589865
26	56	-0.9693942054510299
26	57	-1.0667007168348246
26	58	3.25286298305171
26	59	1.9201686313845174
26	60	-0.4781697962695401
26	61	2.898311031162337
26	62	1.274222176378091
26	63	-1.0800883618299708
26	64	-0.7789455459907392
26	65	1.5347444637894156
26	66	-2.1021416913513074
26	67	-2.9026410767976096
26	68	-0.4711495744543624
26	69	0.5859611694987008
27	27	NaN
27	28	-0.28846861497733145
27	29	-3.241160813396654
27	30	2.1526852234006038
27	31	6.499772481338038
27	32	-2.6967365608016354
27	33	-2.394491079143952
27	34	-0.9613031464751818
27	35	4.917913486287682
27	36	-2.866165145870851
27	37	2.3556675816618524
27	38	3.606278135701356
27	39	-0.4582104248477381
27	40	0.016141307641766373
27	41	-1.4493912974296903
27	42	1.2029533783530302
27	43	-0.04008047226521279
27	44	1.752963732547171
27	45	1.6798757742353432
27	46	-1.3126855409844376
27	47	1.1339026328077133
27	48	-1.3469261443020533
27	49	1.1373792064882242
27	50	-2.2640237933885583
27	51	-1.514253783202841
27	52	0.696122169241262
27	53	1.284600710114353
27	54	-1.3859305212228894
27	55	1.315294209577939
27	56	1.2986237968643453
27	57	-0.37066178046391646
27	58	1.077180792157538
27	59	-0.6503270083055207
27	60	-1.2192103304399728
27	61	-0.418557481641726
27	62	-3.2442370831049367
27	63	-3.3461697061548357
27	64	-1.2451852586802705
27	65	-0.26859897862675786
27	66	-1.430766801914255
27	67	-2.123839593608371
27	68	-1.6159499285910746
27	69	-0.26082371678116867
28	28	NaN
28	29	8.275976202256018
28	30	2.4742433046349066
28	31	-1.3542431462151756
28	32	0.7197408717961854
28	33	5.251124517972639
28	34	-3.5758825905726517
28	35	4.116036423133253
28	36	-1.7366568430307263
28	37	1.6293680289863235
28	38	-2.4890933795296606
28	39	-3.34980892523078
28	40	0.6842456545301118
28	41	4.566760184613509
28	42	1.0563507360835611
28	43	2.052978309079992
28	44	0.11365051102465044
28	45	1.9011089460279411
28	46	0.7870661335410231
28	47	-0.8690592075736053
28	48	0.9095661793451177
28	49	-0.485015561208482
28	50	0.8306744064144115
28	51	3.41879896645157
28	52	-0.03174680857904054
28	53	-1.1050107892657302
28	54	1.0273174613923248
28	55	-1.749080298975391
28	56	-0.8691041113003485
28	57	-0.6159054356747296
28	58	-3.2048268615426245
28	59	1.6119202100014154
28	60	0.917602144061156
28	61	0.8921796917228273
28	62	-0.6060322888248924
28	63	-1.9834495651759814
28	64	-0.8689180970354076
28	65	-2.8379048192043266
28	66	0.028749764728418878
28	67	4.52582407488689
28	68	-0.09338142838747017
28	69	-1.2624484122868085
29	29	NaN
29	30	2.9218614255053015
29	31	0.15649098983427528
29	32	0.1901134878626977
29	33	-1.4946436186277445
29	34	0.43999385331901697
29	35	-0.6859071074398029
29	36	1.4715892200424663
29	37	-3.0280682660072458
29	38	1.777251997559875
29	39	-2.3454734818516694
29	40	0.7503533233481513
29	41	-2.157992104760373
29	42	-0.8664052337293989
29	43	2.7195459866902363
29	44	-3.058893435740674
29	45	-1.3259598561332022
29	46	1.1824827276327148
29	47	-1.2791238138783068
29	48	-1.77991167581892
29	49	3.851740122362062
29	50	-0.14170612820004422
29	51	-1.9212466336712397
29	52	-3.590608689383541
29	53	-2.511149833674317
29	54	-0.8812662730810723
29	55	-1.105707533475165
29	56	-1.4843447950231599
29	57	-1.4256790575701304
29	58	2.3897454503920925
29	59	-3.5887639126232678
29	60	-2.3260425131107785
29	61	-2.6338182494912292
29	62	1.822893609754459
29	63	-2.74173429295241
29	64	-0.13834669736890012
29	65	-3.277744666659774
29	66	1.8780749852120453
29	67	-0.20730864249299716
29	68	-0.44172924053700147
29	69	-2.682360772616153
30	30	NaN
30	31	0.8103288529966817
30	32	0.8642809275014173
30	33	-2.5280080489378407
30	34	-1.0365921760189556
30	35	-2.8109065505302757
30	36	-0.008901730559757553
30	37	0.5875911095540135
30	38	-3.29601026865712
30	39	2.9050518672098176
30	40	2.1834519427866654
30	41	-1.435514106265985
30	42	-0.8627226653217007
30	43	0.07916436016197094
30	44	3.179217768960109
30	45	3.2044189326494195
30	46	-1.3916177094116644
30	47	-0.07482788094686059
30	48	-4.8359010288154884
30	49	0.834130135116391
30	50	1.339431713281306
30	51	0.6970815255285449
30	52	-0.744304966426109
30	53	-1.9205025409618675
30	54	3.176232886802216
30	55	-1.3937551133467296
30	56	-1.2696386154333492
30	57	-1.782001177898602
30	58	1.9251661150820962
30	59	0.6478618985255767
30	60	-0.07115697472938341
30	61	0.4527768350653892
30	62	-0.8766920936801563
30	63	1.9509595196688605
30	64	2.05209819864084
30	65	-2.5241051403555628
30	66	-1.2038549107165244
30	67	-2.317164331087633
30	68	2.3633543019108716
30	69	-2.3923896593130594
31	31	NaN
31	32	0.1624669304696317
31	33	-0.46633155137807
31	34	1.43774801111816
31	35	-0.39391946844750797
31	36	0.8083137265988697
31	37	-1.5833594903351853
31	38	0.7520225487381617
31	39	0.31807729571761656
31	40	-0.7854338156848053
31	41	1.1296821941044546
31	42	0.3182075484774348
31	43	1.7866800755343828
31	44	0.10020629615110734
31	45	1.4216162313264107
31	46	-1.1267538806713668
31	47	-1.6469075460042475
31	48	-0.7731340716008942
31	49	-1.4927639306712293
31	50	-0.5659602680405249
31	51	-0.3731411629315824
31	52	-2.561959066469885
31	53	-1.2897314894999448
31	54	1.9402818666299253
31	55	-0.6902694488031196
31	56	-2.0527084026197664
31	57	-1.9770453935610373
31	58	-0.0573538314970754
31	59	-0.5256517603092398
31	60	2.449289803409162
31	61	2.120201127836533
31	62	0.16925572555083981
31	63	0.20034982149665043
31	64	0.41168940404439147
31	65	-0.13974335883517164
31	66	-1.1865671708262338
31	67	1.3755218084943703
31	68	-3.291251746453717
31	69	1.1983562193248256
32	32	NaN
32	33	2.500975332450997
32	34	-0.01616682754465634
32	35	-0.7786516575178782
32	36	-2.0355538642319555
32	37	-0.8721052182727668
32	38	-0.8895275253489761
32	39	-2.4159872164700285
32	40	-1.1798177712845024
32	41	1.1114135001151608
32	42	0.692805194639798
32	43	1.4330987750453172
32	44	-0.44330408567848545
32	45	0.9645461093102939
32	46	-1.1218888254325539
32	47	-1.403868352863465
32	48	-0.593272936908387
32	49	0.9233979943815627
32	50	0.1867907302458486
32	51	1.1251484864517771
32	52	-2.2878538988829793
32	53	0.22817639018741506
32	54	0.041853183824867135
32	55	-2.7758410540749847
32	56	-3.021509471731177
32	57	0.45862667791923145
32	58	2.645219594594193
32	59	-0.5608454116716772
32	60	-2.777723442146963
32	61	-2.171376656925375
32	62	2.915214204165568
32	63	1.9074014604936733
32	64	-0.024062132612973398
32	65	-0.40657521396741514
32	66	1.1514774732244593
32	67	1.3598770789719254
32	68	2.9702703336505594
32	69	4.057949346885701
33	33	NaN
33	34	0.4931711475320352
33	35	-1.5266273141094966
33	36	-0.8617320457181445
33	37	-0.42051941908235846
33	38	-1.3128704076513062
33	39	3.527529882724768
33	40	1.8329029566982062
33	41	0.45885647745598923
33	42	-1.5763929647600083
33	43	-2.799391285154211
33	44	-2.7089441446269844
33	45	0.24188294195079169
33	46	1.9048878758520271
33	47	-1.7076128940763315
33	48	-1.8095170395934408
33	49	-2.958104866552034
33	50	-0.9994325832372057
33	51	2.6026617372624816
33	52	0.6921380096008856
33	53	1.1043870223794754
33	54	1.0126470099424267
33	55	-0.4836328131106263
33	56	-2.3403364159046927
33	57	2.5984085986756473
33	58	0.3939475498453214
33	59	-0.3297374343813327
33	60	-0.7539394363639678
33	61	-2.578168738976797
33	62	-0.2236147664974297
33	63	4.1736947718493465
33	64	0.6812759716469471
33	65	-1.6327803327879762
33	66	-1.160344383232673
33	67	-2.191639283747565
33	68	-2.432884273640311
33	69	4.714763657842699
34	34	NaN
34	35	0.32874379273484916
34	36	0.20542471830708425
34	37	-0.954324617228349
34	38	-1.1194434107268807
34	39	0.29624244317480447
34	40	-0.040362724051159204
34	41	0.691851318086363
34	42	-0.24023942054983663
34	43	-0.7853681560911898
34	44	-3.105234508362719
34	45	0.3032855970525642
34	46	-0.9064966739081739
34	47	-5.104586160374196
34	48	-2.2755006709912524
34	49	-4.928039051852112
34	50	-3.3956894874454973
34	51	-3.549679782555713
34	52	-2.4931659839281815
34	53	0.6799098750783615
34	54	-2.2558358093714066
34	55	-2.397851737696248
34	56	0.4888968782743935
34	57	1.2864846143479851
34	58	-2.167028557912375
34	59	-4.882600805781261
34	60	-0.9564044331269438
34	61	-4.269201824539045
34	62	0.6696434273839276
34	63	-2.0954402172681608
34	64	-1.5305870906103978
34	65	-3.0483048661571317
34	66	0.2047247705473034
34	67	3.796378788621184
34	68	-0.39740732878390034
34	69	-0.32630334563350305
35	35	NaN
35	36	-0.46832151666392674
35	37	4.0479560521699804
35	38	2.5606372913557713
35	39	-1.2771393073637816
35	40	0.9248355887462467
35	41	-0.010592249793660387
35	42	-1.069378137141822
35	43	-1.4028196279751137
35	44	1.2854659054172828
35	45	-0.8888043601895121
35	46	0.5853520188904386
35	47	1.1385445543999106
35	48	-0.6307001938340405
35	49	-0.029946516646311327
35	50	-0.4778550573078784
35	51	0.3319752248295889
35	52	0.935473603470611
35	53	2.216000381202666
35	54	-0.2935324871385075
35	55	2.998140913882338
35	56	1.5987319384948517
35	57	0.722330301413241
35	58	1.5583559949487207
35	59	-3.6627233786416413
35	60	-3.055134707064489
35	61	-0.10250748961787347
35	62	2.799189757348935
35	63	0.001108070552857695
35	64	-0.9985315297771238
35	65	0.9657205649246918
35	66	-3.501310325584845
35	67	0.8201253297554738
35	68	-3.1575210213523404
35	69	-1.5318238673869902
36	36	NaN
36	37	-1.5584013924382505
36	38	-1.4729731851230117
36	39	-2.2117301387337083
36	40	0.8243672065806813
36	41	-2.0668695780410014
36	42	2.777233173762327
36	43	-2.3676146228858803
36	44	-3.280012018668448
36	45	1.7113972235359152
36	46	-2.309361908974408
36	47	-3.8797039657925856
36	48	1.9539701534068985
36	49	-2.241493430630538
36	50	3.8096790505119276
36	51	-0.568216060550725
36	52	0.21523058138029683
36	53	-3.9593390641032578
36	54	-3.059687571484054
36	55	-2.21069585271505
36	56	-1.983643368448319
36	57	-2.4917856008332295
36	58	-0.017088967610844934
36	59	-3.9294051629670186
36	60	-1.5351520927969917
36	61	3.1904733550890803
36	62	2.9532975003170443
36	63	-4.4237933353257946
36	64	-4.384142083910545
36	65	-2.1999346891661533
36	66	-4.029671661849923
36	67	1.8648074311249185
36	68	1.0400672376005131
36	69	1.6591337468562186
37	37	NaN
37	38	2.7469740804955136
37	39	-1.728005170688858
37	40	0.4683204452360328
37	41	-0.9298108291764989
37	42	-1.6109320884984084
37	43	-1.0215527946463083
37	44	1.4667340220570468
37	45	-1.0701528808215939
37	46	-2.5969613274207006
37	47	2.371369284535537
37	48	1.4592211359330367
37	49	-1.0317299207025568
37	50	-1.3398838532174995
37	51	-0.8717048000096423
37	52	1.635938122527206
37	53	-1.6189272877099905
37	54	1.6859632225931596
37	55	0.8280949568457301
37	56	2.909874158850931
37	57	2.0098288531227513
37	58	-2.155460920143235
37	59	1.1312656284425324
37	60	-0.6941426145503093
37	61	-1.366740511107706
37	62	-0.7191392744700337
37	63	-3.439784394211191
37	64	3.0569559827750385
37	65	0.8871834334868137
37	66	1.5196605152742297
37	67	-3.114514966760599
37	68	-1.9212990388101774
37	69	-2.5511553143686814
38	38	NaN
38	39	0.5799312461412341
38	40	3.5377969889455256
38	41	0.20449951696003135
38	42	-1.949804662937923
38	43	0.897292854967514
38	44	2.983052686700582
38	45	-2.6567226849954224
38	46	-1.8422126418597617
38	47	0.6468432858465011
38	48	-1.633844087367192
38	49	0.3665666185597269
38	50	-3.3771563249446803
38	51	-2.0499360347392415
38	52	3.8621484618401687
38	53	2.5523254365507038
38	54	-2.1056293996139495
38	55	2.6191494009202136
38	56	3.2394126954423608
38	57	1.2367144879792702
38	58	-2.3456631522994824
38	59	0.048236633172726744
38	60	-2.862464589495255
38	61	-0.9228544525827798
38	62	0.08012336558949157
38	63	-0.036855583457206804
38	64	-1.9958169895595703
38	65	2.6607212833846274
38	66	-0.2660214498184948
38	67	-2.3768874633688335
38	68	1.9048550076966277
38	69	0.0934775839747104
39	39	NaN
39	40	-1.3968747027058823
39	41	-6.197017187725636
39	42	-2.1842889138509816
39	43	6.486641813866383
39	44	-1.4450468263899285
39	45	-1.2032409748970125
39	46	1.7730053371470027
39	47	-2.407431255188394
39	48	0.9560658671334359
39	49	-0.9633591836155457
39	50	-2.4154017671676393
39	51	-0.2827685481847755
39	52	-1.5915631401684234
39	53	-2.741264940925208
39	54	-1.2176590441265693
39	55	0.6410186446251864
39	56	-2.074101262463878
39	57	-1.6018224186579904
39	58	0.5101110848845807
39	59	-4.4432281416710175
39	60	2.834525277166182
39	61	0.6460222852485817
39	62	0.7800701109703349
39	63	-3.136524787348371
39	64	-0.7811677527517686
39	65	3.4082700003816817
39	66	-1.3062861379907194
39	67	1.3087867068370038
39	68	-1.9571235755074934
39	69	-3.2571882559470584
40	40	NaN
40	41	0.12173929126353356
40	42	2.047051080489106
40	43	-0.2557320832709992
40	44	2.1434763453296397
40	45	-1.7951102575990427
40	46	0.6723498487266226
40	47	0.2842342486999559
40	48	12.28617031690896
40	49	0.04311222775708176
40	50	1.5532185753488745
40	51	1.5197436596467064
40	52	8.868477543532284
40	53	-3.529902755777247
40	54	-1.1231658504360262
40	55	-1.3603234275360616
40	56	-2.5059946474876345
40	57	-2.8018367260556705
40	58	-0.9706221741833894
40	59	-1.1589010113711722
40	60	0.8984576527331197
40	61	0.3648369699550873
40	62	-0.4796793935261328
40	63	-2.671852362204511
40	64	0.8392556867803767
40	65	-0.894361073182016
40	66	-3.304890168322867
40	67	-0.6467513723744011
40	68	3.4751636012211753
40	69	-0.0533653225769773
41	41	NaN
41	42	6.436068873126206
41	43	-0.03503595699744834
41	44	0.2478593891392177
41	45	-1.5190561053435587
41	46	-1.2599659064735667
41	47	-2.5367427264858673
41	48	1.7833447265184976
41	49	-3.874882911820835
41	50	-2.767209089007636
41	51	2.445309536141238
41	52	-1.7854266403911747
41	53	0.7295841750978825
41	54	-0.08274696184320929
41	55	-3.2495166591958693
41	56	-0.10591615084110832
41	57	-3.3422578640177716
41	58	-1.4761362892931185
41	59	-1.7226096955464905
41	60	-2.0867519149100437
41	61	1.8881013355214298
41	62	1.9156739542131196
41	63	-3.0695066749880335
41	64	0.12376976294672586
41	65	1.020066210175973
41	66	-0.19009756742541467
41	67	0.0452395467047902
41	68	0.03121226574708917
41	69	-0.7399452243605666
42	42	NaN
42	43	1.5284434743626099
42	44	-0.08110798332716247
42	45	4.577228009189857
42	46	-2.3719244705703826
42	47	2.747564961940523
42	48	-0.4828411962654177
42	49	-3.7620205314531443
42	50	2.1929800818478062
42	51	2.633959920856702
42	52	-2.038305936201078
42	53	-3.5488265721597663
42	54	-0.3721481980797179
42	55	1.4874810068412472
42	56	1.3350837812222163
42	57	-3.62112536405118
42	58	3.6265412251369824
42	59	0.875686923809574
42	60	0.7691373653055704
42	61	-0.07199611256564005
42	62	-2.150727891158763
42	63	0.22324479151715027
42	64	3.4893460481912477
42	65	1.977773684240154
42	66	5.357046460796846
42	67	-2.3489586812847008
42	68	-0.8264787327451902
42	69	1.179249466595718
43	43	NaN
43	44	-0.9107604317094867
43	45	-0.23013692930895568
43	46	0.47252888611115085
43	47	1.6574980853071106
43	48	2.6512608848912946
43	49	-0.6509718280452818
43	50	6.225078737337436
43	51	-3.4366389437274023
43	52	-1.9631348059154858
43	53	0.10804012377038498
43	54	-4.169042635217127
43	55	0.35016388907154467
43	56	-0.7623470308164257
43	57	-1.3867957735353964
43	58	0.32821957065724416
43	59	-2.6874987110638773
43	60	4.124252345136399
43	61	2.8666982227979982
43	62	-1.4614668911414666
43	63	-2.823253970692954
43	64	2.310742597325081
43	65	-1.3679867011117983
43	66	4.439378768514043
43	67	-1.1086067932286485
43	68	1.2327901591515178
43	69	-1.0475885239651663
44	44	NaN
44	45	1.7273100340062422
44	46	1.6898137491036245
44	47	0.016414900496347373
44	48	-1.9317077809668945
44	49	-2.1348370482162866
44	50	1.3928743249278472
44	51	-2.572717094817696
44	52	-1.6126000300710956
44	53	2.540952985988858
44	54	1.616428878579183
44	55	0.8074138732852585
44	56	0.07754965539535626
44	57	0.9781847093773509
44	58	0.49353077310236804
44	59	-3.064313827109164
44	60	-0.8982799032798605
44	61	0.037039554117227425
44	62	-0.506189224931862
44	63	0.6690786272516721
44	64	-2.2046909759849513
44	65	-1.8168773559127942
44	66	-2.5105579214268783
44	67	2.9649460275505897
44	68	1.1876963201560071
44	69	0.9562358261118462
45	45	NaN
45	46	2.55007445274469
45	47	0.9935400288381233
45	48	4.240623920685599
45	49	-0.4907806077067771
45	50	1.7907559017344856
45	51	1.439393891674571
45	52	-1.3332344248501138
45	53	-5.258646775592885
45	54	0.3733890911342118
45	55	-2.9154763761434266
45	56	-1.3105695097628636
45	57	-1.6430218692004241
45	58	4.097641681226125
45	59	-0.9703436737527946
45	60	3.1839306112002976
45	61	3.3963877402716482
45	62	-1.9156320656119965
45	63	0.8537259746616132
45	64	2.899935516882042
45	65	1.2718658446204782
45	66	0.06490759985910788
45	67	-3.111631751798089
45	68	-0.7392473498456354
45	69	1.7118347672845886
46	46	NaN
46	47	-1.0006270396443904
46	48	0.8443740835530377
46	49	-1.707490403264459
46	50	4.148988722707104
46	51	-0.8725753580063583
46	52	-1.2821790559745492
46	53	-0.5513554879549634
46	54	-0.23998300908706255
46	55	1.9347096848024503
46	56	0.6388751953977163
46	57	0.313409497816923
46	58	2.8293576901244664
46	59	-0.44474796357654345
46	60	-0.19313480839498945
46	61	3.2410402397788225
46	62	3.1228110580016564
46	63	-4.7850370907113655
46	64	-3.1215684591771784
46	65	0.10864709745611874
46	66	-2.141767459769475
46	67	-2.1036419683054346
46	68	-1.0357973420912
46	69	-0.7546087292248366
47	47	NaN
47	48	-1.5340929314221563
47	49	-0.381596280622721
47	50	-0.21354952691154916
47	51	-2.6805331652109685
47	52	-1.731889510592271
47	53	-0.27944083387080354
47	54	0.2792714232680547
47	55	-1.3689226012848732
47	56	4.322931888843742
47	57	0.8718773803444856
47	58	1.8481442505837198
47	59	-0.05963207125933237
47	60	0.693422458828769
47	61	1.1394102907074344
47	62	2.3015636755456246
47	63	-1.5124519513254027
47	64	0.769879624179319
47	65	1.4199088262176744
47	66	-1.0108532135435393
47	67	-0.22087461168037997
47	68	-2.7866091319162853
47	69	-0.45029075414083664
48	48	NaN
48	49	1.0138335861682843
48	50	1.0356608156517544
48	51	1.5743540949168267
48	52	-1.8516371981651476
48	53	-2.178013783327071
48	54	1.4838579658124023
48	55	-1.3819201220043968
48	56	-1.42931366057118
48	57	-2.2290834651629345
48	58	-0.765150815054758
48	59	2.167152520211522
48	60	1.8904830233523622
48	61	2.7319925860648726
48	62	1.669338060203471
48	63	0.3650127668284898
48	64	0.19260143766447613
48	65	1.4452396263892162
48	66	-1.4219892860700505
48	67	-1.2988386489400277
48	68	1.4183275167183995
48	69	-1.9989427479148376
49	49	NaN
49	50	-0.016524915568544407
49	51	2.1661233662267985
49	52	0.25274878111619803
49	53	0.7705967078608849
49	54	7.790192309828524
49	55	-1.491817097072664
49	56	0.367288071666505
49	57	-0.7940095771235983
49	58	3.8898205247915247
49	59	-1.4317954448528014
49	60	0.5641708142805948
49	61	-1.292607743943575
49	62	-3.3378342602377886
49	63	1.241831900810798
49	64	-0.7109279525769101
49	65	5.526717087809828
49	66	-1.0130675329051073
49	67	0.341419593625524
49	68	6.270413664766108
49	69	0.8447393186467657
50	50	NaN
50	51	-0.9022389104499825
50	52	-4.200028535304603
50	53	-3.7206353810920607
50	54	2.2411659528799857
50	55	-2.6929176603187774
50	56	1.3126741844217102
50	57	0.310177976838538
50	58	-0.6626192886738509
50	59	-0.3852110395081491
50	60	2.5706364083969717
50	61	0.6268754405143177
50	62	2.937799728255734
50	63	2.4230654673945393
50	64	-2.078125826755361
50	65	-1.3739827765860384
50	66	2.5197234494500136
50	67	-4.414019652494904
50	68	1.9387471503242437
50	69	-1.7704471397195396
51	51	NaN
51	52	-1.8475846413705104
51	53	-0.7224505467482678
51	54	1.573226973534538
51	55	0.2547991429675088
51	56	1.8477956838790008
51	57	-0.3272877243042819
51	58	-2.0467484624460726
51	59	-0.43476422947209253
51	60	2.2557354058336343
51	61	-0.6783014410970645
51	62	0.781608595709047
51	63	4.141721572007851
51	64	0.3400334003621097
51	65	-0.587625918402857
51	66	3.339824513693893
51	67	3.187834264824889
51	68	1.901618067661738
51	69	1.8647588693038788
52	52	NaN
52	53	2.181430062761257
52	54	-1.0332660641468248
52	55	0.8969641367888456
52	56	2.727007065139764
52	57	1.8751395045270283
52	58	-0.3195870430373761
52	59	-3.1311167080059867
52	60	-1.8537389688710872
52	61	-1.2083014432419197
52	62	-1.0125551105082573
52	63	-3.529923427741695
52	64	-0.6725752824009439
52	65	-0.2639878223401388
52	66	1.6454481292405534
52	67	-0.9977836537896945
52	68	-1.6285049882400917
52	69	-0.9212692927386404
53	53	NaN
53	54	-2.5298928939452807
53	55	3.369102118120476
53	56	1.5431032519125694
53	57	-2.793711057969594
53	58	-0.34054298337178557
53	59	-2.716470130664487
53	60	-1.423278033777307
53	61	-1.1476410089776332
53	62	-1.4576996755187859
53	63	-0.9695605472647256
53	64	-1.8439550678549699
53	65	1.186727474034834
53	66	-2.679526222839992
53	67	-2.054854144415943
53	68	1.587476672913182
53	69	-0.405517766459447
54	54	NaN
54	55	-1.7856073394771523
54	56	2.2143224328862794
54	57	-0.18092482343526442
54	58	0.8014017028646162
54	59	-2.1968840139051617
54	60	-4.08161701927188
54	61	2.5052353818082085
54	62	-0.5333770159950516
54	63	3.2930578061937608
54	64	1.6712387228229293
54	65	-1.847538884442757
54	66	-1.121073844000102
54	67	-1.6380677602806857
54	68	2.033855507603065
54	69	2.7410417587739477
55	55	NaN
55	56	1.9776723586261076
55	57	0.9531063583784326
55	58	-0.1351564317532113
55	59	-2.7406698137721532
55	60	-2.689283179419454
55	61	-2.625478338939896
55	62	0.4439259336452286
55	63	-1.4476128326462143
55	64	-0.8816217079513164
55	65	-1.1699013434169065
55	66	6.285193752864835
55	67	-2.7120440859251955
55	68	-0.6317012750922132
55	69	0.7709630514232589
56	56	NaN
56	57	1.3740188228502885
56	58	0.11380138484801318
56	59	-0.3602530515764651
56	60	0.9046613654727926
56	61	-2.7224671910637297
56	62	-2.441751345974497
56	63	-0.45095184721536974
56	64	0.9669328431734003
56	65	2.0327443331814186
56	66	-1.2327375346581866
56	67	-0.70912811550367
56	68	-1.3564178393062962
56	69	-1.2322120381394512
57	57	NaN
57	58	1.8152728444158555
57	59	-0.1413861007592674
57	60	-0.3618600587084844
57	61	-0.38136761609747527
57	62	0.9450635097032434
57	63	-2.732484780815228
57	64	0.5920681369793593
57	65	3.0598994544976055
57	66	-1.1242662579577096
57	67	-2.2910569120067117
57	68	-0.2697491036917346
57	69	-0.42141810696292115
58	58	NaN
58	59	-4.48657107759524
58	60	-1.7624782249152418
58	61	5.625212866431372
58	62	2.622604219525786
58	63	4.946423198377685
58	64	0.9474753545565552
58	65	-1.9785058298713942
58	66	-1.0406091254814118
58	67	1.3755722401802752
58	68	-1.0442191027902952
58	69	1.909754906126853
59	59	NaN
59	60	-2.15276109778393
59	61	-1.0107748120905404
59	62	0.7404648340647225
59	63	43.923590241313335
59	64	-2.0458774675774167
59	65	-1.316470138671659
59	66	0.6864050875823136
59	67	1.9402460292947037
59	68	1.2257997508625982
59	69	-0.39866772463516514
60	60	NaN
60	61	-0.02073597304482577
60	62	1.1622741899398688
60	63	-1.9676658528092141
60	64	0.695338567488792
60	65	0.21859466920845005
60	66	-0.7895069930325406
60	67	-1.464933534267437
60	68	1.7442823589314096
60	69	1.5051197866289567
61	61	NaN
61	62	3.782531397553499
61	63	-2.7122129341722148
61	64	1.227151072801569
61	65	0.9960058539400312
61	66	-2.944321678200263
61	67	3.1061760890747374
61	68	3.3475709994382328
61	69	2.504824148097521
62	62	NaN
62	63	0.8177264184900407
62	64	-0.1285347630731549
62	65	-1.6803098409493327
62	66	1.2013460832072502
62	67	1.4488951825859273
62	68	4.3196383881851546
62	69	-2.741986812904478
63	63	NaN
63	64	-0.2898418976086336
63	65	0.045539270274589164
63	66	1.862997909759877
63	67	-1.3435561591212324
63	68	0.15884956715325635
63	69	-0.2981376363500375
64	64	NaN
64	65	1.9637985846090638
64	66	1.7734100688542775
64	67	5.863408472189909
64	68	0.05338909495623993
64	69	0.9599922207800052
65	65	NaN
65	66	1.516949084774999
65	67	0.22881712476813426
65	68	0.2852464915236521
65	69	-2.9204868944012228
66	66	NaN
66	67	4.36478391211804
66	68	-0.7782225050303381
66	69	1.6130813163453022
67	67	NaN
67	68	2.350589122917362
67	69	1.23807789706938
68	68	NaN
68	69	0.04686808677099426
69	69	NaN
