1	1	NaN
1	2	-0.38373828135159427
1	3	0.45608264789567765
1	4	0.8802108053443285
1	5	4.412463422999752
1	6	1.1329263031688512
1	7	16.51062639795486
1	8	0.005697975123902478
1	9	-0.971314524953489
1	10	0.1224700019379562
1	11	-1.4225874049286609
1	12	-0.5291337287364782
1	13	-0.9550931311216251
1	14	1.161440296511096
1	15	-1.5168610723891256
1	16	0.8900811156803602
1	17	0.2629930914582432
1	18	-0.17415427119285598
1	19	-1.6445125391047182
1	20	-2.297434976701165
1	21	-0.40611497289059517
1	22	3.1714006926994114
1	23	0.478929219361978
1	24	-1.7858589961920475
1	25	-1.7493729447644584
1	26	-2.8936815480643108
1	27	-1.280679634990238
1	28	1.1013489481031407
1	29	-0.6495328355442146
1	30	-2.762283247728102
1	31	1.4557464918970366
1	32	-0.5523382110353556
1	33	1.0666079686022605
1	34	-2.4354395002803333
1	35	-1.7605448662576382
1	36	-2.3286198948516708
1	37	-0.5491940963764297
1	38	0.19684980397603802
1	39	-3.4056039061825496
1	40	0.2770027630313605
1	41	-0.23301829134649593
1	42	2.319948372513872
1	43	-1.6385455054729465
1	44	-0.8803263393752421
1	45	-1.0848090087652236
1	46	-2.4121414481604275
1	47	-0.9196848218038116
1	48	2.660647246072914
1	49	0.07017976906250849
1	50	-1.4098447986425156
1	51	1.0931373991208664
1	52	-0.8032362228590372
1	53	-1.4987690877868196
1	54	-1.0222753529425994
1	55	-1.1954801830433375
1	56	0.39645566848838343
1	57	0.10652729600566502
1	58	7.87749093914376
1	59	0.06436113710798695
1	60	-2.8008937397567735
1	61	-0.318104198319474
1	62	-2.6786272681413363
1	63	2.3438316407732303
1	64	-0.9640637905794195
1	65	-0.004706008657974952
1	66	-0.12725071542836552
1	67	-0.5899353035860901
1	68	-0.2632833855251037
1	69	1.5737558139594057
2	2	NaN
2	3	-0.22658097002946134
2	4	-1.9044787225963227
2	5	-2.859519977603983
2	6	-0.3738533059707713
2	7	-1.359731462210778
2	8	-0.8686237308744083
2	9	1.7304075242280705
2	10	-0.08411007687396305
2	11	-2.93072105421588
2	12	-1.8528150690324547
2	13	0.7833870388633526
2	14	-1.5799663628701162
2	15	0.6889163787636207
2	16	-0.001774312102453478
2	17	2.4176030419069123
2	18	-0.41687857957052127
2	19	1.6262161733731761
2	20	-2.0017250974977885
2	21	-0.44681233839089185
2	22	1.8957176310121167
2	23	0.8644112087950049
2	24	-0.5964633066278159
2	25	1.1369245560871977
2	26	-0.6296965000127419
2	27	-0.8874625814688737
2	28	1.7049775512070289
2	29	-0.38818933099492586
2	30	-1.284118966320466
2	31	-1.2906921247502225
2	32	-1.9718455514306739
2	33	0.8074390283444426
2	34	0.11310139528950956
2	35	-3.0185895269467267
2	36	0.38328028854393725
2	37	0.8201703532034836
2	38	-0.41087664332107593
2	39	-1.9267148829395362
2	40	-1.2467690940559695
2	41	-0.46012242922148416
2	42	3.3309997489606413
2	43	-1.3541032926685264
2	44	-0.0601743926761013
2	45	1.7754976272819452
2	46	-0.9854619097688263
2	47	-0.6602392517077539
2	48	-0.3901854459952721
2	49	-0.8347193432659307
2	50	1.70837537828909
2	51	-3.025970467760408
2	52	-1.2765576931326064
2	53	-2.8260509062030423
2	54	1.034173907780996
2	55	1.5970325037695128
2	56	-0.06203712478039688
2	57	-0.26707557243409746
2	58	11.168693863810441
2	59	-1.2968437810194897
2	60	-2.4310836146640478
2	61	-0.450445377049109
2	62	2.6287176488149218
2	63	0.7654887579239483
2	64	-0.8257225443663566
2	65	0.17980699804722153
2	66	6.525506509529528
2	67	-1.39854959792363
2	68	-0.7072215339566751
2	69	1.653528906562966
3	3	NaN
3	4	0.6834187113952893
3	5	3.6086103733400834
3	6	-3.0551544437122167
3	7	0.6853764367858165
3	8	-0.8810334099783441
3	9	-0.6766244301154096
3	10	-2.2301888066914355
3	11	2.166748960482672
3	12	-1.987530748363102
3	13	-2.359030593525006
3	14	-3.2604256604980213
3	15	2.144824383413672
3	16	2.9583038065741754
3	17	-0.13799991438404005
3	18	4.413953272307663
3	19	-0.05908424673543175
3	20	0.8859901549703871
3	21	-3.46282015447208
3	22	-0.2160709686656278
3	23	-1.506578586002306
3	24	-0.04814425269871614
3	25	-1.4163402645145458
3	26	1.2846638067638585
3	27	1.1047870089781415
3	28	2.0628557934438514
3	29	0.27808153202786434
3	30	0.8818419867545934
3	31	-0.5610578713155667
3	32	2.4141708487159526
3	33	-3.7577244315125213
3	34	2.525540447598311
3	35	-0.7598016127508628
3	36	0.25322295540529904
3	37	-1.1460868271763882
3	38	1.5138015600250585
3	39	3.1261819518903438
3	40	-3.108864137595414
3	41	-1.1865362331276477
3	42	0.4860335529744389
3	43	-2.0153074015034704
3	44	-2.576245085953765
3	45	2.052523152153003
3	46	-3.177580365279295
3	47	-0.4707949174348492
3	48	-0.556240406319008
3	49	-0.19374297723248463
3	50	1.5902099270657257
3	51	5.794525460784316
3	52	-2.7809969265553125
3	53	2.544904849259751
3	54	-3.04037251386844
3	55	0.5312118891130307
3	56	-0.9796772340575902
3	57	-3.1868091263789675
3	58	1.6975266894809329
3	59	1.853244648384315
3	60	0.7998992277996029
3	61	1.9912655439510125
3	62	0.5138228939367268
3	63	-0.8612369277165907
3	64	0.13230947897007578
3	65	-1.930074111849146
3	66	2.363164068496901
3	67	1.3726276423335892
3	68	2.00254136023564
3	69	2.135897243645788
4	4	NaN
4	5	1.6534517504909312
4	6	-1.461832829076915
4	7	0.6625716916536838
4	8	-0.4009826482335218
4	9	0.8233759975279467
4	10	-0.19591803828835241
4	11	-1.7905903196031647
4	12	1.072657002759692
4	13	2.3304951763232475
4	14	1.1467734946846946
4	15	0.8925747750949539
4	16	-1.7856444287313802
4	17	1.37001023215039
4	18	1.0169485831493426
4	19	-0.7596758121604326
4	20	-1.8672246890987136
4	21	-1.4173965387834655
4	22	-2.2303250824362317
4	23	-0.34015857594572113
4	24	-1.929578456647533
4	25	2.3897973605807783
4	26	-2.0314328913677446
4	27	-0.9692897109409522
4	28	2.5302404865108974
4	29	0.489259517175886
4	30	-1.7096976743286834
4	31	-0.7923174755979057
4	32	-1.3245054245901804
4	33	-1.6361240298863198
4	34	0.04213059517651191
4	35	-1.1848448954473885
4	36	-2.5492972082405956
4	37	-0.5055024575680139
4	38	-1.1178876498355272
4	39	-0.7862163349657812
4	40	-1.6866661964199434
4	41	-3.724063001450984
4	42	1.6213130981350827
4	43	-3.8547790512727085
4	44	-1.0795116602350454
4	45	-2.3838285065630984
4	46	0.46798444252846577
4	47	1.3804212734776922
4	48	-0.831187504073548
4	49	1.7897120975768335
4	50	-0.05042027467163132
4	51	-1.0866693852279123
4	52	-0.2581531594992838
4	53	-2.515016629832014
4	54	2.3737380199234828
4	55	-0.0478133942685622
4	56	0.14085616469623358
4	57	-0.24707694796668248
4	58	0.7554129686848243
4	59	3.3765780137807946
4	60	22.016628014823272
4	61	0.4172254133051749
4	62	-0.8378156205459343
4	63	0.8442978730203474
4	64	1.8504337891493885
4	65	0.7164405797666976
4	66	-2.5098839112452023
4	67	-0.18452056638763437
4	68	-3.19884528825116
4	69	-3.4402023323571
5	5	NaN
5	6	-2.3306406382584313
5	7	2.270336109947698
5	8	-3.1931361943080256
5	9	1.7732041894107438
5	10	-3.4829184882708013
5	11	-2.307932612460492
5	12	2.6401589746078624
5	13	1.4015935177329923
5	14	0.9929864339954906
5	15	6.345913387660626
5	16	-0.5072993866300577
5	17	0.5236666516683286
5	18	1.419713698698507
5	19	-3.1709078370817054
5	20	-1.497623017297915
5	21	-1.5942894673870651
5	22	2.7281423973640906
5	23	0.9382308149621469
5	24	-0.4854384035024138
5	25	-1.83227610091097
5	26	-1.2589147471505648
5	27	-1.6002542956458807
5	28	0.7171591931850378
5	29	-2.925321007489187
5	30	0.904452122721485
5	31	-1.278375352657203
5	32	-3.974301417462424
5	33	2.796624872244044
5	34	13.398262244104847
5	35	14.588547785354704
5	36	5.66893427703761
5	37	-3.5533252250225678
5	38	-1.2723242836108
5	39	0.4939699999560505
5	40	-3.709222974248654
5	41	-0.7878650068817585
5	42	3.189644701310316
5	43	0.335940908731015
5	44	-3.6698321658377115
5	45	3.0599905366981583
5	46	-0.6389947141134209
5	47	0.9391037944378264
5	48	-3.475850447302674
5	49	-0.9353868869762018
5	50	-1.5054816329408414
5	51	-0.9264277201650678
5	52	-2.990430742754191
5	53	-1.1636750943009064
5	54	2.1697873492268394
5	55	-3.360077653979538
5	56	-3.9280896920719175
5	57	-1.0433696990522359
5	58	1.5898086184830997
5	59	-0.35610839843844233
5	60	-1.458232554553095
5	61	1.4144767581965076
5	62	0.8768631074829503
5	63	0.9092820023290583
5	64	0.2779180025716622
5	65	-1.1883791430818997
5	66	-0.3773264980135032
5	67	-2.1429182926847106
5	68	-1.310658841350362
5	69	0.11635617643664878
6	6	NaN
6	7	-3.6736781605344704
6	8	2.2086147257728506
6	9	3.488594033114857
6	10	4.022529125235741
6	11	-0.44942008853915216
6	12	-1.4077368386416274
6	13	-1.2747177991851764
6	14	0.1872985801837206
6	15	-0.5435165096932109
6	16	-0.8348603182134158
6	17	0.12910374371506383
6	18	-0.8216199616521963
6	19	-0.3584895043488442
6	20	4.678400146575995
6	21	-1.0542080099089473
6	22	0.32735095100334854
6	23	-2.9797162647916013
6	24	2.413388075144532
6	25	-2.61268524411054
6	26	-2.6451955933727884
6	27	2.143938597466619
6	28	-2.1912135676117264
6	29	-2.187933086383361
6	30	-1.0505324349829077
6	31	2.2195169754524517
6	32	-0.5020572847821542
6	33	4.2836682500404955
6	34	-2.087598798647507
6	35	2.123075654163419
6	36	-0.086189007889227
6	37	3.734072705451793
6	38	2.3210092578123103
6	39	-0.3900551828346216
6	40	2.9949111914467985
6	41	-1.5621999710495562
6	42	-3.312567875056127
6	43	-1.9675760458898117
6	44	2.8452902769681008
6	45	-0.9385514230310423
6	46	-2.543820417495448
6	47	-1.8003024942284087
6	48	-1.2786092458137623
6	49	3.611646910762802
6	50	-1.4107661777166218
6	51	-3.323279340795466
6	52	2.06656539611635
6	53	2.4027579976035485
6	54	1.8332490496683558
6	55	3.4662378615894176
6	56	4.0079806995318465
6	57	1.7945495675412915
6	58	-3.651961049707348
6	59	-1.5838371315977136
6	60	0.01980551407971552
6	61	-2.685842680284636
6	62	-0.5126336790248113
6	63	-2.2154569976175407
6	64	0.3649744289554607
6	65	-0.8225301042304255
6	66	1.3477105201002766
6	67	-0.5542021728365423
6	68	-2.049327695417053
6	69	-3.800181514222742
7	7	NaN
7	8	-1.3959358251309657
7	9	2.259411235442154
7	10	-1.9448783038901272
7	11	-2.6854007284282244
7	12	-1.8096727606220941
7	13	0.1260362622895946
7	14	0.23203292776988238
7	15	2.862579577411924
7	16	0.556741470915263
7	17	-0.05088499506913387
7	18	0.5685478372220542
7	19	-0.47515079928322174
7	20	-1.7267797308995243
7	21	1.8938361758300293
7	22	1.6919844542912281
7	23	2.077729734889292
7	24	-2.778004404367498
7	25	1.8204882681141388
7	26	0.6151505254985717
7	27	-2.0755287819379693
7	28	-0.19207396507160393
7	29	-1.965725025175563
7	30	-0.2116539006843511
7	31	-0.07883966233096414
7	32	0.654407505478778
7	33	-2.569435390931904
7	34	0.04725040851476693
7	35	-0.5084537695005619
7	36	-2.6323559474305434
7	37	-0.9455254676308623
7	38	-0.7600618048032423
7	39	-0.6965974665077014
7	40	-2.2344194148853473
7	41	-1.0239048690086254
7	42	0.27822955841569846
7	43	-2.524786555697957
7	44	-0.5707692590805735
7	45	-0.9183739218901232
7	46	-2.9308912778415097
7	47	0.9952831911930445
7	48	5.123052786780625
7	49	-3.320238424625017
7	50	5.596046178313715
7	51	-0.6818339522153027
7	52	-2.3781393949877687
7	53	-1.8907630287186104
7	54	0.626139370994059
7	55	-1.4167242446801662
7	56	-1.036743856840016
7	57	1.3109486160334176
7	58	-2.097896787818605
7	59	-0.8239623490777659
7	60	0.24265429057161234
7	61	4.450480922664589
7	62	-0.6869000473544157
7	63	2.3419210759523956
7	64	-0.25237491087796404
7	65	0.3171207662196679
7	66	-1.0260799010643675
7	67	-1.3927099885595706
7	68	-0.438065478301532
7	69	2.0145167443188776
8	8	NaN
8	9	3.3769056091405116
8	10	2.1676779681340084
8	11	-0.7737516608480992
8	12	-2.7091951367004468
8	13	-3.067236389261062
8	14	0.3451505838957598
8	15	1.5665285455986593
8	16	-2.9702747456576017
8	17	0.40536009079274804
8	18	-1.0140175083328677
8	19	-2.9670241095227903
8	20	3.907293780918984
8	21	0.04043894989881038
8	22	-0.47229903145816404
8	23	-0.002026845317401524
8	24	4.464728158858025
8	25	-4.439299733722755
8	26	-2.5027893530599177
8	27	-0.785402214774429
8	28	-4.461949731851438
8	29	-0.7526016274864513
8	30	-2.435413425391998
8	31	-0.6184237582630088
8	32	-0.990392918368519
8	33	2.283896351792615
8	34	-2.3388768058143548
8	35	-0.9798086827209995
8	36	-4.051319148604281
8	37	12.833514312874254
8	38	2.5228681035220335
8	39	-4.199396938239681
8	40	1.425894616941797
8	41	-2.6375375422063083
8	42	-1.6049296559127209
8	43	-2.9282433747425087
8	44	2.257914557988201
8	45	-0.6163033715346704
8	46	-2.1352231306181495
8	47	-1.8647621934407306
8	48	-2.2275085173357763
8	49	0.6706732097483937
8	50	-1.1249412364308895
8	51	-2.1499745411454385
8	52	1.3850751818005638
8	53	21.285788774321144
8	54	-3.1843231758492503
8	55	1.1714846561773096
8	56	3.613999835993538
8	57	2.2047023580128373
8	58	-0.6706670783794424
8	59	-0.3199057404215017
8	60	-1.9183733212854623
8	61	-4.452476852407908
8	62	-2.8814742803325264
8	63	0.22933286384518378
8	64	1.0136444705015277
8	65	0.39217263672439495
8	66	2.9974246725476283
8	67	0.014879566477099069
8	68	1.4185647549294773
8	69	-1.4136969614466037
9	9	NaN
9	10	2.1751458089284585
9	11	-0.2624036465989903
9	12	-3.20959906447332
9	13	-3.6828068754735988
9	14	-0.7491069127319719
9	15	-2.862313470345675
9	16	-1.946788974128153
9	17	0.3914602155552761
9	18	-2.1045811568429977
9	19	-1.0589509458005546
9	20	3.482605450006824
9	21	-0.07929348752147342
9	22	-4.43928018218358
9	23	0.03166893916687878
9	24	5.34544375509916
9	25	-1.8515426807329436
9	26	0.5053095887196196
9	27	2.8024844849823456
9	28	-1.3270892549314364
9	29	-2.5250860832360273
9	30	-1.0742654975420063
9	31	5.0217486978603585
9	32	0.6425291254050206
9	33	2.2674582040701323
9	34	-2.3013263872798557
9	35	-0.8488043966038271
9	36	-1.681963364194743
9	37	2.329637554323478
9	38	2.7352719949415403
9	39	-0.2753021427975981
9	40	7.05588227223953
9	41	-0.002554825867476739
9	42	-2.4127153135075763
9	43	0.6436525439042602
9	44	6.744248709721164
9	45	-0.4949314450798119
9	46	-1.4121928458437434
9	47	-2.1815007484726197
9	48	-0.949308615347417
9	49	1.61201746575831
9	50	-2.143743277020318
9	51	-2.160893912224312
9	52	0.06008367125173562
9	53	1.2677780866234152
9	54	1.0942729523660422
9	55	1.9890189283680255
9	56	0.09102619326435771
9	57	0.49878929976239617
9	58	0.9182468532936727
9	59	-3.880300163199068
9	60	-2.0079965901046686
9	61	-1.6711333664174628
9	62	-3.6585614532431396
9	63	-2.486903272772832
9	64	-1.512331178280928
9	65	-2.7882284158807487
9	66	1.0532802462242192
9	67	-3.2263637278279687
9	68	-0.0371390928360607
9	69	-1.529625243270673
10	10	NaN
10	11	0.8631771025951974
10	12	-0.3709327704572278
10	13	-4.814236065558814
10	14	-0.03218925031164799
10	15	-2.866758158808828
10	16	-0.28392546586579087
10	17	1.3460233388529936
10	18	-2.3590132768114187
10	19	-1.1949592853703723
10	20	0.8084486526323477
10	21	0.05823017297456921
10	22	-0.837103372113329
10	23	-3.2629097834784604
10	24	1.807487693182668
10	25	-2.6290441834402527
10	26	-0.47707965624169685
10	27	1.5565306415902194
10	28	0.4831529014947744
10	29	0.3555138655547492
10	30	-2.6905083831412226
10	31	1.0309990722670546
10	32	-1.151768239215887
10	33	3.0218673637951
10	34	-1.1614969841963834
10	35	0.7036804323266702
10	36	-3.222673996527027
10	37	3.9406001504492196
10	38	2.9475766491627247
10	39	-1.6459792462248382
10	40	4.536172664047868
10	41	-2.473031106347992
10	42	-0.8700777272959299
10	43	-2.413309091774611
10	44	4.433999263864382
10	45	-1.9693129762273232
10	46	-2.4403685902114094
10	47	0.9768253361082598
10	48	-2.185926725992618
10	49	3.004101302025156
10	50	-1.3031049837986575
10	51	-0.5892154746708103
10	52	5.452702052946011
10	53	5.366998318544091
10	54	-0.41531340755275736
10	55	2.877844311645463
10	56	4.552848552525828
10	57	-0.18768385956147324
10	58	-2.931322713654704
10	59	-0.38563563697527026
10	60	0.5379559574315945
10	61	-2.5943529944443022
10	62	-1.997410288974135
10	63	-1.5210257057248762
10	64	-1.812447851058762
10	65	0.1752960641001282
10	66	0.9528315918787711
10	67	-2.2296353757870797
10	68	-1.722197123923352
10	69	0.16890256390974095
11	11	NaN
11	12	5.8767671246175155
11	13	1.1315793620068972
11	14	-0.00833032707212869
11	15	-1.6418994488396124
11	16	2.4755652622233253
11	17	-1.938992713951982
11	18	-0.46020399755156494
11	19	-2.3204736893780566
11	20	-0.12186251698034276
11	21	2.617364458491395
11	22	-0.03381561333654836
11	23	-2.2468363556935422
11	24	1.7929996889030142
11	25	-1.0386887787896761
11	26	-0.9527307972336818
11	27	-3.007953336891667
11	28	0.5242037694246855
11	29	0.4834794865536496
11	30	-0.8161829667816808
11	31	2.334033268882604
11	32	1.2020650753514928
11	33	-0.6885940718295127
11	34	-1.457586169362599
11	35	-1.6386894408640844
11	36	0.4315989860359228
11	37	-1.932865878285536
11	38	-3.2098891704699186
11	39	-2.089230840394228
11	40	-2.1901829637492964
11	41	13.69860393848944
11	42	-0.798952407882387
11	43	-2.7488993344750234
11	44	-1.1510309713899123
11	45	1.1344651127987933
11	46	-2.7098665707673755
11	47	1.5257928944530832
11	48	3.7092112026661743
11	49	-2.024397560611089
11	50	-0.1579671490706367
11	51	-0.7719424676265477
11	52	12.134864662365986
11	53	0.347085074960919
11	54	0.6707973083079507
11	55	1.0876922845028936
11	56	-1.6587536937880731
11	57	0.5756575890086953
11	58	-4.484005908727134
11	59	-1.0815720954275567
11	60	-0.5798394201205822
11	61	0.17980570238637728
11	62	1.2933528244891015
11	63	0.363072199141496
11	64	1.5311668181973437
11	65	-0.9052852339686258
11	66	0.2258079653405234
11	67	-0.5298437595575998
11	68	4.203446470796706
11	69	0.3740444046772619
12	12	NaN
12	13	1.6353297540631313
12	14	-2.3690257646317403
12	15	-0.5003605513723463
12	16	0.14914952250072872
12	17	0.5375493378378823
12	18	-0.4793203714330578
12	19	-2.9322344669670604
12	20	-0.2082532045098015
12	21	3.1360871921006366
12	22	1.4593541096286191
12	23	-0.9995713076596986
12	24	-0.8772691959818375
12	25	2.3678324521629714
12	26	-0.30985381332783957
12	27	-0.6072847189808948
12	28	-5.379924144168604
12	29	-0.18988548986167927
12	30	-1.7981503597594368
12	31	-2.1989041155930096
12	32	-0.23340727690003518
12	33	2.401607621945437
12	34	-0.9569951402701289
12	35	-1.2316239891903467
12	36	0.8967086771285452
12	37	-2.2772662256637397
12	38	-1.9157393012535866
12	39	34.198090605616365
12	40	-2.439516999944981
12	41	5.365902680356922
12	42	-1.7120108253662134
12	43	2.6403343728221778
12	44	-3.752042730888944
12	45	-0.08992547962057072
12	46	1.3607163619538578
12	47	-0.13319994301098934
12	48	2.068032729728257
12	49	-1.057158725216069
12	50	0.5433686097256533
12	51	-1.0055885112357972
12	52	0.24893360770197467
12	53	-4.1845296861732955
12	54	-1.917798598717916
12	55	-1.812901524444939
12	56	-1.2648249311578241
12	57	1.222505309103095
12	58	-4.929308562667983
12	59	-1.0174581143241808
12	60	-2.422805487260261
12	61	-1.4371807974355637
12	62	-0.8412234954300077
12	63	1.1191009264599117
12	64	2.3448090660375955
12	65	1.153438582474028
12	66	-2.7052686567333297
12	67	0.21082656593747023
12	68	0.4012650580623265
12	69	0.2428765879176153
13	13	NaN
13	14	3.1662874763567235
13	15	0.6170034997729963
13	16	1.692787857218552
13	17	-0.04450589157007309
13	18	-0.07073785806765463
13	19	2.604191096790151
13	20	0.4380949534668067
13	21	2.4200507645502176
13	22	0.6075090579858587
13	23	6.7082847271889054
13	24	-0.827243250030362
13	25	-2.3115282061677114
13	26	-0.4666660591398403
13	27	-1.85761283598935
13	28	1.142239136440776
13	29	-3.0379851305620416
13	30	0.4455216434439188
13	31	-0.6850152626730652
13	32	5.51034625369769
13	33	-0.15669348794362037
13	34	-0.28620005758154893
13	35	-2.2508431151625734
13	36	5.943203859435482
13	37	-2.8628539850795547
13	38	-0.9041933406339506
13	39	2.650011382964716
13	40	-1.8273841109545066
13	41	3.199392876405569
13	42	-0.32738904931243007
13	43	6.5375784679555835
13	44	-3.983350487065221
13	45	0.935254895382982
13	46	1.8134399447918936
13	47	0.5007223759291446
13	48	-1.5798454465479475
13	49	-0.6004095305863355
13	50	7.108293243415343
13	51	-1.8855297918483764
13	52	-4.101696487046036
13	53	-0.047196843566818435
13	54	-0.9536579435835651
13	55	-0.6116559010548832
13	56	-1.7737219399468254
13	57	0.173157872118526
13	58	0.28086204868922876
13	59	2.9502218528152233
13	60	-2.6759253242510654
13	61	2.963030969119712
13	62	0.5273206416388819
13	63	0.022741759955301366
13	64	-1.0640704068911664
13	65	-1.2589876354258007
13	66	-1.5017363606095977
13	67	-0.7058997922255413
13	68	-1.620923103714027
13	69	-0.06599747006190476
14	14	NaN
14	15	0.030785771697254213
14	16	-0.8271195727148087
14	17	-3.16315037340456
14	18	-0.09233854658784188
14	19	1.856099716018473
14	20	-1.286900680211869
14	21	0.8853633376430096
14	22	-2.648605678342077
14	23	1.8315157835034268
14	24	-1.3575342028496717
14	25	-0.9507522260930571
14	26	3.0035323451532814
14	27	-1.7109609320835004
14	28	1.8471142122668862
14	29	-1.8580107648140554
14	30	-2.441452044852769
14	31	0.16650680594790834
14	32	-1.585604904635883
14	33	0.07928477957925856
14	34	-1.0001700861491438
14	35	-1.2616766282888128
14	36	1.8456753672939754
14	37	0.5731607736076362
14	38	-3.24910792019111
14	39	-3.042909085798218
14	40	-0.8448820356339956
14	41	-1.5101999818775527
14	42	-0.7923597408010233
14	43	1.0763675519260412
14	44	-1.818184174738579
14	45	-2.6444186527226754
14	46	-0.7540955852867776
14	47	-0.14687059176224523
14	48	0.381511962538816
14	49	-1.3918783361530533
14	50	1.2725041871534621
14	51	0.9231324044133661
14	52	6.86461628347326
14	53	13.810655180349231
14	54	-0.26089402302328185
14	55	-0.31783046959043726
14	56	0.2914346856738978
14	57	-0.06192170271967122
14	58	0.6379564773018201
14	59	-2.3696495195308698
14	60	-0.8550629169026007
14	61	-0.5915625927356737
14	62	3.5327724082292833
14	63	-0.35362344471322155
14	64	0.09731051585595561
14	65	0.582953903097882
14	66	-1.9970031963019015
14	67	-1.0641253823383983
14	68	-0.1360289847359697
14	69	0.004071917671357413
15	15	NaN
15	16	0.7591398048578625
15	17	1.2237339733474697
15	18	0.7089688758506232
15	19	2.996151777939689
15	20	-1.689813923601782
15	21	0.014924242595249005
15	22	-0.3228408257270293
15	23	-0.6597765400958041
15	24	-1.078522930700604
15	25	1.3421056244713507
15	26	-0.6008655314587912
15	27	1.6171884666273155
15	28	-0.9127631553472203
15	29	0.7742694546764741
15	30	-1.9994697882371308
15	31	-0.12641400113817539
15	32	-1.342154191872015
15	33	1.9786863271884336
15	34	-0.5875874086638542
15	35	-1.3587556792723012
15	36	1.0638694909386777
15	37	-2.3756828278340887
15	38	-2.1778970903246524
15	39	0.10967022118550963
15	40	-1.4540417873667546
15	41	0.47916606916215143
15	42	-0.8374563624189992
15	43	3.051810642081735
15	44	-4.030792024707683
15	45	1.2260471582576777
15	46	-1.2389811826506039
15	47	-0.13584319926063254
15	48	0.7074897876240841
15	49	-1.5780544050379919
15	50	-2.4613730359501615
15	51	1.9335340288143803
15	52	0.5090319441800452
15	53	-2.287634700358959
15	54	3.418833551340885
15	55	-0.731807473590342
15	56	-0.6369816124508514
15	57	-1.09498099590807
15	58	0.8039073306207867
15	59	-1.0415448102330775
15	60	0.5362092546263711
15	61	1.1611814347115865
15	62	1.0004225061552823
15	63	3.3499463375138614
15	64	1.1664153866711195
15	65	0.1818804667179102
15	66	0.2549149091448063
15	67	2.746360270457409
15	68	-0.047583770072966665
15	69	-2.0732772698801023
16	16	NaN
16	17	0.385050598888985
16	18	2.5517946325732086
16	19	-1.5342729042738275
16	20	2.23258138757399
16	21	-2.8508088294663643
16	22	1.4072978000386511
16	23	-0.5393578851835773
16	24	-1.8413310131399878
16	25	3.233646257891486
16	26	-0.045800972400177095
16	27	-0.5038515496784841
16	28	-1.0430280729079089
16	29	0.4593045033386614
16	30	-1.0300261932994743
16	31	-0.6979564680608743
16	32	-1.6919700479007593
16	33	-0.4329662744092764
16	34	0.6707285129832657
16	35	-2.7575013213942823
16	36	1.8821839079096232
16	37	-2.1376439334359274
16	38	2.9327995011718255
16	39	0.3682567299688435
16	40	-1.1582183274721383
16	41	-2.4586847720469267
16	42	2.2186463863742865
16	43	2.0483107195165497
16	44	-0.3415851095180409
16	45	0.80521162094506
16	46	1.4645112367502489
16	47	0.9794386962878388
16	48	1.4052679264525352
16	49	-1.3426487938963134
16	50	0.5516276137990437
16	51	2.787687483117602
16	52	-2.7562807127919897
16	53	5.385308099538757
16	54	-0.8581279460598579
16	55	-0.1593119935104347
16	56	0.6495158501087277
16	57	-0.2442747273152776
16	58	1.5649356703780204
16	59	1.784371550403688
16	60	-2.1643977398700223
16	61	-2.0560681528900098
16	62	-1.2310304053607541
16	63	-1.5299516725428322
16	64	1.0492739568712863
16	65	0.5938354992793542
16	66	-0.1143258909685359
16	67	-1.515230825848682
16	68	-1.8050856641488517
16	69	2.22370673179684
17	17	NaN
17	18	-0.17430542492267473
17	19	-0.7324443038582333
17	20	2.051431394054868
17	21	-0.11464787488904452
17	22	-0.8041630911943094
17	23	-0.22010645785129396
17	24	3.351295424260437
17	25	-3.166579511474904
17	26	-0.6931934051223582
17	27	0.8087886739120752
17	28	1.318496522174615
17	29	-1.5076614537875184
17	30	-1.3316567492393956
17	31	-1.2112563927983022
17	32	1.0808236501403967
17	33	0.400724425924078
17	34	0.9294159726768626
17	35	0.04044365265058789
17	36	-3.335401560942517
17	37	0.43806860408599263
17	38	1.4142522328448504
17	39	-0.8317080264091956
17	40	1.5017217956666644
17	41	0.276773062983628
17	42	-2.1325384016823916
17	43	0.8062995307377393
17	44	1.692866305172089
17	45	-0.8278642462414096
17	46	0.15300374117966353
17	47	-3.4400010591899406
17	48	1.103856101494806
17	49	0.7794546990032378
17	50	-1.3975088535810902
17	51	-0.4130035217598637
17	52	3.4705452904523275
17	53	3.9803080918914215
17	54	-1.1438439398816875
17	55	-1.020289092489114
17	56	1.6522382934615476
17	57	-1.9883196931939116
17	58	1.6068004628033954
17	59	-1.0554340209471758
17	60	-1.8609168004954328
17	61	-2.8737611524216424
17	62	2.208740105629019
17	63	-0.8797785414824987
17	64	-1.0664573574353675
17	65	-0.0763489189917556
17	66	-0.627311797961706
17	67	-0.0361861259642013
17	68	-0.5277972157268721
17	69	-2.695841735950306
18	18	NaN
18	19	6.146481939541285
18	20	-3.0510435221736723
18	21	-1.0418933454489505
18	22	0.6800877561023977
18	23	2.540933686598822
18	24	-1.6554077655272392
18	25	-4.672644752832042
18	26	-2.4650217869771027
18	27	-1.3494709645875407
18	28	2.5697175812498596
18	29	1.7162940850755162
18	30	0.5770246782978267
18	31	-0.8445469127829852
18	32	0.1934788312960999
18	33	-0.7628701215676631
18	34	-0.5405106480740391
18	35	0.2733043653011967
18	36	0.7358820863214246
18	37	-2.1177386470744737
18	38	1.6260022054848529
18	39	1.466990821068596
18	40	-4.072069195727827
18	41	-0.96498407809802
18	42	-2.535729075667943
18	43	2.557527977469939
18	44	-3.4705008793906473
18	45	-0.5532582337918228
18	46	3.7120419447010677
18	47	0.48263611826281244
18	48	0.9851676550315402
18	49	2.1093762506125917
18	50	2.99163446707112
18	51	3.4919181335231815
18	52	-3.678504838891852
18	53	-1.79716448620267
18	54	-0.27864334279460595
18	55	-0.5802320587834954
18	56	-1.2112336457290833
18	57	-0.49356697537379635
18	58	3.899631435240217
18	59	-0.18548130671341015
18	60	-1.4042246494640929
18	61	-0.3240400170383054
18	62	-0.35103866645402787
18	63	2.4336477527448266
18	64	1.0726105602500595
18	65	0.19081745629416402
18	66	0.6093132639404525
18	67	-0.4185344073569048
18	68	2.7591432799060605
18	69	-1.0020649965311494
19	19	NaN
19	20	1.0660393496288003
19	21	3.6908068193749983
19	22	1.2147388309374265
19	23	-1.6126687096984458
19	24	-2.1639621216695057
19	25	0.3233594923747184
19	26	-0.715170336070492
19	27	-1.1619370817604469
19	28	-0.7779491638713321
19	29	0.21515480432452302
19	30	0.24860125832751967
19	31	2.4321466337276085
19	32	3.6052842146144672
19	33	-1.02844495396186
19	34	-1.4638487099091533
19	35	0.22689992519381932
19	36	1.6025017597499607
19	37	-0.7928432701980537
19	38	-2.1257330098671776
19	39	-0.13807927057076924
19	40	-1.8060275755241169
19	41	0.3792846964286442
19	42	-0.6381781358031086
19	43	0.16557626049326565
19	44	-0.6906912887172338
19	45	-0.6038314272248498
19	46	4.851599345812316
19	47	0.7773249483049518
19	48	1.6182372021003966
19	49	-2.441215336853222
19	50	2.513823319610304
19	51	2.863898669400198
19	52	-1.033905098507093
19	53	-2.5453777176725763
19	54	-0.5093090785489913
19	55	-1.2473627534128666
19	56	-1.9691699542788856
19	57	-0.12335762643616079
19	58	-1.8432380914175415
19	59	0.24497756709509652
19	60	0.547866575248322
19	61	2.0090975512170215
19	62	1.9831456874502398
19	63	-1.4251605570603705
19	64	0.9135264597077238
19	65	-0.40973850549538987
19	66	-0.009558684899019145
19	67	0.28566337554760163
19	68	2.3031492678448027
19	69	2.4806224402658397
20	20	NaN
20	21	-3.6549800019423224
20	22	0.855438340656998
20	23	0.26705889915017733
20	24	2.75310985161842
20	25	-1.2086797436381482
20	26	-2.482623511717907
20	27	0.4393088579979328
20	28	-1.5887737787663676
20	29	-2.724733757095606
20	30	-3.494235051599505
20	31	0.9556322748973178
20	32	2.19940523912746
20	33	0.1884414563853132
20	34	-0.07274212136119844
20	35	-1.1305758049076766
20	36	0.4154104489589347
20	37	-0.09430268676649675
20	38	1.7261050915182643
20	39	2.9369944987869228
20	40	1.2693605337458937
20	41	-1.3651107036867325
20	42	-0.984169282225805
20	43	0.3193642146388032
20	44	2.1176070815813794
20	45	0.80250661117092
20	46	2.483422228389833
20	47	0.6518891882136202
20	48	-0.8573614005304147
20	49	1.0209447453616167
20	50	3.0285160459336558
20	51	-1.869971072389908
20	52	0.22305799119113617
20	53	3.6589639606840443
20	54	-1.8168197762471898
20	55	2.3213328275764407
20	56	0.14063060691919507
20	57	0.533160613907818
20	58	-0.6351425232122859
20	59	-1.9213508769030574
20	60	-2.044329968075891
20	61	-0.4660453070285163
20	62	-1.688033805846321
20	63	-4.134305929321401
20	64	1.0900135929908672
20	65	-3.0951392337602557
20	66	2.215659259086849
20	67	-2.7879674341962097
20	68	-0.06464089891872017
20	69	-0.8147049161893266
21	21	NaN
21	22	1.6942819876504083
21	23	-0.11213592298515804
21	24	-4.726434962440086
21	25	0.7986476652393404
21	26	1.3030246096231544
21	27	1.0730683661548712
21	28	1.1152772823921016
21	29	1.3132694049963265
21	30	2.655714223327733
21	31	-1.3743473882483546
21	32	2.231552602808938
21	33	-3.3582676916721628
21	34	-1.1345957028712552
21	35	-0.5496092570725706
21	36	2.321672126209348
21	37	0.9811098418655052
21	38	-0.8186464549867495
21	39	-1.4132548484149658
21	40	-0.8951253355529892
21	41	3.5093659978715115
21	42	-0.9368384637786319
21	43	-2.958402615282188
21	44	-2.160677497037921
21	45	2.5060313151845546
21	46	4.435518400241382
21	47	-0.06893288824182046
21	48	-0.058260385083117025
21	49	-0.772570113405358
21	50	-1.616052627475473
21	51	0.4892978103872397
21	52	0.9741809490472885
21	53	-2.93891758444252
21	54	2.445858536214802
21	55	0.38709879665222496
21	56	-0.7818480669946329
21	57	2.9123534305044707
21	58	0.5536197429509949
21	59	-1.4132992850090607
21	60	1.5599567156897753
21	61	-0.021756668785362324
21	62	0.2565547277058585
21	63	0.185929434226206
21	64	0.30529408152942744
21	65	-0.12209338520915479
21	66	-3.3872520980349847
21	67	0.029268687186466306
21	68	-0.8462037711683338
21	69	0.8377011044075157
22	22	NaN
22	23	5.152484593457717
22	24	-0.5143056304196745
22	25	-1.2582835859736048
22	26	0.29048416258176807
22	27	-0.7856901634738146
22	28	-0.49302442661091567
22	29	1.5948770879632288
22	30	0.15781334036559258
22	31	-2.3322959320108723
22	32	0.006131349071618792
22	33	-1.7939822558440983
22	34	-0.48961539414687644
22	35	0.5385216782120921
22	36	0.12477182500650907
22	37	-1.9935995714310464
22	38	1.0842236610489442
22	39	0.10720827067024184
22	40	-1.5826544319579654
22	41	0.6101507656041177
22	42	2.3789558190039526
22	43	-0.09535281633345392
22	44	-3.252261145851856
22	45	1.7609930906418354
22	46	-1.2186563771042616
22	47	-0.27683048866542675
22	48	2.2140505659348055
22	49	-1.9862755452915715
22	50	-1.9731051349673383
22	51	-1.6699718132619916
22	52	-2.557558617264295
22	53	-1.0374462339829005
22	54	-0.4346821225653006
22	55	-0.14239665917202868
22	56	-1.6536980168451447
22	57	-1.6031925651053562
22	58	-1.9501006090089137
22	59	-2.0881892241666113
22	60	1.4744351317087165
22	61	-1.2203012411659442
22	62	1.205473108002966
22	63	1.6674416283709381
22	64	6.692656013974892
22	65	0.9985806627136393
22	66	1.0572111934219528
22	67	-0.8869747539523167
22	68	0.538096760520649
22	69	2.8149940368336672
23	23	NaN
23	24	-1.0395762880369779
23	25	4.5716958981804385
23	26	-3.7256303901760357
23	27	-3.199186102345418
23	28	0.06453676955930945
23	29	-3.9829634377561542
23	30	3.1402512364979343
23	31	-0.9466859364765309
23	32	4.740432821525385
23	33	-3.12648666579329
23	34	1.2091822817762807
23	35	-2.6871239226834596
23	36	-0.8719135688871729
23	37	-3.1387730058531993
23	38	-2.062242683863631
23	39	-0.8590546620841059
23	40	-3.8795900117911053
23	41	1.4332045360242958
23	42	-1.0090171685898606
23	43	1.545260102513743
23	44	-2.312114882166527
23	45	0.6818866175401467
23	46	1.3916460718375279
23	47	-0.4702275699904722
23	48	-0.8562890769640571
23	49	-0.5007592839901526
23	50	3.5060735951364252
23	51	1.8593347246276044
23	52	-1.9576801301174096
23	53	-0.19917218587009977
23	54	1.0890764862128544
23	55	-0.6871994753777462
23	56	-1.1601995134927299
23	57	-1.2742522537376102
23	58	2.3367967512378662
23	59	4.589188034288358
23	60	-1.4776826989964846
23	61	0.8867497324170756
23	62	-0.04291678545807531
23	63	2.2573286418495666
23	64	5.921447730606653
23	65	-1.899573893855406
23	66	1.7531192804164757
23	67	-0.49642531430386044
23	68	-0.7896102590264051
23	69	4.029646217337582
24	24	NaN
24	25	-2.0123963067181854
24	26	-1.9850938734238313
24	27	-0.15343853153861636
24	28	-0.5481547787795642
24	29	-3.8700631889073467
24	30	0.4811445738026449
24	31	-0.12772020511091264
24	32	0.4635362931914537
24	33	2.4188268216493958
24	34	-1.002397383461573
24	35	1.6654674522848212
24	36	3.828597387383522
24	37	1.8073050734537999
24	38	3.665050880193465
24	39	-1.9670176743984984
24	40	4.251717169636726
24	41	0.016887528408485907
24	42	-0.2120643247512234
24	43	-3.5979324601674887
24	44	2.427988350042342
24	45	-1.9170334057314216
24	46	0.39900063591627505
24	47	-0.1505251249496435
24	48	-2.912123387129376
24	49	3.721218983650962
24	50	1.0772368559799543
24	51	-4.455905451966296
24	52	1.0323824644504376
24	53	0.3183807212906011
24	54	-1.8243037995715927
24	55	4.254734870284071
24	56	1.0407261011946607
24	57	0.8920277873048442
24	58	2.8687485470228538
24	59	0.47877828683430024
24	60	-3.307933111977654
24	61	-0.7001171701004965
24	62	0.8084210170144811
24	63	-0.8132162357975218
24	64	0.8636562360480631
24	65	-2.886971897451077
24	66	-0.5192605976815302
24	67	-4.0549040473721405
24	68	-1.7325698553753384
24	69	-1.2723342899963788
25	25	NaN
25	26	0.01916742785598837
25	27	-0.5389960162598206
25	28	1.1344463416284267
25	29	69.74179168280854
25	30	-3.5942379771133
25	31	-1.5239104189101615
25	32	0.7324673383969244
25	33	-2.1662999251983135
25	34	-2.2017473616339274
25	35	-1.9678017392397693
25	36	-2.0713507600031416
25	37	5.338264305200836
25	38	-3.201548894695877
25	39	-2.2328132404431593
25	40	-0.9085249583949916
25	41	-2.649737229468282
25	42	0.0947764803086171
25	43	-0.7152775004023725
25	44	-3.5273190558663834
25	45	-1.2426193267649588
25	46	1.0702222048586936
25	47	1.0783210239719017
25	48	-3.460096478406643
25	49	-2.6943173418025843
25	50	-1.910619272089226
25	51	0.5291035326975623
25	52	0.07076401702859067
25	53	-1.746563883385206
25	54	-0.21501595151701572
25	55	-0.9187176037923114
25	56	-0.896783431265743
25	57	-1.6489973685087858
25	58	-1.2001274868615166
25	59	2.017239455211336
25	60	-0.5438717038426184
25	61	-3.4245047678691583
25	62	0.13386687128672478
25	63	-0.36007312230434696
25	64	-2.631728185883972
25	65	-0.01247447528139708
25	66	-4.813382694979923
25	67	2.6178955938499415
25	68	-1.5204334703575892
25	69	-2.634835631836629
26	26	NaN
26	27	0.4372558467708657
26	28	-0.5657319825188086
26	29	-2.0192049735740967
26	30	65.9295220853741
26	31	-0.2438560136064031
26	32	-0.45980889377247475
26	33	-0.9843707430157396
26	34	-0.6002271263970337
26	35	-1.3807521339109288
26	36	1.4343889728088999
26	37	-0.5755852126114473
26	38	-4.490798499764471
26	39	0.05956224309078957
26	40	-1.6502265429198502
26	41	-2.4077828347584784
26	42	-0.43673376173959966
26	43	1.0500853434914237
26	44	-1.208866245856031
26	45	-1.8143381459598007
26	46	-0.8385930097826199
26	47	-0.20186895894865287
26	48	1.179501655733177
26	49	-2.646801227341853
26	50	-3.512857398766582
26	51	2.3165135731938276
26	52	-1.285398624683367
26	53	-2.297813448281491
26	54	0.9880900718972987
26	55	-3.445329818233209
26	56	-1.030713634969807
26	57	-1.621437053135458
26	58	-0.7438989687428006
26	59	-3.136765178838175
26	60	-3.784962024148456
26	61	-0.09143394704449312
26	62	-3.035168539261972
26	63	0.7790566014211853
26	64	-0.20092871931416947
26	65	0.5752402722073352
26	66	-0.837896461820979
26	67	0.10240603623100183
26	68	-3.630987482885704
26	69	-0.3927275737849676
27	27	NaN
27	28	-3.960703208322916
27	29	0.26405052371423604
27	30	0.5056549626254847
27	31	5.019227859749679
27	32	1.0152904179083475
27	33	-0.029645014179235568
27	34	-0.7666095358091141
27	35	1.047285991316892
27	36	1.907057168715406
27	37	1.2715012598403108
27	38	0.3481946949137652
27	39	-1.3593822490681384
27	40	0.6345956366841342
27	41	-0.5928245341588159
27	42	1.7217032113436082
27	43	-1.2025414008379534
27	44	1.839313217427278
27	45	0.17346753157950243
27	46	-0.17432016360111766
27	47	-0.912981313427636
27	48	-1.846240231266933
27	49	1.39331158306779
27	50	-1.098964807194412
27	51	-0.1921314383914273
27	52	0.8549577455061406
27	53	-1.239540677996084
27	54	-0.3186205839350978
27	55	2.873328239985442
27	56	-0.6955736371947278
27	57	1.1262843940488332
27	58	-1.593953489935435
27	59	-2.991044982069437
27	60	0.7228569004608023
27	61	0.940955378750563
27	62	0.7212243762617514
27	63	3.4044533541311597
27	64	-2.314034023730757
27	65	0.6720948191825149
27	66	0.025871565392100383
27	67	-0.23449332596074876
27	68	1.5462299074385095
27	69	-2.661331786089493
28	28	NaN
28	29	0.10725426052346854
28	30	-0.032038823060553126
28	31	-3.113864774159203
28	32	3.997833670767545
28	33	-2.475253834467669
28	34	1.1939993211046465
28	35	17.751040627476705
28	36	0.0733793522396414
28	37	-1.0026111077919837
28	38	-3.294270694406084
28	39	-1.3737630860771304
28	40	-1.0504332167701709
28	41	1.9092152542489573
28	42	0.6155772160678995
28	43	2.219594526065456
28	44	-1.425851711704048
28	45	-1.0439054253161046
28	46	4.080554778003244
28	47	-1.4432259427043792
28	48	0.5923185408342383
28	49	-1.9478231370990493
28	50	-0.24732051472193134
28	51	0.6374452908727231
28	52	-2.956346702696686
28	53	-1.8383113628089265
28	54	3.604750891198579
28	55	-3.6323969314091076
28	56	-1.8483803542555999
28	57	-3.3061987132496484
28	58	0.8315888414766154
28	59	-0.2581128426332925
28	60	2.2618437696873896
28	61	0.6463824340916465
28	62	0.9268064002508756
28	63	0.18357669829138915
28	64	0.502693502049676
28	65	-2.2755173264063218
28	66	1.4299965108554273
28	67	-1.8638459868020245
28	68	1.8712828196035842
28	69	-1.0493728108955391
29	29	NaN
29	30	0.6992295439792693
29	31	0.1965522938451306
29	32	-1.3111362503123967
29	33	0.5522613886843801
29	34	1.5419804442869252
29	35	-0.5194290563693462
29	36	-1.4589588952666266
29	37	-0.7343342728298656
29	38	-0.25814157525859116
29	39	3.8400338074019698
29	40	-2.304163196519769
29	41	-0.5956355345193499
29	42	-0.10623635755204543
29	43	-0.533312734038447
29	44	-3.791201022414547
29	45	-0.33440565302161285
29	46	1.1716726271667968
29	47	0.06637917997871089
29	48	-4.235166693231647
29	49	-3.0464730475780777
29	50	-2.3271893106195907
29	51	-3.6678194711655197
29	52	1.8001082049777577
29	53	-2.0252808952808223
29	54	-2.0840444181828603
29	55	-0.7084975187784659
29	56	-1.5658163922970876
29	57	1.6304465639745045
29	58	-1.9761604351814523
29	59	0.3162272368404164
29	60	-0.25370004611977326
29	61	-1.1479890746015524
29	62	1.1622704342993024
29	63	-4.2306162349249945
29	64	-3.5068830599931458
29	65	-5.283252788916115
29	66	-1.0742445376595628
29	67	-2.552354001778638
29	68	-1.41207302305296
29	69	1.4253488771356446
30	30	NaN
30	31	-1.3790531009736477
30	32	1.0484978511282468
30	33	-0.865046483121188
30	34	2.5598495546703646
30	35	0.021334314763082892
30	36	0.4952775321553764
30	37	-2.2456487199736044
30	38	-1.181014107591036
30	39	0.5045633593579582
30	40	-2.996495774824812
30	41	4.925942514413643
30	42	-1.1575217841493848
30	43	-4.504123098567796
30	44	-3.3217219582693605
30	45	-1.8228656959875884
30	46	-4.21283746013163
30	47	0.6773957028358877
30	48	-1.963163856009075
30	49	-2.671386414827968
30	50	-0.2934699127693707
30	51	2.6958168436759866
30	52	-2.762726986067762
30	53	-0.798697304091211
30	54	-2.3319372847954454
30	55	-0.9857223158757686
30	56	-1.757597246253772
30	57	-2.8019593368558233
30	58	-3.743549306548282
30	59	-3.152829079813446
30	60	0.613250150418193
30	61	-3.5283764810168785
30	62	1.2170780957712821
30	63	2.140282280051005
30	64	2.13127160186405
30	65	-3.162098038374076
30	66	-0.9450412906839121
30	67	-1.2790102391524603
30	68	-1.5223261875354304
30	69	-0.1700534745660486
31	31	NaN
31	32	2.4509988174128536
31	33	2.847672099435009
31	34	-0.3412739823089579
31	35	-3.21349401021183
31	36	-1.704122062415679
31	37	0.9534372224262123
31	38	1.4545879368939734
31	39	0.817966319624688
31	40	0.21636126674704362
31	41	-1.1477565919106925
31	42	-1.0083333485053947
31	43	-3.5751673736826914
31	44	0.9505736554250991
31	45	0.041691667990408944
31	46	0.2584893290232771
31	47	-0.05777851729718301
31	48	0.02056082969544333
31	49	0.07258944546008123
31	50	-1.1568737802183156
31	51	-0.9153674746480157
31	52	1.6628206516122663
31	53	-0.13216063574958012
31	54	0.08927790104345538
31	55	3.873113598328322
31	56	-0.6656617865589048
31	57	1.924386943824787
31	58	-2.0202995665044607
31	59	-1.2408724163785074
31	60	-2.0425665075751227
31	61	-3.288981507582305
31	62	0.6283169466165371
31	63	2.128671417680598
31	64	-0.8470951503364424
31	65	-1.5804458227786493
31	66	2.286074000768982
31	67	-2.899230113145811
31	68	1.4657403900044788
31	69	-0.3604959580745444
32	32	NaN
32	33	2.2403742535018294
32	34	2.631402818228307
32	35	-4.0263710172337746
32	36	4.437265268279969
32	37	-0.777311570020698
32	38	1.1873997480809113
32	39	-0.0196344395152152
32	40	-2.5769368486303477
32	41	-1.5142441639698185
32	42	-2.1289955062621204
32	43	1.91642733844647
32	44	-2.256824817508022
32	45	1.3639505324722219
32	46	1.8700866414427393
32	47	-0.487510855965381
32	48	-0.4761337322386759
32	49	-2.4182511122097408
32	50	-0.8956633483967491
32	51	1.6012570919126403
32	52	0.5974053826093653
32	53	-4.232358008689892
32	54	-1.7260440241827268
32	55	0.5351849087883266
32	56	-2.358018659887633
32	57	1.5686653721878776
32	58	-2.3662009278724607
32	59	-1.2723824820678389
32	60	-1.9898774766555303
32	61	-1.4896909660118731
32	62	3.9327720292497323
32	63	2.0980381130262975
32	64	-0.29462116728797566
32	65	-0.7218993680207489
32	66	-3.290288822105627
32	67	-0.21719980975593842
32	68	-1.0990095789821541
32	69	1.8368599462430781
33	33	NaN
33	34	-0.8003444918616791
33	35	1.6369696190071015
33	36	2.5095930727082636
33	37	2.076825705030044
33	38	2.9613106096863575
33	39	-0.34295597584562787
33	40	1.700627973157908
33	41	-0.8450028209372676
33	42	-1.034159160435832
33	43	0.7208866376780338
33	44	1.1587333280062218
33	45	-2.5937430833619053
33	46	-1.0105830353161418
33	47	-1.227442042200116
33	48	-5.589264307524862
33	49	4.019944911147919
33	50	-3.7361388765606205
33	51	-4.002019104121935
33	52	2.613715151847185
33	53	3.6848458623677005
33	54	-0.5512808344303927
33	55	1.1381114519640367
33	56	0.8383634308241357
33	57	1.196905818642095
33	58	-1.0045639784080254
33	59	-2.6461365821026783
33	60	0.05852838887491232
33	61	-2.856715296836323
33	62	-1.3767065313253408
33	63	0.2741642528370025
33	64	-1.610406384645467
33	65	-1.6777040727338277
33	66	1.4927929637603654
33	67	-0.8558714118227023
33	68	-2.870324408379277
33	69	0.6299464309555785
34	34	NaN
34	35	1.7833616994830273
34	36	0.87755240723557
34	37	-1.7164026472410097
34	38	-2.158321547061684
34	39	-2.3332360912809293
34	40	-1.1765749537479322
34	41	-2.70867387504973
34	42	0.029918380320070093
34	43	-0.17055219887524156
34	44	-2.1797086399193124
34	45	0.09971617070689072
34	46	1.411091819059963
34	47	-1.797045500741266
34	48	2.889924338938645
34	49	-1.9433052768638124
34	50	-2.0291055618191702
34	51	3.7013990581995886
34	52	-1.7418723822209883
34	53	-1.1716692029889952
34	54	2.3641942572271613
34	55	-3.5174683557533264
34	56	-2.433497289849775
34	57	-0.7012419011685709
34	58	0.11252437751293914
34	59	3.1745534089420264
34	60	0.44754042818718226
34	61	1.0933527216107652
34	62	-0.3335729794733364
34	63	0.7859944848621081
34	64	3.300988483773149
34	65	1.71120584555589
34	66	-1.7892635046707321
34	67	1.1649536751417116
34	68	2.175310590759826
34	69	1.4212521973292096
35	35	NaN
35	36	0.07855769981390089
35	37	1.0702317122190899
35	38	-0.31594981264056604
35	39	-3.2357499389798328
35	40	0.8852399890488768
35	41	-1.4467146821635224
35	42	1.7226977314032192
35	43	0.7186328980943925
35	44	1.5280326057056142
35	45	-0.19337372208298406
35	46	-3.087886089769666
35	47	-2.273719806635128
35	48	0.12934930281331364
35	49	0.9899909106641808
35	50	-2.2442919226586704
35	51	-1.225986297898347
35	52	-0.9444264025892936
35	53	0.36759978131688076
35	54	-0.4432281686639081
35	55	2.03051428405649
35	56	2.0917279240003457
35	57	-2.0011390000510065
35	58	0.15108418828073764
35	59	-2.4369234223512306
35	60	-0.10594276299814526
35	61	-0.9420512020501813
35	62	2.034910616032627
35	63	-0.9545057756724552
35	64	-2.022177585256794
35	65	0.6918095150292201
35	66	-1.601219620630583
35	67	-1.0546023416111077
35	68	-1.432678479769332
35	69	-1.02701763450107
36	36	NaN
36	37	-1.1128308202339214
36	38	2.49552505034164
36	39	-1.027106108274166
36	40	-2.9767163475055956
36	41	-0.7895177159206093
36	42	0.5544758589031816
36	43	-2.1124837801843714
36	44	-3.4587029147586783
36	45	-0.019835211792106653
36	46	5.901813638166253
36	47	-0.5974685954606673
36	48	3.0365643252239822
36	49	1.0524546562761934
36	50	-0.08337429356161058
36	51	-4.104879657190948
36	52	-1.890172313458592
36	53	-2.5221524539331104
36	54	-2.4481617069927752
36	55	-1.1826770913886846
36	56	-1.5699741533356089
36	57	0.5000642023342037
36	58	1.6807339699359491
36	59	-1.4151016079933298
36	60	-1.5630449351194406
36	61	-2.3446346629190886
36	62	3.037760354094868
36	63	-0.6012808506268886
36	64	3.7340393002650143
36	65	2.017401534924193
36	66	-2.3829593220615246
36	67	3.7017249283322777
36	68	-0.44138190246739367
36	69	3.062199027450842
37	37	NaN
37	38	4.085212211582468
37	39	-2.1461086209838767
37	40	3.616952375978061
37	41	-1.4133434112542411
37	42	-3.9910812793717785
37	43	-1.4155958206990107
37	44	3.306526309476154
37	45	-2.7883754527751496
37	46	-0.9687547950916836
37	47	-0.29209319190194316
37	48	-0.8120009569179922
37	49	1.9012540966719398
37	50	-3.0412514552268917
37	51	-1.896292883837912
37	52	3.908651023341602
37	53	2.2948884815504993
37	54	-1.0529484406819072
37	55	2.1387249932852486
37	56	3.2048205005765116
37	57	0.10234889470833516
37	58	-2.6138719654803695
37	59	-2.376046021008758
37	60	-0.32910686553360197
37	61	-1.2880136650676852
37	62	-0.710957148311844
37	63	-1.9888124122702087
37	64	-1.5097382206060348
37	65	-0.9880855377180672
37	66	0.17548301603279182
37	67	-1.092487306854595
37	68	-1.756803320796295
37	69	-1.6272544660123236
38	38	NaN
38	39	0.20629048234144023
38	40	2.7354646564058647
38	41	-0.14126538088016008
38	42	-2.066351038018694
38	43	5.151008709648829
38	44	2.8522771782579053
38	45	-0.07285480579409605
38	46	-2.431082545947481
38	47	-1.3164807943107895
38	48	-0.44916860034921974
38	49	2.5077320346381824
38	50	-2.0746919776288633
38	51	-1.1489166887906117
38	52	2.2123236851222883
38	53	1.3826026255626502
38	54	-1.5957446840797436
38	55	1.9897599714433003
38	56	3.0394054192916693
38	57	-0.7715003204546231
38	58	-1.3478299745238806
38	59	-0.254987061817047
38	60	-1.57112597929846
38	61	-1.0116551262940539
38	62	-3.333358395403536
38	63	-2.5085524352278052
38	64	-2.83314959792759
38	65	-0.6789691232078007
38	66	0.3743561696870434
38	67	0.6424629624659799
38	68	-1.7916391941392336
38	69	-3.546817340475671
39	39	NaN
39	40	-3.185131166627828
39	41	0.8647040686769928
39	42	2.4219309102317244
39	43	-1.2449000769804661
39	44	-2.7226946721337875
39	45	2.5144434575139467
39	46	2.29334175189712
39	47	-3.944383684486215
39	48	2.206108927100515
39	49	-0.5840899519673282
39	50	0.9188803187044219
39	51	-0.2238663407068106
39	52	-3.500550822192196
39	53	-1.1295291471572304
39	54	-3.2542650957523254
39	55	-0.03657048894340425
39	56	-2.929306616839741
39	57	-1.4346019151609164
39	58	-0.5618576790602403
39	59	-2.894073349389929
39	60	-2.5195143820948864
39	61	0.1304561296250188
39	62	0.3602336783646437
39	63	-0.8679838891610395
39	64	0.6936518989682615
39	65	3.459717550933528
39	66	0.2207925187438588
39	67	1.2177256950658508
39	68	-1.5175964667344028
39	69	2.9422384099279526
40	40	NaN
40	41	-3.294047765592475
40	42	-1.2244186722644292
40	43	-4.214573984233793
40	44	39.36821672200872
40	45	-1.4733569851651243
40	46	-3.566135970361359
40	47	0.5569093492032979
40	48	-1.7234878412747425
40	49	4.353585350314738
40	50	-1.2460946316772388
40	51	-2.3330587383054517
40	52	3.4041037298601937
40	53	1.4033121744538575
40	54	-2.011301162978394
40	55	1.5603475673066869
40	56	3.2678803006407477
40	57	1.192724783334659
40	58	-5.5164589867764935
40	59	-0.606651311021478
40	60	-1.5399109213036362
40	61	0.05106189941799107
40	62	-1.393326604724397
40	63	-2.94003659175272
40	64	-1.786947256174307
40	65	-3.0671590301889196
40	66	0.5570095977040642
40	67	-2.0977983686760266
40	68	-1.577219605439336
40	69	-4.468273246641017
41	41	NaN
41	42	2.113901964265422
41	43	1.5054116600664895
41	44	-3.782923237760434
41	45	2.3563105594516354
41	46	4.048977500203032
41	47	-3.007567279520077
41	48	0.10056154264981777
41	49	-1.45207923797312
41	50	3.1370109751789332
41	51	0.9852915772927004
41	52	-1.403214001525885
41	53	1.88807479439142
41	54	0.9504781527285293
41	55	2.405722945375026
41	56	-1.418059060003748
41	57	-1.988646189018267
41	58	-1.7285644476746083
41	59	1.0341162625304712
41	60	-2.181406637188747
41	61	1.4327948956925434
41	62	0.7168984371122369
41	63	1.6032803321600624
41	64	-0.5223190562348593
41	65	0.9790410978155122
41	66	-4.560742623338861
41	67	-1.382893323787114
41	68	4.536754382704545
41	69	2.137141671891241
42	42	NaN
42	43	-2.6176997306678857
42	44	-2.2202489486939045
42	45	3.7928290877409685
42	46	0.5065478067984092
42	47	1.1931828567372593
42	48	-2.227647138151326
42	49	0.398640497434456
42	50	1.1363209544506547
42	51	1.861243093227933
42	52	0.6256752408434676
42	53	-1.3767595486400481
42	54	1.0690518614912061
42	55	-0.6521107393470263
42	56	-1.6166094193453275
42	57	-0.7124582132327018
42	58	1.463390046630233
42	59	4.780867987351444
42	60	1.3842151923982018
42	61	2.093210406622635
42	62	2.857430478822482
42	63	-2.047021047256223
42	64	-0.18953052866979742
42	65	0.2805113991193375
42	66	-0.21035834777102194
42	67	1.5186614400341691
42	68	0.8524155531956266
42	69	-1.5292979499124277
43	43	NaN
43	44	-0.19085370303691482
43	45	0.9876684987862926
43	46	-0.34316528133437435
43	47	-1.5053062541145343
43	48	4.50725819912539
43	49	-0.06534339226903323
43	50	4.795598533794043
43	51	2.0413100190868008
43	52	-1.6365881363823966
43	53	-3.068306491571791
43	54	-0.23556014010330176
43	55	0.6034772033840591
43	56	-2.0339193834082367
43	57	-0.6113218539596614
43	58	4.698029406448583
43	59	1.3135737779202064
43	60	0.13641737631868994
43	61	4.759755684507398
43	62	0.8687202650463759
43	63	2.4576746157225386
43	64	-0.3092474330971603
43	65	-0.9472473708839328
43	66	3.0048336595766063
43	67	2.1740396053416156
43	68	-1.099102373208743
43	69	0.9850017891594227
44	44	NaN
44	45	-2.3837812568611305
44	46	-1.5085433458623823
44	47	-1.5649656085768704
44	48	-2.454311886608874
44	49	3.4138694417359288
44	50	-3.75741412645522
44	51	-2.8818938204106375
44	52	2.4750040915984277
44	53	1.2887305741157937
44	54	-2.981427307956087
44	55	3.4614420912917945
44	56	3.320910121513635
44	57	0.993014324140674
44	58	-3.2801180362777913
44	59	-3.019877531086511
44	60	-0.37778553324543573
44	61	-1.9443004976966713
44	62	-3.000523612274632
44	63	0.1290802940430821
44	64	-3.2166077262524246
44	65	-1.842883138670024
44	66	2.407958577823634
44	67	-1.4835873517451412
44	68	-1.4399673721747412
44	69	-1.270680604631555
45	45	NaN
45	46	4.790071234372183
45	47	0.3650816336322419
45	48	3.8101343755322543
45	49	-1.5311109534606513
45	50	2.446288330687254
45	51	2.505692865319043
45	52	-2.598311033073761
45	53	-3.450136121314739
45	54	-1.3201043090740785
45	55	-1.7482482505505046
45	56	-3.4111124007158233
45	57	-0.016861767870249907
45	58	3.232924357848982
45	59	0.4538865240145987
45	60	0.3472398130816463
45	61	2.5961361814528003
45	62	-0.3007167301193051
45	63	-0.15108513601759646
45	64	3.540690263857719
45	65	0.617043472579352
45	66	-1.5072725134961331
45	67	-0.4897262593309869
45	68	-1.3294353611379663
45	69	2.8368145061714833
46	46	NaN
46	47	0.24982334695824482
46	48	-1.1301491913351487
46	49	-1.8472404159031135
46	50	-1.508709445871132
46	51	0.0928045350315399
46	52	-0.3249575903332456
46	53	-2.0613493146946977
46	54	-1.4280380253649714
46	55	0.4794351942782746
46	56	-0.7854949453917027
46	57	-0.4138463215165851
46	58	2.1671520884298388
46	59	-0.5359357359773123
46	60	-0.3350051149348052
46	61	0.23596018229837884
46	62	-2.248625442729284
46	63	3.242885536364283
46	64	-1.9624223108524559
46	65	3.1115111171215335
46	66	-0.711420934920272
46	67	1.4635819611401892
46	68	-0.17678060112886457
46	69	1.5832259061910747
47	47	NaN
47	48	0.6753248773125834
47	49	0.9201932895628955
47	50	2.695489521398715
47	51	0.6865144466351194
47	52	1.1339447931197957
47	53	-1.3345478454372606
47	54	2.749265340564264
47	55	-1.4603764385533233
47	56	4.9362080043509655
47	57	-0.01852531785147048
47	58	-0.9532779213523932
47	59	0.7439464737720104
47	60	0.5095859369204295
47	61	-1.0810923970342128
47	62	2.420289278531353
47	63	3.8640382085049674
47	64	-0.52874987739517
47	65	1.2686143518085822
47	66	-0.2669451548721138
47	67	0.9620579601177432
47	68	-0.005455314539736577
47	69	1.4302770701097527
48	48	NaN
48	49	-2.629102788048511
48	50	6.022069992188718
48	51	1.7714878285127056
48	52	-1.2384433638133352
48	53	-2.4118376417455627
48	54	3.997994026732642
48	55	-2.0501477151556697
48	56	-4.80842003283337
48	57	0.06616866937541144
48	58	0.7304777078370053
48	59	-1.3860832315288456
48	60	0.43955333522554996
48	61	-0.2005572676220687
48	62	0.6425312758020548
48	63	-1.6601047993350078
48	64	1.162142738093312
48	65	1.6762949308436805
48	66	1.0967422690275455
48	67	1.2174939823511999
48	68	0.9077305326003773
48	69	4.400397629019873
49	49	NaN
49	50	1.1744882419637006
49	51	-0.71309384422599
49	52	1.2221941964559095
49	53	0.22482274736555913
49	54	2.503767500798849
49	55	3.450428484558934
49	56	2.6516478094015024
49	57	2.5657870020023448
49	58	-0.9431876604606342
49	59	-1.89306227791981
49	60	-2.748185953349018
49	61	-0.9114220205146188
49	62	-1.6629113493827568
49	63	-1.3435354037076863
49	64	-2.2533684630632846
49	65	-1.2549765868227805
49	66	0.230707894736004
49	67	-0.10251672850848018
49	68	0.264400783762515
49	69	-2.083715026567315
50	50	NaN
50	51	2.861787635362225
50	52	-3.603463865560967
50	53	0.5937852076597443
50	54	0.5622063876678406
50	55	-2.9147669340169027
50	56	-1.6323888504447972
50	57	1.5385392534882187
50	58	0.18760722248296455
50	59	1.4977604972786918
50	60	3.4249542682717604
50	61	3.9938612197210026
50	62	-2.6883355979244477
50	63	-3.313098480685774
50	64	-0.6742125915103271
50	65	-0.8626963599925994
50	66	-0.9473409626751865
50	67	-1.2151957376921565
50	68	0.008440219437336857
50	69	4.5880259445689155
51	51	NaN
51	52	-0.22051408522617694
51	53	-0.9061052539010982
51	54	0.9432516736303516
51	55	-2.5632705489942778
51	56	-3.0341603875245458
51	57	0.5912402428987024
51	58	1.5547091942856832
51	59	3.7005391843337447
51	60	0.4178058069570598
51	61	2.6223609723343597
51	62	-2.6532275849617437
51	63	-0.40293976493703876
51	64	0.9405107142687805
51	65	2.5203416209551457
51	66	0.9615476618057212
51	67	-1.426084517467576
51	68	0.004365609298935288
51	69	3.15822978048221
52	52	NaN
52	53	2.0643319783432146
52	54	-0.6004820750691854
52	55	1.623332973998501
52	56	1.4723220385334352
52	57	1.2589231286506664
52	58	-4.235670086060104
52	59	-2.627168071032495
52	60	-1.1689583520906046
52	61	-1.5502064851364907
52	62	1.5042666590618423
52	63	-1.8597572034358827
52	64	-2.374131276444896
52	65	-1.234001381823568
52	66	0.2719672084429328
52	67	-1.2926572151517657
52	68	0.16517801330512305
52	69	-1.4411799807936194
53	53	NaN
53	54	-0.33578140922853866
53	55	0.19742649442767746
53	56	-0.5049010920374568
53	57	1.476169156535151
53	58	-3.4362571265706716
53	59	-0.347584833520888
53	60	-1.804290255682534
53	61	-2.4808276681395007
53	62	-1.4517092153383941
53	63	-3.6931077669508445
53	64	-0.7336083603583534
53	65	-4.558057873900784
53	66	0.9109430957362337
53	67	-2.383344224506622
53	68	-2.2246294741220956
53	69	-1.253182145202606
54	54	NaN
54	55	-0.42177330613350505
54	56	-0.25204139044928286
54	57	-0.3409445643552975
54	58	-1.9308048490842462
54	59	3.0388533809910525
54	60	3.6898196809487174
54	61	-1.054039805812233
54	62	1.574791846981106
54	63	1.9281424559609117
54	64	0.5337433655401557
54	65	1.3183002152526369
54	66	-2.6858229632550246
54	67	1.9395142871620745
54	68	0.1758189154831188
54	69	1.6243758379135864
55	55	NaN
55	56	3.736294853487011
55	57	-1.797713374545189
55	58	-1.714196978617587
55	59	0.9884636412209501
55	60	0.632695156842896
55	61	-1.9373267356257609
55	62	-1.5204467709705463
55	63	-3.787521305556584
55	64	-2.400504897802783
55	65	-2.4944140718747505
55	66	0.8149311182295734
55	67	-0.915520677894632
55	68	-1.4570594197793858
55	69	-2.3927318672200673
56	56	NaN
56	57	0.008046607199161117
56	58	-0.6062281315057669
56	59	-2.9135037352544724
56	60	0.5001087449456375
56	61	-3.1721552950250143
56	62	-1.1238286834511704
56	63	-1.3293048580125881
56	64	-1.412120346542927
56	65	1.2512760887024377
56	66	0.9863265609639827
56	67	0.8023662729045045
56	68	12.603165114912525
56	69	0.45076721211975107
57	57	NaN
57	58	0.1133454504878642
57	59	2.922750055651505
57	60	-1.3774914225770907
57	61	-1.4776813005481377
57	62	-1.6167688503595592
57	63	0.8156689780106066
57	64	-1.0953603529214935
57	65	1.205893246524197
57	66	0.3509588695915765
57	67	-0.4095337205674073
57	68	-0.960177890686775
57	69	-1.4443333068168558
58	58	NaN
58	59	0.370898012083756
58	60	-1.762574982977784
58	61	2.4347976830696263
58	62	1.3857294223468697
58	63	0.5701053628527503
58	64	-0.9112111004793658
58	65	2.0396924161402183
58	66	-0.621253943093615
58	67	2.29430943276011
58	68	19.229519565105882
58	69	-4.7216844715062
59	59	NaN
59	60	-2.317715076378307
59	61	2.737559046233759
59	62	-0.021311238919220724
59	63	4.248194272970591
59	64	4.872155244706164
59	65	-1.0282554144461213
59	66	1.6764258505801246
59	67	11.026786956768824
59	68	-1.6516960640292173
59	69	1.7920653923828087
60	60	NaN
60	61	1.4954033581912907
60	62	-0.14023099805471279
60	63	1.2406890824899703
60	64	-1.4928900435501506
60	65	19.549424363969106
60	66	2.4364927714548195
60	67	-2.2258345691206443
60	68	-1.9544708769844878
60	69	-1.6313475594670799
61	61	NaN
61	62	3.0219564542384303
61	63	3.075850624704573
61	64	4.774041438131361
61	65	-2.0116364252130055
61	66	1.2092381242655819
61	67	17.376274861840557
61	68	-2.8769286642624543
61	69	1.1862233529972153
62	62	NaN
62	63	3.5432964179357667
62	64	1.2715210850763836
62	65	-1.0890100124753155
62	66	-3.2803386198027327
62	67	1.590555522483044
62	68	-0.1691577775122007
62	69	-0.20750699850792947
63	63	NaN
63	64	0.5718433787185266
63	65	2.0922397812933062
63	66	0.27216606081416217
63	67	-1.9593657347334315
63	68	-4.175631372693113
63	69	-1.5844050278728314
64	64	NaN
64	65	2.385483749401023
64	66	-2.435795120887907
64	67	-1.4264493453089435
64	68	0.2790880943979397
64	69	0.34314764978360807
65	65	NaN
65	66	2.4174866220897644
65	67	-1.008497985819208
65	68	-2.6810245117508895
65	69	0.962437631789228
66	66	NaN
66	67	-2.2757531390646917
66	68	-0.23000510111646838
66	69	-0.768384936704334
67	67	NaN
67	68	4.004183437930308
67	69	3.800982801605635
68	68	NaN
68	69	0.977489137714007
69	69	NaN
