1	1	NaN
1	2	-0.3797826939129411
1	3	1.4488324255942002
1	4	2.0178098489207468
1	5	6.058194354697409
1	6	0.20164106449662803
1	7	0.7533013619474047
1	8	1.1308197752258022
1	9	2.398015597455379
1	10	-2.665076381505873
1	11	-1.2461464818936592
1	12	-2.511644419242306
1	13	-0.4402758053999699
1	14	2.224224354364582
1	15	-1.2904476296014373
1	16	-0.6424554114818775
1	17	-1.4250299569175757
1	18	1.1045121699028273
1	19	-1.1402704314410983
1	20	0.17106089093076707
1	21	-1.6886787693212948
1	22	-1.7201728744189508
1	23	-3.339155485538203
1	24	0.049383791899821915
1	25	-0.935702118043564
1	26	-2.1921754985352306
1	27	0.10194335163835076
1	28	-0.5084341268786308
1	29	-1.7092941534402606
1	30	-0.35806402418897726
1	31	2.4526660023692055
1	32	2.6965430008327513
1	33	0.8007047897704598
1	34	-2.3282669394712814
1	35	0.536154243367984
1	36	8.30486575172863
1	37	0.058918263864742006
1	38	0.086244210115181
1	39	-0.4011809305344663
1	40	0.13029700206456082
1	41	0.3660682566330445
1	42	-0.30786695414399023
1	43	0.3829037396168811
1	44	-1.6073731561469897
1	45	-0.7178773131955554
1	46	0.646534563018911
1	47	-2.2251136925576582
1	48	-3.138733022177769
1	49	0.5103310461524739
1	50	0.8719362439635904
1	51	-3.735689937985956
1	52	1.3079662427407972
1	53	0.11456908455763029
1	54	1.268582855500877
1	55	0.7988351547704536
1	56	0.1618943715893853
1	57	1.2831068632601192
1	58	5.009956412934318
1	59	-2.057711870372943
1	60	-3.822705075757101
1	61	-2.0134147100164164
1	62	1.8492056453420815
1	63	-1.3228201681565752
1	64	0.053956152058566194
1	65	0.4260071200327288
1	66	-1.0480326761398118
1	67	0.06053329075376236
1	68	-1.299746215322197
1	69	-2.027519277274367
2	2	NaN
2	3	4.889075127920615
2	4	0.5587140424914596
2	5	1.5359093011060916
2	6	0.20199495933983933
2	7	0.9893924050655369
2	8	-1.9216525513442937
2	9	-0.6475330643047907
2	10	-0.8222962422450744
2	11	-0.9106561854854248
2	12	0.09006051855179961
2	13	-2.020812323458881
2	14	1.4420837963130033
2	15	2.6740443419589512
2	16	3.544666779216393
2	17	-2.500117060562705
2	18	0.5800723437445132
2	19	1.6301528647451802
2	20	-3.5258730778945377
2	21	0.0972930253395827
2	22	-0.6115877207395225
2	23	-0.4989756975282204
2	24	-0.4987361891349063
2	25	1.542489556880563
2	26	2.2702236095807247
2	27	0.21236277933145672
2	28	-1.6174715601472527
2	29	3.674919354175961
2	30	3.7746191581540547
2	31	-3.243475541740047
2	32	1.4176864348220108
2	33	-1.323795254187981
2	34	-2.2014517027999565
2	35	-1.9714106566531355
2	36	0.873803180436763
2	37	-0.7552038054782987
2	38	1.0750755151526115
2	39	0.7553905422781985
2	40	-2.0505100607190583
2	41	-1.592542966016075
2	42	-0.5260552033467812
2	43	-3.091561501405548
2	44	-0.5319389282125906
2	45	2.4515486974739447
2	46	2.300300086071506
2	47	-0.42807769651517097
2	48	0.7340805229453911
2	49	-2.163133117342051
2	50	0.3931277563114012
2	51	-1.2536027790953659
2	52	-1.5501329777920518
2	53	-2.405449637034623
2	54	0.1831549692687566
2	55	-1.5561033609508383
2	56	1.3700736852698159
2	57	1.0024146514819943
2	58	-0.2926425212031067
2	59	0.8874261698978162
2	60	0.4651288185402307
2	61	0.4220053022980079
2	62	3.674216266221825
2	63	-0.5071600142248424
2	64	-1.284347699466939
2	65	0.5035366381416303
2	66	4.143172435729128
2	67	0.7123373133517759
2	68	0.15753207610715528
2	69	-0.9823833859127165
3	3	NaN
3	4	1.5722863191283871
3	5	-0.28419205461851066
3	6	-0.6436357864372063
3	7	-1.9621039768215092
3	8	1.395707228640058
3	9	-2.696512691704869
3	10	0.13940226362403946
3	11	0.34036906500122566
3	12	0.4521143433618356
3	13	-2.0987871262037943
3	14	-0.14063102569619196
3	15	0.23725758800761584
3	16	0.139815483164283
3	17	-3.7659645955877368
3	18	-0.2879656814120374
3	19	5.024051222507332
3	20	-0.6471494217725465
3	21	3.111563765257001
3	22	0.025978699209185076
3	23	-0.20388332386593863
3	24	-3.9878693869350506
3	25	-0.11037283794822227
3	26	-0.5599629073206449
3	27	-0.05823604451649188
3	28	-2.26532895273782
3	29	-0.48813233395434114
3	30	4.188729454963582
3	31	-0.9912211060298695
3	32	-0.12984782017076021
3	33	-0.6702669977577169
3	34	0.4602737646351016
3	35	-1.8871462807386141
3	36	1.3708352165736364
3	37	-1.7260829869109096
3	38	-1.3689723300488894
3	39	3.236425951208541
3	40	-2.6044785070722365
3	41	-0.4277252784283305
3	42	0.8439921287011924
3	43	1.5710197400822188
3	44	0.15014546629048728
3	45	0.3558600675388911
3	46	0.39161795052431175
3	47	-0.34501034237861833
3	48	-1.8388314955784948
3	49	-1.394767960122847
3	50	1.2207643599572158
3	51	0.3746968948056735
3	52	2.186325797935982
3	53	-0.025671857110324787
3	54	-0.9801476908303766
3	55	-2.5728686257817746
3	56	-0.4032310086715101
3	57	-3.2554830372183967
3	58	-1.6971631817094086
3	59	-0.7515535886230355
3	60	2.516961089337006
3	61	0.32651739729854645
3	62	1.2277429847818087
3	63	1.5006051946183625
3	64	-1.1413502927456047
3	65	-0.6626126952518409
3	66	0.21393488562037255
3	67	2.012330601315131
3	68	1.8675291063771389
3	69	1.132567461083345
4	4	NaN
4	5	-2.690353604283999
4	6	3.654044047496078
4	7	2.3780177030567278
4	8	-0.2039624977500613
4	9	2.9666307997569183
4	10	-1.6577485950219866
4	11	0.6047188308246083
4	12	0.38545017149869654
4	13	2.0711465541555283
4	14	-0.018361462749404048
4	15	-2.3668863723368676
4	16	-0.21730872853053163
4	17	3.16618766421836
4	18	-1.3139275984247498
4	19	-0.8808653182576394
4	20	1.9179674498294035
4	21	-3.159758833761203
4	22	0.40622124173516777
4	23	-1.564495514942857
4	24	4.554809046060899
4	25	-0.585612253271788
4	26	-3.500684195595707
4	27	0.7583608534331513
4	28	-0.7117673203886057
4	29	-4.3681390453776325
4	30	-4.883332881946562
4	31	0.7698530222113392
4	32	0.03464590246037616
4	33	3.0281815985552067
4	34	-0.822368519699456
4	35	2.0835458411168233
4	36	-2.1876615972590887
4	37	1.4187102544421373
4	38	1.9408913959129652
4	39	-2.475823604532785
4	40	0.4413354567986491
4	41	0.8229592327754531
4	42	-2.2300741098306895
4	43	0.3425916295021725
4	44	0.5879037188963485
4	45	-1.6342287246448348
4	46	1.4480776903765125
4	47	-0.06260154880647824
4	48	-1.190476367130469
4	49	2.564923406492334
4	50	-1.3953888122921758
4	51	-3.134063996845678
4	52	2.693420921217623
4	53	0.5979376004100277
4	54	0.3727659772124555
4	55	2.4346797811143706
4	56	2.556825791181947
4	57	2.8508064392398227
4	58	-5.2044286368636365
4	59	-1.4070941286826646
4	60	-3.9005633675908222
4	61	-0.6965232957220728
4	62	-2.5960762335688434
4	63	-0.3510270404147921
4	64	3.9969493864649808
4	65	0.91642660033413
4	66	1.7709895935968054
4	67	-1.460667001936817
4	68	-2.3473052640151417
4	69	-2.2173297785810453
5	5	NaN
5	6	-2.4827616552680447
5	7	-0.8984267875440187
5	8	-5.274193377548511
5	9	-3.1735279141675856
5	10	-0.22250873139341418
5	11	-0.654304030866787
5	12	0.02483255323371831
5	13	0.431644433715096
5	14	-2.045396516379874
5	15	-0.6733675471589444
5	16	-1.4288785718712769
5	17	-0.026819883212249086
5	18	-5.520830806320409
5	19	-0.5522071058915815
5	20	-0.5549507291252468
5	21	-0.28762071062182143
5	22	-0.4422398050264318
5	23	-0.09428179251334823
5	24	-1.0674950696748735
5	25	-4.353022494656071
5	26	-1.3021532551098456
5	27	-0.6315496692443822
5	28	0.5504708913535638
5	29	-1.487954424460872
5	30	-0.4601938106224237
5	31	-3.673124577344038
5	32	-0.32797445908682593
5	33	-1.7361963294193385
5	34	66.76386736445123
5	35	-2.503454190889903
5	36	1.8345029288351031
5	37	-3.1349612858098808
5	38	-1.2904165358666617
5	39	-0.3702114886053881
5	40	-2.334792477415805
5	41	-0.8585901253906609
5	42	1.0018362702806782
5	43	0.9989236240522479
5	44	-0.3087990051016146
5	45	2.141113494916237
5	46	1.5450448465208715
5	47	0.5786882982403915
5	48	0.6630112523656617
5	49	-1.470483890993493
5	50	-4.193313639640479
5	51	-3.564129806179821
5	52	-3.169540657696786
5	53	-2.566854726609538
5	54	-1.2120267164116678
5	55	-0.578520101339992
5	56	0.25017546596963763
5	57	-3.407524401638044
5	58	-1.831185261532369
5	59	-0.6323655206534508
5	60	-0.9536345750940343
5	61	-0.5772294740057027
5	62	0.3274239388427091
5	63	-2.345145443855393
5	64	-1.310135423719057
5	65	-2.9780992356517895
5	66	-1.5802794557901232
5	67	4.867438306329106
5	68	3.6705405705741456
5	69	-1.0954063379505696
6	6	NaN
6	7	2.0711571359675465
6	8	2.6666691184201796
6	9	4.426752089024689
6	10	-0.07345327575237276
6	11	2.1151907291567986
6	12	-1.367488258744306
6	13	-0.5341258806171747
6	14	-0.5711308431171217
6	15	-3.257098416488165
6	16	-1.1680485881414566
6	17	0.05515443582542493
6	18	-0.16931438202070026
6	19	0.20296543677457124
6	20	1.0002439095151423
6	21	-3.62352793548428
6	22	0.03393083137050044
6	23	-1.6232174203088658
6	24	4.130061748245072
6	25	-0.35929501637016004
6	26	-1.7967469869013628
6	27	0.08142236734027236
6	28	-1.4600562391093128
6	29	-2.8558235732553765
6	30	-2.253899906760585
6	31	-0.3379918120169241
6	32	-1.7298185796869912
6	33	3.412139171900246
6	34	-3.351212596196074
6	35	2.5956468667286257
6	36	-1.1584229271275501
6	37	-0.788916717230425
6	38	1.6495618748472345
6	39	-0.4278226499671528
6	40	2.7170922415303087
6	41	-0.7635798232592031
6	42	-0.06928455016934298
6	43	-2.0389965631174403
6	44	-1.2756453644821266
6	45	-1.1667499972871442
6	46	-1.274022159185981
6	47	1.506696660265833
6	48	-1.198019949002815
6	49	2.2464718761730027
6	50	-1.4674129507322309
6	51	0.9046098795544807
6	52	2.3636711531386547
6	53	-0.11966562245655142
6	54	-0.455501665827674
6	55	2.29903088861236
6	56	-0.5660153411702045
6	57	3.088679650889659
6	58	-2.20346399226519
6	59	1.989683883387982
6	60	-0.6633362334286136
6	61	-0.5875736665222712
6	62	-2.575941007443877
6	63	-1.300817853168624
6	64	1.7257364783998503
6	65	2.693012503492272
6	66	-0.4213190547083187
6	67	-2.7534313218066298
6	68	-1.2622326896708709
6	69	-1.169009651179529
7	7	NaN
7	8	-0.8757084668848234
7	9	1.652508242445187
7	10	-0.9355833175966961
7	11	-2.1495812554894296
7	12	-1.1595017753349366
7	13	-0.8245294700200722
7	14	-1.4514328055457173
7	15	-2.4419573651057593
7	16	-1.582909616138782
7	17	1.5964844271261167
7	18	-0.8565000418863942
7	19	0.06411115985842848
7	20	0.8756160171306854
7	21	-0.7131328209590757
7	22	-1.1360550619890608
7	23	-0.8052869098689246
7	24	1.7108453834915858
7	25	-1.199879112795983
7	26	-1.051400718667156
7	27	0.659863116253509
7	28	-0.4138601412338577
7	29	1.317933532375601
7	30	-0.821108698772549
7	31	0.3966090428024357
7	32	-0.5076875117565239
7	33	-0.5596572470765128
7	34	-1.9294604950999747
7	35	1.6096103947121174
7	36	1.3006760641171153
7	37	-0.7155965024569934
7	38	0.811456605500673
7	39	-1.566080251871637
7	40	2.900515103603721
7	41	-0.07352816331925109
7	42	3.154637242104439
7	43	0.19655240899584006
7	44	1.972984251874555
7	45	-0.21444979962733407
7	46	-3.708934712410126
7	47	-0.41595423341756477
7	48	0.10326696471924973
7	49	1.0272731474003345
7	50	-1.4183996618352819
7	51	-2.0644893557268564
7	52	3.9095099470075168
7	53	2.711463480330533
7	54	0.05001227794255513
7	55	2.046845044760319
7	56	2.2839969481909796
7	57	1.1251905281229764
7	58	-0.5487962666998246
7	59	1.4961783307585825
7	60	-0.8534804102228207
7	61	-0.3747112813251148
7	62	-2.6338444109347035
7	63	-2.4087670084724486
7	64	0.03610086760710292
7	65	-1.6859434927926407
7	66	-0.7349161921565801
7	67	-1.1200158432898517
7	68	-1.4756314891168771
7	69	-0.3865839355511457
8	8	NaN
8	9	2.3575544768112957
8	10	-2.6465727398625396
8	11	-0.10750516474435594
8	12	-5.622422135522187
8	13	-2.051364259719708
8	14	-0.26219589795548026
8	15	-2.598181715497583
8	16	-0.40819972922664394
8	17	-0.36100682334725753
8	18	-1.695979123823085
8	19	-6.323829948616673
8	20	0.27413534032279174
8	21	-4.726281403961973
8	22	-1.1899665722917911
8	23	1.0651313292698328
8	24	2.714508921943235
8	25	-5.008903964686365
8	26	-1.9720848454093225
8	27	0.7637573903646306
8	28	-3.5188296007959905
8	29	-6.322086644984219
8	30	-4.645298840514585
8	31	-0.2153177446224021
8	32	-1.5656162000021683
8	33	-0.01900414352936275
8	34	-1.2215892150191026
8	35	1.256876798414931
8	36	-1.535530362400656
8	37	62.21781086008614
8	38	1.3726411747151706
8	39	0.01996944970796925
8	40	-0.478672117601543
8	41	-0.353026726180749
8	42	-1.533211239580604
8	43	-1.27239413886782
8	44	-0.09035713084596282
8	45	-2.2700168854630807
8	46	-4.9412163130317035
8	47	-1.8053872154914727
8	48	-1.8827029689650614
8	49	-0.3097468292962291
8	50	-5.0118140290786855
8	51	-0.8326779117314927
8	52	-0.6860247606590609
8	53	24.20867059792371
8	54	-2.1867304630772786
8	55	1.953310263983198
8	56	0.7572028882899675
8	57	0.8026103681597886
8	58	-4.89893254862281
8	59	-0.8349793227700092
8	60	-1.1545555860349108
8	61	-0.9096096663135457
8	62	-3.4672803017829894
8	63	-0.7547305263726352
8	64	-0.3640281087390827
8	65	1.2998912435456724
8	66	-2.622202686236397
8	67	-0.9742905116410574
8	68	0.5785962510625088
8	69	-1.7784136990302015
9	9	NaN
9	10	1.1428625092781053
9	11	-2.787842551311949
9	12	-2.297947603844862
9	13	0.4028616149248378
9	14	-2.6872765629887554
9	15	-2.031577596360935
9	16	-0.7991329835149888
9	17	1.289600695337454
9	18	0.3639492924048552
9	19	-2.0334778539165206
9	20	0.6429051152950064
9	21	-0.6162143564284902
9	22	-2.247970500000322
9	23	-1.2004129489924769
9	24	3.873913832164044
9	25	-3.6781486500749128
9	26	0.46177011505712096
9	27	6.062938349753347
9	28	-3.1810730635154023
9	29	-1.5125894741653583
9	30	3.3479526766687275
9	31	-0.6907284487872157
9	32	-4.003942213467277
9	33	2.193592480013093
9	34	-1.6255060214693806
9	35	5.339656888620924
9	36	1.145751261586475
9	37	-0.9040225115718319
9	38	1.5672599782892496
9	39	-2.1959931187745827
9	40	3.800221919563961
9	41	-1.6876377332090355
9	42	-2.402599374288919
9	43	-0.23799621689531553
9	44	-1.3144121419416384
9	45	-3.4240675525920055
9	46	-0.7535616508298556
9	47	0.4110355546508902
9	48	-3.398085229042359
9	49	2.206003496309748
9	50	0.9317423180380131
9	51	1.2930704960616632
9	52	-0.4540974580883176
9	53	-0.03269836337044219
9	54	-1.2288384203636258
9	55	0.8466768702282798
9	56	3.426804553860593
9	57	4.557975366967069
9	58	0.5284524352963816
9	59	0.3734450846108136
9	60	-1.7503203922168935
9	61	0.2596614530382148
9	62	-0.9650085470128148
9	63	-3.016867689958754
9	64	1.1768532095817408
9	65	2.9921528882868857
9	66	0.6026110522086064
9	67	-2.6815243775841897
9	68	-0.3789549120758549
9	69	-3.9864555341994934
10	10	NaN
10	11	2.4838931421029273
10	12	-1.378407691557107
10	13	-1.4179572277651082
10	14	-2.482664320491792
10	15	-0.719454694020433
10	16	-0.4640303163538792
10	17	7.113806792841823
10	18	-0.7380184899402131
10	19	2.3230749145918583
10	20	-2.1404449040641174
10	21	-0.6389431479545252
10	22	1.4681961942333142
10	23	-2.619636719306158
10	24	-1.8528616245510114
10	25	1.0866586859884224
10	26	-0.41626401655145456
10	27	-1.080137512242302
10	28	0.9159214404800615
10	29	2.077400155295979
10	30	-0.7532899467173502
10	31	-2.061661034840939
10	32	-0.18312364613280158
10	33	-0.44226492440971066
10	34	-1.2371675954787829
10	35	1.6423250652002421
10	36	2.5666494802769035
10	37	4.254005961521497
10	38	-1.8161770681836629
10	39	0.31883051111265764
10	40	0.309732920969239
10	41	-1.8912885592341937
10	42	1.8389743965208762
10	43	1.4622892375314371
10	44	-0.5505446923956169
10	45	-1.4274412319694452
10	46	-0.8966924702581494
10	47	0.3355936048540186
10	48	2.581925447629799
10	49	2.0134573333634793
10	50	0.20370688089487732
10	51	-0.7139967124999684
10	52	1.9782358123755832
10	53	0.6754664036590682
10	54	-1.553563107352253
10	55	2.5813283774170763
10	56	-0.13315123086181563
10	57	-1.030920085957589
10	58	-4.9386606030684
10	59	0.8633463703786329
10	60	1.896837002091465
10	61	0.24034196012409437
10	62	-1.1379942313995621
10	63	0.7763492824706643
10	64	0.4347891397986445
10	65	0.4098910810907821
10	66	-1.1105903573942821
10	67	-1.3573249536208967
10	68	2.14359737752557
10	69	0.6070927216616496
11	11	NaN
11	12	1.7966768784835574
11	13	-1.0810470532347929
11	14	-0.9244491128267348
11	15	-0.8371509981890513
11	16	0.0003015356246802146
11	17	-1.7922846400649708
11	18	-2.8887854130707473
11	19	-0.4080573056719814
11	20	-1.3229613510233702
11	21	-0.14625429521928204
11	22	1.9290975198219558
11	23	-1.2962821034389644
11	24	-0.8677316988661223
11	25	-0.1448684707750416
11	26	1.8690292084937508
11	27	-0.8945966309987667
11	28	2.5543781847156315
11	29	-2.3893149998616066
11	30	2.785807820939434
11	31	-2.0173147528356075
11	32	1.4333763179955668
11	33	-2.1654160378400538
11	34	0.13699639925145696
11	35	-2.9056642354935844
11	36	0.3495405837677159
11	37	-1.002552417551131
11	38	-0.6425531961463998
11	39	11.703368930972356
11	40	2.7973069810249056
11	41	3.891825637795043
11	42	-1.9715521686362332
11	43	3.491099202798793
11	44	1.2600622665777896
11	45	0.19988386835978778
11	46	-1.271114729996371
11	47	-0.7827065679526113
11	48	1.7188465474841497
11	49	-0.06023521623747278
11	50	0.25915398668474965
11	51	-1.8611123485847874
11	52	2.5614442431508175
11	53	0.024090316812968873
11	54	-2.420797756464069
11	55	-0.29345583961438426
11	56	-0.05376702636190361
11	57	0.16254852003944015
11	58	-0.22505427457525132
11	59	0.10411651925494252
11	60	-0.9215154478102878
11	61	0.48755916639490443
11	62	-1.1511946968383808
11	63	-1.3134249971624112
11	64	0.4562404768384748
11	65	-1.1607569898041858
11	66	-2.171280012966782
11	67	-1.2664882503409303
11	68	-0.04749907313075377
11	69	-1.1304920006403347
12	12	NaN
12	13	2.144893576453124
12	14	3.230636697573571
12	15	1.8770826992333667
12	16	-0.900274474636654
12	17	0.4470658462392058
12	18	0.7237910874477407
12	19	0.6612502004631348
12	20	-0.07980311224705128
12	21	2.0973643627557212
12	22	-0.5774106554603275
12	23	-0.9850659969640142
12	24	-2.606549341030236
12	25	-0.17638491826232525
12	26	-1.8883986543996054
12	27	-2.619479021158482
12	28	0.03250604908958222
12	29	3.449664246007402
12	30	-1.6578613402822502
12	31	0.26595233578159155
12	32	3.977041216358154
12	33	0.5822417391240755
12	34	-0.21638477678127802
12	35	-2.230064898447595
12	36	0.3326221386464354
12	37	-2.350710847812474
12	38	-0.4359304605066667
12	39	14.238853000247937
12	40	-2.7423343412803516
12	41	0.7619344021000172
12	42	-4.212669738789591
12	43	-1.1007034877096156
12	44	-0.013916032826521608
12	45	0.7206348798301188
12	46	3.1294132496844123
12	47	1.349165829637352
12	48	1.2848453273625329
12	49	-1.1113059406801051
12	50	1.8902598997577718
12	51	-2.985889803266418
12	52	-1.8495221329044744
12	53	-0.44451904253274277
12	54	2.374709264520413
12	55	-2.1971329413191785
12	56	-2.96871353870907
12	57	-1.8484106020849558
12	58	-0.5336374599606534
12	59	3.0924147188197426
12	60	2.1395070734415156
12	61	2.141452889840174
12	62	1.6613381520990176
12	63	1.2510407743578273
12	64	-0.28902075805896726
12	65	-1.8277553051756603
12	66	1.8825098793579171
12	67	-1.315969059046917
12	68	-0.024451825929178182
12	69	-0.0074516009203072124
13	13	NaN
13	14	4.846347250093024
13	15	2.5162447789187867
13	16	1.3142733802759023
13	17	0.475087692151619
13	18	-1.936202742551017
13	19	-3.754648064039611
13	20	-1.2114288135864135
13	21	1.2931034732725926
13	22	1.7795076046747502
13	23	0.8494857280519501
13	24	-1.5673348009180734
13	25	-2.1111701497625757
13	26	0.7967408240081949
13	27	-0.4472169834403308
13	28	1.7652707434198986
13	29	1.4854126370340401
13	30	-0.3802395971387288
13	31	-0.22859608751653826
13	32	1.746647164624057
13	33	1.6584786438339392
13	34	-3.6178906393389654
13	35	3.3194967976139753
13	36	-1.5275384419043996
13	37	0.5634866162208145
13	38	-0.7558532441714567
13	39	-0.69184215765309
13	40	-0.10369468002328901
13	41	4.4900818741710395
13	42	-1.3829702477468413
13	43	0.6396339435202504
13	44	0.50045386551034
13	45	2.508421498409647
13	46	0.890312796540597
13	47	-3.6284307838850096
13	48	0.7269728592702549
13	49	0.6296084652388061
13	50	-2.5605007453057134
13	51	0.20705002209637433
13	52	-1.3715572944161634
13	53	-2.867650016112692
13	54	-0.8111933286528612
13	55	-2.908429461880778
13	56	-2.144561149765476
13	57	1.4817431357672222
13	58	3.305588818005522
13	59	2.051035209863884
13	60	-2.888360917824027
13	61	1.5568711612168948
13	62	2.4893288417488546
13	63	4.221851757632101
13	64	2.5552459511638936
13	65	-1.8292308793242578
13	66	-3.340644189866651
13	67	4.593280386152179
13	68	-1.2089425806849576
13	69	-3.2892342302248654
14	14	NaN
14	15	3.323461244992221
14	16	0.5920400881168354
14	17	-0.5207225895966713
14	18	-0.11348607493360491
14	19	-1.0677170412858248
14	20	-1.8904893255946433
14	21	1.7485567897848464
14	22	3.7647941722717064
14	23	-0.21022772494592468
14	24	-1.6556197162245865
14	25	2.5518126473313387
14	26	1.2802574450817497
14	27	0.13588207889544804
14	28	2.3249758673872902
14	29	-0.022829304078523686
14	30	-0.38007032251375256
14	31	1.4123120915119498
14	32	-1.5440969096557198
14	33	-0.382913747522072
14	34	-0.04780150322616393
14	35	-0.15777330091100528
14	36	-2.262870367325727
14	37	-2.2554371781447125
14	38	-2.5685655781017163
14	39	-1.7811808608405537
14	40	-0.6858439955432329
14	41	-1.085808239198659
14	42	-2.2745942297195683
14	43	1.9078141614860893
14	44	2.7116244981372395
14	45	0.17433058938128018
14	46	-1.184534254860332
14	47	0.5163551083098049
14	48	-1.5214587016159664
14	49	-3.2148960126567023
14	50	2.8125277134803235
14	51	0.28936548664668404
14	52	-0.5293174864442142
14	53	-1.505921383293884
14	54	-0.29468334677236246
14	55	0.2921926781499634
14	56	-1.2760968364487837
14	57	1.064757073984688
14	58	-1.2439610820524396
14	59	0.9550908483625086
14	60	-2.4887431143721006
14	61	3.1514621326847028
14	62	0.19111084051953486
14	63	2.364565995772431
14	64	-1.3680985152250458
14	65	-2.8754593924961465
14	66	0.007812358553670515
14	67	0.7291693865129273
14	68	3.4704327208985823
14	69	0.6929322773945653
15	15	NaN
15	16	3.4674889471056574
15	17	-0.6631407118583624
15	18	-0.7320855562957753
15	19	15.65481728733726
15	20	-1.0271845350409248
15	21	1.566265494693333
15	22	3.0832742846841943
15	23	1.4248082713535137
15	24	-3.973522502232841
15	25	0.7406029417036901
15	26	-0.7261999198801864
15	27	2.1342070674397235
15	28	-1.8102852357966197
15	29	1.515676725760615
15	30	-2.522181356049675
15	31	-0.4526691300453668
15	32	0.40460394376155906
15	33	1.9471773488578374
15	34	0.6612948512898515
15	35	-3.2456091050803533
15	36	-0.7413559181245858
15	37	-3.574124440267279
15	38	-2.1018742591077197
15	39	-0.2316277134857618
15	40	-1.24250347712954
15	41	-2.7883594729334034
15	42	4.166841992535946
15	43	0.43904597379755994
15	44	2.4378267454070555
15	45	1.3110457203192982
15	46	4.0349925126265145
15	47	-2.0723720615717753
15	48	-0.6530746403538161
15	49	-0.8165866119800553
15	50	0.8238615965089613
15	51	-1.4974152022495117
15	52	-2.846684501471788
15	53	-2.489022009025751
15	54	1.016908577886124
15	55	-2.819387973510401
15	56	0.01741174418268442
15	57	2.378636703465844
15	58	0.12480484435196226
15	59	-2.0620579345144776
15	60	3.7399801044797485
15	61	0.3140313603143133
15	62	1.1538577169411248
15	63	2.613247170595171
15	64	-0.8024841864526931
15	65	-2.189064397221795
15	66	-1.4972145547843494
15	67	0.3369470367415375
15	68	-2.3647297715879283
15	69	3.2620595943375235
16	16	NaN
16	17	-1.0603936530864826
16	18	5.057870149729177
16	19	0.14379178107139023
16	20	0.2056965335139177
16	21	-1.5304638202105891
16	22	-0.054800758790216016
16	23	0.2022859912720106
16	24	0.281118880266595
16	25	-1.047480317662758
16	26	-3.4709014741116815
16	27	-1.8069693105078803
16	28	1.1056232070563188
16	29	-2.5275370447517713
16	30	4.035120016519924
16	31	-2.3534864826596764
16	32	-0.6052984521952001
16	33	-1.675870923336142
16	34	-2.023848211731067
16	35	-2.478916175749313
16	36	2.225985871465717
16	37	-5.270444679651727
16	38	-0.5760769767278362
16	39	1.2432851212080631
16	40	-0.4107496655002552
16	41	2.666975417796731
16	42	-0.4543313559299797
16	43	-1.9986739993088045
16	44	0.4812308213148288
16	45	1.3512690347294845
16	46	1.5810196437717754
16	47	-4.1493713973575925
16	48	2.617115572445841
16	49	-3.2819892921741545
16	50	0.9081311809478565
16	51	4.210460615669237
16	52	-2.845603497578904
16	53	4.7281709219761785
16	54	-0.07561034490008753
16	55	0.8818122691533938
16	56	0.24790615678613825
16	57	-2.83660105932313
16	58	1.6022009113128495
16	59	-1.5246018912251316
16	60	3.1481655368478143
16	61	-0.240200800677343
16	62	0.455820335084956
16	63	-2.0539499670669117
16	64	-1.2126912804504624
16	65	-1.8857350316944346
16	66	0.9359429597794585
16	67	-2.0408308489448177
16	68	0.712643299758072
16	69	12.564652692866469
17	17	NaN
17	18	-0.5381156956230677
17	19	-1.9559589623389453
17	20	2.7274953700348674
17	21	-2.4457897436726403
17	22	-1.475602271495215
17	23	0.7506887732449046
17	24	0.10012550816576973
17	25	-2.0476543332699
17	26	-0.6155647462843464
17	27	-0.9761402830851399
17	28	-2.4397225434664223
17	29	-0.5588216670973489
17	30	-0.7226853253318507
17	31	-0.7513981235373682
17	32	0.0010479113410942248
17	33	-0.17897203026533867
17	34	-0.48691367016711673
17	35	0.7106122538852593
17	36	3.0079820559246535
17	37	-2.0328788114523464
17	38	-0.6133593641656779
17	39	0.5659688564327263
17	40	2.241380126566629
17	41	-1.6216175404713247
17	42	-0.8126137284161541
17	43	0.8929281255458805
17	44	2.182562545342601
17	45	-0.4569205713483111
17	46	-2.046874667693576
17	47	2.1355355383068924
17	48	1.5047439695550746
17	49	1.0492988138529649
17	50	-1.8281705632382481
17	51	-2.199056806638982
17	52	1.292838083546328
17	53	4.893046605869734
17	54	0.9091122813066076
17	55	-1.013763464005007
17	56	-0.7965831831364786
17	57	1.3872855856689776
17	58	-2.019697653058534
17	59	1.1607605102339422
17	60	-2.5437141381618225
17	61	-0.04408639176840432
17	62	-0.3622515714137826
17	63	-3.2078129481940993
17	64	0.6374655733200704
17	65	-0.9382418765603148
17	66	0.921038045521276
17	67	-0.46292389993223526
17	68	2.6431783176797294
17	69	0.08377675869015201
18	18	NaN
18	19	4.134816803903819
18	20	1.342215681494241
18	21	-0.03801668672466229
18	22	2.7982488061835564
18	23	-3.013780856466975
18	24	2.6249861429180656
18	25	0.12155012417826172
18	26	-3.2268283978161607
18	27	-1.5748835580109621
18	28	0.9478363837995375
18	29	0.4789958452119232
18	30	-0.494430522204894
18	31	2.5960799678269253
18	32	1.4455329437474582
18	33	-0.42540529707192404
18	34	0.6469689592004356
18	35	2.950357840114112
18	36	-0.462696338367364
18	37	-2.278339225463992
18	38	-2.169547756755382
18	39	-4.279226627973804
18	40	-0.7817799458399033
18	41	0.6030755133189554
18	42	4.134529184090118
18	43	0.8665336537025927
18	44	-0.8227995895148424
18	45	-0.9178062749574932
18	46	1.683491510408964
18	47	2.5276481011492486
18	48	0.40019078145155257
18	49	0.0600690090389991
18	50	1.7583971549142512
18	51	4.04099247172929
18	52	-3.195752945704343
18	53	-2.8603481684039087
18	54	-1.362128114062534
18	55	-1.1739304709809402
18	56	0.6518379157693118
18	57	-0.4129277585534152
18	58	1.745421514832666
18	59	-1.2819212849804964
18	60	-0.31790503351440963
18	61	-1.4777672768579198
18	62	5.607861257049818
18	63	0.4818659238181929
18	64	-1.1035593368561447
18	65	4.151740735076851
18	66	0.15923576091369887
18	67	1.0008979454968385
18	68	-2.869591266580225
18	69	-0.18084007118483472
19	19	NaN
19	20	1.5536322820284387
19	21	3.464285060078265
19	22	3.0221021381530417
19	23	-3.0246056578033396
19	24	-3.661013877955158
19	25	0.01655384859024606
19	26	0.7007903759020361
19	27	-4.0794367013672685
19	28	0.6988283841641927
19	29	-0.20448615358142644
19	30	1.7244549312518493
19	31	3.299469812178564
19	32	0.4977499471957882
19	33	1.4946448188280792
19	34	-2.0427948732121677
19	35	-2.00171205356383
19	36	0.5798604498533836
19	37	-4.450154710365536
19	38	1.763431695353456
19	39	0.2416703876114992
19	40	-0.8058541407768911
19	41	2.3107133300691953
19	42	6.046811930299849
19	43	-3.4546152631372635
19	44	-0.44260792621789447
19	45	1.2529447129208597
19	46	-2.024490849427851
19	47	-2.604444764062988
19	48	5.202527307665332
19	49	-2.2409474563598275
19	50	0.6909957292250876
19	51	0.6157263225354903
19	52	-0.3162782096066986
19	53	-0.7963120405447669
19	54	3.726676695067908
19	55	0.07501996480180925
19	56	-0.2517834749231223
19	57	-2.21630914293457
19	58	-2.9200822908850435
19	59	0.31580361303733984
19	60	2.2001546481961154
19	61	-0.5114643835897875
19	62	-1.5858451292093467
19	63	-1.9556770713820835
19	64	-1.045652636722265
19	65	-3.2546870645287864
19	66	-0.9362258376944931
19	67	2.108556179604996
19	68	-0.33429929357607757
19	69	1.001559242130938
20	20	NaN
20	21	0.35098935442846224
20	22	3.1198062426919377
20	23	-0.5209842889435262
20	24	-0.21429980299555054
20	25	-0.9465699526329997
20	26	-0.7538526375371556
20	27	-0.6264451885579494
20	28	1.0812538429636351
20	29	-1.0834646479853336
20	30	-0.06946922911989636
20	31	0.9228015171927799
20	32	0.6634059116681507
20	33	0.6206430337890487
20	34	-1.561563863988781
20	35	2.561250078043805
20	36	-0.0908070281808975
20	37	-1.6524853945579328
20	38	0.9714739733711528
20	39	-3.1818387532527375
20	40	1.5281862548579914
20	41	-2.3132378107758553
20	42	-0.6269930084920635
20	43	-1.0991569160751793
20	44	-0.5303542233120084
20	45	-1.6059457288483536
20	46	0.3131599509400007
20	47	0.8958578307928277
20	48	-2.021135908907742
20	49	1.768451741849815
20	50	-0.5863036757057929
20	51	0.2998142306644509
20	52	1.4763486259726049
20	53	-0.4724810099077736
20	54	0.8669064955093757
20	55	0.06860432194038249
20	56	-0.755058003667308
20	57	2.002912111863015
20	58	-1.987208471060709
20	59	3.0009552563932185
20	60	-2.0061089368660587
20	61	-0.9257924611370361
20	62	-5.6028052968091595
20	63	0.777153832612981
20	64	1.0208047741437511
20	65	0.5238158844981716
20	66	-0.27140468367118203
20	67	-1.7278752771362278
20	68	-2.9945358892786706
20	69	9.787260524262736
21	21	NaN
21	22	0.36858270618582156
21	23	1.7810464005693378
21	24	-0.7470751490368861
21	25	41.873499862558766
21	26	-2.396582237071864
21	27	-2.6107876200911586
21	28	1.2388480223557843
21	29	0.33407148065893033
21	30	0.467282844442207
21	31	-1.2998460566061916
21	32	-0.8495990867608769
21	33	-4.371323851199597
21	34	-0.0059783989868712395
21	35	-1.6108742689870743
21	36	-1.6597170471396911
21	37	17.033977442207707
21	38	-1.1158181379890246
21	39	-1.2645804153291809
21	40	-2.2377968937885955
21	41	1.8941971586379662
21	42	2.093665124700946
21	43	-0.14007913203242767
21	44	1.6598419976243182
21	45	-1.9399829310217487
21	46	-0.6501338826586883
21	47	-3.906606444434722
21	48	-0.27510489986242986
21	49	-1.040025030922594
21	50	0.0028926112744911588
21	51	0.6632618016327381
21	52	-2.473267414447018
21	53	-2.7610864559840587
21	54	0.27516577969253064
21	55	-3.250746608565673
21	56	-4.045592618716574
21	57	-1.4722788988900595
21	58	-0.7635597678280344
21	59	-0.5383554480147595
21	60	1.336483427664748
21	61	-3.3741654857683154
21	62	-0.6144937886126182
21	63	-1.6856452234632568
21	64	-2.8801892481505695
21	65	-1.3855390512183476
21	66	-3.044501971513483
21	67	-0.3460537212660454
21	68	-3.9273854106471426
21	69	2.2196252875912914
22	22	NaN
22	23	2.582970824945517
22	24	-0.9764580861922072
22	25	1.7927471844228764
22	26	0.4236425182924831
22	27	-1.3498750381609068
22	28	-3.7884972602818276
22	29	1.5568577748388848
22	30	1.8128494899104375
22	31	0.333496444479818
22	32	3.134501500757571
22	33	0.4233543441770598
22	34	-1.2409482236592495
22	35	-2.0712824466525035
22	36	1.6512173695346029
22	37	-2.044775188263298
22	38	-2.009014825527544
22	39	-0.6632740516473936
22	40	-2.166423779134205
22	41	1.1475934540124648
22	42	2.7158952743815594
22	43	2.637168326547297
22	44	-0.10828255031224047
22	45	-1.0166133872943959
22	46	1.1013953335667652
22	47	0.5948663617743669
22	48	-1.2745337509397683
22	49	-0.7791184445034748
22	50	3.669546324540478
22	51	-2.23769386104924
22	52	0.07408542598720555
22	53	-2.4740905922635212
22	54	-1.0401309149168865
22	55	2.392235133071939
22	56	-5.29452876824202
22	57	0.1125996858491928
22	58	2.206664351709588
22	59	0.1876513041197506
22	60	0.7888237140398655
22	61	-1.7252846131505744
22	62	-0.04039400613285083
22	63	-3.5797416461273572
22	64	-0.9538732437056017
22	65	-1.5696867022622898
22	66	0.2683717615097169
22	67	-4.844727364127447
22	68	3.5950156186091373
22	69	-1.620440112760088
23	23	NaN
23	24	3.3512607822614124
23	25	0.5013015774732964
23	26	-3.1808528532061846
23	27	6.526301467208978
23	28	0.6816406999433905
23	29	6.544118804787828
23	30	0.06612305584643152
23	31	2.0907569091216263
23	32	-1.6377990642172826
23	33	-1.053250464790394
23	34	-1.027206003018183
23	35	-2.7159714351239046
23	36	0.04813146344391517
23	37	-0.4116022850573152
23	38	-1.768522852534716
23	39	1.1464761737362743
23	40	0.20260483415762404
23	41	1.3004831404557962
23	42	-0.48258744513554613
23	43	-0.9663655261479865
23	44	-0.44560508195138515
23	45	-0.7331395658538999
23	46	2.8813993388968244
23	47	1.372807035988222
23	48	2.208939648242774
23	49	-0.1447241097373662
23	50	1.7443902248257748
23	51	-0.46583484599747715
23	52	3.990749911063555
23	53	-4.205807064535835
23	54	0.5823368910198805
23	55	-2.0492647970339926
23	56	-0.8580877685415301
23	57	0.28601643558533674
23	58	1.6343781263455996
23	59	-0.4473764629951381
23	60	1.820809429691015
23	61	0.9012078086594087
23	62	2.2682930787883424
23	63	-3.263927911529993
23	64	0.5505050584272639
23	65	0.18121839461141562
23	66	-0.7442484818985375
23	67	1.1134210231268415
23	68	1.223244704457425
23	69	-1.4348916467253048
24	24	NaN
24	25	-0.6788771325133991
24	26	-0.38507353238358966
24	27	1.0467314925954123
24	28	-2.4695352750770625
24	29	-0.5447174122586765
24	30	-0.2092727450314444
24	31	1.021276762550176
24	32	0.37105007600944506
24	33	0.5582651639399373
24	34	-2.987651125635621
24	35	1.510041863569773
24	36	-2.5794263370439015
24	37	3.3904599117181413
24	38	1.5477393982441827
24	39	-1.9773221804983523
24	40	2.151844425061582
24	41	0.4093427109457374
24	42	-2.4367485964433144
24	43	-2.987819035155103
24	44	-0.4360438150094834
24	45	-0.04558204149104391
24	46	-1.3617334018787945
24	47	1.3174123972839378
24	48	0.399566926405423
24	49	1.5908794687874646
24	50	-0.5568071173356046
24	51	-2.5081657603776364
24	52	0.9849635854646508
24	53	0.4661982428995073
24	54	-0.24834635001796676
24	55	1.7835115565212645
24	56	4.911526472100642
24	57	4.154779204656072
24	58	-3.45217451462084
24	59	2.852115950677516
24	60	1.1876132210594779
24	61	-1.3656921302906309
24	62	-2.1823472210177153
24	63	-0.9247512509096018
24	64	3.2228507265855604
24	65	1.080131662651673
24	66	2.3365315023193207
24	67	-3.340718282548782
24	68	-2.819769877938976
24	69	-2.0388150524007513
25	25	NaN
25	26	1.8085953975395979
25	27	0.9467242229024497
25	28	-0.16621646071892082
25	29	0.10798639677003823
25	30	1.529787461307377
25	31	0.23725441785309562
25	32	2.3293816726787226
25	33	2.1813295406252813
25	34	0.012110007184668108
25	35	-0.42288758287067946
25	36	-2.327052738900183
25	37	-1.7092899090006932
25	38	-1.5902241868008173
25	39	0.8808665966264959
25	40	-3.632955212550549
25	41	0.02271140900039241
25	42	0.27465730579351155
25	43	3.450971971183409
25	44	1.2698476948764144
25	45	0.5546448750163597
25	46	-1.1473722402426874
25	47	0.16842232162981635
25	48	3.0570009761105585
25	49	-1.93045136597524
25	50	1.1080824572025962
25	51	-3.0876652929685546
25	52	-1.5052212878150788
25	53	0.18645408373652678
25	54	-1.1608927179221133
25	55	-1.3350189319013954
25	56	-4.3544960183742605
25	57	-3.2113698280717586
25	58	0.07481957757268165
25	59	-3.8970580904732763
25	60	1.5040990847805429
25	61	-0.7385809433099276
25	62	-0.7454582043626236
25	63	-1.39880010702225
25	64	-1.391668433415311
25	65	-1.1311871218020424
25	66	2.0995685210791066
25	67	-1.2744751272376234
25	68	-0.8925712580771547
25	69	-1.0851389937632434
26	26	NaN
26	27	0.6094140143271736
26	28	1.2242788119471912
26	29	3.2290519676037013
26	30	2.48658109496979
26	31	0.6497265660245464
26	32	2.100069969955147
26	33	0.08454006689083561
26	34	0.2853421198261234
26	35	0.5084303220105603
26	36	1.4983628452846465
26	37	-0.25176156997548793
26	38	-0.2230209659647395
26	39	1.358226844376526
26	40	-2.1545508765230266
26	41	0.6018572556134792
26	42	-0.6034720460890359
26	43	2.751207076626639
26	44	4.578507789816277
26	45	0.2866876553376616
26	46	1.515903790983813
26	47	-0.4997446458775964
26	48	0.7252196411614155
26	49	-1.7401889104562052
26	50	1.344118980034617
26	51	1.5589393644347376
26	52	-1.9256871759370398
26	53	-0.5677598931126842
26	54	0.9065788726431699
26	55	-1.3983902090799778
26	56	-2.811226994836943
26	57	-3.567324050403433
26	58	2.280925166511591
26	59	0.114874316083667
26	60	0.006881202464080096
26	61	0.09198770114803617
26	62	-1.723710378133161
26	63	0.1687238160327314
26	64	-0.6465619583376592
26	65	-2.423174816888011
26	66	1.7401191314850712
26	67	1.60915790188451
26	68	4.216047629488489
26	69	2.0190183612410486
27	27	NaN
27	28	-0.9448074485539026
27	29	-2.939225631952168
27	30	-2.7517570514793066
27	31	3.9316016768803554
27	32	-2.183815322135792
27	33	0.017416292576038255
27	34	-1.4272392366803366
27	35	0.6980038017577966
27	36	-0.7543114074074662
27	37	-0.9319337124272185
27	38	2.9629167992737386
27	39	-3.47737158917694
27	40	2.722519638989698
27	41	-1.26284338307255
27	42	-3.298527133254466
27	43	0.12155927961727785
27	44	-1.5386343808078384
27	45	0.24922709074096228
27	46	-0.2777593694299262
27	47	-0.04969593545308603
27	48	0.3664063510847471
27	49	1.5785412751523284
27	50	-1.842485196265768
27	51	1.3151218140412997
27	52	-0.42753593904918114
27	53	1.3333398682011115
27	54	0.0030365574239192695
27	55	3.1368639651320454
27	56	1.4117191108742857
27	57	1.2872022698975631
27	58	0.4397291522074632
27	59	0.367452796962837
27	60	-1.5033702080720177
27	61	-1.0076714885784328
27	62	-2.658437198454182
27	63	-0.7112436035398365
27	64	1.5608375041347409
27	65	0.0995507387416386
27	66	1.3228244984827808
27	67	1.3558609931832393
27	68	-1.0610574423439567
27	69	-1.1762382454542244
28	28	NaN
28	29	1.9947085479699547
28	30	2.990320173754559
28	31	0.41905622592215136
28	32	1.2131142064370393
28	33	-1.17359176274885
28	34	-2.616483417200515
28	35	1.203310196389377
28	36	3.24742890042506
28	37	-3.492415578297476
28	38	-3.331054087703118
28	39	-0.4442687622242997
28	40	-2.613420972863129
28	41	1.1637083947554878
28	42	-1.2019738708371803
28	43	3.5369810243236675
28	44	0.5770244260335163
28	45	1.9289305319696852
28	46	2.151705553720817
28	47	0.35515676269107477
28	48	4.118303460697244
28	49	0.7881103682749846
28	50	2.4480171054775774
28	51	1.0695543042980165
28	52	0.7086135558999697
28	53	-2.728104112569195
28	54	-0.27480619569392783
28	55	-4.927517369398654
28	56	0.7491167483517208
28	57	-3.7808598019581456
28	58	1.2989206724321458
28	59	2.6934580776853734
28	60	-1.1641601870224425
28	61	-0.0008992346297032702
28	62	-1.082635837437451
28	63	-1.3822776665803898
28	64	0.4328723179335163
28	65	-0.7889326333540347
28	66	-0.10657693674604225
28	67	2.5530876161878124
28	68	2.4384050329290297
28	69	0.3806775611821127
29	29	NaN
29	30	0.2574282795702088
29	31	0.8479267282700266
29	32	1.446504427969383
29	33	-1.1822422798875425
29	34	0.38428040785033646
29	35	-1.2447712966362179
29	36	-0.7058367871692768
29	37	-1.4712793521586398
29	38	1.203929070878377
29	39	3.36658481616953
29	40	0.40754574345792
29	41	-0.8982641397512724
29	42	-0.09261061762933237
29	43	1.4833129272971042
29	44	-2.966026032852268
29	45	-0.29136439850578966
29	46	1.8452924729991855
29	47	3.0365519083910915
29	48	2.1638901926189935
29	49	-2.4043120463200927
29	50	2.4865217518373917
29	51	-2.2382452335999585
29	52	0.14124255220384288
29	53	-0.5875399219694314
29	54	1.7131646293620755
29	55	-0.8881495371503176
29	56	-4.276862931674762
29	57	0.24979591466003315
29	58	-0.9028782954470467
29	59	2.3460677713308087
29	60	1.7954183762336726
29	61	2.5966488639367875
29	62	-3.642240378923209
29	63	0.36532415357369746
29	64	-4.091839794163414
29	65	2.2930686837976744
29	66	2.706416988476481
29	67	0.60619087917372
29	68	-0.5902595640233946
29	69	3.2168393223539073
30	30	NaN
30	31	2.387203405340459
30	32	0.2589126466761179
30	33	0.7897412675201665
30	34	1.878648133629813
30	35	-1.2112313799017758
30	36	-1.8081491693294356
30	37	0.6639266301155461
30	38	-2.4091066852199257
30	39	-1.5155913165891592
30	40	-2.7728693505077397
30	41	1.9296953776700907
30	42	0.8868195061624575
30	43	-0.27602253568488105
30	44	-0.22385173933581817
30	45	-0.7786858514824763
30	46	3.4303220969606927
30	47	-0.06215499082120089
30	48	0.9341956233832391
30	49	-0.2772596334935057
30	50	2.896070875519042
30	51	-0.3810667549286766
30	52	-2.296697832528486
30	53	-1.4788367790291492
30	54	-0.2297142934544041
30	55	0.40027939612963986
30	56	-1.2854675539980662
30	57	-1.8049544026604636
30	58	-2.0181471888857256
30	59	-1.6343285787881812
30	60	2.3977906248744945
30	61	2.539882983926881
30	62	-0.7580716137951644
30	63	3.3094544067705547
30	64	-1.3340607658265906
30	65	-1.1769785212681285
30	66	3.370150619236429
30	67	-3.2946350243602947
30	68	0.7062737170803479
30	69	-0.8932817601334264
31	31	NaN
31	32	-0.013989315406002996
31	33	0.42948959875538895
31	34	-1.234913925152947
31	35	4.049132813037446
31	36	0.438845882180998
31	37	0.7641048922682772
31	38	1.5907956838675974
31	39	-0.5983950655600688
31	40	-1.2461608341882455
31	41	-1.3670924614145057
31	42	-0.3091836840834998
31	43	-0.00435990086961444
31	44	0.45230962268170916
31	45	-0.9859250865067605
31	46	-1.3156357228348505
31	47	1.535907848017122
31	48	2.873790282615268
31	49	1.889287756756323
31	50	-0.27880905458518124
31	51	1.055564236735806
31	52	-1.7955591072563377
31	53	-0.6253411146502426
31	54	-2.051583100964752
31	55	-2.1186673208636986
31	56	-1.335171573643332
31	57	-1.229781335038535
31	58	-1.8858217444378675
31	59	-1.5312028005583886
31	60	0.7488595887520626
31	61	0.2523094925797499
31	62	-1.1579608121312452
31	63	-1.04434021707231
31	64	0.3525448249562268
31	65	-2.9583592570899326
31	66	-2.2348059887269542
31	67	1.7405784757581302
31	68	-0.7611182521097292
31	69	1.7871638864188144
32	32	NaN
32	33	1.5035442946898163
32	34	0.6230906685770035
32	35	-3.3078491593909223
32	36	-1.9874769775639185
32	37	-2.911470121038977
32	38	-0.9833781355207567
32	39	-0.6413898151507167
32	40	-2.929686386206089
32	41	-2.1593619525287258
32	42	1.3623654138076229
32	43	3.2632743674138527
32	44	2.6226411459056296
32	45	0.44673888724118027
32	46	-1.655578326568842
32	47	2.0191344681871017
32	48	1.9425119938644133
32	49	-0.04902738196975154
32	50	-2.7719265253768173
32	51	1.8332808893275343
32	52	-0.05159169097683257
32	53	-3.3089061455491957
32	54	0.7080591799917665
32	55	-2.2366956909868545
32	56	-2.783564503147736
32	57	-1.4470041213856295
32	58	-0.9417301672627293
32	59	-0.34340293187121756
32	60	1.3724080323805623
32	61	0.5029676064155282
32	62	1.5827229073399631
32	63	2.79217806935872
32	64	1.1234124368321525
32	65	-2.4170211700627706
32	66	-0.44233451404382246
32	67	0.5565908823565577
32	68	0.06266536632973636
32	69	0.1905638730266221
33	33	NaN
33	34	-3.758317426702838
33	35	0.7771665478048235
33	36	0.8131222248006196
33	37	-1.1051787228974408
33	38	-0.06378046761989344
33	39	-1.18277759999303
33	40	0.3457662158039394
33	41	-0.641656395871963
33	42	-3.3561632489088407
33	43	0.055344016119551635
33	44	-0.873174357239894
33	45	2.249619058151305
33	46	3.7176143254927934
33	47	-2.8098461980648897
33	48	0.0754194354043035
33	49	-0.32058824874530023
33	50	-1.284095667664396
33	51	2.2550853308469856
33	52	-0.391768544283536
33	53	-0.9875184276438401
33	54	-2.776924606378306
33	55	0.7597365745700178
33	56	-0.49841735901447304
33	57	1.9542875269319453
33	58	-2.1533165411059065
33	59	1.0574518917655438
33	60	-0.590069484124456
33	61	-0.6314512190962007
33	62	-2.694391450497798
33	63	-2.711477259585718
33	64	1.9056263300904486
33	65	0.5353476912630863
33	66	0.5487678852259074
33	67	-0.2711851231223071
33	68	3.0421688696964377
33	69	0.7013027623872568
34	34	NaN
34	35	2.0280828822130483
34	36	-0.43452683705325695
34	37	-4.701378826366755
34	38	-2.8466884582861085
34	39	3.0187740748437752
34	40	-1.0324084438577197
34	41	-1.077489148468297
34	42	4.755215927722808
34	43	0.03746689171352837
34	44	-4.563267087468725
34	45	0.6985738249870602
34	46	-3.5794802165406425
34	47	-3.5943281421913253
34	48	1.5625656548283362
34	49	-0.5593587448102979
34	50	4.048378518244593
34	51	0.08848592963816398
34	52	-3.067338055412569
34	53	-1.861207651613842
34	54	-2.7029913551543823
34	55	-1.1063341119228927
34	56	-1.0511368555566156
34	57	-2.7406618797595224
34	58	-0.10228138084307234
34	59	-2.7536318229077175
34	60	0.08911027479666225
34	61	1.469590878571629
34	62	2.1744582330707085
34	63	0.1585873226484013
34	64	-2.424250236376714
34	65	-4.239216696395619
34	66	-0.9190740179198441
34	67	0.026260572938685108
34	68	0.20042254026959724
34	69	-0.7810375688935577
35	35	NaN
35	36	-1.1332782544636792
35	37	1.5909131417095466
35	38	0.5612331993982422
35	39	-2.004493688950234
35	40	3.405043437977347
35	41	1.5671946491956898
35	42	-0.22736615969976934
35	43	-1.891133868421823
35	44	-3.022869181672982
35	45	-0.8495786511259324
35	46	-2.920946698210885
35	47	-3.9620462052909797
35	48	2.805654322349678
35	49	0.5471160323818791
35	50	0.12149697706322722
35	51	-2.0442252280518685
35	52	2.5153383955793394
35	53	2.923172348742609
35	54	-0.33515697977897685
35	55	6.491911199043665
35	56	-0.6629624308566964
35	57	4.720531560606584
35	58	-1.8786416457937334
35	59	-0.45246269522570026
35	60	0.3832454325860144
35	61	-1.767762804109401
35	62	-2.068107846185243
35	63	-4.483182764826558
35	64	1.9605351412036462
35	65	0.8775685516170572
35	66	-1.2965328985409534
35	67	-3.7251699106823017
35	68	0.40205590069271574
35	69	-3.6078271233477057
36	36	NaN
36	37	0.7454787098144283
36	38	1.8745714366759183
36	39	1.6891592016979153
36	40	-1.7047764439573343
36	41	0.7226652864383583
36	42	-2.642673209759531
36	43	2.341107028140275
36	44	0.34437740246355186
36	45	-0.13357012298284185
36	46	1.0841196814984826
36	47	-0.9362966293863034
36	48	0.4627383052114404
36	49	-2.1877163272323785
36	50	2.392978364625202
36	51	-2.63592726989906
36	52	-2.5946368899131795
36	53	-0.029818939680849678
36	54	-1.6222160302167665
36	55	0.047823662625755034
36	56	-0.36211979453095694
36	57	-1.3043378376488297
36	58	-0.8637657871100934
36	59	-2.8517031699229727
36	60	-1.1651112332806381
36	61	-2.2812962805691743
36	62	-4.502593339315318
36	63	3.046032758720791
36	64	-0.22778187156291066
36	65	1.5069630111324972
36	66	1.8385414634223565
36	67	2.120399993385876
36	68	0.6087068420636852
36	69	-0.4487615179575302
37	37	NaN
37	38	1.400761330491421
37	39	-0.09858981924712394
37	40	0.7480772022098897
37	41	-0.9136005461497764
37	42	-3.4731014713392256
37	43	-0.6812495793233664
37	44	0.4710289806388475
37	45	0.6548041127277716
37	46	-2.446377717910708
37	47	-0.3549728373792388
37	48	-6.529575818369411
37	49	-0.7394507409708154
37	50	-2.36265427315878
37	51	-2.8658867904759813
37	52	0.9767843659885003
37	53	2.518416865264753
37	54	-0.11027437334919249
37	55	-0.1314785830637778
37	56	-2.004644840750275
37	57	0.9901169823863564
37	58	-5.201951689426857
37	59	-3.1340613586236175
37	60	-1.8934737263988837
37	61	-1.81295867288157
37	62	-0.15926502101145246
37	63	-1.8744646643763425
37	64	-0.4789547144188852
37	65	-0.6938403040771104
37	66	-2.8417112224278296
37	67	-2.5648509703621816
37	68	-0.489869500462709
37	69	-1.7466291793714246
38	38	NaN
38	39	1.9371566572784502
38	40	1.8559689772483932
38	41	-1.145510492091725
38	42	0.8517007368743428
38	43	4.006025141970451
38	44	0.19656463933032897
38	45	-1.2921698525762275
38	46	-1.5516363584589266
38	47	0.9917046005795739
38	48	-1.4050852936667353
38	49	1.8390420604535558
38	50	-3.399070458001439
38	51	-1.378448794392753
38	52	1.0949997274673857
38	53	1.1889315580887359
38	54	-1.5810178238134494
38	55	0.26988055524475424
38	56	1.1641133835030568
38	57	0.9615811349570819
38	58	-0.36805999338788575
38	59	1.1581761494919427
38	60	0.2563081699831755
38	61	1.6087289286811752
38	62	-0.28034012323500135
38	63	-1.3006527566895192
38	64	1.048562769086731
38	65	-0.42321215521520117
38	66	-0.6695901209348144
38	67	0.09691259834435269
38	68	0.899489342176436
38	69	-1.673885993940045
39	39	NaN
39	40	3.589360079842019
39	41	0.9659043193252664
39	42	3.6260647884337764
39	43	-2.1302903634627213
39	44	-3.6725926270694287
39	45	-1.7694010128882418
39	46	2.437959850353962
39	47	-1.2871458539837208
39	48	-1.6858905152760886
39	49	-2.9984929599084666
39	50	3.357552329178234
39	51	1.8114063030589351
39	52	-0.5792538573910495
39	53	-3.778019884103071
39	54	-2.2811280683807356
39	55	-2.880900501421886
39	56	-1.1211031516541141
39	57	-3.397089488860592
39	58	0.9288269041477853
39	59	-3.6483673234972267
39	60	0.993341526342627
39	61	0.695906705599156
39	62	0.8191790936290342
39	63	-0.27644429863888687
39	64	0.19612062570815192
39	65	2.0548810933660038
39	66	-0.25002886455108075
39	67	-1.6732798604225159
39	68	1.3209319105125568
39	69	2.152347800145371
40	40	NaN
40	41	-1.6812286842264208
40	42	-0.6485312751003688
40	43	-1.8632302564148615
40	44	1.846835847883945
40	45	-1.2872832468409439
40	46	-2.784806822537433
40	47	0.3489202476947603
40	48	-4.37306901977856
40	49	3.288320620808438
40	50	-1.510135597599605
40	51	-0.9141292638747117
40	52	4.682229984126269
40	53	2.146454164217551
40	54	3.2322245361554707
40	55	2.624351519405069
40	56	2.328922243399489
40	57	2.817872069598655
40	58	-1.6137779366810132
40	59	-0.25579404478827034
40	60	-2.48586022148179
40	61	-2.9458296381963
40	62	-0.7990766465608049
40	63	1.3511222951656183
40	64	2.8996811671150504
40	65	0.24420852590919628
40	66	0.4864350098533049
40	67	-1.1634962736679486
40	68	-3.447074055851509
40	69	-0.14836348681437708
41	41	NaN
41	42	4.482572260594838
41	43	-1.237332500248512
41	44	0.24717675605879064
41	45	0.3586548726809538
41	46	0.4514916538195606
41	47	-0.7623585524036257
41	48	1.1756362959694955
41	49	-0.5556745695156193
41	50	1.7739792266173744
41	51	0.5083501220624492
41	52	-0.9874694208998478
41	53	-1.9462845695088866
41	54	1.2941784755672259
41	55	3.137323262369735
41	56	0.08424207601240528
41	57	0.7402647566926417
41	58	-0.07845448384698048
41	59	0.10543730900678513
41	60	1.2939721763587821
41	61	2.6275639398848436
41	62	0.7345254245389103
41	63	-0.7401296778825662
41	64	-1.7025229146613443
41	65	-1.9471474279628354
41	66	-2.1690983284524266
41	67	-1.7103971203059651
41	68	-1.915698128687846
41	69	-1.9622530913898377
42	42	NaN
42	43	5.038205546442568
42	44	1.0780582908530334
42	45	0.35119787020227833
42	46	-0.9736612715943452
42	47	1.3375733148227045
42	48	3.8376346839738225
42	49	-0.1314575237188984
42	50	0.4151643185798476
42	51	-0.5957715069563557
42	52	-4.802338141437609
42	53	0.1242622665318409
42	54	-0.7315240944954696
42	55	-1.7836660413651533
42	56	-0.879578896677468
42	57	-2.344387430859015
42	58	1.2978914326736533
42	59	1.8096850161323006
42	60	1.1157735229625587
42	61	3.4154138941677545
42	62	1.2881895918573882
42	63	1.4090051678079052
42	64	-2.9305547244025965
42	65	-0.9181462428999917
42	66	1.209210332974586
42	67	-0.9100756586557188
42	68	-1.8241143527695618
42	69	-1.8599823461681442
43	43	NaN
43	44	-0.30372199863540233
43	45	1.0905755204999474
43	46	2.7733922952648835
43	47	-1.0135951675580839
43	48	-1.2965288099049903
43	49	-3.037475114182147
43	50	-3.7839199135409625
43	51	-2.265840922057818
43	52	-2.191693768031156
43	53	-3.432106538339017
43	54	-0.017588299751905595
43	55	0.8066676995650123
43	56	-1.1959117824013603
43	57	-2.3456100455425517
43	58	1.0131187237529822
43	59	-0.9748269845334672
43	60	0.4728283518992066
43	61	1.5400211371533863
43	62	-1.072504095023344
43	63	-0.8842093164101258
43	64	-1.5539222658451943
43	65	-1.9088679441197545
43	66	0.9066841530995579
43	67	2.6206196599817964
43	68	1.1262762653495872
43	69	0.12515168993124123
44	44	NaN
44	45	2.13904300904868
44	46	-0.5895397535762485
44	47	-0.517458797070501
44	48	1.533409201087567
44	49	-2.883461905936243
44	50	-0.48190597118622563
44	51	-0.20047864354716705
44	52	0.7665288133874232
44	53	-1.0188392354486857
44	54	-3.9160019067575296
44	55	-2.2292208318560496
44	56	0.43805679123013197
44	57	-3.592934392745971
44	58	-0.5410410284315431
44	59	1.298727291493996
44	60	0.9527510883204751
44	61	0.7222501531322758
44	62	-2.450084938655194
44	63	0.796390523062487
44	64	-0.10570585936866893
44	65	-2.092927370145209
44	66	-0.7771899625649016
44	67	2.0839998821917787
44	68	2.725426000702492
44	69	2.688201762387281
45	45	NaN
45	46	-2.8877286561527273
45	47	2.0164875013177883
45	48	2.790429084209305
45	49	1.2962368762911256
45	50	1.066174153868106
45	51	-0.5965483342203771
45	52	0.06238955793817066
45	53	-1.4544613828584523
45	54	3.5389173908449836
45	55	-2.5450890894617397
45	56	0.09710008557531201
45	57	-1.4366816422867292
45	58	5.040403520335981
45	59	-0.5963921450502762
45	60	0.8707471121615463
45	61	1.6124583637107275
45	62	-0.8815779241747992
45	63	-0.06971273802534453
45	64	-0.8995547461635672
45	65	-4.642588418721294
45	66	0.2824034953946198
45	67	0.20856156342533755
45	68	-0.09331490173434252
45	69	0.4200051482058834
46	46	NaN
46	47	-0.47436284223921604
46	48	1.2025385946285312
46	49	-0.9383005981604712
46	50	0.7339431201682396
46	51	2.6961964544932524
46	52	-1.7955968387401242
46	53	0.9507322305640012
46	54	1.9143066282063057
46	55	-1.2546807459559417
46	56	-2.29147747265539
46	57	-1.8016328388982843
46	58	-0.9779821055900882
46	59	1.0317503760398783
46	60	1.7315374855235193
46	61	0.3695636458535551
46	62	5.488121952657351
46	63	-0.4114374823489875
46	64	-3.9801792991575615
46	65	1.3528741673746658
46	66	-0.09083975075057937
46	67	1.367877056132829
46	68	2.1109117735180853
46	69	0.6279769932708237
47	47	NaN
47	48	2.06469388407998
47	49	0.3170285681831017
47	50	-0.8611447025028031
47	51	0.9822714646756093
47	52	0.9661195778372147
47	53	-1.1892568113439257
47	54	-2.386728783565594
47	55	1.1263357589919911
47	56	6.497528160008779
47	57	0.18543921294577959
47	58	0.03642553517920358
47	59	-1.2860473587869086
47	60	2.1605808114586456
47	61	-1.1891044414606304
47	62	-0.3743952556632902
47	63	2.3546216557151745
47	64	2.044262528235756
47	65	-1.2716423142595334
47	66	0.10345771570615755
47	67	-0.39406355187450737
47	68	1.109045415844031
47	69	0.41272895389567926
48	48	NaN
48	49	0.721436102948423
48	50	2.875758342457442
48	51	0.5079551226730868
48	52	-1.4108912989934654
48	53	-1.6947661338474924
48	54	-0.9556048407019889
48	55	-0.5723675336713554
48	56	-2.496724945828645
48	57	1.978030098128525
48	58	-4.804926688281957
48	59	-4.618860895018786
48	60	-2.5967875466689043
48	61	3.2951113072027387
48	62	0.1956261066633644
48	63	0.529694416922903
48	64	-2.0945308215887164
48	65	-1.195555007482599
48	66	0.9206372299226709
48	67	-1.5558270982597964
48	68	0.9816712985167413
48	69	-0.8357535380398383
49	49	NaN
49	50	-1.6621181115552441
49	51	0.35598800505794725
49	52	3.7029518751935395
49	53	2.1336415353073064
49	54	4.464581178265617
49	55	1.2579958711784698
49	56	2.119357846962358
49	57	1.3262098902234183
49	58	-0.24241681255043143
49	59	0.971522887474922
49	60	-3.103892838595572
49	61	-2.4090427187931636
49	62	0.7270787872132212
49	63	-0.9734343169757442
49	64	1.2292050962361043
49	65	-0.4267381044019204
49	66	-1.6354593078283222
49	67	-1.5467567526391244
49	68	0.7293760236011043
49	69	-2.2236444232249135
50	50	NaN
50	51	1.656447643477968
50	52	-0.4808422760444543
50	53	-0.5695910468824441
50	54	0.6496102306580266
50	55	-0.009893409160418636
50	56	-1.0272673352472208
50	57	-2.8847472311201128
50	58	2.4625313997828058
50	59	-0.17862340101247273
50	60	-0.2704648605525736
50	61	-3.032720809666682
50	62	1.6902450421844755
50	63	-0.047451210167676006
50	64	-0.6396221948361298
50	65	-0.8764877363444373
50	66	2.1593603948420417
50	67	-1.6168624253642094
50	68	-0.23167228782321914
50	69	2.4868081691285666
51	51	NaN
51	52	-0.7765197433469584
51	53	-0.9587951749289426
51	54	2.9012096062397164
51	55	-1.2299882930784412
51	56	-1.5798499106144575
51	57	-2.1416645258889395
51	58	1.0258504365176109
51	59	-2.972630262292059
51	60	-2.5528946173277545
51	61	1.14924942485071
51	62	-0.5827867990340939
51	63	0.35663397681831194
51	64	-3.013385463415329
51	65	-0.7737691873522007
51	66	2.3421554853469204
51	67	29.77016406904798
51	68	2.1571875103095146
51	69	1.9402167874385303
52	52	NaN
52	53	1.3452846324074508
52	54	0.13483540854064346
52	55	3.2291280564917066
52	56	0.5385664853634354
52	57	1.9375542187271144
52	58	-2.9621636259892092
52	59	1.9726967183976216
52	60	-1.5138170371961832
52	61	-0.87705092560689
52	62	-0.49907663789734824
52	63	-0.8450844091351601
52	64	4.334644871634667
52	65	-0.963218698964051
52	66	-0.34412612094954065
52	67	-0.806662579868647
52	68	-0.4817022201449096
52	69	-0.3281321854223786
53	53	NaN
53	54	-1.4629586264115508
53	55	0.39427789250541595
53	56	0.12577254359390633
53	57	-0.49701103942708363
53	58	-1.7927975468947153
53	59	1.2784039362465949
53	60	0.4622000857532669
53	61	-3.090257327649234
53	62	-2.254843546644523
53	63	-1.3741161554919343
53	64	1.0489392811331832
53	65	-1.6970613264398633
53	66	-1.3417846825218198
53	67	-1.6553361930930306
53	68	0.3748981421229119
53	69	10.420959178572422
54	54	NaN
54	55	3.476876219652735
54	56	0.03694203004232025
54	57	-0.29643439208070593
54	58	-2.606532356102755
54	59	1.7790372186862515
54	60	-2.9196081563349026
54	61	-1.6058720251171201
54	62	0.08823395144881026
54	63	-2.32662038023337
54	64	0.616217157752017
54	65	7.593157589505601
54	66	-1.6152941066683715
54	67	1.8409402960947523
54	68	0.8745473163312983
54	69	-2.9800201349427184
55	55	NaN
55	56	3.551880482933604
55	57	1.9260825201173206
55	58	-2.116176886233749
55	59	2.264340382597868
55	60	-1.8438894077016128
55	61	-1.9002054253584373
55	62	-0.298954011280356
55	63	-1.9258366010074885
55	64	3.0718119671514126
55	65	2.0129980075487595
55	66	-1.7604958750077715
55	67	-2.3728759092492617
55	68	1.685949741910016
55	69	-0.31691244473924024
56	56	NaN
56	57	0.3237363255302666
56	58	-2.7910799718832786
56	59	0.43002352377790176
56	60	-3.9035632129673052
56	61	-2.117622356679336
56	62	-0.6332977828924278
56	63	6.100005567301303
56	64	-0.8736735774126685
56	65	25.022487832791597
56	66	0.40604584460386534
56	67	-1.8063785780715669
56	68	-3.2725890929522743
56	69	-2.8601910340659837
57	57	NaN
57	58	0.09474628108435104
57	59	1.3657260450168938
57	60	1.3333874174518945
57	61	1.3932021171117646
57	62	-1.2149467478911475
57	63	-1.2031269108690728
57	64	1.5432431849350534
57	65	4.148778360844321
57	66	2.841818543594303
57	67	-2.096954010953979
57	68	-4.015487339028802
57	69	-2.2113544015100226
58	58	NaN
58	59	1.0359474361968073
58	60	6.8743573356937855
58	61	0.1941218979623933
58	62	27.464367995794326
58	63	15.740031218555837
58	64	-0.2633053560442079
58	65	-1.7644793768399576
58	66	-0.30778881266928965
58	67	-2.0659155925101307
58	68	2.000931970633372
58	69	-4.900352649597294
59	59	NaN
59	60	3.3708627115845418
59	61	0.1925945236863811
59	62	-3.8500586483552173
59	63	1.2683722117706284
59	64	0.9110473140853568
59	65	-0.5932820940456416
59	66	0.2766417029035463
59	67	-0.34073194459500794
59	68	-1.7098968212814172
59	69	-1.979206032034191
60	60	NaN
60	61	5.067941129647001
60	62	0.2056398839819692
60	63	0.3464917713513331
60	64	0.7035452438400003
60	65	0.5144476446334172
60	66	0.6117666989679137
60	67	-1.2164109092293707
60	68	0.08017967666011686
60	69	-0.5889103042420932
61	61	NaN
61	62	3.452246841050942
61	63	0.38851895426389604
61	64	-0.45955610902051897
61	65	1.2698162588668835
61	66	0.4070969159624699
61	67	-0.026307971270730087
61	68	-0.7124932439156231
61	69	0.6098408047985913
62	62	NaN
62	63	-1.3730416939791859
62	64	-2.1270498506038207
62	65	1.0681854469852652
62	66	-0.5714374149236365
62	67	-0.3355135804432801
62	68	-0.10712249490614122
62	69	0.7409275304365137
63	63	NaN
63	64	0.9911266422006945
63	65	-0.5794346270303666
63	66	2.1860874813767994
63	67	-0.6413619105818397
63	68	-1.8889006049261616
63	69	1.7115708606950193
64	64	NaN
64	65	-0.16498634536138568
64	66	1.8958619891808461
64	67	-2.7559986735284823
64	68	-1.7647708209621487
64	69	0.35947385889665756
65	65	NaN
65	66	0.31523627414138444
65	67	-1.4389391201435002
65	68	1.4652820598327823
65	69	-3.5596703933536427
66	66	NaN
66	67	-1.6607102412525911
66	68	1.0231014755412737
66	69	-3.024251699191175
67	67	NaN
67	68	2.1478793277045662
67	69	1.028963011066245
68	68	NaN
68	69	-0.7436167372942638
69	69	NaN
