1	1	NaN
1	2	2.476337653564011
1	3	-1.85925435494947
1	4	-1.4196503971562227
1	5	-1.1123572357314628
1	6	-0.24518186996617738
1	7	0.47654490034381414
1	8	-1.0467783185006208
1	9	-1.4494546937208928
1	10	-0.14288022076414167
1	11	-3.0946389181328238
1	12	0.8802596315869577
1	13	-1.3334638945771138
1	14	0.20874773459471171
1	15	-2.0634735451150052
1	16	-4.163771157856276
1	17	-2.4693749116933525
1	18	0.738424300930234
1	19	0.10979416271924643
1	20	-1.8971237151926832
1	21	-0.018969864918353254
1	22	-0.4055252502674662
1	23	0.8402604652567767
1	24	-3.4096809578848295
1	25	-2.997558550973957
1	26	3.761928022058058
1	27	-3.317378403478564
1	28	0.7140209519851686
1	29	2.0083895674120367
1	30	-5.28836641664571
1	31	-1.244053322412969
1	32	-0.38162781374994853
1	33	-0.29299866064026975
1	34	-3.249033567629845
1	35	-0.5733127619324346
1	36	-1.2840561478681536
1	37	-0.5908630656606197
1	38	-0.2580185665087816
1	39	1.2398450901524454
1	40	-1.4151297152262907
1	41	-3.460741120577094
1	42	-2.240146338240715
1	43	-3.4830923325908087
1	44	-1.7473942261390358
1	45	-1.2267735174224483
1	46	-1.6162377741493292
1	47	4.848761637933837
1	48	-2.709072182855722
1	49	0.19813348349691445
1	50	-2.1999771766887948
1	51	0.2622384724454217
1	52	-0.3122847499129192
1	53	-2.5829621442573925
1	54	0.761281623166363
1	55	-2.6603138725049944
1	56	0.0561531366703294
1	57	-1.128518381571492
1	58	54.59951941933101
1	59	0.24445291019256404
1	60	-1.7509006331570833
1	61	1.3044384070595283
1	62	-2.6947363637730626
1	63	2.780481222246668
1	64	2.6887203527540766
1	65	-1.9075243921519498
1	66	1.9412122304242752
1	67	-0.41521716488548566
1	68	1.3183282738029636
1	69	-1.6678892420974498
2	2	NaN
2	3	1.339106448041323
2	4	0.20375717512888658
2	5	0.5182267182476296
2	6	-0.4745339131458211
2	7	-3.0256494849049096
2	8	-2.2965595785598882
2	9	1.8946422710357333
2	10	-2.876592586106277
2	11	0.06835476205709312
2	12	-0.7027641530663584
2	13	-1.1820053738356515
2	14	2.4258770026031717
2	15	0.017559388155412938
2	16	-1.1061494018059426
2	17	-1.7429378279788248
2	18	0.17808046004373132
2	19	1.966200675450654
2	20	-4.1309184608276865
2	21	0.35186718016501106
2	22	0.5735093755030864
2	23	-0.2290471547537315
2	24	-3.658279271120358
2	25	-0.2677662575785419
2	26	-0.47095619140375744
2	27	-3.479411531319391
2	28	2.023975933207436
2	29	2.9399875878874897
2	30	2.703223507603699
2	31	-0.6670792535356563
2	32	-2.4710395888570984
2	33	-3.073161889474903
2	34	-5.026589166840762
2	35	-0.4405870438823296
2	36	-2.4898750262116156
2	37	2.398578863343462
2	38	-1.8402862698670694
2	39	-0.5665480824096106
2	40	-2.4605477804234286
2	41	-1.9238192258886233
2	42	-1.2911702404750056
2	43	3.230128401355981
2	44	-2.9914449209694127
2	45	1.413631225874609
2	46	-0.16614263818539426
2	47	4.088476703200862
2	48	-3.287747310350746
2	49	-4.119889819023251
2	50	0.9174812431206036
2	51	1.3154731249734428
2	52	-0.16114537865795972
2	53	0.857460209073532
2	54	-0.860540826184151
2	55	-2.9925968922764747
2	56	0.2968454771195578
2	57	-3.250815539030805
2	58	-0.32170699135087505
2	59	1.0429953333931388
2	60	32.617141135512085
2	61	1.8398503880209323
2	62	3.199416993695202
2	63	-2.9062704111467763
2	64	2.1205183886072687
2	65	-0.3852596908058994
2	66	4.342119870028075
2	67	-0.6542056945287196
2	68	-1.1693739135180186
2	69	1.6582187309735685
3	3	NaN
3	4	-1.5996598888660272
3	5	-0.7119817924496027
3	6	-0.6291585557909445
3	7	-1.1230634344776906
3	8	-2.297009168292052
3	9	-1.0946797648116078
3	10	0.2927328999215992
3	11	2.294421832943213
3	12	0.6629161762193735
3	13	2.15515805356521
3	14	1.9036400807051685
3	15	2.672062518388273
3	16	3.336793349336755
3	17	-0.8717062599886317
3	18	-1.144632192007304
3	19	0.1422652747264647
3	20	-1.4902058394162185
3	21	-0.7270766351511437
3	22	1.8204776308229167
3	23	2.642960093982302
3	24	-2.592777540596471
3	25	2.0032890773755927
3	26	-2.0805397294852703
3	27	0.47046716007053435
3	28	-0.6959908714338194
3	29	2.7818098168246577
3	30	3.798404933438374
3	31	-0.5786015949813316
3	32	2.9743275718642876
3	33	-2.2379416339098706
3	34	0.6035190098039226
3	35	-3.578310344569252
3	36	-1.0416661288008717
3	37	-0.08331792672804514
3	38	-3.5095088923210915
3	39	1.46299054871609
3	40	-0.604328214265383
3	41	-1.666169407469677
3	42	2.8051990599115433
3	43	1.4186923048663127
3	44	0.32018871931768245
3	45	3.3637539727385217
3	46	-2.2187067130112785
3	47	2.5379080825486597
3	48	-0.2799060741452357
3	49	-3.225497683874385
3	50	-1.7858380745376419
3	51	-1.055664888604154
3	52	-0.7469598106590238
3	53	-2.0899541737522718
3	54	3.4070472489627246
3	55	-1.143077126505004
3	56	-1.5911693209978721
3	57	-2.949209696196377
3	58	-5.1462570284013625
3	59	0.06217182849535869
3	60	-0.30207139577921993
3	61	1.6445697869783678
3	62	0.5756959165927337
3	63	-0.8349468133727123
3	64	1.0541758597742785
3	65	-0.013667095551256867
3	66	4.006689309738103
3	67	2.0294510038803617
3	68	-0.7276119070176237
3	69	-1.6148212301363725
4	4	NaN
4	5	0.3556505139556548
4	6	2.4710113639579605
4	7	1.8441598525401655
4	8	0.08969097936535769
4	9	1.7045872594142073
4	10	2.4910350062008937
4	11	-0.004094353979674958
4	12	-0.04901721946942581
4	13	-0.5179637067752414
4	14	-1.9564194380561146
4	15	-0.5114045762974649
4	16	-2.4172534288075904
4	17	-1.4936516531159838
4	18	-2.4270936553864013
4	19	1.7204633989610554
4	20	-0.11267553913134849
4	21	0.6040729256716972
4	22	1.1489028131304058
4	23	-0.5695212558698284
4	24	1.992257190743466
4	25	-2.0803911539557247
4	26	1.5831881450043546
4	27	1.0019254331517833
4	28	-0.8568924969034621
4	29	-1.6253632058281453
4	30	-1.98610869394735
4	31	-0.21438259731355047
4	32	-6.112153452457623
4	33	3.5559205337453017
4	34	-0.037376215777102574
4	35	2.5279450495657443
4	36	-0.6438176442239194
4	37	-0.19150276678318048
4	38	2.6175150040811235
4	39	-0.5055933249383283
4	40	0.947280808571113
4	41	-0.4677173009041265
4	42	-1.10919513336537
4	43	-3.3325779910524487
4	44	0.9688006275080235
4	45	1.1777741966361779
4	46	0.3317821326505456
4	47	-1.054106690633906
4	48	-0.9529333695938023
4	49	2.167573231250427
4	50	-2.180623293128314
4	51	0.11254950445970226
4	52	-0.762636322725774
4	53	2.0513402068429483
4	54	0.8463118633978558
4	55	-0.3501684932708833
4	56	2.230908014036935
4	57	1.6263976834570009
4	58	-0.8959503574150944
4	59	1.5978871285109166
4	60	0.6691078448212848
4	61	-2.811094714239003
4	62	-0.29397048661442504
4	63	-0.6193344060797018
4	64	0.31077986647187733
4	65	1.8422772550109379
4	66	-3.4198181485173698
4	67	-1.4955294214040866
4	68	-0.8633598207733962
4	69	1.3777285242990638
5	5	NaN
5	6	2.4138479662713315
5	7	5.221640509783106
5	8	-1.9258726983580838
5	9	-1.4241721154439586
5	10	-0.2553191699357115
5	11	-0.7707218939457231
5	12	-1.3164160011240986
5	13	0.49849515143504475
5	14	-2.715113345229401
5	15	-0.25959593097938694
5	16	-0.42691058874576954
5	17	-1.9025342935360972
5	18	-2.04598700836442
5	19	-1.191294181545342
5	20	-1.8606718379170173
5	21	-4.704050873440075
5	22	-1.209078537662303
5	23	-1.1647785143905989
5	24	1.4734708846229498
5	25	-2.22742481746174
5	26	-0.2831377315367654
5	27	0.6718740391256454
5	28	0.45696970009947124
5	29	0.6312366082945632
5	30	3.138658228140886
5	31	-0.034241540664470375
5	32	2.3026820099012957
5	33	1.9063431502464467
5	34	2.51995565070038
5	35	6.38689130265996
5	36	5.422520866461457
5	37	-3.3271149293628683
5	38	2.6528688759367087
5	39	-0.07516679467961114
5	40	-0.01729166756738899
5	41	-0.34698182875086914
5	42	0.648427686506073
5	43	1.3484057236599474
5	44	-0.9693858493754735
5	45	-2.0936214674513085
5	46	3.2892626735031816
5	47	-2.418623483395107
5	48	-0.6500386889938075
5	49	0.02654099123986753
5	50	-1.3720282393352983
5	51	-1.4025142841105818
5	52	-0.8641933306470196
5	53	-1.8506339977741382
5	54	1.9760886667468531
5	55	0.24188401946728572
5	56	0.5889526602054158
5	57	2.0100850393034633
5	58	-3.458714296593812
5	59	-0.5834768210342968
5	60	-0.9925453064566162
5	61	1.152351165845192
5	62	-0.5220759568860258
5	63	-0.0410262643052099
5	64	1.2426859418713616
5	65	-0.37547394272912515
5	66	-0.08133192199882511
5	67	1.7824986706147816
5	68	1.1623698746921627
5	69	-3.9928658436534956
6	6	NaN
6	7	1.637261908524156
6	8	3.840061718589189
6	9	2.0389950731363276
6	10	2.9128491270229375
6	11	-2.606562590059886
6	12	0.3091224378901674
6	13	0.6547330572063916
6	14	-2.6007184566658674
6	15	-2.0385140243087423
6	16	-1.420251205540884
6	17	0.37816930947338173
6	18	-2.0028669168367035
6	19	-2.527719318343458
6	20	1.9935193237789202
6	21	-1.5931863305557905
6	22	-1.1256486336114084
6	23	-0.5226434163180416
6	24	3.6258461422730366
6	25	-1.2272980964563427
6	26	-2.702614445458539
6	27	2.395377631215549
6	28	-0.6556696268679276
6	29	-1.1220539780063108
6	30	0.8387666039052876
6	31	0.03640513609995862
6	32	0.7535585310499637
6	33	2.32506425936137
6	34	-1.909998127528423
6	35	1.1823947266985047
6	36	3.9166829666874716
6	37	-2.5078804491843556
6	38	1.3339181080677007
6	39	-0.2276004023389142
6	40	3.224814046942234
6	41	0.5232038996492167
6	42	0.4572395801471192
6	43	-1.026641213858076
6	44	3.0795131567131815
6	45	-4.494641712554697
6	46	-1.2688715080376645
6	47	-0.8250744460811581
6	48	-1.466918094127027
6	49	4.172736063810074
6	50	-1.617102462309701
6	51	-4.898987855814332
6	52	0.5580176778112939
6	53	-0.5127113757715723
6	54	2.76949815618104
6	55	2.8283671378316786
6	56	2.137139590152317
6	57	1.7628673536013213
6	58	0.10275689043856943
6	59	-1.9638998042817062
6	60	-2.9524624530527244
6	61	-1.5404912700530902
6	62	-2.660684538490352
6	63	-0.7131017298419293
6	64	-3.486890296867895
6	65	2.1293416914213643
6	66	-0.4105915769842979
6	67	1.0780570755386205
6	68	-2.1036996355503303
6	69	-3.140746433633762
7	7	NaN
7	8	2.0109249617129623
7	9	4.045577493814226
7	10	1.6905915564753136
7	11	-0.7244865474328471
7	12	1.6869416229559882
7	13	-3.7451791738962745
7	14	-0.3315505572489786
7	15	-3.053666385633848
7	16	-1.3529436428715327
7	17	2.877090650619646
7	18	0.05153785032402677
7	19	-1.309834131070483
7	20	1.6392531849965768
7	21	-2.3602940297434714
7	22	-0.6023926238881403
7	23	-3.6049804811173805
7	24	7.5228714117446795
7	25	1.5278715198801962
7	26	-3.5464752700074498
7	27	1.9876288699019882
7	28	-3.136568070452542
7	29	-3.0866906397093388
7	30	-1.57444633274044
7	31	-0.30690801090680847
7	32	-0.6981504954325639
7	33	2.8358158048320887
7	34	-2.51592714777383
7	35	2.547376522707207
7	36	2.866245883532577
7	37	1.3296928679866669
7	38	2.063571527944504
7	39	-2.4097680274233113
7	40	1.686683595386024
7	41	-0.06002227053579132
7	42	-2.0670880143062984
7	43	-2.99420143544595
7	44	3.400845537382596
7	45	-1.5956203837911582
7	46	-2.3720278477120216
7	47	-3.860214575150195
7	48	-0.17705771545253393
7	49	2.0200243809202783
7	50	-3.5521232966592025
7	51	-1.285322581723359
7	52	1.409838433504937
7	53	1.0982065428985883
7	54	-0.28827678496325926
7	55	1.355358871091604
7	56	1.7281437112563585
7	57	2.5511409374058043
7	58	-2.2552464262567598
7	59	1.5197779887602214
7	60	-2.0274472712524374
7	61	-1.529289818627331
7	62	-4.089003393790884
7	63	-0.044761584459528846
7	64	-0.7282454028456101
7	65	2.6396048887058794
7	66	-0.7734276664643586
7	67	-1.599875351461312
7	68	-2.184696615024383
7	69	0.17172672140112513
8	8	NaN
8	9	0.012270783226587641
8	10	-0.8082626863854359
8	11	-1.3692038201762646
8	12	-2.2117517200959305
8	13	-2.7336897231079442
8	14	-0.00919816044204379
8	15	-1.3650536192900675
8	16	-0.4034418906520064
8	17	0.41439482868783056
8	18	-2.309365562441421
8	19	-1.3352218530905893
8	20	4.7369527069849156
8	21	1.3402114780281935
8	22	1.286583501085192
8	23	1.567079283123508
8	24	-0.4091772742909089
8	25	-3.296492093777384
8	26	0.9391738323346829
8	27	1.3711671965298804
8	28	-1.6803827364358546
8	29	-1.3933813273751297
8	30	-1.9118722193799556
8	31	1.9675699653015128
8	32	-2.2061558616960983
8	33	2.716098722899402
8	34	-2.597400482315828
8	35	0.3668184290150292
8	36	-2.540058197367073
8	37	2.609020555487542
8	38	1.9996273497167787
8	39	-0.5473851714550181
8	40	1.1417733676923993
8	41	0.7526524063219134
8	42	1.758048772609164
8	43	-1.0991231357098123
8	44	-0.1573160009642662
8	45	1.615393503557278
8	46	-1.5141436416653333
8	47	-0.4517994389098182
8	48	1.6023520855444715
8	49	2.4907740303025405
8	50	1.1370954792458232
8	51	-2.1817463510313764
8	52	-0.16669281699159105
8	53	10.420606610096607
8	54	-2.3993268561821184
8	55	2.939015766550312
8	56	3.648791144745118
8	57	0.8672786527622094
8	58	-2.157228020115687
8	59	-1.1527351604146967
8	60	-3.4783155364669858
8	61	1.9204161066951357
8	62	-0.32743525396245404
8	63	0.14149570244510004
8	64	-0.8041263222950933
8	65	-0.9265233086441982
8	66	-0.9951834006184592
8	67	-1.8683232623948505
8	68	-0.27270887321444687
8	69	-2.508466602049198
9	9	NaN
9	10	1.0799818000790815
9	11	0.3327980687486346
9	12	-2.302028924296995
9	13	-0.6490044453138863
9	14	-1.7519983752135946
9	15	-2.0531562860788544
9	16	-4.400316331259442
9	17	1.310931554099475
9	18	-3.472135703166901
9	19	0.4692209653954814
9	20	1.071785228362357
9	21	-2.3501771373385614
9	22	-3.4120730693893333
9	23	-2.3366177030115542
9	24	2.735866985938827
9	25	-4.792628311413069
9	26	1.2953998133838895
9	27	1.3747092621551267
9	28	0.36181789527227787
9	29	-2.6256937301545054
9	30	-1.2968965875919143
9	31	2.162810497015736
9	32	-2.7308346226528655
9	33	3.0543226192885946
9	34	-0.8971160664697322
9	35	5.196408898445236
9	36	-0.07601095589234932
9	37	-3.5792611593258905
9	38	1.7553789253095118
9	39	-2.0742089747155887
9	40	9.632184644768923
9	41	1.3144946184458643
9	42	-0.2759985195776049
9	43	-4.061825323979636
9	44	7.60217149389685
9	45	-1.4506621364081815
9	46	-0.9131579177074161
9	47	0.6569575287102527
9	48	1.3895072889252793
9	49	3.6278924626052906
9	50	-2.1315314452263077
9	51	-2.2778108088842806
9	52	0.8780398682590319
9	53	1.1118908375727221
9	54	-0.4830429487239508
9	55	2.568418548883829
9	56	0.6899532359027205
9	57	5.341357032990205
9	58	-2.3169659003576033
9	59	-2.771893216795834
9	60	-3.300616082070477
9	61	1.6603398110771928
9	62	-1.3938169073842221
9	63	-3.2681869246314466
9	64	-3.656545382231863
9	65	-0.23520930787055508
9	66	-2.3627785472750573
9	67	-0.6373124397537977
9	68	0.4888297308492503
9	69	-0.7066066378873499
10	10	NaN
10	11	-0.9067306789396837
10	12	0.42263923759398386
10	13	-1.4667252679912348
10	14	-0.2016368768830747
10	15	-1.1045600618037683
10	16	-0.9921982636212728
10	17	4.424100154017388
10	18	-1.704649683855302
10	19	-2.0746639112791216
10	20	1.0892966432733189
10	21	-1.6131675827578893
10	22	-1.847800949777351
10	23	-2.4892939164821932
10	24	3.928830176919162
10	25	-1.6639638490078434
10	26	-2.5526055197625963
10	27	1.0816783934941196
10	28	-3.154259512555273
10	29	-3.8644617483246924
10	30	-3.4427978561087857
10	31	0.2523906600219212
10	32	-2.4925620840855434
10	33	2.7100592993686727
10	34	-1.6447622036373508
10	35	3.860752448952533
10	36	-1.7571026110106776
10	37	5.682651217148416
10	38	3.5465238325956348
10	39	0.040059570279041334
10	40	2.537956137687251
10	41	0.08585633341772433
10	42	-1.2202923634395595
10	43	-1.5835357942278094
10	44	3.0819557056764664
10	45	-0.5922892378373815
10	46	-0.8922013896915653
10	47	-2.4067496504922423
10	48	-0.32799718852200277
10	49	3.2549309465696306
10	50	-3.1517681489914255
10	51	-0.20578878163995398
10	52	7.832641531272398
10	53	5.080345064003671
10	54	-1.0274064170015351
10	55	0.7010174107770716
10	56	1.4768882861156798
10	57	0.46779900992941487
10	58	-4.248219284384827
10	59	0.7612269931292857
10	60	-1.9365534931514397
10	61	-1.1022036642663249
10	62	-0.8233056789998999
10	63	0.035649821638472384
10	64	-1.4325698699062035
10	65	-0.6312890397211387
10	66	0.6136708614597148
10	67	-1.059219656846605
10	68	-0.8837665423604883
10	69	-3.4026833961557856
11	11	NaN
11	12	1.5322810122316974
11	13	1.6364159631424566
11	14	1.3549626837796493
11	15	1.9390352677672433
11	16	4.205346870524125
11	17	4.036532313884647
11	18	-0.4471952406056883
11	19	-2.5768216164724653
11	20	0.2712076783709137
11	21	-2.0558993795906577
11	22	-1.1385316594650847
11	23	-0.7175283913090638
11	24	-1.5251762345195348
11	25	-2.8116751906835
11	26	3.332611657625806
11	27	1.6409207579237426
11	28	0.3329733645546238
11	29	2.0391325908696185
11	30	0.530599267949015
11	31	-0.17999507824078195
11	32	-1.8389472658861186
11	33	-1.7003567384605336
11	34	0.7461342332494274
11	35	-1.1591842979438254
11	36	-3.2358155399362247
11	37	-1.8821919377590286
11	38	0.34611941297608345
11	39	-0.21327673584088128
11	40	-0.6077899484663397
11	41	1.3064908572277991
11	42	-0.8557309792287442
11	43	1.4419521784257816
11	44	-0.15399755277367447
11	45	0.900000630318536
11	46	-2.2635228259094746
11	47	-4.102145892377229
11	48	1.641809726634977
11	49	-2.5529683384518953
11	50	-2.010847610619587
11	51	4.034494405665078
11	52	7.120868140586091
11	53	-2.0084998376362453
11	54	-1.0636365220344766
11	55	-1.2326606844541435
11	56	-2.325242795364094
11	57	1.0129675292955727
11	58	0.06475123571227853
11	59	5.089551333837291
11	60	3.078390310577766
11	61	-2.9813307598674825
11	62	1.5393198937845027
11	63	1.4832817594058638
11	64	-0.5715191154934001
11	65	-3.218802540689334
11	66	-1.694111651422529
11	67	0.26084675933587537
11	68	1.9645836656540432
11	69	1.363942370546231
12	12	NaN
12	13	1.6058172427790405
12	14	0.09193081524399235
12	15	-2.6591784825406255
12	16	0.6485864157671548
12	17	1.5580574389640462
12	18	-0.8835624346341061
12	19	-0.6122594939934989
12	20	-2.572704615298786
12	21	4.203274319399456
12	22	0.792645104825887
12	23	-2.584092652008348
12	24	-1.8364683066499032
12	25	-1.9536166458640971
12	26	-0.7786022101898011
12	27	0.7331097587842224
12	28	1.6320762340097594
12	29	-3.4350020838641524
12	30	2.190095799952555
12	31	-0.419869019453538
12	32	2.2984615783545
12	33	-1.8857625267948648
12	34	0.42024176398462904
12	35	-1.8908682214722732
12	36	0.4896090474603651
12	37	-2.607384685745529
12	38	-0.6484067310825893
12	39	13.56024670569037
12	40	-1.6994758946025847
12	41	21.263630743821235
12	42	2.65264147765373
12	43	1.613438479463602
12	44	-1.6585631239793326
12	45	-1.279928634342067
12	46	0.8137738988396056
12	47	1.3743414775703626
12	48	1.166791897671654
12	49	-3.4299518634843436
12	50	-1.535827035225321
12	51	-3.7062890340677956
12	52	-3.013843174225425
12	53	-0.14409634419540704
12	54	-1.0501272489585154
12	55	-2.88777418861026
12	56	-2.7902967410885777
12	57	-3.4221148260174643
12	58	-3.875209049143499
12	59	0.28519304443283433
12	60	-0.12539427771454323
12	61	-1.4301027776353168
12	62	0.46180505512652564
12	63	-0.25136896032714046
12	64	-1.3135717570823389
12	65	-0.1401168619047821
12	66	1.469423944755324
12	67	1.8714046356851042
12	68	2.819060400442142
12	69	-1.8372325219463952
13	13	NaN
13	14	2.7005347835792675
13	15	4.080967537169478
13	16	1.626147006663085
13	17	0.8460194475302651
13	18	2.0101158958702583
13	19	-4.477715479099205
13	20	-1.6471639547728363
13	21	-1.3782695292443248
13	22	3.9327967496293166
13	23	0.3274307344378041
13	24	-2.2429397951091654
13	25	-0.41887114430108224
13	26	0.7206311520267791
13	27	-0.9129925768360548
13	28	-1.4716665390353376
13	29	0.9341716404781943
13	30	0.5355032562592148
13	31	-0.691294350836716
13	32	5.133958148655938
13	33	-1.8623578515238424
13	34	0.9089646005472117
13	35	2.375886716135378
13	36	0.05731418547791124
13	37	0.29870281903740636
13	38	1.355356691934074
13	39	-4.427769088237142
13	40	-2.9280601392878784
13	41	1.9705470058370014
13	42	3.8682983594871763
13	43	-0.5048724084342613
13	44	-2.369534249249002
13	45	0.519354656955285
13	46	1.624596693394332
13	47	3.110742745312506
13	48	1.7527299176279798
13	49	-2.2353424250180822
13	50	0.3988859901207309
13	51	1.7412667119991514
13	52	-1.701390201113879
13	53	-1.098696983611213
13	54	-1.5152777165623168
13	55	0.4249452075676914
13	56	-1.1560370793153676
13	57	-1.1225962049033789
13	58	3.1643810926602454
13	59	2.6380994288398916
13	60	2.4094493744392786
13	61	-0.1296090013380268
13	62	1.049455249845251
13	63	-1.0851019195380383
13	64	-2.556871759474113
13	65	-2.9054204987115337
13	66	0.5117469016794688
13	67	0.08665192124946562
13	68	-1.4273736979453056
13	69	0.7486255924457847
14	14	NaN
14	15	2.9553193262195747
14	16	-1.638554281855993
14	17	-0.8148295538398523
14	18	1.4355844152819894
14	19	-0.058510641626563865
14	20	0.423982990929543
14	21	-0.315213017425258
14	22	-0.2349742584017433
14	23	2.718772880224799
14	24	0.32370766072342805
14	25	1.1283130963825956
14	26	0.5568326324509095
14	27	-1.1125667622805768
14	28	-0.38773313666775877
14	29	0.41429397652389466
14	30	3.0003215577120357
14	31	-2.3076586188277086
14	32	-0.4991276124385604
14	33	-1.5373710831292562
14	34	-1.7370090181784417
14	35	-1.9464413715048243
14	36	-4.245870614604553
14	37	-0.25033916685323254
14	38	1.8614444502752103
14	39	1.0090296055995953
14	40	-1.0148776502482841
14	41	-1.9023159843937274
14	42	-2.619340848026226
14	43	2.761778272592806
14	44	-2.3935848919454332
14	45	-0.5885496929242675
14	46	1.5639997369052945
14	47	1.599905221784063
14	48	-1.3154643271345605
14	49	-2.3936010577166758
14	50	3.244222895773295
14	51	-0.7438910010524253
14	52	2.824891192141025
14	53	13.765412803668646
14	54	-1.3604217404711676
14	55	0.3935817075046764
14	56	1.0439019501324625
14	57	-2.040215258913595
14	58	-1.4484781566084122
14	59	1.3466541578000166
14	60	-1.7812874276758723
14	61	-0.9046572225965799
14	62	-2.157463619688125
14	63	-1.4359224735787726
14	64	2.1506683676557996
14	65	-1.7306444367904317
14	66	-2.6209932206446043
14	67	-0.7418230853748272
14	68	-1.7364142105376223
14	69	0.4793782444158897
15	15	NaN
15	16	0.7847545826329176
15	17	-1.3890983988833638
15	18	4.26643512985461
15	19	-1.680282839157309
15	20	-1.739313921240354
15	21	2.2020921275703054
15	22	-0.5295902246654399
15	23	1.0155837938645589
15	24	0.25316387817503666
15	25	1.9272503918997799
15	26	-0.20048779116276413
15	27	-2.5163871019330584
15	28	4.059772972434553
15	29	-3.1415663214278586
15	30	-2.9344361895772684
15	31	0.7012900557220993
15	32	0.7626348847763835
15	33	0.6197628720331704
15	34	2.624050868371485
15	35	-1.3177216258177684
15	36	3.0095923996522167
15	37	1.7855516407664351
15	38	-1.4666817460632298
15	39	-0.6854483250915492
15	40	-0.03597310705906629
15	41	-0.74394069347358
15	42	0.18230728135322136
15	43	1.723017664941105
15	44	-2.1263993280915954
15	45	-0.5598762718677792
15	46	-0.9960177645447236
15	47	0.302515429224102
15	48	0.15716880119279747
15	49	-0.4592496054471326
15	50	1.1395722179042314
15	51	1.6229500242725092
15	52	1.983645356554792
15	53	-2.745577492486374
15	54	0.7452304683891792
15	55	-2.1896547296594244
15	56	0.1654189951189984
15	57	-1.772387144292747
15	58	-0.7294196603420003
15	59	0.05815580762860813
15	60	3.707200575257304
15	61	-0.3852100943132605
15	62	-0.5625533052422304
15	63	-0.6970715730535548
15	64	-0.5654261061424243
15	65	1.0985658441033184
15	66	2.1118075418219258
15	67	-0.4751467617902006
15	68	-1.69862564766229
15	69	-0.5262394241915516
16	16	NaN
16	17	-0.2803658853982255
16	18	3.537389608274539
16	19	3.754056308733357
16	20	-2.642826213523034
16	21	1.6730514136721848
16	22	-1.331712542571981
16	23	1.5531742597067153
16	24	-2.533924070917481
16	25	-0.731540583796255
16	26	0.4727167477438352
16	27	-0.9278165388984989
16	28	-0.007950986640090722
16	29	1.124678489750749
16	30	4.8439478497961925
16	31	-1.355296058930138
16	32	5.2053882802059
16	33	-0.5233154299164727
16	34	2.071429544788179
16	35	-1.055969542877941
16	36	2.2932950469571622
16	37	-0.2248020535724618
16	38	1.3026115586497604
16	39	0.9097481160732354
16	40	-2.9262969463289807
16	41	-0.016712035240670328
16	42	2.380248715542875
16	43	1.1541762940049476
16	44	-3.6266319340904167
16	45	-1.2002212883467211
16	46	2.556808502777106
16	47	-0.7348861421616815
16	48	3.703527134950719
16	49	-3.4295825657546652
16	50	3.7888893648933437
16	51	0.007989712424924666
16	52	-1.0776319513361647
16	53	5.246906329306975
16	54	-1.7097865389440152
16	55	-2.3872866786785085
16	56	0.6864117670358133
16	57	-1.9097434778733262
16	58	-1.0960172921914688
16	59	-1.110654333954103
16	60	-0.5017910131677922
16	61	0.372917519090556
16	62	1.0481457480156757
16	63	-1.740599382330521
16	64	0.03927562679755693
16	65	-1.3571902059180028
16	66	1.590740766971538
16	67	-1.97984570680017
16	68	3.810284626625041
16	69	0.766341019487249
17	17	NaN
17	18	-0.8847750524075588
17	19	-1.105823020875019
17	20	1.462701231848358
17	21	-1.3074237456591697
17	22	-1.5481042178146862
17	23	-1.7270308296320835
17	24	1.2250769162883879
17	25	-0.3936733631951109
17	26	-0.13069965931774719
17	27	-0.8469406179165625
17	28	-1.2280183551031019
17	29	-0.6714368248133383
17	30	-1.560050299273591
17	31	-1.0861897747089884
17	32	0.5115849217974185
17	33	1.998112061779501
17	34	0.9394238095105373
17	35	3.639857180181526
17	36	-1.6302453877972356
17	37	0.709626679244706
17	38	2.3929800365811222
17	39	-1.603575152529192
17	40	1.5419853932017695
17	41	0.4592406127422894
17	42	1.0025686746744693
17	43	0.023864552337905236
17	44	2.1153132947031397
17	45	-2.3399763075870452
17	46	-2.4992804324900373
17	47	-0.21330943312500275
17	48	-2.4776295686383887
17	49	0.877949804888763
17	50	-1.9971252866414628
17	51	1.3140328749317822
17	52	2.9212043102756615
17	53	2.5463349762518463
17	54	-1.6927373850437182
17	55	0.8438031804426113
17	56	0.5039848532849187
17	57	1.782075641659048
17	58	-0.5389192299251676
17	59	0.10377544456274403
17	60	-1.1845717986984516
17	61	-1.8463980337172359
17	62	-2.3473070904269875
17	63	-0.6681742334381092
17	64	-0.3996337433986108
17	65	0.017868650194626294
17	66	1.2642315088223843
17	67	-1.8165319970953344
17	68	-2.0530188631855717
17	69	0.020797895696273144
18	18	NaN
18	19	6.944115308785556
18	20	2.42729254247423
18	21	1.7572354411420104
18	22	0.1618605888559477
18	23	3.051939116466209
18	24	-1.7474289925951225
18	25	-3.766529312774309
18	26	-0.6585859779990463
18	27	0.35714733494383655
18	28	0.2768290091744322
18	29	5.060890725603914
18	30	2.2527707217410375
18	31	-1.8899605987014692
18	32	1.2909107974065936
18	33	-1.4334160698262046
18	34	0.6859726584388169
18	35	-2.1493636891825596
18	36	3.975786310115317
18	37	-2.1895316619641805
18	38	-1.168572688125862
18	39	-4.5576811338395204
18	40	-2.106334394130786
18	41	1.3368402004054827
18	42	-0.4555008354718582
18	43	2.9298888654181576
18	44	-2.6733155304329794
18	45	1.557043421389052
18	46	0.8103475559564213
18	47	1.627100320124456
18	48	0.19396108998318198
18	49	0.37031397219478907
18	50	0.8486437017829196
18	51	1.0983786197901608
18	52	-2.4345840205584364
18	53	3.735043474171368
18	54	0.8465433862302784
18	55	-2.8889352214495507
18	56	-0.5528706722761177
18	57	-1.2314062391267366
18	58	-1.7381916559525161
18	59	5.090834562897564
18	60	-2.5243769978059745
18	61	2.362333928569355
18	62	-0.2709783043943772
18	63	3.12704612562368
18	64	-1.4867006043578548
18	65	-0.5556250277140851
18	66	-1.8965032799660273
18	67	-4.207735540519291
18	68	3.5862412363130813
18	69	-0.01004378656147906
19	19	NaN
19	20	-1.9734027397964096
19	21	-0.7350302107640333
19	22	1.4853484204923364
19	23	-2.1598079438032443
19	24	-2.176050312147591
19	25	0.45047618909369175
19	26	4.4274650665677715
19	27	-5.027743243686407
19	28	2.7764227050025343
19	29	4.095269495479355
19	30	0.7879933833161942
19	31	1.691623263199324
19	32	1.6843580868006673
19	33	-2.344148224866379
19	34	1.9468987091298227
19	35	-1.0052503255924634
19	36	3.505049658415548
19	37	-1.1672869420212861
19	38	-1.998383526629499
19	39	-2.773138778129952
19	40	-5.270753161376673
19	41	-0.15473771508823855
19	42	1.3958522894046645
19	43	3.0419235415827544
19	44	-2.5011306734764
19	45	-0.17775236408530842
19	46	1.1108900120745444
19	47	7.084164560707127
19	48	0.1280453856333644
19	49	-1.5659284282326906
19	50	4.119450691425483
19	51	0.6849602083347215
19	52	-2.5682089032307136
19	53	-3.658140783536083
19	54	-0.08678721364065185
19	55	-0.5420595914304619
19	56	-1.7539801683525766
19	57	-1.8675229875564374
19	58	0.24955719921742248
19	59	5.203182749260389
19	60	-1.1655238992982047
19	61	3.9913361246850636
19	62	0.29287375502516994
19	63	-0.640762977661365
19	64	2.4667438024175015
19	65	-0.2116246103717017
19	66	-0.43245776802859504
19	67	-0.9646277582872083
19	68	3.525543282421756
19	69	4.763370542076176
20	20	NaN
20	21	-1.8571635827544017
20	22	-1.9758397125327933
20	23	-0.48233883422947516
20	24	8.543408391862561
20	25	-1.017827279231119
20	26	-0.89950619081444
20	27	-0.20297605057342907
20	28	-1.347372264660681
20	29	-0.24117450998039824
20	30	0.22305928463891372
20	31	2.6849280015433408
20	32	-1.4457518105314424
20	33	0.6070945455120912
20	34	-0.9037368842703475
20	35	3.584997873294287
20	36	-1.5091879820135627
20	37	-2.183729713895148
20	38	1.8113258187495844
20	39	0.30812908366781766
20	40	1.1992739141019386
20	41	-1.678189741140299
20	42	-1.613322019391713
20	43	-0.4869248589428003
20	44	2.395463842450969
20	45	-2.7840317573516606
20	46	0.3211563677090615
20	47	-3.7531270271038544
20	48	-1.1433142006361354
20	49	2.052941203578118
20	50	0.6594719559327912
20	51	-1.6169060274602027
20	52	1.8689046156619002
20	53	4.11674577612736
20	54	-0.5282567128965212
20	55	1.3750635658052928
20	56	0.2850829686221001
20	57	1.9804235518267796
20	58	1.4317119431737446
20	59	0.08339114900075333
20	60	-2.6760015367105483
20	61	-3.0318391901144626
20	62	1.184514713614729
20	63	-0.426757711291436
20	64	-0.4458682668259878
20	65	-0.49049137548517086
20	66	-0.23438245120131357
20	67	-0.42785910437103225
20	68	0.3966360966245714
20	69	-1.1298267331451257
21	21	NaN
21	22	3.967830993708288
21	23	3.0032470800481375
21	24	-2.188850480093836
21	25	25.695250755200338
21	26	0.15885813872522633
21	27	-1.5419431872320224
21	28	1.2904043650622363
21	29	-2.598418789425482
21	30	-1.578012429455457
21	31	-1.951913130046997
21	32	-0.9967888143885327
21	33	-0.7705952596955257
21	34	1.8020929441631433
21	35	-1.8757185696488774
21	36	0.9674537469823529
21	37	-1.0747001554491584
21	38	0.010920617704684313
21	39	1.6470743015252343
21	40	-1.7094958537439142
21	41	-0.7123185685600919
21	42	0.008854125159022645
21	43	-0.7318080767628452
21	44	-1.092565155559401
21	45	-0.7502383670341931
21	46	-0.423567181057063
21	47	1.4361696940404869
21	48	-2.068238258457016
21	49	-1.7737696637399463
21	50	0.273478681450014
21	51	-0.2459794036233021
21	52	0.7929120301433611
21	53	-3.5080949121175857
21	54	-1.136174793886355
21	55	-1.3192325597486856
21	56	-1.069336366404686
21	57	-1.8140249200161884
21	58	-0.7950238651983721
21	59	0.405735038349434
21	60	1.3979387377625314
21	61	-1.0167815599021706
21	62	-1.8662230953095194
21	63	-2.4786595669350056
21	64	0.5852900630500828
21	65	-2.693758722555985
21	66	2.52481005117817
21	67	2.9271537417295126
21	68	0.9374299524981045
21	69	2.532257864082991
22	22	NaN
22	23	3.338030958190692
22	24	-1.7049797088436074
22	25	-0.7952994243613393
22	26	0.37040887995921207
22	27	-1.2030797144530214
22	28	0.4687016824403554
22	29	0.010825944351134782
22	30	-4.220520446193715
22	31	0.9517363938846866
22	32	3.7090326376543485
22	33	-2.0858419130453316
22	34	2.9858592015477456
22	35	-3.648090408872594
22	36	-3.036762032662228
22	37	2.947774977691764
22	38	-2.044820199120155
22	39	1.9844176021077873
22	40	-1.9158226720090727
22	41	0.9563175458813812
22	42	-3.5621607260023405
22	43	1.910891795859582
22	44	-1.2961287336830762
22	45	1.30074902755793
22	46	1.8105043547578075
22	47	2.9529529968818538
22	48	1.6188111369780835
22	49	-2.3876233598637846
22	50	1.6954989181378521
22	51	0.2741891152923982
22	52	-0.10507442503824134
22	53	-0.9289560378971854
22	54	-1.118037704373824
22	55	-1.680112029374598
22	56	0.9246492656479401
22	57	-2.666388163768529
22	58	-3.3273936877910173
22	59	1.0943279770208822
22	60	0.2728571043712199
22	61	-0.6275636592078712
22	62	-1.8479650444276936
22	63	1.7517705743164218
22	64	4.608085130470602
22	65	-1.4627159295632246
22	66	-0.8332510154982496
22	67	2.0659416681726395
22	68	6.021526682991322
22	69	-0.10927478694677967
23	23	NaN
23	24	-1.890991933761984
23	25	0.015420774129012054
23	26	0.7790234666923199
23	27	-5.004046650579091
23	28	-0.6512315387907193
23	29	0.2839081099305224
23	30	4.494633287150908
23	31	0.26092040878384715
23	32	-1.1394565157790466
23	33	2.3122200550428467
23	34	1.212371822968298
23	35	-1.247116649795479
23	36	-0.8814695001148254
23	37	0.03332468521883933
23	38	-1.2111569163745644
23	39	1.986890927505896
23	40	-2.8392824528389307
23	41	-0.7198567894705544
23	42	-1.4074903865906956
23	43	-0.4058193328402375
23	44	-3.004529638645604
23	45	-0.32775416076416874
23	46	-1.2361980275639808
23	47	2.7651785284492596
23	48	2.865540933992425
23	49	-0.5640724238824678
23	50	-1.3529310130649086
23	51	2.7658489008603775
23	52	-0.8601989914339795
23	53	-1.4841594307938275
23	54	2.7919678641556724
23	55	-3.1004674318394927
23	56	-1.5447931050571988
23	57	-1.7444642824887806
23	58	2.1459321719817077
23	59	1.8241119598843079
23	60	-0.18705160332561063
23	61	1.0541689212846344
23	62	-0.016582353793187277
23	63	1.68782247981176
23	64	1.1863118866912228
23	65	-0.8636579736405433
23	66	2.56699590427753
23	67	3.069237051298058
23	68	-0.7520613664782042
23	69	0.4527017600023442
24	24	NaN
24	25	-1.5444364278760705
24	26	-0.42052767178192485
24	27	1.8770372944783051
24	28	-1.8113179154673966
24	29	-3.9007990053228596
24	30	-1.7092624199010922
24	31	2.807477099061241
24	32	-3.7061151644255186
24	33	3.159706627576931
24	34	1.724710813677237
24	35	4.126332307790647
24	36	0.07998295972654335
24	37	-1.334726992419231
24	38	5.060876395907806
24	39	-0.9293614054452023
24	40	2.5606752650932423
24	41	-0.32809541144280546
24	42	-3.371959432107246
24	43	-3.823364580605011
24	44	1.6908230551402017
24	45	-1.4944669558848926
24	46	-2.0791701857697036
24	47	0.10459133804565873
24	48	-1.0422381162379306
24	49	3.7506412603102883
24	50	-0.21404262286460765
24	51	-1.7754875554910219
24	52	1.657668607273791
24	53	0.9461696529850075
24	54	0.26399844880562034
24	55	6.058326738828821
24	56	2.5029442027649504
24	57	3.147213422380709
24	58	-4.497555071732537
24	59	-1.2643177089421902
24	60	0.1359661291062038
24	61	-1.518884481864479
24	62	-2.370552223031056
24	63	-3.157917238764845
24	64	-0.8794932393664979
24	65	-0.8371040858250033
24	66	-0.7070321153015178
24	67	-2.552627689599941
24	68	-0.9929851846166944
24	69	-0.357672158497342
25	25	NaN
25	26	3.41640704608852
25	27	-1.7972095752679151
25	28	0.38114634101418243
25	29	2.138522827862608
25	30	0.5009964262178235
25	31	-0.6116392553591559
25	32	0.527187406726842
25	33	-1.9811425904423337
25	34	-2.322984441941986
25	35	-0.2685252577794176
25	36	0.9498073624019299
25	37	2.3906146299129074
25	38	-1.4256861086996546
25	39	3.588918949059515
25	40	-2.895057218319144
25	41	-0.2695986539600091
25	42	3.091947972400085
25	43	-0.0022457690289220417
25	44	-2.8296488716547374
25	45	0.21019767610207424
25	46	-1.887707178884182
25	47	0.4429224444343885
25	48	-2.92906194015909
25	49	-0.18967821122699516
25	50	4.92591451480635
25	51	4.600866733970779
25	52	-0.6371980300651086
25	53	-4.182543059202466
25	54	-2.723612613328504
25	55	2.019845467114231
25	56	-2.1544423392240675
25	57	-1.224105825695186
25	58	0.22720164058526318
25	59	1.1555125319211945
25	60	2.211427489749923
25	61	0.2935590681602533
25	62	-1.9738073275013788
25	63	1.3890177279592621
25	64	-0.6526356450114047
25	65	0.46820050863114016
25	66	-0.7883285071170087
25	67	-0.546013212054687
25	68	1.177353925860675
25	69	1.082260636156608
26	26	NaN
26	27	0.5193667662222156
26	28	0.981596545286227
26	29	0.9882494076694239
26	30	-0.30902374595231413
26	31	1.1601333160414937
26	32	3.352334847513574
26	33	-2.6914451498898484
26	34	5.068997907751859
26	35	-3.976590618968849
26	36	1.7518603116243552
26	37	-2.2814347725432844
26	38	-3.8804771860729406
26	39	-0.012074966715838378
26	40	-2.8941617616496833
26	41	0.7791743322528717
26	42	4.127658100668174
26	43	1.2305257288556013
26	44	-2.9474029807965434
26	45	0.7162904172271072
26	46	0.034517307569003765
26	47	2.0251135698792013
26	48	0.7838461666982222
26	49	0.4303992275783163
26	50	0.6371939222517463
26	51	-1.8346476053152707
26	52	-4.731921792696854
26	53	0.2591346223969891
26	54	0.8164960182724048
26	55	0.3762396559026623
26	56	-1.1095285945428555
26	57	-0.5735197031880997
26	58	1.685398398273187
26	59	1.1377069132742454
26	60	-2.6385476894508235
26	61	0.502023897521736
26	62	0.29148333730318815
26	63	0.06939655697323625
26	64	1.0367536878130434
26	65	0.6075389728787226
26	66	-0.9261361172970021
26	67	2.640060247581805
26	68	-3.771927247655667
26	69	2.9095177308797346
27	27	NaN
27	28	1.2341744835569375
27	29	4.664307039373841
27	30	-0.3491509775434177
27	31	0.2375146809333775
27	32	1.7591477998688998
27	33	0.5948758357102923
27	34	-0.18024364140401045
27	35	1.3214653336207343
27	36	-1.7012063314146804
27	37	-1.1047928788741976
27	38	1.3201080021024398
27	39	-1.3060978057141102
27	40	1.1351250238672432
27	41	-0.2464585949488698
27	42	-1.1821878804685713
27	43	-2.3306187498282758
27	44	-0.35382210385089086
27	45	0.1659502039563002
27	46	-1.9358952704021528
27	47	0.645917147092122
27	48	-2.0260600184331246
27	49	4.288721597853794
27	50	-0.01602436802992639
27	51	-2.091604164831754
27	52	-0.15212514882443595
27	53	1.3973881074077836
27	54	0.5707822089855271
27	55	5.617252295862534
27	56	2.3072486389612434
27	57	4.6932164037024755
27	58	-2.605315246232617
27	59	-0.2698820166597509
27	60	-1.9194740934815615
27	61	1.2495304494237798
27	62	1.5950350934938198
27	63	0.9259516694385204
27	64	-4.86315619475894
27	65	1.3525698068467227
27	66	-0.5122957276119565
27	67	-2.9076632562065505
27	68	-1.6678093604392406
27	69	0.3567097385209308
28	28	NaN
28	29	-0.1793936868901466
28	30	3.6149238171611477
28	31	-1.004224272113616
28	32	-1.722878709341762
28	33	-1.9870689379293622
28	34	-1.2978647453628354
28	35	7.9595240746597495
28	36	-0.15928824878717074
28	37	2.850136371808923
28	38	-2.215164024792469
28	39	3.9576404266271656
28	40	-0.7915666857911502
28	41	-1.5515186913758252
28	42	2.9874191680010598
28	43	4.347634084059583
28	44	-1.9942353252310607
28	45	0.3121594246761097
28	46	-0.43559252229343814
28	47	0.9028284514539486
28	48	2.202230670646457
28	49	-3.020375972169179
28	50	4.625390369927919
28	51	-0.0929474831381384
28	52	-0.8010649203736943
28	53	-0.6894925701904621
28	54	-1.0819738742309595
28	55	-3.184484408657761
28	56	-2.511349408355219
28	57	-1.8977183776962476
28	58	-0.0076807385247252245
28	59	0.9280427158418307
28	60	-0.4171789405270709
28	61	-0.1336164618208103
28	62	-1.7631575781746873
28	63	-1.8550512111489896
28	64	0.6642284212731244
28	65	2.0112911682703114
28	66	-1.4373490029808658
28	67	-2.063318463985642
28	68	-1.668764910773908
28	69	1.5528674630231212
29	29	NaN
29	30	2.672835502973919
29	31	-0.9953232046533215
29	32	6.0714106352804675
29	33	0.04873394747904584
29	34	-3.5061510009824333
29	35	-0.8050080174015366
29	36	-0.4442178227489072
29	37	-0.857659992042175
29	38	-1.1893572408367852
29	39	-1.9150764059589145
29	40	-3.2237138133285894
29	41	0.17329492444617214
29	42	2.7474611785025917
29	43	0.36824654260389356
29	44	-2.3140667648263316
29	45	3.087743651302718
29	46	-0.6012606752737109
29	47	0.43495128093509033
29	48	2.1324737104459857
29	49	-0.0526183038383177
29	50	2.3121801967463482
29	51	2.852126355886313
29	52	-0.9663499829730214
29	53	-3.2696198905677356
29	54	-0.26808034110269097
29	55	0.21809951986739937
29	56	-0.34012045479102504
29	57	-3.1810282807534547
29	58	0.5091882873278919
29	59	0.24020579218040336
29	60	-2.0460560066199727
29	61	2.060761959013837
29	62	-0.49596428466514414
29	63	-1.2616353288150974
29	64	0.4168326236202317
29	65	2.087777767891311
29	66	0.43148307585711
29	67	1.4515493082599087
29	68	3.4309783175692132
29	69	-1.1716763362719205
30	30	NaN
30	31	0.279411173809417
30	32	6.898155834521507
30	33	0.9031712255682732
30	34	-0.18902839803428229
30	35	-4.432378485079071
30	36	1.8982203354911893
30	37	-1.597184544773363
30	38	-2.1196369779510817
30	39	-0.48185700917808194
30	40	-3.026653476858776
30	41	3.737736481610973
30	42	1.525982115136324
30	43	0.8776521562668482
30	44	-3.6380574854552603
30	45	0.2195536996124816
30	46	4.630709895667818
30	47	-1.4687176657548031
30	48	4.448734651789634
30	49	-3.5348600707073934
30	50	2.5080892332130156
30	51	-0.9474994708219664
30	52	-1.0356104545361495
30	53	-2.0856939383571507
30	54	-0.2927424111650146
30	55	-1.3748244055915486
30	56	0.6693418900612035
30	57	-3.8753631571485228
30	58	0.04876649471928419
30	59	2.228003113320455
30	60	-0.06438746494604966
30	61	3.6501505609972766
30	62	3.9491790422689292
30	63	-2.4332134546805606
30	64	-0.9819841583680742
30	65	-1.5298161559818284
30	66	1.3240984242654874
30	67	0.3140512912450875
30	68	-2.8472612721646064
30	69	-2.475914809779672
31	31	NaN
31	32	1.8709176018981921
31	33	1.1802181348481446
31	34	2.9880360392910736
31	35	2.6822412572352268
31	36	0.44737991540544525
31	37	0.010941633709662347
31	38	-0.17530648710465227
31	39	-0.8017408849201714
31	40	0.19382332348408082
31	41	1.2597745988738267
31	42	-0.4004117307026156
31	43	-0.4395222833242205
31	44	-0.7637817239530819
31	45	-0.6132963056114606
31	46	0.9909958801194895
31	47	-1.8244598004257002
31	48	-0.25191278535548606
31	49	0.5901594185486597
31	50	-1.8616511073647566
31	51	0.9567089594112858
31	52	-0.5455856643579341
31	53	0.10618043648139076
31	54	0.2817499021392819
31	55	1.9533682934529075
31	56	0.8108642576140132
31	57	1.2448014928289661
31	58	-1.741667150505614
31	59	-0.3014550282495737
31	60	0.6227434989543164
31	61	-1.4538195846390918
31	62	-1.6486169832595015
31	63	0.5536997254133703
31	64	-1.977374824473469
31	65	-0.12621681575126095
31	66	-0.8559999839195211
31	67	-2.3159282471069402
31	68	-2.600767314443361
31	69	-2.1780748288157863
32	32	NaN
32	33	-0.8857771323615785
32	34	0.5426382969490594
32	35	-1.5405157072324405
32	36	-3.3427698082209223
32	37	0.011835007115674258
32	38	-1.5695609549720548
32	39	0.17518467074820565
32	40	-2.8951950026173003
32	41	-1.6771232650924799
32	42	4.081320930537007
32	43	-3.122565082905707
32	44	-3.8732480292380087
32	45	1.586292901176422
32	46	4.001088209224041
32	47	1.1870471322083445
32	48	0.9781698565379989
32	49	-0.2570154587184361
32	50	-0.6490819743424528
32	51	-0.8276511213813789
32	52	-1.9367531920556649
32	53	-2.8513992183317485
32	54	-1.151902435182442
32	55	0.3107700200629304
32	56	-3.119880309031585
32	57	-3.2732208835842065
32	58	0.4614909679987726
32	59	-0.9378613091288578
32	60	0.32363833389224905
32	61	0.2679765701320897
32	62	-1.8017544660851645
32	63	0.7237138252086304
32	64	2.0521708287770397
32	65	0.13986284378921304
32	66	-1.532482487781503
32	67	2.5415094581447035
32	68	3.3473372923975804
32	69	3.4725344823942312
33	33	NaN
33	34	-0.9070835892289704
33	35	2.0850791621679594
33	36	-0.6881704712889442
33	37	-0.6548034144395048
33	38	1.5782746540665116
33	39	-2.9893313993944353
33	40	0.7777301540048005
33	41	-3.670727026169173
33	42	-2.4488511614135726
33	43	0.45682474338788703
33	44	1.1190126690605522
33	45	-3.0458501828929645
33	46	-0.8583492488886716
33	47	-1.4936852940687313
33	48	0.19868152796143995
33	49	2.957046479152054
33	50	2.2032354137376964
33	51	-0.6961096154755426
33	52	1.1013803461890932
33	53	0.43562373680764555
33	54	0.1648396687602421
33	55	2.8663714557070716
33	56	4.034056503766073
33	57	5.096035066992877
33	58	-0.04353271566700409
33	59	-2.5358021046431514
33	60	-0.36936233726676915
33	61	-1.168221891169906
33	62	-4.5370006171157025
33	63	-1.9933970826213108
33	64	1.6636928009535616
33	65	2.6682237523614383
33	66	-3.4044048176105375
33	67	0.6691204917022846
33	68	-1.8583967979831317
33	69	-2.0671631183340566
34	34	NaN
34	35	0.06492972927132669
34	36	2.8167693664541607
34	37	-2.7419009296734975
34	38	-4.214420085789464
34	39	0.4927631868795105
34	40	-2.971271802742164
34	41	-0.3182510812491185
34	42	-1.9311208279793217
34	43	1.3058581271619172
34	44	0.8807979095316509
34	45	1.5293851957574187
34	46	0.2633760856944048
34	47	4.256766809320058
34	48	-3.426964167329126
34	49	-2.5490599141398156
34	50	-0.6516724633081563
34	51	1.6822041226446824
34	52	-1.5739054020965926
34	53	0.5685710624927135
34	54	-0.4866721923855964
34	55	-2.19100394253449
34	56	0.09104401725283036
34	57	1.9821098712103604
34	58	-0.784579570347066
34	59	-3.2212635048370504
34	60	0.7375389633542193
34	61	0.1107213606664663
34	62	-2.507618026246589
34	63	3.72029380765605
34	64	-0.39930664575170227
34	65	0.8588411319594073
34	66	1.6783439075104214
34	67	2.21734102050174
34	68	4.880694074482694
34	69	1.0982438814047732
35	35	NaN
35	36	-0.6210435565847873
35	37	0.5197589641254741
35	38	3.200226135948227
35	39	-1.724489222080511
35	40	2.9634478699674083
35	41	-1.3286937630062328
35	42	-1.0533251451676486
35	43	-0.031069950428933388
35	44	3.813415377996316
35	45	-3.664694102037109
35	46	-4.313487340520852
35	47	-0.7363987105449502
35	48	-2.1758056176017204
35	49	1.7753680169022767
35	50	-0.6212425963749937
35	51	-0.887908481083592
35	52	1.303429469727629
35	53	2.541822222992827
35	54	0.25696995705260567
35	55	1.767159736770858
35	56	2.676380956065541
35	57	2.7038400253094514
35	58	-5.173168145836978
35	59	-0.10440735776232563
35	60	-4.680381213890851
35	61	-1.9363324446680894
35	62	-1.061407588397439
35	63	-3.6941009073901685
35	64	-3.682092055315807
35	65	-0.8661630856749931
35	66	-2.729854590105681
35	67	-1.9894686136254744
35	68	-2.36114917409055
35	69	-1.6296675767785112
36	36	NaN
36	37	-0.5702927807963223
36	38	-3.1176473592809524
36	39	-0.5762245600965992
36	40	-2.915066127371584
36	41	1.2810576862775391
36	42	0.19780567058552673
36	43	0.7360720723071558
36	44	-2.0442380238786417
36	45	1.1732885334897907
36	46	0.7789074615006721
36	47	-0.4691443537105472
36	48	0.9244967600241348
36	49	-0.3720967369160822
36	50	3.384643482317642
36	51	0.7894394684521456
36	52	-2.9125249335903582
36	53	-0.04374849784119799
36	54	-4.056848130550206
36	55	-1.7276575144313602
36	56	-0.3713641660810367
36	57	-1.9029822720147802
36	58	1.0488953559071001
36	59	-2.937013395308071
36	60	0.8129519725429323
36	61	2.5233470585849975
36	62	1.0015166668999054
36	63	-1.9801260376335963
36	64	-1.2181688981952425
36	65	-0.09749910832872799
36	66	2.9104130620244724
36	67	4.681976518761699
36	68	1.930518578761839
36	69	1.7173462111688227
37	37	NaN
37	38	0.6561853426206802
37	39	-0.3562184200585424
37	40	-0.9232377189666819
37	41	3.7974948313280286
37	42	2.8103080745559468
37	43	0.3247211574663543
37	44	-1.9154036200070694
37	45	1.8505776266822582
37	46	-0.7021465805272036
37	47	-2.052563897603817
37	48	-1.2150136870181523
37	49	-1.4957746139721337
37	50	0.6668943409621273
37	51	0.9473912446080079
37	52	-0.3438756156659084
37	53	0.14738994768800076
37	54	0.5361480068474409
37	55	0.708426985225516
37	56	-1.707276011089575
37	57	-1.5621616216893777
37	58	-1.78204517135192
37	59	1.306289468573431
37	60	1.6054892199287076
37	61	0.9377079519913929
37	62	-1.100961236546335
37	63	2.1951650899825785
37	64	-3.051515456495554
37	65	1.6302988901104283
37	66	3.0000154485925283
37	67	2.6818164948174945
37	68	0.13214506974125043
37	69	-0.183963158823198
38	38	NaN
38	39	-1.0818708260682635
38	40	1.5250387650455715
38	41	-1.3341102906081992
38	42	-2.1157483860047215
38	43	-0.22317482208548664
38	44	2.093135672981146
38	45	-0.15401586804693754
38	46	0.6665159374989329
38	47	-1.362915006960282
38	48	-1.4308155763814938
38	49	3.257172237112074
38	50	-4.152789106342319
38	51	-1.8297431883693507
38	52	2.9551486528918405
38	53	-0.46184733820715806
38	54	2.373237506731843
38	55	2.554087009947742
38	56	1.705767811508366
38	57	3.3840408573992047
38	58	-1.3673660457041297
38	59	-2.4259901942192856
38	60	-1.4425449632838239
38	61	-0.6728104952872319
38	62	-1.3750640307946294
38	63	1.266173962459056
38	64	-2.031919347957654
38	65	0.25812203066739303
38	66	-1.1482814231843415
38	67	-1.5552412062356389
38	68	0.1227437084374339
38	69	-2.75394821492085
39	39	NaN
39	40	-1.8643246257810542
39	41	-2.413768178791501
39	42	6.026152943602586
39	43	2.1183880187192754
39	44	-3.5059849265486007
39	45	2.5880041742245554
39	46	-0.7601112828591847
39	47	-0.8311181759988946
39	48	1.4748361138075294
39	49	-0.9455353755293624
39	50	2.5118702269425492
39	51	-2.7473249823177865
39	52	-2.9581132642158874
39	53	0.05999545753822482
39	54	0.031407196278849775
39	55	-1.4010007049111441
39	56	-0.6389991583387234
39	57	1.4179368578713538
39	58	2.074859014357488
39	59	-1.130063571760266
39	60	3.5266943225786953
39	61	-0.9982009181109354
39	62	3.5345735575804484
39	63	1.7683042040897674
39	64	1.1700617184172066
39	65	1.2810947981529255
39	66	-3.9204732157896807
39	67	1.9911832463673784
39	68	-0.4490127094402216
39	69	-0.9205153279938952
40	40	NaN
40	41	-1.363901673081267
40	42	-3.3640608002558117
40	43	-3.3622243153872753
40	44	50.545539737503404
40	45	-0.9698566836258232
40	46	-2.177349638807377
40	47	-1.7216877789759297
40	48	-2.542612302494337
40	49	3.622493816559247
40	50	-4.458071850751354
40	51	-0.2920565992342267
40	52	4.585524419693482
40	53	0.8124649914214788
40	54	-1.297897389730753
40	55	2.3024243836102647
40	56	0.5693595264254675
40	57	2.7126918685801
40	58	-2.913048946328615
40	59	-1.7596199774920462
40	60	-1.2248897069577789
40	61	-1.0571815556667317
40	62	-4.324724569247125
40	63	-3.5708525555485076
40	64	-2.128699482444865
40	65	-1.0261223961098975
40	66	-1.1870568711492735
40	67	-4.02401406655434
40	68	-4.650176859475381
40	69	-4.018327576048731
41	41	NaN
41	42	-0.07386476014192184
41	43	2.1108439152311043
41	44	-3.9348235902592696
41	45	0.35620127012140085
41	46	-1.8596016883892026
41	47	1.430122934866823
41	48	-2.185737193068368
41	49	-1.671177696277783
41	50	-2.6571676097402857
41	51	2.2089654434734536
41	52	0.3535989839145817
41	53	-1.2029368306568622
41	54	-1.3826410565605372
41	55	-0.5663517219146106
41	56	-0.9354767555419208
41	57	-2.050464343037571
41	58	-4.471997132830635
41	59	-0.1494826536508007
41	60	-0.44683813926752786
41	61	4.2685683762122455
41	62	-0.717851918928104
41	63	4.577279067776707
41	64	0.4280776048785852
41	65	-0.8324671423983909
41	66	-0.8071059044356651
41	67	1.248986448985003
41	68	1.0720395475204634
41	69	0.4901498352715227
42	42	NaN
42	43	3.3218921757499125
42	44	-3.4653348842661376
42	45	2.2801976393853245
42	46	-0.5047429788803348
42	47	-1.2639685204817592
42	48	3.5093907591341273
42	49	-2.0838661084947354
42	50	1.5009215039910713
42	51	-0.572089252844302
42	52	-3.160936501330765
42	53	-2.311751308854429
42	54	-3.720195394415005
42	55	-1.724900329457577
42	56	0.3632961652134988
42	57	0.22055165860168255
42	58	1.3386504631568865
42	59	0.14387468356706118
42	60	0.17837190950888748
42	61	0.21801768800617474
42	62	-0.19384209048614462
42	63	-3.299726625870995
42	64	2.064825234441253
42	65	2.221410894107066
42	66	-2.445465370110665
42	67	3.3476113633305653
42	68	2.481804402651466
42	69	2.4838823598930957
43	43	NaN
43	44	-1.4328001907303956
43	45	1.3958842533355085
43	46	4.890606654660572
43	47	1.0103574999774372
43	48	0.9344878194145433
43	49	0.10545097158419155
43	50	0.29309754075489747
43	51	2.8383687152495405
43	52	-3.58397699378304
43	53	-0.9369835652250359
43	54	0.765788565695519
43	55	-3.9246742020336836
43	56	-1.6299405307183987
43	57	-2.972108313077639
43	58	-3.287520259058335
43	59	-1.4190952390384497
43	60	-2.031142143996596
43	61	1.7558517112054133
43	62	3.445325581304686
43	63	0.26612675435646965
43	64	2.137077416872388
43	65	-0.8012118049840854
43	66	2.510579114216261
43	67	0.1394991585866468
43	68	-0.04476263167982679
43	69	1.7241760314161714
44	44	NaN
44	45	-2.586366906368281
44	46	-2.647002475754759
44	47	-1.9764510656812062
44	48	-1.744477937585991
44	49	2.6772384810843772
44	50	-4.028010028645665
44	51	-2.10760413676972
44	52	1.9535499425831093
44	53	0.12199972962695026
44	54	0.6279884463197377
44	55	1.5606602065862705
44	56	2.5423677481023956
44	57	2.920524360005416
44	58	-4.844901538231641
44	59	-3.077100489437934
44	60	-1.827960173266775
44	61	-1.832469549171402
44	62	-4.247157575434433
44	63	-1.1111753763256749
44	64	-3.318272657978667
44	65	0.8587488891216296
44	66	-0.11248340652572161
44	67	-2.131184431799894
44	68	-2.6553499697968204
44	69	-2.2439707484600118
45	45	NaN
45	46	-2.0727367944816844
45	47	4.433897365216571
45	48	-2.718001676376893
45	49	-2.39681031073185
45	50	0.5038818180197897
45	51	1.0292347488904656
45	52	0.14907350636351874
45	53	-0.9729423953512536
45	54	1.0346066566093903
45	55	-0.8683405189359087
45	56	-3.4165024625987233
45	57	-0.04472372592808694
45	58	3.800297941569672
45	59	-0.989877083906393
45	60	0.24646579960176485
45	61	0.7521773085302442
45	62	2.202975534244185
45	63	2.942260152161789
45	64	-0.10458493125650145
45	65	1.5349288303417439
45	66	-0.16510115577857198
45	67	1.1108953141367093
45	68	1.2804154261072165
45	69	-1.8844046047030847
46	46	NaN
46	47	3.895384011057559
46	48	4.444954406612476
46	49	0.5417213578674456
46	50	3.134760326555566
46	51	0.5103661626393957
46	52	0.30348903208890443
46	53	-1.9936578088803492
46	54	-2.328228327510853
46	55	-0.7936060442547915
46	56	4.17973548093958
46	57	-2.7775063762081693
46	58	1.562245408052259
46	59	2.0783885196327994
46	60	-0.33286128164894097
46	61	1.2794959777149424
46	62	3.23851774442933
46	63	-0.021811605684420456
46	64	0.15915445943119658
46	65	-1.286859063441975
46	66	0.14454074442085368
46	67	1.5854777796972463
46	68	2.556648218659005
46	69	-0.09843738975209464
47	47	NaN
47	48	-0.47295114041859093
47	49	-2.536752816181952
47	50	1.4690717028663873
47	51	-0.06738979838684149
47	52	-1.5121896358030362
47	53	-1.0712143802145575
47	54	-1.4767911406216345
47	55	-2.1395748835842374
47	56	-0.3193036651586026
47	57	-2.0475558850467435
47	58	1.0406675367811116
47	59	-0.5474518079895967
47	60	0.15835251517312332
47	61	2.0728282888764493
47	62	-0.5487774054505079
47	63	2.4261047145404846
47	64	-2.99142181803708
47	65	-2.296910375838595
47	66	-2.562628656822062
47	67	-1.1180485856689626
47	68	-1.2311987376757574
47	69	-0.19186643570266534
48	48	NaN
48	49	-0.1612577231068547
48	50	1.1958434580647566
48	51	-0.03453979213962115
48	52	-1.8283180685477276
48	53	-1.663359299648439
48	54	-0.4250925776003314
48	55	-2.4798794065286023
48	56	2.002231734241539
48	57	-1.0547580212138634
48	58	-2.3697636058307245
48	59	4.480245723193943
48	60	-1.6931580938197033
48	61	-2.6002163931012405
48	62	1.4574785139862045
48	63	1.0832142465780965
48	64	1.8408586944067844
48	65	1.8726685280172233
48	66	0.5194267793854509
48	67	5.828236178834668
48	68	2.7440929002174164
48	69	-2.802043283691769
49	49	NaN
49	50	0.6895692766229282
49	51	-0.0011447731820879688
49	52	0.7336631785798738
49	53	1.1700708707239522
49	54	-0.22952113502911778
49	55	2.7188613094343923
49	56	1.382274203873739
49	57	4.246233568229712
49	58	0.08849126420868685
49	59	-2.3321013114049935
49	60	1.4031533303931474
49	61	-0.6824727580196257
49	62	0.5479400645075488
49	63	-0.5561548897152172
49	64	-1.3963209028660981
49	65	-0.7039675449024438
49	66	0.8343947467308795
49	67	-4.007080161518704
49	68	-1.6768694707121388
49	69	-2.800836018497949
50	50	NaN
50	51	4.234208825367106
50	52	-2.208586614345943
50	53	2.259328620035694
50	54	-0.9255146043180806
50	55	-3.363724929859415
50	56	-2.6668191277313067
50	57	-0.7814976882853427
50	58	0.45318627695144253
50	59	0.15806310538215496
50	60	1.4846817616878307
50	61	0.08285199927419964
50	62	2.110423126512488
50	63	3.1921865506906983
50	64	0.3821498924748704
50	65	0.6655101183459853
50	66	-1.0065632197879877
50	67	-0.7581825989583529
50	68	-0.1265003031037284
50	69	-1.1845411535153103
51	51	NaN
51	52	-0.593264956662468
51	53	-1.5478474630105037
51	54	0.4576249336219261
51	55	0.05251155933912381
51	56	-1.9879667034569337
51	57	-2.9853057264152083
51	58	-3.5064842866001005
51	59	1.9031473361468276
51	60	-1.5174256218422428
51	61	-1.5297903768718513
51	62	5.0210710171927575
51	63	3.4049741198761985
51	64	0.3027802464113336
51	65	0.6357035756500595
51	66	-1.4263997934765889
51	67	-2.342012388630128
51	68	-0.7155204077370189
51	69	4.50492380466085
52	52	NaN
52	53	0.8296789596716809
52	54	-0.01500763728136741
52	55	1.5616522346279078
52	56	-0.6464058865581183
52	57	0.6141148993087869
52	58	-3.300508405863232
52	59	-0.5734405735501898
52	60	1.70853720990657
52	61	-0.5693037271010274
52	62	-2.9894398249535787
52	63	-2.2314974117351647
52	64	2.2744358468008015
52	65	1.8318885691943878
52	66	0.08304800303205187
52	67	-1.6857323657700074
52	68	2.258763153163987
52	69	-1.539847872099936
53	53	NaN
53	54	0.588524646639572
53	55	-0.0642289273851636
53	56	0.05284900633102433
53	57	0.7623916254256266
53	58	-1.7131091799403813
53	59	-1.8429669854268305
53	60	-2.3960545216970504
53	61	0.8036858411875445
53	62	-0.31255093683996815
53	63	-4.230565533090575
53	64	-2.8100973959182944
53	65	-2.209958696250139
53	66	-2.1416559384550573
53	67	-2.757107775570879
53	68	-2.294463051015222
53	69	3.4457999781391484
54	54	NaN
54	55	2.52924888559991
54	56	-1.2443298195762438
54	57	0.1383387492706286
54	58	3.0830242536330523
54	59	-1.2301165381141912
54	60	0.31897860098687536
54	61	-1.3118068595777013
54	62	1.8399253025424762
54	63	1.4393374055761026
54	64	0.5993296548873522
54	65	3.1201161258749575
54	66	0.6720175828627102
54	67	1.2884052774640113
54	68	-0.18305934863192982
54	69	1.3798122161476665
55	55	NaN
55	56	4.936518637460103
55	57	2.849274570360792
55	58	0.7796172546239251
55	59	-1.9658418243417815
55	60	-4.556447504429674
55	61	-1.314397548775321
55	62	-2.901887159395742
55	63	0.292740276996273
55	64	-1.2655422577211162
55	65	-0.3364396997977402
55	66	7.3057648135420905
55	67	-2.1255730180098866
55	68	-1.860138233290444
55	69	-2.6371671711110944
56	56	NaN
56	57	0.8055493994108802
56	58	-2.901282719495308
56	59	-2.783412205868473
56	60	-2.4636056789377934
56	61	-4.3561021833241655
56	62	-1.9870835450014224
56	63	3.0485711519675887
56	64	-3.1986348415004895
56	65	6.1082206054730745
56	66	-0.6417517063707691
56	67	-0.9252714405407038
56	68	-1.2017089150375884
56	69	-0.8704447753591165
57	57	NaN
57	58	0.07789879846618727
57	59	-1.1346526245999529
57	60	-0.7805065249804248
57	61	0.10759635532062238
57	62	3.5696415525702374
57	63	-1.0361839801494435
57	64	-3.9326499825231758
57	65	1.4492845983079834
57	66	0.8084579449430017
57	67	-1.0409616099597336
57	68	-4.685923098761478
57	69	1.277362603640471
58	58	NaN
58	59	-1.7364626817364122
58	60	-1.9599148033446836
58	61	0.2697941302232636
58	62	0.49411740401530463
58	63	-3.2046679041444404
58	64	18.666435346613355
58	65	-2.323531509801604
58	66	1.382048721892405
58	67	1.2922111695893321
58	68	-1.739077059370496
58	69	-0.1251726844077134
59	59	NaN
59	60	-2.163793601573676
59	61	1.5138579084146375
59	62	6.901185319423685
59	63	-2.501206277785561
59	64	-3.0503173772779184
59	65	0.7542017897964776
59	66	-1.9229818689391935
59	67	1.6244201978344377
59	68	2.114152462427649
59	69	-1.0340563856231233
60	60	NaN
60	61	0.14969832357351817
60	62	1.2980437692632087
60	63	2.6923143306971613
60	64	0.31851628839893176
60	65	0.6071592322917537
60	66	-0.46072504279276333
60	67	0.8609683437640613
60	68	1.2429098631461424
60	69	0.25232999507773124
61	61	NaN
61	62	-0.4055450958807569
61	63	2.715398568992517
61	64	4.836713670947254
61	65	-3.7518734618675187
61	66	0.2383424907923976
61	67	-0.617584797525988
61	68	2.244016123394772
61	69	0.39446502475709444
62	62	NaN
62	63	3.9015909480390123
62	64	0.714600234465341
62	65	-1.3787461182941223
62	66	3.5307643591525424
62	67	4.168912242730545
62	68	0.017791587285898143
62	69	6.691663112906705
63	63	NaN
63	64	3.265043778217352
63	65	-0.809096155974683
63	66	0.661183972909368
63	67	-1.2095265685459011
63	68	1.137042521531073
63	69	-0.8743835340653873
64	64	NaN
64	65	-0.43143371761741134
64	66	-2.0596378802424082
64	67	0.3643578960540839
64	68	0.6462514964857499
64	69	3.7057006228525533
65	65	NaN
65	66	-2.135896616576438
65	67	-1.0056840897257282
65	68	-1.4607876204065695
65	69	1.5948971929419908
66	66	NaN
66	67	0.9452131697022239
66	68	-0.35156828960151687
66	69	0.2757830687154107
67	67	NaN
67	68	0.7665210848348568
67	69	6.36430794164039
68	68	NaN
68	69	1.8121653187669289
69	69	NaN
