1	1	NaN
1	2	-2.822358501847357
1	3	-1.6991370230787046
1	4	0.1340210551878287
1	5	1.5908494015647936
1	6	3.5837571657751455
1	7	-0.48402999439008576
1	8	1.125053789492427
1	9	2.0013022603377992
1	10	3.266100947311607
1	11	-1.703787890329865
1	12	0.36075795846036113
1	13	-1.808443936797369
1	14	-1.22636257109623
1	15	0.262450450316519
1	16	-0.15784584838813945
1	17	3.4948093582880984
1	18	-1.8764756732790355
1	19	-0.8950355545458245
1	20	1.548009767709896
1	21	-1.7204714510544965
1	22	-1.2906425066446134
1	23	-2.462608583783461
1	24	1.8141274062976285
1	25	-2.474645551429093
1	26	-3.4027618894785014
1	27	0.47248212633345904
1	28	1.7855857880654389
1	29	0.27090723471760975
1	30	-3.7988115870300554
1	31	0.4252677782902779
1	32	-0.5589372228663785
1	33	0.3721326307837029
1	34	-1.798400329082268
1	35	2.292336569045825
1	36	0.4978874589482118
1	37	0.5671082654602859
1	38	3.3184456367542676
1	39	-0.20355536153522083
1	40	3.5367572782094943
1	41	-2.813731975422516
1	42	-2.1788544319353034
1	43	-1.0489553092733037
1	44	-2.262046621579385
1	45	-1.4557295121544476
1	46	-3.7692946705036934
1	47	1.1686603136196416
1	48	-2.9054731425927858
1	49	5.733398024130225
1	50	-1.2422965013053522
1	51	-4.093746815112953
1	52	3.920352248022267
1	53	1.450793110508176
1	54	-1.3279023280068845
1	55	3.3009389675200063
1	56	2.183982739256727
1	57	2.963250043489603
1	58	-0.02572007384497585
1	59	0.21501957720004355
1	60	1.7408171753967447
1	61	-1.2141202151775667
1	62	-0.235663543975458
1	63	2.2164929263368456
1	64	-1.6978239440959855
1	65	-0.8797918265606135
1	66	-0.40579798356715346
1	67	-0.7006579584572418
1	68	-1.2011459091693395
1	69	-1.867914139164151
2	2	NaN
2	3	-4.4894078584921004
2	4	-1.6715517711264856
2	5	-1.439685326189077
2	6	-1.7523416342710292
2	7	1.2628294125377493
2	8	-0.1936725347687194
2	9	1.2378345048550208
2	10	1.1121429917822285
2	11	-3.0409704128345982
2	12	-1.043198544997885
2	13	-1.2896158179158765
2	14	-2.4833793022860977
2	15	0.8325009528370908
2	16	-0.05719154311410419
2	17	0.6942762517707101
2	18	-3.4654477413447857
2	19	1.0629335640466029
2	20	-0.5932058657983609
2	21	-0.3036403053332237
2	22	1.9038567615375122
2	23	-1.7057209252628807
2	24	0.5810679338052954
2	25	2.333973323605892
2	26	0.8758162479116204
2	27	-0.22714154436798656
2	28	0.08738369980209135
2	29	1.3059189679907783
2	30	-1.021347216217573
2	31	-2.6627750775338344
2	32	-2.909132122511379
2	33	-1.3758119014081955
2	34	-0.5574974488178623
2	35	0.7147509298979886
2	36	1.432868449606045
2	37	1.2679179959613462
2	38	-1.2331107512526724
2	39	-2.429713207220675
2	40	-2.3120775937319
2	41	-2.9674244638744596
2	42	-2.660564933734268
2	43	-0.9744030703644779
2	44	-0.007202550752331003
2	45	1.5635983143014178
2	46	1.1681408028887652
2	47	-3.3218211371758954
2	48	-1.1448181428553725
2	49	-2.8924548443393103
2	50	-1.6131645804034456
2	51	-1.2512761958077263
2	52	0.11031195274244314
2	53	-2.2616978031338775
2	54	-0.5244858979051901
2	55	-0.8673161035196705
2	56	-1.6573375486697728
2	57	-2.758985608267308
2	58	-1.8391893310286418
2	59	-1.3994012965647047
2	60	47.13812129420244
2	61	-1.4809797350500233
2	62	-0.31171091549249424
2	63	-1.0364281963350288
2	64	10.050954098524732
2	65	1.934047130473982
2	66	-2.111748638517459
2	67	-1.3263546487895188
2	68	-0.46019998143291496
2	69	-2.0520793136977327
3	3	NaN
3	4	-0.043533082039197944
3	5	2.8983727390918723
3	6	-1.0546517882359503
3	7	-0.5718591206285852
3	8	0.5068516698654435
3	9	0.855313580491051
3	10	0.1883009887616163
3	11	-2.020523528352187
3	12	-0.4480505868754084
3	13	0.26899785022863054
3	14	-1.2686900615631893
3	15	2.5777402890899395
3	16	-0.47331909466351013
3	17	1.6798318918260384
3	18	1.4613043197532665
3	19	-0.669497380665586
3	20	-1.7807118592334787
3	21	0.4487176469690759
3	22	-0.8706853093146483
3	23	-0.8524518624603559
3	24	-0.6285882694308386
3	25	-2.2064196316479796
3	26	1.7031070900451886
3	27	-1.0009664487586847
3	28	0.8832076964434448
3	29	2.213268477599721
3	30	2.2743734686117087
3	31	-0.27267823648551254
3	32	1.5790598948229417
3	33	1.0208931121006182
3	34	0.4431093797557199
3	35	-0.485650814987314
3	36	-0.7662056323830905
3	37	-4.198636371585019
3	38	-1.9374089900672726
3	39	0.6061276834989265
3	40	0.567291212413225
3	41	0.5914482302389478
3	42	4.900747308876855
3	43	0.5295207494031613
3	44	-1.5844752493636844
3	45	-0.011169000202041706
3	46	1.219391011550659
3	47	3.337665077492624
3	48	2.950442129692256
3	49	-1.0316762191211222
3	50	1.1088723764897543
3	51	-1.8902573306990302
3	52	-0.8260576080470563
3	53	0.6050264373241737
3	54	2.119979777408422
3	55	-0.35000506372015483
3	56	-2.8280537591872874
3	57	-2.1423786107758165
3	58	-0.44769235690782333
3	59	2.555593152194587
3	60	-2.467814563808578
3	61	1.5238212665564763
3	62	0.6906411952624604
3	63	3.0191541243825504
3	64	1.5727535743055867
3	65	-1.1232004068595407
3	66	0.6350922642833718
3	67	0.07194717116678356
3	68	-2.1272420642683745
3	69	2.245586623353379
4	4	NaN
4	5	0.14895865680751197
4	6	1.258305588126539
4	7	-3.7293729180200965
4	8	3.070420261660499
4	9	2.054443061625167
4	10	0.4353745799023833
4	11	1.6243245456163675
4	12	0.2959317130480064
4	13	-1.1343140024238936
4	14	1.153779117228313
4	15	-1.6575810041282544
4	16	-0.8543133469882208
4	17	1.1491571464199188
4	18	-0.7044367594677469
4	19	-1.2610399360426559
4	20	1.4712343341773748
4	21	-1.5497292326612513
4	22	2.0398183090284063
4	23	-0.5887226245225525
4	24	1.4046543065867672
4	25	-1.9301170886430206
4	26	-1.1472465092990582
4	27	-1.5159718141912957
4	28	1.6474450808471437
4	29	-1.6591833647187866
4	30	0.005749953443677338
4	31	1.0340111044413414
4	32	-0.3472421770051485
4	33	5.917668535394016
4	34	0.790274337277013
4	35	-1.4261646549599858
4	36	-2.05401880240615
4	37	1.1353511692859433
4	38	0.21143362585851272
4	39	-0.27096199653506464
4	40	1.031566611601477
4	41	-0.022532720823996676
4	42	-2.089250438061406
4	43	-1.5371560644436886
4	44	-1.0764099324812815
4	45	-1.1258071037876491
4	46	-0.2419305579442827
4	47	0.9742037303241331
4	48	-1.2628899505668358
4	49	1.0348054107666433
4	50	1.6916310913854125
4	51	-1.0949601243786193
4	52	1.1295197223445512
4	53	0.7719598682287327
4	54	0.58117741207433
4	55	3.729935738561622
4	56	0.3019002912129093
4	57	0.5048853456966769
4	58	-2.12682189953293
4	59	-1.7336587716147118
4	60	-2.6001419792532587
4	61	-0.42824557925715373
4	62	-1.83063338967187
4	63	-1.1036383254381152
4	64	-0.3202511731808011
4	65	-0.7565893930030436
4	66	1.4222332295091884
4	67	1.404182315903609
4	68	-0.6862539833382246
4	69	-1.4958507103689707
5	5	NaN
5	6	-3.451953652669843
5	7	0.8076356658246961
5	8	-2.350724037163694
5	9	-2.84802729640328
5	10	-0.4912116792697016
5	11	0.7907916587398124
5	12	1.4616327382984418
5	13	-0.11570215925501937
5	14	2.775146628185278
5	15	-1.7041403076079729
5	16	-1.6989953674024398
5	17	-1.1281314921246173
5	18	0.21607039880369994
5	19	2.762906595469086
5	20	-2.0683038865647534
5	21	-2.4206094611986413
5	22	2.2297484828888385
5	23	-1.3473965275137756
5	24	-1.6578511823498956
5	25	3.6986930467942907
5	26	-0.22069258389474986
5	27	-1.9391557920078037
5	28	-0.7222837370420145
5	29	-0.41699403022129594
5	30	-1.0109795171812839
5	31	1.5484971152231297
5	32	1.1430961286273866
5	33	14.078109491869816
5	34	33.77644823641257
5	35	-3.878457080851204
5	36	-1.6163988956077298
5	37	-2.0891405731031205
5	38	-1.2785414635106993
5	39	-1.5268653785827586
5	40	-0.7721863815107669
5	41	-0.06287608583208232
5	42	-2.7458392279319614
5	43	-4.743818677262592
5	44	1.0430416506321352
5	45	-0.5955225528515748
5	46	0.6254671360657428
5	47	-0.6292910071502129
5	48	-1.0365060889520321
5	49	-3.689820927919421
5	50	1.2367358089381695
5	51	-0.6874884663649866
5	52	-3.7443510801836
5	53	-1.4219772308958412
5	54	1.0931136856601402
5	55	-4.147202483216233
5	56	-4.078512003863508
5	57	-3.2090488593001596
5	58	-0.012849370109259909
5	59	2.6633836066687726
5	60	-4.1246646239158515
5	61	1.2079792863977932
5	62	3.408443746019502
5	63	-0.08288483202169744
5	64	-1.9932150503702246
5	65	-0.8978054082310962
5	66	-0.7857582681110375
5	67	-1.5448424037025072
5	68	-0.7179749320478591
5	69	-0.5545498846710759
6	6	NaN
6	7	0.006993069912204201
6	8	0.8983012257341642
6	9	3.433110708063107
6	10	2.810567022225419
6	11	0.7761395485290454
6	12	-1.0198147554884847
6	13	2.3750892883014125
6	14	-0.5637496920003338
6	15	0.028817606512962644
6	16	-1.7902127651265833
6	17	1.714217655690485
6	18	1.5513579210555484
6	19	-3.460813031716264
6	20	5.140618095115886
6	21	-2.074208681274393
6	22	-1.5423939101709
6	23	0.83560498874273
6	24	2.9456096572386086
6	25	-0.17567234990493355
6	26	-2.5216350668802203
6	27	1.3507378549332167
6	28	0.25438569876745415
6	29	-4.167040978720575
6	30	-0.5264740277805827
6	31	-0.2215496851605395
6	32	-2.7819336300541524
6	33	-0.5685438939306062
6	34	-1.2850445194966127
6	35	2.2774992671880145
6	36	-1.0999886063019493
6	37	0.4907309529050148
6	38	0.6724074210310798
6	39	1.2401982761812866
6	40	1.9844143579470115
6	41	-4.728879947207971
6	42	-1.109253869756774
6	43	-0.5318983653294996
6	44	0.855664995675651
6	45	-1.1674947932743718
6	46	-0.039540378218482664
6	47	-2.166090058486103
6	48	-1.988571292242611
6	49	1.6956255197418948
6	50	-2.7536008721543697
6	51	-1.6256971341544426
6	52	2.6599039529877455
6	53	1.8875089080877512
6	54	0.5739198327211817
6	55	3.108524320408847
6	56	0.8910108056537431
6	57	1.8852866079268364
6	58	0.7312644957196561
6	59	-0.7007411733292714
6	60	-2.2525854605442155
6	61	-0.6008363349219434
6	62	-1.3063049048324271
6	63	1.0807869199255267
6	64	-2.4024071362113824
6	65	-2.498755159607159
6	66	0.0852851685211289
6	67	0.9035204220915883
6	68	-2.0273246793594253
6	69	0.8100704479754662
7	7	NaN
7	8	-1.1619020659680075
7	9	0.04886514909198716
7	10	-1.7072732295083743
7	11	0.6990003663603689
7	12	-0.13894018867778737
7	13	0.6000060307732731
7	14	-1.4902712842283867
7	15	-2.377405538612326
7	16	-2.1340189806089502
7	17	-2.2733398400298475
7	18	-3.729197143233394
7	19	0.7437111328846824
7	20	-2.582881435803451
7	21	-0.6093056885355398
7	22	5.083418605231578
7	23	2.276837058534367
7	24	-0.4004788917470254
7	25	-3.4334879379806402
7	26	2.6605167215441017
7	27	-3.339017557186397
7	28	0.4684829708911641
7	29	-1.63194844918503
7	30	-2.721387346492787
7	31	2.5914507610434168
7	32	-1.4469240289956757
7	33	0.7543063741079524
7	34	2.155533742542987
7	35	-2.848136456480882
7	36	3.5945552563046106
7	37	-1.8040271296959394
7	38	3.3253169286825575
7	39	-2.1128709048128953
7	40	-1.5328459602850604
7	41	1.9394391309244692
7	42	-1.0562189535783004
7	43	-1.496177172415144
7	44	1.873740914326692
7	45	0.31401348494962705
7	46	1.7591549887995834
7	47	0.8732122182490806
7	48	1.538930181315299
7	49	-2.1630467868526955
7	50	2.572853123893962
7	51	2.4335155542813833
7	52	-3.1882474204182634
7	53	-1.1427251124194047
7	54	2.100117984403333
7	55	-2.172987442011532
7	56	3.8160152782575945
7	57	-0.8320754324959955
7	58	0.4659429216779779
7	59	1.6299870049522827
7	60	0.5064310536877984
7	61	-0.630631655610949
7	62	1.7128829187234287
7	63	4.230085718535497
7	64	-2.0497883154652383
7	65	1.983986080494198
7	66	1.719014744227154
7	67	-2.382109050194769
7	68	5.763879176979042
7	69	-0.32199938757301616
8	8	NaN
8	9	2.421701994227804
8	10	-0.4768319410074725
8	11	-0.19850280953597793
8	12	-2.4688933018529116
8	13	-1.5209087735973668
8	14	0.4968195307401095
8	15	0.12561103548485086
8	16	-0.5504365829675065
8	17	-1.095926211727909
8	18	-1.0065955253176908
8	19	-4.427544462871329
8	20	0.6003455981543518
8	21	-3.407023627700557
8	22	-1.7904625990177392
8	23	-1.8687015824621878
8	24	0.31021380644923296
8	25	-1.6220236464209206
8	26	0.5226045789962307
8	27	0.5232478357777152
8	28	-4.054610800612954
8	29	-1.0916064867286375
8	30	-0.0233817636054571
8	31	-0.39396841773843483
8	32	-0.15399556941606796
8	33	-0.023046281260989617
8	34	1.7142738015576475
8	35	2.025684181534041
8	36	-1.373487292348127
8	37	25.151181529312186
8	38	1.1520027513096636
8	39	-1.6367285703148127
8	40	-0.26582417708031675
8	41	-1.7926353945698987
8	42	-1.5261836037077003
8	43	-1.700139696542478
8	44	-0.7198933535496269
8	45	2.1136819454097147
8	46	-1.452701257766562
8	47	-3.3287660857408388
8	48	-0.018197606580412373
8	49	0.019062688157859577
8	50	-4.259965850409171
8	51	-0.011262639105744847
8	52	-0.25905398330525065
8	53	22.1830016449966
8	54	1.0002894250797336
8	55	-0.4700231277749771
8	56	-0.1526066318657607
8	57	1.7025576693401823
8	58	-4.815639829558932
8	59	-3.1970647727268733
8	60	-1.6053031713684351
8	61	1.2292408048341723
8	62	-2.2704845516613665
8	63	-2.8158584823352966
8	64	-1.907357797487532
8	65	-4.730618730207849
8	66	0.1538823529227016
8	67	-0.22790724172514754
8	68	-1.9172736654856422
8	69	-1.5860161516783573
9	9	NaN
9	10	3.9622438135028517
9	11	-0.6454911775507273
9	12	-2.5226311681525013
9	13	2.3047438750070364
9	14	-0.5333786798192606
9	15	-3.876630637977387
9	16	-2.0534514219677322
9	17	2.429760089694568
9	18	-2.6373642893005544
9	19	-2.088033434112296
9	20	3.5349094760821984
9	21	-2.756153254664151
9	22	-3.6610928268217586
9	23	-2.723097825958827
9	24	1.775256928376967
9	25	-1.4621058126094324
9	26	-0.6967283187085755
9	27	0.37738550378554286
9	28	-4.305760412716143
9	29	-2.7849768185458292
9	30	-3.8376433580344167
9	31	0.8244976967563565
9	32	-1.7036851706262082
9	33	2.0442072287830877
9	34	-1.7973818785763622
9	35	1.4686902751107476
9	36	-0.7811786212892375
9	37	1.491181861366493
9	38	4.379145028862751
9	39	1.3982031331816778
9	40	2.6499727770188977
9	41	-0.5866560814625774
9	42	-4.8528757674146465
9	43	-1.423748897359897
9	44	-0.6858656307499705
9	45	1.8214988909460101
9	46	-0.21666289188354323
9	47	-3.8773495478150384
9	48	-2.302093205118921
9	49	1.8464624078402727
9	50	0.06107706464647564
9	51	-1.1981495250969267
9	52	5.593983991111284
9	53	1.4440943978048475
9	54	-0.5834396086231182
9	55	1.3296654557875327
9	56	4.75263798859385
9	57	6.299603063108498
9	58	-2.1178934487454253
9	59	1.5500593712431248
9	60	-0.233679417955642
9	61	-1.571842167078691
9	62	-1.0641716825440624
9	63	-0.781546456144143
9	64	-0.18235010811849223
9	65	-2.494951461915835
9	66	1.10942011562893
9	67	1.9363142237934314
9	68	-2.3591098612762345
9	69	-0.3929934122185509
10	10	NaN
10	11	-0.9779530482725813
10	12	1.1467217612288492
10	13	1.2753427001367115
10	14	0.8148279067480535
10	15	-2.3808877094118577
10	16	-3.2971809647659462
10	17	4.11979843998547
10	18	0.611196656070106
10	19	-3.0948222204827824
10	20	1.0160615393165322
10	21	0.6723375070503916
10	22	1.3189118466155159
10	23	-3.7643521660519172
10	24	1.4365182881813183
10	25	-0.6765958502914559
10	26	-1.4787044325992582
10	27	-1.370318209584612
10	28	-2.3328633354674264
10	29	0.7812913838759533
10	30	-4.077356476679081
10	31	0.49475148073140635
10	32	-2.757395028312602
10	33	-1.1522719866157938
10	34	-2.1693618338932423
10	35	0.7435044960410314
10	36	0.09253129369845299
10	37	3.1652622393796985
10	38	2.1786366757501816
10	39	-1.7244737053944206
10	40	2.3293490890047885
10	41	0.5161653716147391
10	42	-1.4199403294385535
10	43	-0.25958155980302
10	44	-2.3821802713505433
10	45	0.8000880297803009
10	46	-3.528047926057538
10	47	1.8461747294263446
10	48	2.0511907818820116
10	49	0.9461312021102525
10	50	-3.4913767586877995
10	51	-2.726490193625141
10	52	0.5821482547045258
10	53	0.6861081053694313
10	54	-0.3538733458949313
10	55	0.6583177325857049
10	56	1.1166313353663648
10	57	0.21328487305569294
10	58	-3.179404058616266
10	59	-0.6853246455242311
10	60	-0.27797952633275064
10	61	2.9931425254050175
10	62	1.9853306681278373
10	63	-0.679726896769771
10	64	-2.2971518103246527
10	65	1.7083081147714299
10	66	3.8262093676163906
10	67	0.9915196159580394
10	68	-3.618339968312289
10	69	2.1448983653626033
11	11	NaN
11	12	0.46140606757367714
11	13	0.8899335375845413
11	14	-1.7958761668347802
11	15	1.0269184599783505
11	16	-0.5954932594322208
11	17	3.4660918724382417
11	18	1.0310321679183667
11	19	-0.29667499364727606
11	20	2.5897095104136594
11	21	-0.16953488714428308
11	22	-1.8215528006671562
11	23	-2.135082037545493
11	24	0.19524647188258024
11	25	0.04553852008049533
11	26	2.3573193142746245
11	27	-1.5195051504248187
11	28	3.0019924406957355
11	29	-2.1644071715172517
11	30	0.35648963241965104
11	31	-1.2466468450042703
11	32	-0.8781893061217254
11	33	-0.8100195152586286
11	34	-0.09798972320048979
11	35	-0.22259127939501472
11	36	2.6668989786614112
11	37	1.6837071322827701
11	38	-0.08082386930186261
11	39	-3.361002477560074
11	40	1.502358186965136
11	41	-1.2978372580104096
11	42	0.3851406803341435
11	43	-1.083821866165625
11	44	0.5165860039300223
11	45	-1.9512752929223056
11	46	0.43863035953033075
11	47	-0.5925871888853979
11	48	1.1775200930686098
11	49	0.12389678094946333
11	50	1.1910754361790483
11	51	1.7391583662153771
11	52	2.765950752929914
11	53	2.2057179127071516
11	54	0.2012840855621236
11	55	1.6031866379730804
11	56	-1.4954690599980345
11	57	1.3177560522747298
11	58	1.2189254341271547
11	59	-3.297731240191267
11	60	-1.7752204950086046
11	61	-0.5258555154442551
11	62	-1.017022967939764
11	63	-1.6795909822885613
11	64	1.6620371851594
11	65	-1.9374958032020169
11	66	-2.5598896754247176
11	67	0.21856957581788522
11	68	-1.1373155050151027
11	69	0.3634887760855003
12	12	NaN
12	13	1.7538241199652775
12	14	0.4893893958802105
12	15	-3.1352420228635665
12	16	-1.0013232415900806
12	17	-1.5737256284980667
12	18	0.21160122260139647
12	19	-6.159664695651462
12	20	-3.5767932211023017
12	21	-0.24867180662923966
12	22	-1.5777254269976275
12	23	0.955674767643845
12	24	-0.20594922528641976
12	25	3.071509514680979
12	26	0.09345050613362338
12	27	-1.3805460038042678
12	28	-1.0216401086405096
12	29	0.14852463056405762
12	30	0.9501719966132194
12	31	0.120604909784641
12	32	2.0613877456022647
12	33	-0.006446757931482776
12	34	-3.755576395062751
12	35	-2.6161324444772927
12	36	-0.0136650039480379
12	37	-0.5920201086515449
12	38	-0.439827555733526
12	39	11.833110014784149
12	40	0.2445133551950518
12	41	6.2255994505951335
12	42	2.544389992269808
12	43	2.8743503820515963
12	44	2.066059651011313
12	45	1.442458392769716
12	46	-1.2544680082608988
12	47	1.8370359479348968
12	48	-1.4537615482862187
12	49	-2.333690691842219
12	50	1.3470215393790168
12	51	0.3330671352687781
12	52	-2.9015652626326327
12	53	-1.422907340616726
12	54	2.4810350998077486
12	55	-1.5047009058784986
12	56	-1.7341298318812126
12	57	-2.396027964422229
12	58	-0.31419388879090815
12	59	2.26636229717384
12	60	-0.2692783316732636
12	61	-0.3723421118460229
12	62	0.05324729950633078
12	63	0.8179718118473541
12	64	3.1065864466855757
12	65	-0.9728850429521851
12	66	2.2151034366475546
12	67	-2.6206937511949033
12	68	0.4929991113455992
12	69	-0.11699516478304663
13	13	NaN
13	14	1.39763205125287
13	15	2.881985049461394
13	16	-0.3391983083650585
13	17	-1.949981204120643
13	18	5.7568103066937
13	19	0.5057688289441583
13	20	0.6325423641636203
13	21	-0.5826526473715232
13	22	2.5208172371174484
13	23	1.4445164761391789
13	24	-0.7798152831598789
13	25	0.561173254667407
13	26	0.11288849416789801
13	27	-1.2551171290507128
13	28	0.8216563297126989
13	29	2.2077467161838222
13	30	-0.06779030090075472
13	31	0.01503608295632343
13	32	0.9588275906254969
13	33	0.02421925331448361
13	34	-2.0758221689852956
13	35	-1.3545127401776778
13	36	1.5310092822736077
13	37	-1.4354317534884873
13	38	-0.06309880685507009
13	39	-1.9884646689902852
13	40	-0.15041572992177196
13	41	0.9971904000946321
13	42	3.016491337296896
13	43	-0.5454534088180986
13	44	-1.3997943499269834
13	45	0.8748716574855206
13	46	-1.9369713523751693
13	47	2.1489969782272307
13	48	0.2951539960938201
13	49	-3.6023920086599026
13	50	3.2260180435126378
13	51	-0.8839609836338539
13	52	0.8270728623341853
13	53	-1.5453826092641672
13	54	-2.1566964848909396
13	55	-0.5862427156347901
13	56	0.34840373412151954
13	57	-0.9186975150206359
13	58	-0.2737884939959319
13	59	0.03183680461124949
13	60	-2.810168600197922
13	61	0.5865037351940885
13	62	-0.5856819452577466
13	63	-2.436831395932636
13	64	1.8099951584055507
13	65	-1.1052133098979944
13	66	-3.515985359576287
13	67	1.100002833771975
13	68	-2.9133404008399992
13	69	-2.3832408774647873
14	14	NaN
14	15	2.2252902643414862
14	16	1.4990942399468
14	17	-0.22560639194049245
14	18	-1.9779179914460503
14	19	-2.2092066912805257
14	20	-1.03677742847155
14	21	-0.021340517442615572
14	22	0.8953517090757788
14	23	-0.2945170469137022
14	24	0.3108855230030928
14	25	2.157918693469532
14	26	2.4726202653344056
14	27	-1.1134890595151412
14	28	-0.10399714805105117
14	29	0.7159352470613433
14	30	4.536876544260451
14	31	-2.2169024945004407
14	32	-1.9156105896132258
14	33	-3.018023553757148
14	34	-1.6974561744329166
14	35	-0.644793840903429
14	36	0.8145641932184478
14	37	-1.7495108029285773
14	38	0.04686927529510365
14	39	-1.82910667731145
14	40	0.18755460221385917
14	41	2.212911309986898
14	42	-2.7270681911084265
14	43	-0.8299568672814251
14	44	-0.41591564145867344
14	45	0.6873071627643823
14	46	-0.30773385451707697
14	47	-0.09758133351986681
14	48	-3.487526721307199
14	49	-0.6039612092533694
14	50	0.029886834769491017
14	51	1.430121955860784
14	52	-0.3259647228945897
14	53	6.809978947964318
14	54	-1.6264028776331938
14	55	1.301775618052776
14	56	0.8840013228201709
14	57	-0.5185136144343897
14	58	-0.20935285821550384
14	59	-1.2791636622929614
14	60	0.16404379490282434
14	61	-0.4228900864704828
14	62	0.27166385957838823
14	63	2.553574639341133
14	64	-1.201387382026902
14	65	2.198543332996867
14	66	-1.243095667075577
14	67	0.07958047321916752
14	68	0.048290024072687836
14	69	0.25248983271581443
15	15	NaN
15	16	5.657821189845195
15	17	-2.1558540150204952
15	18	2.421409053581939
15	19	21.760844312455944
15	20	-2.8037830461045554
15	21	-2.3483293450227665
15	22	1.4226529305830713
15	23	-1.7033969282717563
15	24	-3.6457998945411414
15	25	-0.19421882782781294
15	26	1.529730630849097
15	27	-1.2213459438435228
15	28	1.4269690738096967
15	29	-0.2267413334851057
15	30	2.099628296325409
15	31	-1.266531672308786
15	32	1.1114401046169993
15	33	-1.9122176231002237
15	34	-0.9038315344668478
15	35	-2.1003315242219296
15	36	0.023870992674238135
15	37	-2.810877773055147
15	38	-1.6456584192553763
15	39	-1.207613242657679
15	40	-2.846827523112233
15	41	0.3762072827064653
15	42	2.168573140903161
15	43	0.7314942938593699
15	44	0.22503374771591536
15	45	-1.810564340470218
15	46	1.711770771130237
15	47	0.19410938786684823
15	48	0.3079802237236608
15	49	-2.8633266403973936
15	50	0.2639802042401884
15	51	1.4821305750297384
15	52	-2.869589547355016
15	53	-3.9707490892786423
15	54	-0.34258078283325455
15	55	-1.006398821382815
15	56	-5.097358885880916
15	57	-1.7458196646697188
15	58	-1.05246135553018
15	59	0.8817210186850506
15	60	-1.1614978833536806
15	61	1.1715012703458574
15	62	0.8017615688518858
15	63	8.052618340506763
15	64	0.31704872759454383
15	65	2.7401875351441456
15	66	1.8016673824558505
15	67	-1.215600034429626
15	68	1.164135854292638
15	69	-0.5129566974550311
16	16	NaN
16	17	-2.2937034259042317
16	18	1.9550282136856236
16	19	-1.8948639666380491
16	20	-0.6326145042874818
16	21	0.19016188675179097
16	22	4.188204030555706
16	23	1.9118350406006048
16	24	-2.012410610402688
16	25	-3.8670594147550172
16	26	1.039117163719778
16	27	-0.05971622917203549
16	28	-0.7989761352651681
16	29	-2.8176492719358066
16	30	0.8245157800140214
16	31	-2.100265079548588
16	32	4.282566201020262
16	33	-4.391249750602493
16	34	-1.485298424522203
16	35	0.8984808440007174
16	36	0.28462829280833124
16	37	-2.1594953630728346
16	38	-2.745929893510773
16	39	1.4724045424760717
16	40	-0.9286878683139651
16	41	1.1793900236382495
16	42	3.7303629620344676
16	43	-0.49257607316373075
16	44	0.6228114300464561
16	45	1.0575878953728752
16	46	-1.8723878882252054
16	47	3.180989121416172
16	48	-0.5478555854234202
16	49	-1.0033628368287226
16	50	5.830235115554774
16	51	1.6553618442270435
16	52	-0.2240565960856075
16	53	2.0123910274014922
16	54	-1.7037181437150142
16	55	-2.114960408124282
16	56	-1.3570020606608435
16	57	0.911210352309008
16	58	0.8270318049999841
16	59	1.1730892622929574
16	60	-0.14815453469842838
16	61	-3.0669315244364026
16	62	0.8832906275044761
16	63	-0.208419656024245
16	64	-0.5105860537991369
16	65	-3.471832532512011
16	66	-3.309708497223474
16	67	-2.3411720496705555
16	68	2.6611057563301688
16	69	21.728227100174603
17	17	NaN
17	18	1.0942992801281082
17	19	-1.394281461991433
17	20	1.6644794974689365
17	21	0.5818417860828023
17	22	0.18023792302004804
17	23	-0.6865737721435541
17	24	2.297757140046824
17	25	-2.8308264486334997
17	26	-1.5238950614153066
17	27	0.3920995251510183
17	28	-1.9904696617720343
17	29	-2.246263161148469
17	30	-3.3931430709618855
17	31	0.13870380660250065
17	32	-2.323051154517331
17	33	-1.526368202407069
17	34	-0.09624353682101605
17	35	2.8232803189529796
17	36	-2.823907100110045
17	37	0.9364942862760499
17	38	2.908616224987615
17	39	1.1360542758352465
17	40	2.076084231671371
17	41	-0.8330406132963005
17	42	-0.18863688491870328
17	43	-0.500669498837053
17	44	3.013998597104748
17	45	-1.488442247082328
17	46	-1.8938867407737803
17	47	-2.3296618057178735
17	48	-2.2860629840155426
17	49	3.1931930892882785
17	50	-0.39030257823806164
17	51	-2.8262900718327573
17	52	1.0019158842487876
17	53	4.4017509145388525
17	54	1.4649100096616081
17	55	3.8988417571849365
17	56	1.6518840322587067
17	57	0.9430314510944597
17	58	-1.8632329801898846
17	59	-1.9426297823438403
17	60	-1.599025854872458
17	61	-3.5912472501365222
17	62	-1.3662146220796731
17	63	1.542489577945849
17	64	-0.648683393513094
17	65	-1.0556284364538828
17	66	-1.8186736392669136
17	67	0.7786147880371593
17	68	1.6602320978286316
17	69	-1.0100553619604398
18	18	NaN
18	19	4.952299577570199
18	20	-0.726767134726488
18	21	0.15773944602922182
18	22	-2.3604273898896166
18	23	-0.12200950851324642
18	24	-1.0527995242968975
18	25	0.8420462763300778
18	26	-0.4458327665906929
18	27	0.8119641208385031
18	28	-0.7631059036587848
18	29	-1.6615387065335763
18	30	2.7264335927921985
18	31	0.06466286257984903
18	32	4.397670246957233
18	33	-1.4291239197526338
18	34	-0.710276804438386
18	35	-0.24687256679680988
18	36	4.548928809498698
18	37	1.4637914181184855
18	38	-0.6363615628623307
18	39	-2.777122763632834
18	40	-2.6341532639000023
18	41	-0.24287468585070232
18	42	2.894423392956612
18	43	1.666498837673054
18	44	0.3262400488408718
18	45	-1.050618729018031
18	46	0.9302491326655183
18	47	1.1915224870158188
18	48	1.0439498693543947
18	49	-2.025646189134852
18	50	0.5469906513440936
18	51	2.0778690915814386
18	52	-0.7113798911138505
18	53	-2.5833526205735855
18	54	0.5373281368782363
18	55	0.1521730252175313
18	56	-0.8335564156119752
18	57	0.7968820440798922
18	58	2.798551539852113
18	59	0.734588804273508
18	60	0.5446405032719052
18	61	-1.6302757920520263
18	62	1.0721777961711227
18	63	-0.6029078360451526
18	64	-0.5320563499684304
18	65	-1.3421327913038024
18	66	-0.8155663788028681
18	67	-0.7553479924761667
18	68	-2.398075705373803
18	69	-0.35599225858036243
19	19	NaN
19	20	0.9073058467889843
19	21	4.952599346924388
19	22	1.2889750905234971
19	23	1.2645845479117201
19	24	-0.21299282790337334
19	25	2.749835343566721
19	26	1.3201071013339718
19	27	-0.5427159557876048
19	28	0.7158956258066891
19	29	-0.329111685327178
19	30	-0.542889928557034
19	31	1.4851179069706866
19	32	-0.014721675329958885
19	33	-2.3525182272520038
19	34	-0.12212359056142728
19	35	-2.8735345217487636
19	36	-0.15004475029221026
19	37	0.0324253657720082
19	38	-1.3107618909603336
19	39	-3.34126004415379
19	40	-1.8369865868944475
19	41	-1.4462273632852811
19	42	-4.150239973133453
19	43	1.0453807192732911
19	44	-0.02017937116219357
19	45	-0.238657020004693
19	46	0.3301934150691043
19	47	1.7876487584789023
19	48	3.340637663559378
19	49	-1.938728349605303
19	50	1.9698571747262388
19	51	-1.9033954861714835
19	52	-1.59032894356088
19	53	-0.9670740637782852
19	54	-0.14769913438090046
19	55	-1.4033881548556342
19	56	-2.2542097239537564
19	57	0.22140866182193322
19	58	-0.1115041832195585
19	59	-0.9203712454933539
19	60	0.29480058459216746
19	61	-1.285327360744038
19	62	-0.028039404031395775
19	63	0.7439864109267166
19	64	0.36707307955966906
19	65	4.236929241338893
19	66	-1.556614927546691
19	67	0.00034973560860833164
19	68	-1.7453701539207802
19	69	2.5322330686560663
20	20	NaN
20	21	-0.39224294181463754
20	22	-5.219690520870107
20	23	-2.8542329587038875
20	24	2.7133233247027038
20	25	-2.147304437604703
20	26	-3.2828185584433225
20	27	0.9434826656308019
20	28	-1.2109965028639442
20	29	-1.1839497031472364
20	30	-0.023818389320807352
20	31	0.31015223817357246
20	32	-3.2819512353999247
20	33	0.48071676708094063
20	34	-1.9553718882510727
20	35	0.9160994650214689
20	36	-2.3800530514470752
20	37	2.167622221556468
20	38	2.1513669567581837
20	39	-0.1373329699504169
20	40	2.857694375502122
20	41	-2.2177381721384073
20	42	-0.536697359060023
20	43	-1.5123059299617616
20	44	1.5237449528806308
20	45	-0.4679622198089905
20	46	-1.0717641468078833
20	47	-1.0334312960958436
20	48	-0.6589785207123777
20	49	2.104024934521022
20	50	-0.316057292398691
20	51	-0.5929558742826491
20	52	4.023695599284063
20	53	2.8935406727627817
20	54	0.40777692553865763
20	55	4.000085084223198
20	56	2.550356551076633
20	57	0.10376886227385089
20	58	-0.5432070846214611
20	59	-2.4182491945439573
20	60	-3.269754893671402
20	61	-0.8445364066954926
20	62	-2.0607656013726454
20	63	-0.7897092047459434
20	64	-3.63510340655627
20	65	-1.3084880940299664
20	66	-1.094547394667469
20	67	-0.7593586109049227
20	68	1.492408092373657
20	69	9.665666993997574
21	21	NaN
21	22	1.434812013828326
21	23	1.5818361682465814
21	24	-1.0629663688420057
21	25	2.7018796929548925
21	26	1.691711423938627
21	27	-0.8400105207196673
21	28	2.8199304586450973
21	29	1.5671691394236849
21	30	0.04693766289241661
21	31	1.148998176067506
21	32	4.94255320842126
21	33	-0.5605759882254642
21	34	-1.2147735884084587
21	35	-0.7257838603732604
21	36	-2.395131465137041
21	37	12.203175079529819
21	38	-2.1099937963859925
21	39	-2.5675778956630206
21	40	-3.2552169163050673
21	41	2.193790584776178
21	42	-1.8377579934706518
21	43	-1.4714186434354564
21	44	0.14942836122257608
21	45	0.4046857958897135
21	46	0.5710801761916092
21	47	-1.3689206791126844
21	48	0.944216438718191
21	49	2.1606828932319475
21	50	0.6115976685428482
21	51	-0.9279892105472239
21	52	-2.88474067210766
21	53	0.3049830890633021
21	54	1.225039624731845
21	55	0.5299250184182499
21	56	2.096043718530293
21	57	-2.793682842182931
21	58	-1.3023335612459606
21	59	-0.7366856562949096
21	60	-0.9801938544648646
21	61	2.28659608569324
21	62	0.9361474201029732
21	63	-1.8078096325106066
21	64	1.5245828873508773
21	65	0.17968254390595909
21	66	2.009488072920271
21	67	-2.131075620112688
21	68	1.4091340617087906
21	69	-0.05712336714418456
22	22	NaN
22	23	6.01287025929355
22	24	-1.7623696627921943
22	25	1.335566714070844
22	26	-1.871853355885238
22	27	0.11392226335155795
22	28	1.3275804038423191
22	29	2.56549014258696
22	30	2.7526343407842107
22	31	-3.331562563967855
22	32	1.8874453455673188
22	33	-1.436970727271379
22	34	0.8693404251253463
22	35	-1.6054054010274552
22	36	-1.678655226342556
22	37	-2.9800867293874944
22	38	-1.2624260942024557
22	39	2.5403836523738126
22	40	-2.4342022086705493
22	41	1.1280830531372323
22	42	-0.17459255701005294
22	43	1.6657261079028247
22	44	1.9722514709534222
22	45	2.234691969215475
22	46	-2.0479374705440647
22	47	3.0340788733459405
22	48	-0.923799067490838
22	49	-2.3470467365148906
22	50	0.2851981715807409
22	51	-0.39265514884335445
22	52	-1.4969958520017381
22	53	-3.1886784628365663
22	54	0.05012914771416822
22	55	-3.274564220725002
22	56	-4.631664325616912
22	57	-0.8889468807469141
22	58	4.9598581238438095
22	59	1.1811447418084802
22	60	-0.8216432138204192
22	61	-0.4069710673523122
22	62	3.188122673421787
22	63	2.1953609894435075
22	64	2.327564573654197
22	65	1.9775475319363944
22	66	-0.5362675011961182
22	67	-1.3133184337699486
22	68	-2.363810392782492
22	69	-1.655435224480188
23	23	NaN
23	24	0.3816913174846198
23	25	1.972013438817768
23	26	2.1604456750017325
23	27	2.5549305673765828
23	28	1.1364338614708003
23	29	0.07727805030803832
23	30	1.5077965926405366
23	31	-0.7977493159209856
23	32	-0.3920693816849289
23	33	-3.2658201701768075
23	34	3.1840535625318305
23	35	-1.286535830586659
23	36	2.540628908640974
23	37	0.6218535619753359
23	38	-1.394453345013475
23	39	-2.5857852726490282
23	40	-1.572062233018173
23	41	2.1742976674455305
23	42	-0.4458819196716305
23	43	-1.384148847320509
23	44	-2.0354866901312607
23	45	5.726034707537917
23	46	2.272562016983311
23	47	-3.4408890537869348
23	48	0.15412383472859376
23	49	-0.2528036577611863
23	50	3.654056716691429
23	51	-0.36711920316275193
23	52	-0.18979390160132376
23	53	-2.7221945156662284
23	54	-3.3431635105638327
23	55	-1.2586847149302285
23	56	0.8123614227165482
23	57	0.25281455305741596
23	58	4.128680711821787
23	59	2.902478486832106
23	60	-0.8576417213995364
23	61	-0.7289273878910848
23	62	-1.3661691645402108
23	63	-0.1605452031782213
23	64	0.17650701766568794
23	65	0.9793832262618339
23	66	0.7868183426617096
23	67	-0.33322361173548903
23	68	-1.9184770459636733
23	69	-1.2908702136546777
24	24	NaN
24	25	-3.0233316283226435
24	26	-1.168702427899373
24	27	2.10026206989142
24	28	-2.309620985754672
24	29	0.8546621963385589
24	30	-2.1410410855906346
24	31	-0.7970331719070158
24	32	-1.1741666892772102
24	33	0.2705321011616767
24	34	-1.7508613186078068
24	35	2.8230211346931084
24	36	-2.775266178077168
24	37	2.505033527326679
24	38	5.397891216459534
24	39	-0.7071403167954253
24	40	2.5011105573600725
24	41	-0.4305416965092014
24	42	-2.590280377437524
24	43	-0.12110586229242933
24	44	0.9053690186976167
24	45	0.8191778537278516
24	46	-2.3477479239199432
24	47	-2.5794110759645674
24	48	-4.7794813990248555
24	49	0.7028604057005439
24	50	-2.5433559290844463
24	51	-1.9771402912179006
24	52	2.916364986869035
24	53	1.8634577017705634
24	54	0.44724474396298225
24	55	1.92251514881167
24	56	0.5689989939414543
24	57	-0.035558797048763496
24	58	-0.06980054408120913
24	59	0.594255934186102
24	60	0.3391307637191522
24	61	-2.984035534798125
24	62	0.3204135988560757
24	63	-0.6836221488034483
24	64	-2.1328410255249737
24	65	-1.3359052316429152
24	66	1.196227458621297
24	67	1.4184167528669054
24	68	-0.23160959603167675
24	69	2.150721445427075
25	25	NaN
25	26	2.516556821828487
25	27	-0.7708521523426687
25	28	1.7453782192851597
25	29	2.809770757444655
25	30	3.2738388003988357
25	31	-1.501852897832009
25	32	-2.439055978265474
25	33	0.4625856742366864
25	34	2.4010175882466767
25	35	-2.135589741624634
25	36	2.889814228813593
25	37	-1.2183009169398322
25	38	-3.4942357924658354
25	39	0.05655423183365056
25	40	0.5115353660071119
25	41	0.8163714093606358
25	42	-0.14376301403888508
25	43	1.4907354880893209
25	44	-1.8834054179532025
25	45	1.1473915063804965
25	46	-1.0234361643556955
25	47	4.311007901817011
25	48	0.8158932561103488
25	49	-3.122855766091003
25	50	2.484472878654965
25	51	2.234668468735709
25	52	-2.7074745749250355
25	53	-4.3249814866124
25	54	1.0154534222836955
25	55	-0.19478122675871595
25	56	-0.21994619967467904
25	57	-2.5479189099906665
25	58	1.3649185951277891
25	59	2.247290835069597
25	60	-0.9436625003596216
25	61	1.5482806704868217
25	62	1.3750285405795286
25	63	-3.305566348079153
25	64	2.020156124497562
25	65	1.1168947080768494
25	66	-0.07178724013766355
25	67	-0.729479922572423
25	68	0.7844342921163995
25	69	0.5132050787472962
26	26	NaN
26	27	0.32414254921555385
26	28	1.1382334317275806
26	29	-1.1187697672635826
26	30	-0.0470790708083964
26	31	1.0110973424423986
26	32	-0.9859675893125146
26	33	1.384522105679671
26	34	1.3729986567809032
26	35	-2.188431274995658
26	36	2.481329440978481
26	37	0.01029537364919039
26	38	0.9783731961399728
26	39	-3.4632024092596745
26	40	-3.035154466067969
26	41	-0.9126441200643078
26	42	1.3233148993922321
26	43	-1.3368427159819984
26	44	0.8691913132990986
26	45	-0.4770782815750883
26	46	2.161734026152644
26	47	0.01795404951091653
26	48	1.9967880547710268
26	49	-3.4709505364638695
26	50	1.015159724097145
26	51	2.0009527335573383
26	52	-3.3858164588110533
26	53	-3.422450396683891
26	54	1.7882311540766684
26	55	0.4389675605204084
26	56	-2.187983774777432
26	57	-3.757232368408651
26	58	2.458618341556526
26	59	-2.2319854186246273
26	60	2.128609468518226
26	61	0.5779423459926549
26	62	0.3372153807731381
26	63	-0.6156093733186397
26	64	-0.35453126693195
26	65	1.0284128432023127
26	66	1.0779707734498116
26	67	0.06741840439281928
26	68	1.0068840906972176
26	69	0.749659951852923
27	27	NaN
27	28	-2.8089531397635494
27	29	0.47631681077853605
27	30	-1.029832764151427
27	31	1.1751814702350396
27	32	-1.0147630193063006
27	33	0.5310651554341755
27	34	-2.2219799965310583
27	35	3.5012926733517906
27	36	-0.036012832576660006
27	37	0.4196277476768447
27	38	0.5494405996252771
27	39	-0.3360017199410995
27	40	1.4299208410330801
27	41	1.0968473219082489
27	42	-2.8333326734854025
27	43	2.3178338872758366
27	44	-0.09319838727341788
27	45	-1.448999923240014
27	46	2.066539549373389
27	47	0.7219762548243241
27	48	-0.9196049462267314
27	49	0.6942845514568354
27	50	0.7388664771484968
27	51	-1.3665755196351768
27	52	2.417649638458863
27	53	0.8691633097443208
27	54	0.4239408341033473
27	55	0.9236674634440531
27	56	1.7067612252305115
27	57	-1.277586308089049
27	58	-0.7831399650919615
27	59	1.1981706500930116
27	60	-0.954692865722441
27	61	-1.1847489064369636
27	62	-1.0825591496523084
27	63	3.1381319656866102
27	64	-3.0555485922124275
27	65	-0.6437141681585702
27	66	1.3616000029661268
27	67	0.5483342949989585
27	68	-0.24524827409548944
27	69	-0.3198043241551392
28	28	NaN
28	29	5.85878691694577
28	30	4.733955155969937
28	31	-0.3988310193430743
28	32	-1.1702657140583044
28	33	1.265487496512123
28	34	2.5348034251214098
28	35	1.4376620440994095
28	36	1.5424816786960718
28	37	-0.920687150298686
28	38	-2.608441989624387
28	39	-0.44488048423141635
28	40	-1.8395220235577743
28	41	0.06995265309187651
28	42	2.408282690622462
28	43	-0.9150125857009594
28	44	0.785568666541766
28	45	-2.7862403474233752
28	46	0.9932906827624692
28	47	1.522544933029801
28	48	4.0261725548418825
28	49	-2.3713996132542547
28	50	-1.6120752425347182
28	51	0.865493024657974
28	52	-0.4057038361021256
28	53	-0.7180466761908826
28	54	2.819193648096326
28	55	-1.0928240096913266
28	56	-2.972554274217081
28	57	-2.1251749854853044
28	58	-2.5679755635817587
28	59	-2.127086099238141
28	60	-2.4030398688798127
28	61	1.4205807516631515
28	62	-0.5390900987186993
28	63	-2.2804762811431236
28	64	0.9074768433812552
28	65	0.9694561974679543
28	66	1.2977565989881563
28	67	-0.34683835439238625
28	68	1.435070534495766
28	69	0.12036096295648249
29	29	NaN
29	30	6.263017159799879
29	31	1.5072960033158744
29	32	1.9563785402939888
29	33	1.2647407696798236
29	34	-1.4657007811063547
29	35	-1.3074208843173425
29	36	0.14570775184752602
29	37	-1.2910952431168992
29	38	0.8511353090784702
29	39	-1.3730309600741226
29	40	-2.7962020543883392
29	41	-1.9755222705420263
29	42	-1.645722875413066
29	43	1.5953899491379568
29	44	-0.20406613708926866
29	45	4.478824732510108
29	46	0.7348346125665325
29	47	3.052611987146415
29	48	1.4710511035565814
29	49	-2.2663427451016935
29	50	0.39100217885787353
29	51	-1.9184483253502924
29	52	-3.4246561420657113
29	53	-3.290530318847071
29	54	0.43521673729822463
29	55	-0.13164640024425278
29	56	0.8477535997447079
29	57	-1.4567116536831182
29	58	0.47321305962527105
29	59	2.052139503795469
29	60	-0.7552362541081158
29	61	2.0759546927201167
29	62	0.9946955038877164
29	63	1.796952335778463
29	64	0.996203629394037
29	65	1.9300922887459802
29	66	-3.540732395677821
29	67	-0.8094991153243811
29	68	2.583751692748841
29	69	2.28344101344481
30	30	NaN
30	31	-1.593460047065952
30	32	3.0552500150998307
30	33	-0.6636990155560835
30	34	0.8678147475222121
30	35	-3.5928388180705872
30	36	1.2243125724644073
30	37	1.277781622297329
30	38	-0.7295166205698321
30	39	-2.9645077054385047
30	40	-2.766427222767472
30	41	1.213062224410578
30	42	0.8514955531834747
30	43	1.9402512637716423
30	44	2.006564919324504
30	45	-0.4065582956886915
30	46	-3.1499622148886024
30	47	-1.3448331628980144
30	48	1.6179986128575452
30	49	1.3181507738971023
30	50	1.5658702565425753
30	51	1.5316102247856491
30	52	-1.7044542262917277
30	53	-2.9796565658913936
30	54	1.228413876112594
30	55	-3.7132732027574322
30	56	-3.2687543123771525
30	57	0.1246581411781153
30	58	-1.6141201864883055
30	59	0.09950515904593318
30	60	-0.6216850120094835
30	61	2.8282389686569207
30	62	2.964133905939883
30	63	-2.5520365367736297
30	64	2.666668698394762
30	65	1.6067814989084177
30	66	-0.788687187484011
30	67	1.2905637022378247
30	68	0.17011596631081813
30	69	-1.3081725538996087
31	31	NaN
31	32	3.065523517446344
31	33	2.3854544090517966
31	34	2.55776678999886
31	35	0.9286788514244388
31	36	2.3101719048128633
31	37	-1.0724628815079342
31	38	0.45547463423691925
31	39	1.6436342204449146
31	40	-0.47530353770574346
31	41	-1.9560056468061329
31	42	2.678662375032514
31	43	-0.29194276803755725
31	44	-1.2161104076946165
31	45	-2.129171035985324
31	46	1.952199939187606
31	47	0.10632152616529769
31	48	-0.26845183285841256
31	49	0.8358703319735458
31	50	-1.5920811967956723
31	51	-3.0678328970324586
31	52	-0.07868799807398567
31	53	0.09508568012054543
31	54	-2.2688747044261026
31	55	2.2345048351456973
31	56	2.945410807419335
31	57	3.078595258704384
31	58	-0.3868963053287182
31	59	-0.7551132163159281
31	60	-3.852524007680314
31	61	2.776974892636125
31	62	-2.235809594761529
31	63	1.659951671886034
31	64	-3.4551433135459546
31	65	-1.0013795181661551
31	66	3.0719913436349287
31	67	0.4339755030763125
31	68	-0.8240988627600234
31	69	-1.2996635199938469
32	32	NaN
32	33	1.8446881647617257
32	34	1.2721162780423505
32	35	-0.9545836979193679
32	36	3.903998069299861
32	37	-2.6761183039467653
32	38	-2.551600847207833
32	39	3.367734917692941
32	40	-3.6931941929551493
32	41	6.160974365477565
32	42	2.1724289114985864
32	43	4.699451166899117
32	44	-0.038083780637432674
32	45	-0.9765073378479026
32	46	0.38308526863333947
32	47	1.0622009839123667
32	48	2.2657513704020236
32	49	-2.329250844605002
32	50	3.692927111246888
32	51	1.4441198464175566
32	52	0.23500504088301155
32	53	-4.435360040529091
32	54	-1.059140460193878
32	55	-3.787143807800881
32	56	-1.4503738639848678
32	57	-3.7237121628144254
32	58	2.9755810519247885
32	59	1.7741254479103856
32	60	1.5643619202611205
32	61	-3.801202926271053
32	62	-3.8155420293282574
32	63	1.6105581546710293
32	64	1.5654864285012227
32	65	1.9960200855648265
32	66	1.503128520968914
32	67	-0.9318514091345594
32	68	-1.0964630070680887
32	69	0.9841206811300731
33	33	NaN
33	34	0.10371031860463105
33	35	-1.353837609061874
33	36	3.027234730510809
33	37	-1.1135315829498798
33	38	-0.9615155241319988
33	39	1.7225877727291263
33	40	0.45380482041525955
33	41	-0.5472946565262077
33	42	0.9668304058497768
33	43	-0.11596440167485861
33	44	-1.6693506139684569
33	45	-1.0176165572062208
33	46	0.6886330180000959
33	47	-1.176292337291443
33	48	-0.37177059627213627
33	49	-0.2653850555657931
33	50	-1.057614596191638
33	51	0.11484135120407837
33	52	0.5727815455535631
33	53	-1.2016160004702994
33	54	-1.6281251915211994
33	55	0.5421523395391407
33	56	1.3863091631105717
33	57	1.2133861449178132
33	58	0.8915473339197845
33	59	-1.3913155199548481
33	60	-1.8499292937621163
33	61	0.6244701923862981
33	62	-0.48392776560481726
33	63	-1.104748129553313
33	64	-2.4509005069131664
33	65	-1.099467184851175
33	66	-1.5724351081417023
33	67	-2.7733528176569293
33	68	3.4583854680691943
33	69	-2.4676772000784366
34	34	NaN
34	35	-3.0464537955750903
34	36	1.5152299413127794
34	37	-1.9636593513532818
34	38	-0.6902749123910574
34	39	-1.262232813217686
34	40	0.3928635704915079
34	41	-1.0280809474283314
34	42	-0.720097262604402
34	43	1.0442188573646847
34	44	-0.7964254107731479
34	45	-1.4595528214433802
34	46	1.4003035133116573
34	47	1.4718241317088918
34	48	-0.17824748004340696
34	49	-0.9449138478362424
34	50	-3.356652696865496
34	51	-0.8874189462501145
34	52	-2.596334068128476
34	53	-3.263740897146062
34	54	-0.3675056674140811
34	55	0.150551055382672
34	56	-1.4648416846541068
34	57	-1.7724485593298593
34	58	0.4393775485318923
34	59	-0.19371415829834876
34	60	-1.6218396306896232
34	61	0.22420142221929198
34	62	0.9459266070092921
34	63	-2.0832681665317403
34	64	-3.53733633876923
34	65	2.576413695631794
34	66	-0.9145012389585797
34	67	0.3597814421426761
34	68	-0.975005366267808
34	69	1.880146120343892
35	35	NaN
35	36	2.5666288213327233
35	37	3.4062892958685542
35	38	1.7569141280071712
35	39	-0.007640635747584105
35	40	1.4746399245357393
35	41	-2.8801001398101342
35	42	-2.759725427068532
35	43	-1.7420734187068856
35	44	2.3906107237695133
35	45	0.3057380288099645
35	46	1.6767477976156604
35	47	-1.006796812450932
35	48	4.89141706941369
35	49	3.8357336457886944
35	50	0.15445450240856323
35	51	-1.313508057253152
35	52	2.2134769550485642
35	53	1.0467902993477327
35	54	-0.9051389155716429
35	55	-0.1281852656076196
35	56	5.063719264220611
35	57	1.7477017756307665
35	58	-0.645785965721055
35	59	-0.12967188098576687
35	60	-1.4226288657514228
35	61	-1.382122401125322
35	62	-1.0963419496469446
35	63	0.32508291199962613
35	64	-4.016352628576585
35	65	-0.9083383916876541
35	66	-0.1661682653601156
35	67	1.2300045789825198
35	68	-2.6363663744082073
35	69	-1.4425950402177463
36	36	NaN
36	37	-1.7018833141066565
36	38	-0.9512081818721482
36	39	1.35960819835323
36	40	-2.5022516610460803
36	41	0.7315586838622112
36	42	0.0208605281824275
36	43	2.558031440552668
36	44	0.6749003279433485
36	45	-0.4261163829435195
36	46	-0.5677737578330966
36	47	-0.7855572329451067
36	48	0.9776641011724764
36	49	-1.5328424872603024
36	50	-1.2654801334662118
36	51	1.3937101835686985
36	52	-1.8650473838664363
36	53	-3.1399496695370392
36	54	0.10541139060379394
36	55	-2.4492022769964077
36	56	-2.5211453354742033
36	57	0.041089450879233755
36	58	-2.6845340903037833
36	59	0.47368455133448545
36	60	-1.4867422937604848
36	61	1.0759265180725377
36	62	0.7163942429178689
36	63	-1.3254467600573605
36	64	-1.7206019421467085
36	65	2.1032873525936138
36	66	-0.5776339859692605
36	67	-0.1573969847496182
36	68	2.9263602421597756
36	69	0.15073940284396045
37	37	NaN
37	38	1.1196993002228843
37	39	0.08294652519471507
37	40	1.5035907012155383
37	41	-1.129384945478707
37	42	-6.277071789775095
37	43	-0.08724276905246031
37	44	1.6389488503070726
37	45	-3.986168189492462
37	46	-2.7800655136880605
37	47	-3.403973013971622
37	48	-1.0003745060105527
37	49	0.807054782779552
37	50	-1.2958389081461088
37	51	-2.9549473622779243
37	52	1.011449043219644
37	53	1.0735526246821219
37	54	1.0223921211158242
37	55	3.2108206315902206
37	56	-0.6177038759712835
37	57	-0.26784234384415523
37	58	-0.7889289245936274
37	59	-3.9692715550212467
37	60	-1.188584565624543
37	61	-0.4394143328892959
37	62	-3.7239349371631327
37	63	-2.9834626020930344
37	64	-2.904677238066213
37	65	-2.6295708242627454
37	66	-1.008818578989408
37	67	0.4698749810509433
37	68	-2.3740251846319103
37	69	-1.978920316251019
38	38	NaN
38	39	1.2309760839062245
38	40	1.4548999367461464
38	41	-0.9558768342753625
38	42	-1.2612874007918253
38	43	-2.0482817000655342
38	44	0.8367644559763631
38	45	-1.9760104146369457
38	46	-0.07337386677379713
38	47	-0.8858346111095762
38	48	-1.5727747530498029
38	49	2.847344759473214
38	50	-2.147812562750711
38	51	-2.1271617139109424
38	52	2.6862056963233307
38	53	0.5239900366184589
38	54	1.9018904507081316
38	55	2.474033469508193
38	56	2.720195288929822
38	57	1.1069607095837664
38	58	-1.955186037031218
38	59	-0.9138240839159357
38	60	-1.3391727969469458
38	61	1.8423648313970309
38	62	-2.0869031502473523
38	63	-1.2966454884892102
38	64	-2.429510079846238
38	65	-1.0188645382677801
38	66	-1.662252648839141
38	67	0.8314961350431931
38	68	-2.471634793992669
38	69	1.6342603129957867
39	39	NaN
39	40	4.777669623264451
39	41	0.5794355440311266
39	42	-0.7677855137883581
39	43	7.573243289786932
39	44	0.8047191830986289
39	45	1.864240182646939
39	46	0.08751549983341131
39	47	2.2900853313503924
39	48	0.09678099786795755
39	49	0.6955741666923448
39	50	0.8600937763492899
39	51	0.02897213665710563
39	52	-0.5811008542663052
39	53	-0.8125408890896918
39	54	-0.6232756960218172
39	55	-0.8481779527709405
39	56	2.3569994241714243
39	57	-0.6996755983278321
39	58	-3.572355203652809
39	59	-2.2847096219300416
39	60	-4.534414187271433
39	61	1.170902184246855
39	62	0.10771655755683447
39	63	0.0563462944165515
39	64	-0.6982076816031693
39	65	1.968545704580352
39	66	2.0437248466060174
39	67	1.6600032887570497
39	68	1.471786441050227
39	69	-2.679361008340147
40	40	NaN
40	41	0.7668923871013243
40	42	-0.1997726000873538
40	43	-2.003442057313004
40	44	2.1311681717392084
40	45	-2.4418681882404956
40	46	-1.0325987061035353
40	47	-2.0843103031462715
40	48	-3.4072112546601305
40	49	2.4545372723992305
40	50	-2.084758085413788
40	51	0.7284254239181888
40	52	3.7064685029184568
40	53	2.999549812525849
40	54	1.6696578546161756
40	55	2.9296961598242897
40	56	2.1886839516205168
40	57	2.274386998178168
40	58	-2.694545324531983
40	59	1.9948417229835471
40	60	-0.033669875516550006
40	61	-2.4211145096065545
40	62	-2.9650583665303807
40	63	-0.17592322858151677
40	64	-4.348543548641984
40	65	-2.0436941925954075
40	66	0.4492678832049921
40	67	1.9313119015626574
40	68	-1.333434099022622
40	69	1.2697648034550617
41	41	NaN
41	42	2.940379505338893
41	43	4.213397547204981
41	44	1.1253588754260804
41	45	4.7483933625638475
41	46	-0.48127737676982696
41	47	0.31355753985214585
41	48	5.654212441604485
41	49	0.18916007908701987
41	50	-0.37532973877087916
41	51	-0.5528318364889039
41	52	-0.33634303216096784
41	53	-2.650337465680104
41	54	-1.09062677298011
41	55	1.1251333625369278
41	56	0.5339051721685121
41	57	2.067428759872855
41	58	2.032800008620703
41	59	-1.8793808240663672
41	60	-0.29791533391643005
41	61	0.6543573633848088
41	62	-0.4153096198472217
41	63	-0.8762443067284572
41	64	-2.3057829310443143
41	65	0.5788176807117749
41	66	-4.054125931820821
41	67	-0.8081254554626746
41	68	-0.7455794865865116
41	69	-2.2266882647182342
42	42	NaN
42	43	4.634271452598601
42	44	1.7473279505516706
42	45	4.383340706440492
42	46	2.6292800040752464
42	47	-1.9453338297810918
42	48	2.612378786417196
42	49	-2.893703730719771
42	50	0.47750700886965963
42	51	-0.20462596986521744
42	52	-1.6528718295631768
42	53	-1.664714058981166
42	54	-1.216030970951279
42	55	-0.5416997604301325
42	56	-1.3882852361026383
42	57	1.7552794700115188
42	58	0.7018144135957621
42	59	1.2926192256747722
42	60	0.8057735677233268
42	61	0.4006368470928503
42	62	2.385783149081636
42	63	0.7302633909305576
42	64	0.7507068533791511
42	65	3.728584206865647
42	66	0.3189603119339376
42	67	0.7307933687940366
42	68	2.4332945375214634
42	69	1.1514971792607012
43	43	NaN
43	44	-2.7916101886601106
43	45	3.7759228259582636
43	46	0.1791686239309428
43	47	5.128436599756817
43	48	-5.55471532342255
43	49	-2.3527418629424828
43	50	3.4371352539173388
43	51	0.4721821155072096
43	52	-2.1100354554985734
43	53	-1.6436871152058186
43	54	-0.01349487657959237
43	55	-0.6269319427982076
43	56	-1.1353523025576624
43	57	-1.041592549084988
43	58	5.923070001943631
43	59	-2.285763717587061
43	60	-0.9459676539219736
43	61	1.3008253818173605
43	62	1.2101824447438654
43	63	-0.5802441881026832
43	64	0.051072918932118246
43	65	-1.7532692107843135
43	66	-3.0723659613150627
43	67	0.634000382535107
43	68	-1.3804867668818537
43	69	0.5165492500679877
44	44	NaN
44	45	0.5601003200002423
44	46	1.875398710741576
44	47	-2.3072121830067442
44	48	-0.02137564813902019
44	49	2.000940281547565
44	50	-0.09615788478841475
44	51	2.5239911883870896
44	52	-0.6311268946313944
44	53	-0.056873210984764846
44	54	1.492986330559348
44	55	-0.9896520830369641
44	56	-2.847540104470331
44	57	-1.526502967432997
44	58	-0.059976025964680345
44	59	0.09571997636285616
44	60	-2.1452017977847784
44	61	-0.3675214650703529
44	62	-0.8433567951686031
44	63	0.8453263315216604
44	64	-0.4856564214402755
44	65	-4.61931444971716
44	66	-3.9131053735743198
44	67	-0.5566936457485354
44	68	-1.5494353746928597
44	69	-0.6891083245145123
45	45	NaN
45	46	0.9346504700954076
45	47	1.2594018504228277
45	48	-0.736668429343131
45	49	-1.1824557225111878
45	50	-2.143709204640181
45	51	-1.3812757800927955
45	52	-5.129076577042364
45	53	-1.3545103581579074
45	54	-0.5178938392699101
45	55	-1.5647511092955704
45	56	-0.03851844894381084
45	57	-1.6183108099729908
45	58	-0.313382969532571
45	59	6.787320610166687
45	60	-1.0804120029414208
45	61	2.4238619606277245
45	62	1.6264599739261236
45	63	1.0576971991503343
45	64	1.5210239304601276
45	65	1.073216794623695
45	66	-0.014490136847931797
45	67	-1.586181853641849
45	68	0.9152109929943827
45	69	-0.8646390702926176
46	46	NaN
46	47	0.6069498596691301
46	48	2.8757758572989305
46	49	0.2775148929916112
46	50	-0.0286415667589479
46	51	3.6838458487906176
46	52	-4.401629962736907
46	53	-3.6143689442652156
46	54	-0.3108120425572213
46	55	-1.7361366233163873
46	56	-2.5726905191344764
46	57	0.07939995369116438
46	58	-0.3555986955296498
46	59	-2.3617247783727993
46	60	1.5265513321898379
46	61	4.930047140294635
46	62	1.9288427710223743
46	63	-1.881359823044856
46	64	1.3520607616273757
46	65	0.7222282708227985
46	66	0.6986541086285591
46	67	-0.448376566973277
46	68	1.8005765114933843
46	69	0.6923920590484947
47	47	NaN
47	48	0.1016322650760016
47	49	-2.618723699340966
47	50	-1.752913654289004
47	51	5.519428743013104
47	52	0.9034027539170675
47	53	1.0966077482155665
47	54	-1.2058957373558892
47	55	-5.2588817732337265
47	56	6.23535858453048
47	57	0.8891929381361636
47	58	-0.033293953444332
47	59	-1.1245512655726413
47	60	-0.9273142753054602
47	61	-2.219066718439192
47	62	1.9824503810575382
47	63	-1.9022356441278245
47	64	4.365601029289502
47	65	4.123185240139891
47	66	2.621756128043454
47	67	-1.1905136191306624
47	68	1.9233075822423913
47	69	-1.6294287421481362
48	48	NaN
48	49	2.233184840184141
48	50	0.856415486351313
48	51	-0.1679369459379701
48	52	-2.134088606869001
48	53	-1.6728090241399665
48	54	-0.8572745587723192
48	55	-1.4542947539176965
48	56	-1.2253716805017187
48	57	-1.9146214659504464
48	58	2.7410389313209986
48	59	-3.2620698868643534
48	60	1.9197923084727562
48	61	2.3257036755899083
48	62	-1.4207892956694876
48	63	1.2555423482890233
48	64	-0.2230134253962022
48	65	0.42650091712579585
48	66	1.7468989851438126
48	67	1.4490146831174542
48	68	-0.4438250320487983
48	69	-2.6243226047672104
49	49	NaN
49	50	-1.3943937610422656
49	51	-1.466682056100021
49	52	4.906577603987141
49	53	2.5272165458222378
49	54	0.9833138010173573
49	55	2.043869177642634
49	56	4.273079151282593
49	57	0.8827361551472213
49	58	0.3712722613458587
49	59	0.2024294501939207
49	60	-1.2736469358129654
49	61	0.18974117136213672
49	62	-3.4032249242804107
49	63	0.21318343424943245
49	64	2.52677531164265
49	65	-1.614440620584932
49	66	0.5339108100473817
49	67	1.5451779166939548
49	68	-2.1220286286553907
49	69	0.4899423556793184
50	50	NaN
50	51	2.91511568044328
50	52	-2.5793524989728516
50	53	-0.7666110248399237
50	54	1.669254345599586
50	55	-1.498262566817107
50	56	-4.885264759358526
50	57	-2.961340832433524
50	58	-0.6074167514076817
50	59	-2.029702064584269
50	60	1.113532183427537
50	61	-1.563707004213548
50	62	2.4904390655089457
50	63	-0.32104496389019715
50	64	0.6535719223002348
50	65	-1.055724970766599
50	66	1.060155549085512
50	67	0.7213597750786329
50	68	2.3463548600104183
50	69	1.1844174489750785
51	51	NaN
51	52	0.16462573180440196
51	53	-1.7271925856908035
51	54	-1.3352046593465727
51	55	-2.824639776709901
51	56	-1.7384125240830701
51	57	-1.4524839300082355
51	58	4.6636421856704136
51	59	1.6867306272254299
51	60	0.4012385555148401
51	61	1.7365045387666809
51	62	-0.13840461173192878
51	63	3.6254372154569148
51	64	0.5770226445710022
51	65	2.0525480734414963
51	66	0.0002605785404184916
51	67	1.8573989866680258
51	68	0.76077518319549
51	69	-2.4912213138408945
52	52	NaN
52	53	4.479742785835594
52	54	-2.698888661157765
52	55	2.9615788415366637
52	56	3.510936923866566
52	57	3.6764642642490455
52	58	-0.1899349790662948
52	59	-0.4114503640854536
52	60	-2.084944671479016
52	61	-1.3949149555152554
52	62	-1.180315158240636
52	63	-3.198326537312778
52	64	-3.854442407991134
52	65	0.9212043906658383
52	66	3.517219748356404
52	67	2.0771132472265568
52	68	1.9320897702394386
52	69	-1.280004464631866
53	53	NaN
53	54	-0.2181250460774904
53	55	1.2159793147463693
53	56	2.0195089627606686
53	57	0.7175529050414211
53	58	-3.4135359687728366
53	59	-1.2922738457680911
53	60	-3.26972053485492
53	61	-0.5960240291751376
53	62	0.21158593147921517
53	63	-2.4114554981672733
53	64	-1.5248668199634727
53	65	-1.5933874764618503
53	66	1.7160846736053994
53	67	-1.7612034176542815
53	68	2.8394031910164137
53	69	2.4005770508253788
54	54	NaN
54	55	-0.09266334983530823
54	56	-0.38721465379311154
54	57	-1.4741567493563017
54	58	1.5410809785886062
54	59	-0.9851182774606928
54	60	-1.2546212211763457
54	61	-1.6305392615666972
54	62	-0.09368316509501722
54	63	-1.96780692426145
54	64	-0.7018117528813683
54	65	-0.05799050269554732
54	66	-2.297613485635729
54	67	2.771033065913154
54	68	-0.13828362944321673
54	69	-0.9765497705673145
55	55	NaN
55	56	4.0513229749999775
55	57	0.9550461033534402
55	58	-0.5294298148996806
55	59	2.2356394583837234
55	60	0.660846240195952
55	61	0.3001242011038949
55	62	-1.3137651722393047
55	63	-4.260933884769046
55	64	-1.1034829096723215
55	65	-0.5141257920648109
55	66	0.28485494905082076
55	67	1.3588456784199618
55	68	-1.9154219873734861
55	69	-1.397555276425885
56	56	NaN
56	57	3.947984247952652
56	58	-1.8945058920771178
56	59	-0.6453437857567641
56	60	-0.864494093341113
56	61	-2.1996216034314076
56	62	2.6614155474856664
56	63	-2.287322061076999
56	64	-4.082212736260203
56	65	-0.8982846294135973
56	66	1.9281195091210643
56	67	0.6174075819005216
56	68	-2.1891584008065514
56	69	-1.4488489263973614
57	57	NaN
57	58	0.1153282176393438
57	59	-0.4617769212138668
57	60	-0.9166774556402703
57	61	-0.4550896173401797
57	62	1.6307483971327623
57	63	-0.9470618036280553
57	64	-1.3945885826137547
57	65	1.4985484292647777
57	66	3.32206123590657
57	67	-0.411111507204361
57	68	2.0786483479969076
57	69	-0.32572207070782416
58	58	NaN
58	59	0.7341607531713928
58	60	0.7482688992342507
58	61	-3.2622044156280876
58	62	2.7499205779490388
58	63	2.4666193500610314
58	64	-0.42081518695478953
58	65	4.741210166268209
58	66	0.3716495564591007
58	67	-0.9403283956848367
58	68	1.3179189280576151
58	69	-0.1179862103502622
59	59	NaN
59	60	-1.0067762446403117
59	61	5.803574832864109
59	62	4.139652225510332
59	63	-1.1885426043658194
59	64	2.9026255492461117
59	65	-1.3402005456225023
59	66	0.09677872309157293
59	67	-1.6549544924783184
59	68	2.7033951538444327
59	69	0.7357178947566175
60	60	NaN
60	61	-1.8926832018448958
60	62	0.7896252928092333
60	63	-2.8844578689617264
60	64	12.780791462268505
60	65	0.44731147053267795
60	66	-3.158589662936981
60	67	0.4839706482079024
60	68	-2.7600565167879485
60	69	0.19391063577448583
61	61	NaN
61	62	0.004074818232745063
61	63	6.46041988414855
61	64	3.632348290440008
61	65	-1.4998992039828407
61	66	-1.3388713088532476
61	67	-0.8101259454673089
61	68	-0.8516652942623812
61	69	-1.6497536104554096
62	62	NaN
62	63	1.4097473365524076
62	64	1.2638389959305194
62	65	0.15468828185364533
62	66	0.3980551116045153
62	67	-0.5664601382581141
62	68	-0.42816931216061344
62	69	-2.6437945145945316
63	63	NaN
63	64	5.6327564408692385
63	65	-0.831901559513145
63	66	3.5818845746122863
63	67	-0.8070694543681589
63	68	5.457373384865017
63	69	-0.3350473463161469
64	64	NaN
64	65	0.41200135982380787
64	66	0.5820741220469522
64	67	1.0496334029906087
64	68	1.3242845607278537
64	69	-0.7655022750323159
65	65	NaN
65	66	0.8000325355895808
65	67	-1.0825304300376033
65	68	3.557098603294083
65	69	-1.7174961654331635
66	66	NaN
66	67	0.5475519208746255
66	68	1.338863695774854
66	69	-3.1426831888200457
67	67	NaN
67	68	-0.958429962807495
67	69	-1.4216240528649886
68	68	NaN
68	69	-0.8087336117848398
69	69	NaN
