1	1	NaN
1	2	-0.3918380717206097
1	3	-2.202937264333404
1	4	-0.4771445795319219
1	5	0.23941345832385144
1	6	-0.7579070861576732
1	7	2.5677705810264837
1	8	0.13866101118667684
1	9	4.523867225869136
1	10	3.053255402211671
1	11	-1.3022019744516693
1	12	-3.847866385191244
1	13	-0.19119739963614557
1	14	0.7843622448424873
1	15	-0.6179010263693514
1	16	-2.230514942752624
1	17	2.2568580850638744
1	18	-0.3653561451054377
1	19	0.5059818473832634
1	20	3.4388845307296494
1	21	-3.216803268726772
1	22	0.4942627296475582
1	23	-1.2870172596056721
1	24	2.529564210195457
1	25	-1.4750248397530292
1	26	-1.107314669741928
1	27	0.15193401700489367
1	28	-1.2999398403029234
1	29	-0.9575208538438433
1	30	-0.2771721128647855
1	31	-0.6533279396870328
1	32	-2.087927795989531
1	33	1.6225731804210286
1	34	-1.2251107741104736
1	35	1.5736553764770456
1	36	-1.7663140003716236
1	37	0.010369430092015991
1	38	1.931701085507986
1	39	-0.6819428041728663
1	40	0.839885984986796
1	41	-2.7192314085739784
1	42	0.716830788902555
1	43	-3.4610978794718963
1	44	-1.1021688854021383
1	45	-1.0785440259422634
1	46	-2.972119496686018
1	47	1.7825114444575036
1	48	-2.76333791019848
1	49	1.999283980013289
1	50	-1.4934105612532242
1	51	-1.8546119412325655
1	52	4.598793705113895
1	53	0.5902577755998196
1	54	3.067640047228553
1	55	1.7668415074679196
1	56	3.7287025001437963
1	57	2.8049161014068056
1	58	0.7116162806651049
1	59	0.22677293387824746
1	60	1.0827871710277133
1	61	-0.7513891713137602
1	62	-0.3161323551954195
1	63	-1.1321939179408365
1	64	-0.058497025065032945
1	65	1.7004080632956176
1	66	1.158990116573142
1	67	-2.547567810003811
1	68	-2.1992934544149176
1	69	-2.238519260836812
2	2	NaN
2	3	6.515337127669918
2	4	1.186951949111069
2	5	3.079419394532249
2	6	-2.4693286869448463
2	7	-0.8189313076088937
2	8	1.9597089060051343
2	9	-1.4198353494468061
2	10	-1.2311756193487737
2	11	1.5931325888829615
2	12	1.120694474838198
2	13	-0.49056772980526314
2	14	-1.3671273522216212
2	15	1.4306991126697064
2	16	-3.6089684766325494
2	17	-1.490766711131208
2	18	1.9796964263097847
2	19	-0.5003599444309791
2	20	-3.3533925988924125
2	21	1.9863726051440245
2	22	1.870749542684527
2	23	1.8418066639405772
2	24	-1.4471084639966405
2	25	2.154442469860403
2	26	-0.4316835941038982
2	27	-0.6877512981782933
2	28	0.5170597517460991
2	29	-1.3226461734611994
2	30	0.13770533167295276
2	31	0.5713452725580922
2	32	-0.15758552266779938
2	33	-2.4567937996777887
2	34	0.20696570479141674
2	35	0.01221539855034816
2	36	0.4096581753363232
2	37	2.061205307092912
2	38	0.8956636385018789
2	39	0.2936005870475617
2	40	-0.9466492505723344
2	41	0.5987213475976436
2	42	1.4570986109212327
2	43	3.3527072354263985
2	44	1.42821905035095
2	45	1.1691420848508998
2	46	-1.6487740210139827
2	47	-0.3818079166555616
2	48	-1.5640965468431676
2	49	-1.7572313498909788
2	50	-0.7366816117910294
2	51	-1.189065431976467
2	52	0.39322701758488354
2	53	0.8078559490866412
2	54	0.5038677634170066
2	55	-0.2833808486012448
2	56	-1.9962407295360831
2	57	-3.1555689621056593
2	58	0.09719235713937588
2	59	0.25570289912431293
2	60	-4.179444287934066
2	61	-0.7945516874458014
2	62	-2.462181683971136
2	63	-0.978214557554588
2	64	3.4351382676806472
2	65	-2.2789992337809855
2	66	-1.0777521414766094
2	67	4.07334230210087
2	68	2.2272026969405823
2	69	-1.0444301331530426
3	3	NaN
3	4	4.6521450804255835
3	5	0.9341209378095338
3	6	-1.6212649052984918
3	7	-1.1754612824972175
3	8	-3.735129661285498
3	9	-1.2175914629123041
3	10	-2.1548896798358954
3	11	-0.30056253580001085
3	12	-2.09742649508849
3	13	3.2953320513901385
3	14	-1.6862811438781589
3	15	3.7433705341097343
3	16	-0.47340666940393095
3	17	-4.224987592535855
3	18	-0.09061429364744845
3	19	0.6033708962272194
3	20	-1.539596444384943
3	21	4.283471903015749
3	22	-0.7043137310541665
3	23	1.763068463517591
3	24	-0.5322116257649894
3	25	-2.4306385680144293
3	26	1.5211994405222784
3	27	-2.850345316084879
3	28	4.311708856000515
3	29	-0.4000196150599447
3	30	3.3520388311485787
3	31	0.7145152037336638
3	32	3.956080737583943
3	33	-3.021623954606745
3	34	-1.573537156044393
3	35	1.457779717026931
3	36	3.7869443767917854
3	37	-0.26409923262490803
3	38	1.1840679478921508
3	39	-1.8118480227204743
3	40	-3.3729980906193506
3	41	-0.8724601395996084
3	42	0.8042419716030857
3	43	-0.7361887878628012
3	44	-2.0060896109004975
3	45	4.216451179031271
3	46	2.1811178128530293
3	47	1.848993296564851
3	48	-0.9408674128124482
3	49	-2.3808494797015696
3	50	0.11480145337662137
3	51	0.6692420707893505
3	52	-1.773506784159724
3	53	-3.675006493223276
3	54	-1.7786450677214471
3	55	0.6803379612678319
3	56	-4.145588964017556
3	57	-1.8849038836671426
3	58	-4.195321033488123
3	59	-0.3494799283922931
3	60	2.608928620425999
3	61	2.0433882183699863
3	62	-0.3058102313548473
3	63	-0.4570685560769328
3	64	1.9657607757339137
3	65	1.4755202293521872
3	66	0.10957519957250682
3	67	0.5762281864689619
3	68	4.094113165888002
3	69	0.39860470476593024
4	4	NaN
4	5	2.314637120913533
4	6	3.2175259229700197
4	7	0.1242839951832862
4	8	-2.4538288572733804
4	9	-1.6542234380712988
4	10	-1.0842389290876324
4	11	-1.2633785064380563
4	12	-1.8760525421937106
4	13	0.3213226618931365
4	14	-2.930852163879934
4	15	-0.8346165803437379
4	16	1.0037639308832313
4	17	1.1776251913535238
4	18	1.1699506739904546
4	19	1.1400014869410384
4	20	1.1599692673096587
4	21	-0.5733931259955782
4	22	-2.156409560020437
4	23	2.4175537065018995
4	24	-0.05188912131006889
4	25	-0.8812365302912051
4	26	-1.9484866295383814
4	27	-2.934292592225236
4	28	-0.23880495858497075
4	29	1.7149640389886605
4	30	-0.09272981248163453
4	31	-1.1239228221236328
4	32	4.139073641810508
4	33	2.077803959124992
4	34	0.17861343429699242
4	35	-1.1727094260595479
4	36	-0.20015272623130237
4	37	-1.7526988465923845
4	38	0.7984658536654979
4	39	-0.24166294615764303
4	40	0.9656516538935473
4	41	1.806410498905198
4	42	4.01988749537244
4	43	2.591449696267449
4	44	-1.8024107642693192
4	45	-1.2180140485137443
4	46	-0.7181892225346068
4	47	-2.815382817758379
4	48	0.08888311500019822
4	49	0.3967719314734202
4	50	1.8422311087504397
4	51	6.032905315295253
4	52	-1.1651831440760496
4	53	-1.5179713083020452
4	54	-1.8688260089786954
4	55	-0.2978699546921298
4	56	-0.4420342947813926
4	57	-1.1112415212824334
4	58	-3.260067518604575
4	59	8.02009425575918
4	60	0.6740732467567364
4	61	-1.622893757764382
4	62	-2.961795509999526
4	63	-1.8438458873383685
4	64	-1.780189104373728
4	65	-2.2348136225964796
4	66	-2.7048065953790563
4	67	0.7830329486605896
4	68	-0.22620273706353572
4	69	0.15785778714686252
5	5	NaN
5	6	-0.7116681964973179
5	7	0.46235700595247087
5	8	-2.0474701865749365
5	9	-1.236294801921465
5	10	-1.739856616522829
5	11	3.159975207409694
5	12	0.5146347390135466
5	13	-0.8947622741215526
5	14	0.257171086553331
5	15	-0.07004742870597418
5	16	-1.82343346273806
5	17	-1.3369836265130892
5	18	-2.019371590749498
5	19	-2.7472012546748563
5	20	-0.5890020887330023
5	21	-0.06834317092647918
5	22	3.8176251326508326
5	23	-0.06224516839438546
5	24	-1.502579336061553
5	25	-0.7033710066667944
5	26	-2.04141632265357
5	27	-2.0654541616804853
5	28	-1.5087849058522722
5	29	-0.8997724322604713
5	30	0.13661363815881183
5	31	0.7088930228919014
5	32	0.4471071001399461
5	33	2.0284433863714666
5	34	40.15513222368147
5	35	-0.1387339916572655
5	36	-0.8726960087991846
5	37	3.2541863709340446
5	38	-2.4861445951587555
5	39	-3.423380549272005
5	40	2.6372990556193767
5	41	0.09959497447512225
5	42	1.4369424797429418
5	43	1.9461851567712969
5	44	1.9034957350639214
5	45	-2.474417671877619
5	46	1.029788491405382
5	47	4.087610733706318
5	48	-0.30497526641745293
5	49	-2.4904263793961214
5	50	-1.0144198194822591
5	51	-1.82264339061344
5	52	-2.636217372013843
5	53	-2.391278577593095
5	54	-1.9569571477663383
5	55	-3.054795634554325
5	56	-3.1864062294020523
5	57	-1.5642516275316585
5	58	-4.179831860003716
5	59	-1.3869524597992595
5	60	-0.7350809457369148
5	61	-3.411502350261342
5	62	-1.5004796529799025
5	63	-0.3850320678503459
5	64	1.3557432208916171
5	65	-2.3858633481076192
5	66	0.5958268443267621
5	67	-1.6369068500341515
5	68	-0.46194706408398706
5	69	1.4412607082189852
6	6	NaN
6	7	-0.3771490023715722
6	8	0.6732386998159443
6	9	3.554494187579283
6	10	2.03437404287505
6	11	-1.0808614477448042
6	12	-1.6628739163329092
6	13	-1.0234088478443324
6	14	1.2905441637834294
6	15	-1.1584911367749784
6	16	-1.976304168785427
6	17	2.2472317427228012
6	18	-0.4691367148683659
6	19	-0.5701950680558467
6	20	0.3336045720251341
6	21	-1.6138492239871516
6	22	-3.245808287528778
6	23	-1.366446130996551
6	24	0.4840217332857566
6	25	0.5644481268585224
6	26	-1.0905476480083234
6	27	2.754206232469926
6	28	-0.19156128457816335
6	29	-3.064222814833358
6	30	-2.4187467270988465
6	31	0.557712638578312
6	32	0.8751912181577653
6	33	5.072606438522046
6	34	-2.5288832797749965
6	35	2.3963509634625093
6	36	-0.7897698779003526
6	37	-0.07065021112169038
6	38	2.3207999205201832
6	39	-2.203935802514727
6	40	3.895361652121108
6	41	-2.026098492163676
6	42	-0.9517749092757154
6	43	-1.1605820564228142
6	44	-1.115464253889531
6	45	0.13093070327388037
6	46	-1.4946164564512106
6	47	-0.516357384228512
6	48	-3.38509187078186
6	49	2.09170456421397
6	50	-1.3272395723630892
6	51	-1.0193911119091004
6	52	1.4410455322111584
6	53	0.7901562612903129
6	54	1.6543472542297017
6	55	3.4283471282575877
6	56	2.699602173388545
6	57	2.157701027538775
6	58	-2.329266985678229
6	59	-1.9591951602340805
6	60	-1.597130833076405
6	61	-0.3108167616222051
6	62	-2.3068273135414787
6	63	-0.5245239176073262
6	64	1.4217696168804626
6	65	1.471832414724948
6	66	2.475851175264634
6	67	-2.3378397158956403
6	68	-0.32060605598497716
6	69	-1.1865668397489086
7	7	NaN
7	8	0.7455390154038966
7	9	-1.3398075791211492
7	10	-2.06395686938857
7	11	-0.25417401111254745
7	12	-1.3612252819449293
7	13	1.9101899150650952
7	14	-1.6976046191569492
7	15	3.567279061399344
7	16	-2.2698375936528072
7	17	-0.7257080435325408
7	18	1.6698319692474601
7	19	-1.5497714474750397
7	20	-0.7290508513453349
7	21	-0.18369850847183508
7	22	-1.1233723080992208
7	23	-0.16791937978753568
7	24	-1.5049371595565302
7	25	1.7670447395744486
7	26	1.0650479861490996
7	27	-1.9495494204557335
7	28	0.6001681392625968
7	29	-2.557640344378694
7	30	0.21400618356590428
7	31	-0.88932845037579
7	32	1.2627561332017514
7	33	-0.8823728459955239
7	34	-2.184717893161825
7	35	-1.0657198340748189
7	36	1.4687359903498725
7	37	1.93240074544125
7	38	2.0865514831794814
7	39	-1.043820544821216
7	40	-1.8946282490761217
7	41	0.8403702933330186
7	42	0.6690888465616115
7	43	2.657214893650956
7	44	0.6537073613823206
7	45	0.3919991510940806
7	46	2.812200000385806
7	47	-0.5304965187949459
7	48	0.38821200048766097
7	49	0.45064404829705834
7	50	-3.2190761961467844
7	51	-0.36113680654383645
7	52	-2.8464236316731846
7	53	-2.0347197308214855
7	54	1.8631615181570136
7	55	-2.5303354318117126
7	56	18.256224930357437
7	57	-3.9429368438012906
7	58	-1.8607380232696158
7	59	-3.405171294196246
7	60	1.1519566474146596
7	61	1.8461841811055169
7	62	2.501361745203279
7	63	-0.7870969239257402
7	64	-0.3547961490855635
7	65	0.6972572510741429
7	66	-0.24384040932555576
7	67	0.9112195160171862
7	68	0.06784611695207322
7	69	-1.8745052664358335
8	8	NaN
8	9	1.4146060916164978
8	10	2.221814125147208
8	11	-2.808798683587239
8	12	1.1619171547495535
8	13	-2.281797837106445
8	14	-2.6787253599268754
8	15	0.45365121833033695
8	16	-1.160353253647899
8	17	-1.9581835261458174
8	18	-1.799716950244913
8	19	-0.9459409012331507
8	20	1.9385140663414815
8	21	2.3067031590840448
8	22	-0.4034507964391868
8	23	-2.351120511742816
8	24	1.9290435887209978
8	25	0.26172254183642535
8	26	-3.006276985269213
8	27	0.4619295915832832
8	28	-2.9093355952998206
8	29	0.3905936079899142
8	30	0.3123529547647405
8	31	0.05552985671291268
8	32	0.01731319078595057
8	33	0.8714326828409308
8	34	1.3228572141519819
8	35	2.5304948452116065
8	36	3.2824036604438493
8	37	8.947262620147376
8	38	0.6344275735636133
8	39	-1.8245146419815659
8	40	-2.933302566648214
8	41	2.1998885878057495
8	42	-1.4622361703288462
8	43	-3.5841260191024324
8	44	-2.8536177618847116
8	45	-3.698564628826756
8	46	-1.0993184093003274
8	47	0.5070474227368856
8	48	-1.3520825308129287
8	49	-0.8422800621060716
8	50	-1.9349647160978078
8	51	-0.8382582569812891
8	52	0.2770089197328217
8	53	23.194227501454478
8	54	-1.431735567722522
8	55	-1.321659845000849
8	56	3.0506675970389
8	57	2.065681986588958
8	58	-2.4553698878568886
8	59	0.36891010004329844
8	60	-2.821816823645507
8	61	0.28710482394873843
8	62	1.8724937332979206
8	63	-0.5957550982613745
8	64	-0.7780412573785963
8	65	0.5691148602348254
8	66	-1.748915743753445
8	67	-0.7851378877950613
8	68	-4.445695983356352
8	69	-0.8363811329973683
9	9	NaN
9	10	1.8644817200885988
9	11	-0.8507706219146349
9	12	-1.2941870267912807
9	13	-2.2384884098523066
9	14	-1.1559351294948332
9	15	-0.8153121640699994
9	16	-0.5186951440214356
9	17	-0.09966661811124765
9	18	-1.6204435294759436
9	19	-0.9251805310696992
9	20	2.8660332022871216
9	21	-1.7493372088218635
9	22	2.5022213169248246
9	23	-1.4433277292510505
9	24	1.7158384505459618
9	25	-0.8312664826611069
9	26	-1.6818045576698408
9	27	2.952574234821318
9	28	-3.0730905801426203
9	29	0.4262686508738552
9	30	2.148323717846862
9	31	-4.202641197413779
9	32	-3.67648272712395
9	33	2.6221497658310664
9	34	0.4816046526245283
9	35	1.8598543613565088
9	36	0.10610488188329864
9	37	-1.565165215657746
9	38	3.1138805573795287
9	39	-4.139657475515578
9	40	1.2587492668763294
9	41	-2.4623506083132116
9	42	0.921268790486734
9	43	-2.5056700620609127
9	44	0.8113194274550177
9	45	-0.7329171659064116
9	46	-2.1369860045440348
9	47	0.9736153015321471
9	48	1.03696646765966
9	49	1.809707414566177
9	50	-2.4683734196065528
9	51	-5.248170820905055
9	52	4.658512097187774
9	53	1.9912664539793365
9	54	0.8346340619355799
9	55	4.329348514701124
9	56	0.7182533599860949
9	57	2.867414781425312
9	58	-4.444293298639008
9	59	3.6897214308794846
9	60	-1.5147374620210434
9	61	-0.5739888912021419
9	62	-2.3283684378210427
9	63	-0.7039713550867468
9	64	0.2627984078380775
9	65	1.3532845721987095
9	66	3.127540138041417
9	67	-0.8909789960147004
9	68	0.8450265477618509
9	69	-4.447537522125549
10	10	NaN
10	11	-2.1480415455246393
10	12	-4.753056573096897
10	13	-3.909140190195918
10	14	-1.0913602368390076
10	15	-3.301401912281783
10	16	-0.30840127123041194
10	17	37.9038148604735
10	18	-2.830165844508542
10	19	0.026204098454383012
10	20	0.7526333190492008
10	21	-2.565742361577037
10	22	-0.8265898974166538
10	23	-2.6464504282251933
10	24	1.46792374531391
10	25	-3.2698633119229363
10	26	0.6415338058198969
10	27	1.3718062312475883
10	28	-2.824509762389751
10	29	-0.8915515655922864
10	30	1.174763691139482
10	31	-0.0795654329152923
10	32	0.8739438028680139
10	33	2.678353148807064
10	34	-1.3862648982968941
10	35	2.5762855668063804
10	36	-2.1911120376100337
10	37	0.29309164410314353
10	38	1.3669146552461637
10	39	0.8591636206132558
10	40	0.6408228714588095
10	41	-2.782909846397307
10	42	-3.020044694972475
10	43	-0.8963467208615581
10	44	3.0082501950617475
10	45	-2.639979579540911
10	46	-3.7297808330282476
10	47	-5.097447543145989
10	48	-1.768662952704628
10	49	4.178249232608755
10	50	-2.757714691345738
10	51	-3.092237648521076
10	52	2.3327076321151177
10	53	1.5330309180063852
10	54	0.46997543689467125
10	55	2.42070183444522
10	56	1.1376248458562543
10	57	-0.8534381722507624
10	58	-5.319887644018166
10	59	1.4876281946109204
10	60	-2.455090814981055
10	61	-2.0833864680314
10	62	-3.916210860862251
10	63	2.3381932978832785
10	64	-0.2932375073361349
10	65	1.5296684036624184
10	66	2.1214526805209393
10	67	-1.0934386548032893
10	68	0.3877807752167234
10	69	-0.6268145151699167
11	11	NaN
11	12	3.9886024261284394
11	13	1.9027069446600786
11	14	1.679047289212146
11	15	-1.3222459394579906
11	16	-1.197362231341642
11	17	-2.097890253642873
11	18	-1.6298550222926909
11	19	3.7849615002189365
11	20	-1.2289461467450769
11	21	-0.009043898868128352
11	22	1.2130361506968719
11	23	1.214243230969773
11	24	-1.2469118604110574
11	25	-2.1753484386171644
11	26	-0.8856557460990114
11	27	-0.6089142436433445
11	28	0.0018725502038149445
11	29	2.0088403875782763
11	30	-3.8325078460646504
11	31	-2.035040904865532
11	32	-0.7397336265600177
11	33	-0.018084343203450842
11	34	-0.22708691233503023
11	35	-1.3825753965710084
11	36	0.7567141242793799
11	37	-1.7342002721333873
11	38	-2.0519459648624094
11	39	1.3042376898180121
11	40	6.376542511840519
11	41	1.7286354032848976
11	42	-0.5612599278846955
11	43	2.0782029180785964
11	44	1.5711032679970252
11	45	1.6160504274688712
11	46	-0.8491715492631771
11	47	1.1982674642953965
11	48	1.9488453306088376
11	49	-0.611290678690718
11	50	3.0572406445808658
11	51	1.5739588417401582
11	52	1.9897782979927583
11	53	-1.5556166289922035
11	54	-1.1147028477961802
11	55	-1.624251790508914
11	56	-4.241482282811473
11	57	2.118801674266061
11	58	0.27123247258202404
11	59	-0.21075104929987262
11	60	2.8926854660141355
11	61	1.3877997420260144
11	62	-1.2675528900751218
11	63	-1.0236913898136384
11	64	-0.24368236260983644
11	65	-0.4716914967182419
11	66	-4.946042593190806
11	67	-0.01748381279299046
11	68	1.1983113484278982
11	69	1.4056188359273873
12	12	NaN
12	13	3.0247236170748253
12	14	0.5352933053253764
12	15	-0.5014928248122213
12	16	-2.0301886135566503
12	17	-3.1161291387666488
12	18	2.3153729859649794
12	19	4.061854656504308
12	20	0.3809265711449547
12	21	0.6695743314895787
12	22	-2.0786661396454433
12	23	-4.682723885299401
12	24	-0.7075691114804369
12	25	2.6848595829490365
12	26	-0.4750992984057846
12	27	-1.5888993780001621
12	28	4.5346707360734495
12	29	-1.2444385860261942
12	30	0.360138138327262
12	31	-0.6563838863796305
12	32	-0.6649040661164224
12	33	-1.467669951214456
12	34	3.4741168548315815
12	35	-0.863852409439846
12	36	2.0697244681076623
12	37	-3.218348071358285
12	38	-1.369164960329959
12	39	28.870420042205037
12	40	-0.5897568327542848
12	41	1.533868958464393
12	42	5.110426564380782
12	43	-1.7155896450212298
12	44	-2.0689162688085454
12	45	-0.26224547033523254
12	46	2.9163808655469707
12	47	5.135309935895754
12	48	1.2727205338887762
12	49	1.6996664709163845
12	50	1.153891204596318
12	51	3.7006898926974325
12	52	-3.260433059131599
12	53	-4.047719698541921
12	54	-2.722876142009901
12	55	-2.2571843162507217
12	56	-4.030645969650204
12	57	-1.7957360304893946
12	58	0.0746963627620827
12	59	-0.9035159827788308
12	60	-1.0838250537458702
12	61	5.981074817708804
12	62	1.1928176411670999
12	63	-0.006070273723513024
12	64	-1.7735988458855128
12	65	-2.950145318497046
12	66	-2.7221385942744742
12	67	-1.3486390257018965
12	68	-0.44460379622108104
12	69	-5.066650077280533
13	13	NaN
13	14	1.7918932789897895
13	15	4.065907014542352
13	16	-1.3465924090524595
13	17	4.2319173410187725
13	18	2.7352757583796445
13	19	-2.52036104898613
13	20	-1.1385138544228228
13	21	2.351718113629607
13	22	1.2331299049686455
13	23	0.10852616565015362
13	24	-1.6367595054231712
13	25	2.033310940467282
13	26	0.3727213431551664
13	27	-1.2683305019868754
13	28	-0.573976315981223
13	29	-0.24823027697995992
13	30	1.198254104494658
13	31	1.07958870153994
13	32	-3.1987699912675867
13	33	-2.2670133719157826
13	34	-0.8483553628515887
13	35	0.9717316691981547
13	36	0.6339975213655314
13	37	-1.476799280314473
13	38	-3.218625970469102
13	39	0.9571853472502511
13	40	-2.102658860566797
13	41	-2.3152010571227293
13	42	1.516117860458972
13	43	-0.8978260955625645
13	44	-1.2603672507488548
13	45	-0.7912173038965082
13	46	2.0576508451603712
13	47	-1.813378942536302
13	48	4.5519043426124695
13	49	0.5888369088733306
13	50	0.6378698934427567
13	51	-0.16666153472188847
13	52	4.15269320337524
13	53	-1.91307228759829
13	54	-0.11177157082272969
13	55	-3.2185850427281903
13	56	-0.0993952249621043
13	57	-1.4543218138814884
13	58	3.2262810942080944
13	59	-1.5135025401071376
13	60	-1.0764056481204265
13	61	-0.1522097644628849
13	62	1.926392351429782
13	63	-1.3376818105472503
13	64	-0.6545741165026789
13	65	0.9067824188270466
13	66	0.46338551991752036
13	67	0.16983982915833237
13	68	3.021492054947421
13	69	-1.5847843745312955
14	14	NaN
14	15	-0.39980885607368527
14	16	-2.0432931675036388
14	17	0.3760173942224888
14	18	0.10474825344591487
14	19	-0.6525651395754053
14	20	-0.7073485119611681
14	21	-0.7125436099520902
14	22	1.4920027093970503
14	23	0.869343947246787
14	24	-2.1543305978374625
14	25	1.1343276933835766
14	26	0.0923140633825824
14	27	-1.3792629889177461
14	28	2.5990575569826913
14	29	2.7408385964658146
14	30	1.2078109571874882
14	31	1.9285857620008324
14	32	-1.1101585170208188
14	33	-0.3307785456555384
14	34	0.30441640076976517
14	35	-1.2050331889230388
14	36	0.43896408574930834
14	37	0.05446990463644555
14	38	0.7897226920848689
14	39	-0.29836946667772696
14	40	0.3658830327848102
14	41	-1.5531153526436017
14	42	2.012655511383375
14	43	-2.5874830096815495
14	44	3.5227919723687497
14	45	-0.4242827803045571
14	46	1.4717507895663622
14	47	3.3896730599987634
14	48	2.3340495660655014
14	49	0.08630417102501219
14	50	-2.809025227106047
14	51	-3.056497750258142
14	52	2.9476721801653514
14	53	8.627114091551247
14	54	-1.1092450467199155
14	55	-1.1590552322268761
14	56	-0.32753333310909455
14	57	-0.5332919034211423
14	58	-2.013961949532919
14	59	-0.6229003990303419
14	60	-1.5782121969028
14	61	1.0241167240585698
14	62	-3.963316448616438
14	63	-0.9156303179946734
14	64	-0.8711441280541842
14	65	0.31129315769119176
14	66	-1.716831751534002
14	67	0.36750495414648904
14	68	2.385877518961686
14	69	-3.6687028812783335
15	15	NaN
15	16	0.8873811461323349
15	17	0.8833489828627122
15	18	0.9682939311655573
15	19	2.2032523000495594
15	20	-3.0553681533021853
15	21	-0.8847867281445546
15	22	1.2360549342969243
15	23	1.3918207062385504
15	24	-1.2850535548894442
15	25	-3.5531331420263164
15	26	3.906675346792958
15	27	0.5072841540432786
15	28	-0.6528352382598878
15	29	0.7674751060340639
15	30	-1.759732316156732
15	31	-0.4288384893361603
15	32	-1.7927248880478677
15	33	-0.21609937063386844
15	34	-4.4849319797587315
15	35	0.01847291220893626
15	36	4.235198608034066
15	37	-0.18726313154846003
15	38	-2.3978027673409903
15	39	-0.4603011808158825
15	40	-0.7854663489287308
15	41	1.7311426417257707
15	42	-1.0551496030194962
15	43	-1.5066918188347749
15	44	-1.9116986576297805
15	45	-1.0439105392964676
15	46	0.6803634071699213
15	47	2.1915720801689385
15	48	0.8568278049955957
15	49	-2.696776846379025
15	50	0.3720267324744925
15	51	-0.08505072901352842
15	52	-0.8959189391319551
15	53	-3.780282712170988
15	54	1.6090122955830053
15	55	1.2389571486208775
15	56	-2.1873580152589382
15	57	0.29687937973169665
15	58	0.5286027952434437
15	59	2.188936999113861
15	60	0.9120911044853067
15	61	1.4145598582637866
15	62	-4.586833093782705
15	63	0.9164830998492846
15	64	3.0986096754291497
15	65	-2.1591862772417922
15	66	1.7811806817988605
15	67	0.7315377280242483
15	68	2.4063926222522776
15	69	0.40873603287449845
16	16	NaN
16	17	-1.834700058994894
16	18	1.9154284906742067
16	19	1.8073767876883087
16	20	-3.338039050319645
16	21	1.90281975058082
16	22	0.6651309562042281
16	23	-0.5334913269356675
16	24	-1.007111739790026
16	25	2.435323038121078
16	26	0.7798572366294493
16	27	-0.9368658524089191
16	28	5.0854740780883825
16	29	-0.3328585640352561
16	30	-3.1932766434731947
16	31	1.9366516827447275
16	32	-2.727389965205116
16	33	-1.38123425237114
16	34	1.3466686596847488
16	35	-1.2075583706348847
16	36	-0.8311131579548718
16	37	2.205069827028658
16	38	-0.9596116416276206
16	39	1.7332826446410463
16	40	-0.5069425101272803
16	41	0.5145457218563038
16	42	2.1717214190250376
16	43	2.5430842925025785
16	44	-2.2972399348097334
16	45	1.8958859855748664
16	46	0.2760111992915147
16	47	0.715750142793901
16	48	5.638612070954574
16	49	-4.048031104279701
16	50	0.9978465778516683
16	51	1.0114375765139159
16	52	-1.0838851288035765
16	53	3.420015616447901
16	54	-2.03271005159475
16	55	-1.5602941247103548
16	56	-5.123834772712459
16	57	-1.055079305777396
16	58	-0.5232166368034662
16	59	-0.9043439568823931
16	60	0.1768319329915832
16	61	1.2975402178319062
16	62	-6.138303118323917
16	63	0.8317623189293594
16	64	1.1386296711774015
16	65	0.3215826821374672
16	66	-2.9068279694633983
16	67	-2.081710132148331
16	68	2.2211983801446458
16	69	23.0100969809625
17	17	NaN
17	18	-0.3852593108505156
17	19	-1.8286901708378922
17	20	2.375090826943638
17	21	1.4388794679549837
17	22	-1.5488167933574684
17	23	-1.9762879862667655
17	24	0.7114434149997906
17	25	-0.8021499571885936
17	26	0.027031550350405033
17	27	1.7243150573587236
17	28	-1.88283998893644
17	29	0.5907194355064116
17	30	-1.1006220375084261
17	31	-1.563004033321089
17	32	-1.239778946716112
17	33	1.0782108582710481
17	34	-1.2350220801725642
17	35	3.4852413390706753
17	36	-1.870151301089881
17	37	-3.2021286371509357
17	38	0.9944196920460228
17	39	-1.395366256130175
17	40	-0.035141583072632675
17	41	-1.174010530720817
17	42	-0.4008975637633979
17	43	-1.853269348512887
17	44	-0.19577307740919853
17	45	-1.3755582982996895
17	46	-3.398686223495922
17	47	-3.1146113133639943
17	48	-3.1761247631790694
17	49	1.815618883976338
17	50	-2.0926174549965264
17	51	-1.0307094338536995
17	52	5.54386210294882
17	53	6.253074286591441
17	54	-3.2903748492540936
17	55	0.0679296264924412
17	56	2.725524284048
17	57	-1.3717676601392836
17	58	-3.3807756225900505
17	59	2.4979169862159756
17	60	-2.07956019852289
17	61	-4.745910247253493
17	62	-4.774300076246365
17	63	-0.5288060134680188
17	64	-2.9613740828874793
17	65	-0.9397877130467702
17	66	-0.8495247193546946
17	67	0.8671366355623119
17	68	-1.938117776356463
17	69	-1.5128372450659529
18	18	NaN
18	19	3.6335296810657605
18	20	0.3379047061561151
18	21	-4.703615091905915
18	22	1.2153858298933944
18	23	5.116389408673572
18	24	-3.000347183398629
18	25	0.599001010485143
18	26	1.4956084411311381
18	27	-0.06123081763679846
18	28	1.8451955019726476
18	29	-1.063105483041893
18	30	-0.11076713874777624
18	31	0.4164774078271175
18	32	2.281209332300653
18	33	0.9142141848189845
18	34	0.23456090398804155
18	35	-1.680727341908307
18	36	-3.1161804238087907
18	37	0.6761736573760531
18	38	-0.39746999250967135
18	39	-2.167021363749465
18	40	-1.4257524161986106
18	41	-2.7274457963980026
18	42	1.253510790402543
18	43	0.6115576215583468
18	44	-1.1588339458052106
18	45	-0.21516729257469352
18	46	0.4014165959125411
18	47	1.1819099476125159
18	48	-0.42713382518447307
18	49	-1.9427864806361654
18	50	2.2190073386350324
18	51	2.690931816066731
18	52	0.2861571566226428
18	53	-1.8098409210855224
18	54	-1.0134720684981842
18	55	0.3895269108336198
18	56	-2.0207885704024044
18	57	0.2550350052158015
18	58	0.7744711716867325
18	59	-0.4360221388254426
18	60	-0.4625310359672325
18	61	1.8194684366632237
18	62	1.229126234197728
18	63	-2.083931216126878
18	64	0.19315138315175953
18	65	-1.0823279159294847
18	66	-0.20877062752989609
18	67	2.821691589735755
18	68	-0.23768596356995628
18	69	-0.03891172310487236
19	19	NaN
19	20	0.04777072108035101
19	21	5.041897135350825
19	22	-1.5561568498795262
19	23	-0.6531354725443215
19	24	0.14352041688893763
19	25	-1.3481031037468714
19	26	-1.4984209533004287
19	27	-0.3494722710190534
19	28	-0.8125042472689482
19	29	0.2622429868626594
19	30	0.7905081466435167
19	31	1.755039843495837
19	32	2.0133212460019454
19	33	-1.888561267965622
19	34	-1.0869302817470323
19	35	-1.9204317436228522
19	36	-0.18898909731513397
19	37	1.5240930972811586
19	38	-0.4606125493461906
19	39	1.5707469716725915
19	40	0.09695560122924116
19	41	-1.62678964204727
19	42	-0.27848080980345624
19	43	-0.08642413717632579
19	44	-0.6985712920156724
19	45	1.0061423036748367
19	46	2.623117186570595
19	47	0.8419440497421629
19	48	2.8106285122278987
19	49	-2.1274540141020153
19	50	4.485537120025733
19	51	-1.9228796578253766
19	52	0.12952242666884453
19	53	-3.641277684128445
19	54	-1.518945268130004
19	55	1.5850432443101337
19	56	-2.2805430984714556
19	57	-4.972474839157666
19	58	1.3629809666646486
19	59	-1.8100543950381225
19	60	-1.6026728921361983
19	61	3.3428360103601666
19	62	-1.6960180026939067
19	63	-0.2725239434433224
19	64	3.372545308084336
19	65	0.7357863118310588
19	66	0.994966583430369
19	67	-0.43827885630973146
19	68	0.04427398288271386
19	69	0.28319805179183627
20	20	NaN
20	21	-1.4087760125996893
20	22	-1.7164377812217975
20	23	-1.549389903785122
20	24	2.5795925593597464
20	25	-4.317942567814379
20	26	1.7341258065062939
20	27	1.6793829947736991
20	28	-1.8828868724627865
20	29	-1.9586827529491744
20	30	-2.1489085695984804
20	31	0.5864822898799503
20	32	-2.1484884676225726
20	33	3.801442063987776
20	34	-2.0616276074845765
20	35	2.6367230468923544
20	36	-1.1470483605852715
20	37	-0.6740957880248812
20	38	0.7529572063916393
20	39	-1.581602942747125
20	40	2.101513794707052
20	41	-1.1650349950058225
20	42	-2.9961828191331565
20	43	2.2218326531630175
20	44	0.0051524453306130615
20	45	1.140535837668174
20	46	0.03069413870617207
20	47	-2.252279886772918
20	48	-2.549486284726462
20	49	1.9458897206339187
20	50	-0.6001285056403266
20	51	0.8402684566740564
20	52	2.86348568750684
20	53	2.674369814956977
20	54	-0.37196286403119905
20	55	3.909708794970603
20	56	2.9766595397359397
20	57	1.8152752890507786
20	58	-1.9263023241475778
20	59	0.059246280830547345
20	60	0.5563469912177225
20	61	-2.8933092481174985
20	62	0.3742234935411672
20	63	2.2326654760065425
20	64	-0.631366578152017
20	65	1.1759380952917955
20	66	0.7694090102635642
20	67	-1.1272626430904487
20	68	-0.6379994844481602
20	69	-3.1575004412101273
21	21	NaN
21	22	1.6233951423345192
21	23	-0.9324580017341324
21	24	0.305829131128175
21	25	-1.482634257488194
21	26	1.798401856970715
21	27	-1.0477393623437687
21	28	-0.8025340883806731
21	29	1.957486104126129
21	30	-0.7658778369039174
21	31	2.854955602333371
21	32	2.6699060205797664
21	33	-0.6447179034454266
21	34	-0.3817637355315042
21	35	-2.0165660214167533
21	36	-3.54706231702518
21	37	-0.7017361795904097
21	38	-0.2622552322175762
21	39	4.124964445215492
21	40	-1.7881465651999986
21	41	-0.009523605418792443
21	42	-0.5760955946931391
21	43	-0.8290670435016559
21	44	0.7145303453608485
21	45	-0.7758581949432225
21	46	2.756457222256867
21	47	-1.186657611359221
21	48	0.8180320105864661
21	49	-3.1382563612007606
21	50	2.0653540447675445
21	51	-0.4353122381925691
21	52	-0.35449728201631137
21	53	-0.16604699515334656
21	54	-0.32043444575357943
21	55	0.45899778058886015
21	56	0.41671779138539095
21	57	0.0808004813103506
21	58	-1.4755139050215162
21	59	-0.17586082430788091
21	60	0.5524171628742609
21	61	-2.5462194505268507
21	62	0.02850083696535379
21	63	-0.9984623958104841
21	64	4.045008275864971
21	65	-1.1041377191250943
21	66	-1.2255746923796091
21	67	-0.3509062631749134
21	68	2.385033036200608
21	69	1.3505455124306625
22	22	NaN
22	23	1.2158651572307817
22	24	-1.3638600864934982
22	25	2.7088328989706127
22	26	0.5287537385841278
22	27	0.09385952926573096
22	28	-0.15761649868674257
22	29	-0.9340510397243704
22	30	3.8289686964774385
22	31	1.2561122936211455
22	32	-0.467418241003275
22	33	-0.48067280726110523
22	34	-1.4708124664803306
22	35	1.5298637692636687
22	36	4.6646885560478655
22	37	2.1336282056110614
22	38	-1.7585543680583473
22	39	-3.221212585985456
22	40	1.1109764535002515
22	41	-1.5136198914365229
22	42	-0.5767766775920421
22	43	1.6356048328661457
22	44	0.17400752357095184
22	45	3.36533654859416
22	46	-0.44644576483125026
22	47	-0.5980817356967887
22	48	3.978996881930759
22	49	-2.3449450762523365
22	50	3.499521437507143
22	51	-1.5586504285293403
22	52	0.2340409902540244
22	53	-3.3929623636215305
22	54	-2.0275874481793883
22	55	-2.7757315751217413
22	56	-2.878365872126273
22	57	-1.9500842795160434
22	58	0.14420308197584714
22	59	-1.4316303520060785
22	60	4.003234652352309
22	61	-2.5487293279598693
22	62	0.5564240146885302
22	63	-0.9182008800645057
22	64	-0.8558301366496688
22	65	2.327667199840505
22	66	-0.8231788721000135
22	67	1.5943006292058335
22	68	0.028544239340051535
22	69	-0.7193192090282493
23	23	NaN
23	24	-0.5163252467644917
23	25	3.6124242690998276
23	26	2.1109524790519316
23	27	8.813871335826073
23	28	2.365922056454314
23	29	-2.4634658662020854
23	30	0.189663150185383
23	31	-1.1082277251917405
23	32	-0.27300303321519026
23	33	0.3588275408436606
23	34	0.8712659092716192
23	35	-1.380237245489795
23	36	2.1135996645057364
23	37	-0.9780062061310806
23	38	-2.239274399849425
23	39	-2.088060383795947
23	40	-0.650764345874527
23	41	-1.4253743261125427
23	42	1.8402840192012362
23	43	2.4701712177569495
23	44	-1.3644157306906652
23	45	-3.616615361275274
23	46	2.1793227861971447
23	47	0.7023793563129076
23	48	1.8918954102774685
23	49	-2.4245118448662146
23	50	4.287030703204115
23	51	1.3503046162527255
23	52	-0.8367024215201339
23	53	-0.1658713249579359
23	54	1.4563652990293585
23	55	-3.640107189203904
23	56	0.3088639874211122
23	57	-2.939462681472284
23	58	-1.7668828988521181
23	59	-2.5655793416743364
23	60	-2.0660553413215146
23	61	0.4959114328961752
23	62	-1.6792384767879749
23	63	-0.285212850063875
23	64	-1.6961854354973134
23	65	0.850851866473357
23	66	0.05882620538028969
23	67	1.8434555701728697
23	68	-3.723903924245661
23	69	4.050591039541556
24	24	NaN
24	25	-0.46421950581677457
24	26	2.6278260940615814
24	27	0.49748142810752544
24	28	1.408294883494314
24	29	-0.25112723795655295
24	30	-2.0906184666894188
24	31	-0.40181823982969816
24	32	1.80615905952175
24	33	1.1899227488479884
24	34	-0.836638305166488
24	35	0.6464098092230911
24	36	-2.0269130597637672
24	37	-2.1527493255919246
24	38	2.5330038075640755
24	39	1.3952854919179145
24	40	0.9007081777196752
24	41	1.334017450730827
24	42	0.6176857022655121
24	43	-0.08722371583988253
24	44	2.6518446686671067
24	45	-1.7423146914251215
24	46	-2.57135850491023
24	47	-2.350782209186692
24	48	-0.6422915329679015
24	49	1.4508919429910945
24	50	-2.7774850402045224
24	51	-1.4353749620347773
24	52	1.252935405232892
24	53	-0.5152018887049868
24	54	1.4994575785756328
24	55	0.35726006592507203
24	56	0.962014469593911
24	57	1.2525620062725435
24	58	-0.998374311561445
24	59	-0.2472867720543083
24	60	-1.1210060591323014
24	61	0.29638749056824193
24	62	0.9752498186953228
24	63	0.16057074872484603
24	64	-1.1237785990241493
24	65	-0.506207668770158
24	66	1.5244010950255367
24	67	-2.3555856599114016
24	68	0.4233438062070387
24	69	1.1402521258723102
25	25	NaN
25	26	3.676752716861009
25	27	1.198017171257576
25	28	1.1491798910767443
25	29	-2.5053432965846176
25	30	2.7346363051578555
25	31	0.715483929778098
25	32	3.1619948732072047
25	33	-2.2273978932308514
25	34	3.0608150153048364
25	35	-0.24093827364686454
25	36	-0.17947633733480917
25	37	13.475077186723844
25	38	-2.875793931222123
25	39	3.364880748655075
25	40	-1.4230141950545891
25	41	-0.7296279826145496
25	42	-2.2292935320945424
25	43	-2.5270270044987853
25	44	-0.9926607519034721
25	45	1.4431169039593046
25	46	-0.8108112518771438
25	47	1.2259731439917192
25	48	1.5302790438619043
25	49	-1.306034123428887
25	50	4.207923832228722
25	51	1.6500548046215588
25	52	-4.447271142020084
25	53	-2.1069179885872864
25	54	0.5028619945559681
25	55	-1.8397807513374225
25	56	-0.8041205564161925
25	57	0.8969030123144335
25	58	0.6106180121690246
25	59	-0.008566426987504963
25	60	-1.0146666604667824
25	61	0.07481932164342382
25	62	0.5116474397450423
25	63	-1.559216697520323
25	64	-3.077928680359345
25	65	-2.9601163855077397
25	66	-0.3043334069735382
25	67	-1.5168270157240369
25	68	2.300487913913678
25	69	0.4306395748899025
26	26	NaN
26	27	0.22983111362760564
26	28	1.8008001350715857
26	29	0.8703925184497315
26	30	3.101268462176632
26	31	0.23155983649076575
26	32	3.2238951867089214
26	33	-2.8818394073634277
26	34	-0.013646494939715677
26	35	-1.0543271653062316
26	36	-1.1050812637620724
26	37	-3.792855250660492
26	38	-4.000368183230864
26	39	-3.7215110550325057
26	40	-1.8284453323948364
26	41	0.6851300329180321
26	42	2.7484728903886064
26	43	-1.5089165053247808
26	44	-0.715659288662513
26	45	2.7055725899802376
26	46	0.21974344281194821
26	47	0.8860447978412531
26	48	0.7930936410187897
26	49	-2.5103592420985827
26	50	0.016850152844158188
26	51	0.07989238727608737
26	52	-1.5597885572178207
26	53	-0.49244478668138697
26	54	-1.4376278713750807
26	55	-1.1304300520094377
26	56	0.5041315241983267
26	57	0.9704440934356642
26	58	0.22497757039128977
26	59	-3.4748633254280024
26	60	6.453187940325808
26	61	-1.0919878425298002
26	62	0.7069672876868521
26	63	5.620834805856231
26	64	1.4865935277601758
26	65	0.3130912537401356
26	66	-0.8696488985849683
26	67	-4.176234042720681
26	68	1.3156308870828286
26	69	3.0029808471450226
27	27	NaN
27	28	-1.0863054850429765
27	29	-1.9278103421350399
27	30	-4.00126920544027
27	31	4.230215580026257
27	32	-1.7591581141820267
27	33	3.489268260600226
27	34	-1.787157287139499
27	35	3.2179810241984383
27	36	0.3523217406916331
27	37	-0.9798692795662064
27	38	2.225429653829965
27	39	-1.5978691986725164
27	40	1.834842625050642
27	41	-0.9642008876013839
27	42	1.9144692095975004
27	43	0.28000859839143066
27	44	-2.075282580071604
27	45	-0.7690055766783191
27	46	-1.8256474607973756
27	47	-2.0109084686045002
27	48	-0.10229324398347951
27	49	2.8120882520324146
27	50	-1.1633045045724448
27	51	0.4505251131095996
27	52	3.014913692368155
27	53	0.6414741773358399
27	54	-0.31832625671591985
27	55	1.7107780045630188
27	56	-0.2027497180747647
27	57	1.2032352746182562
27	58	-3.059665367274008
27	59	-1.759744959284025
27	60	-1.2333506180329648
27	61	-2.2396241404454678
27	62	-1.7912076605890284
27	63	-0.06776447902306428
27	64	-0.41296674012499707
27	65	1.6930171506744973
27	66	0.6128755602387922
27	67	-2.10239324335015
27	68	-4.023301757283384
27	69	0.36026231957501487
28	28	NaN
28	29	5.29949996337198
28	30	0.8260456322971705
28	31	-1.7060621199833779
28	32	0.6024120725111807
28	33	-3.2718593665842532
28	34	1.9171711450196427
28	35	-0.25386586946283934
28	36	-1.6620330495442097
28	37	0.5390605889855332
28	38	-2.5466474527858862
28	39	0.0987314582198088
28	40	-0.7246388014955482
28	41	2.76843868204176
28	42	1.6848086755883016
28	43	-0.9810298307989929
28	44	-0.005577246267932182
28	45	0.8468917737888341
28	46	0.8894317105612766
28	47	3.1601185992734964
28	48	-1.2419549063200293
28	49	-0.6853828903071192
28	50	3.8258253446423396
28	51	1.1097283397542805
28	52	-0.40124534163611336
28	53	-5.64259107442947
28	54	-2.392219422051179
28	55	1.0129889157187653
28	56	0.20493841688212655
28	57	-2.8227447629534814
28	58	3.138289682691025
28	59	-2.8926267898958224
28	60	3.190251552121363
28	61	-1.8549344429573889
28	62	-1.4608888563836628
28	63	-1.1006817224117083
28	64	0.3881509753873897
28	65	-3.4407307120033157
28	66	-1.0304293350772804
28	67	-2.4165726625801285
28	68	2.86134979813776
28	69	-0.1537292892968574
29	29	NaN
29	30	4.987737100744346
29	31	1.7139685290536413
29	32	0.1262783247935317
29	33	0.06486451650647444
29	34	1.9846329969472922
29	35	-1.0485887175637447
29	36	2.816872629704135
29	37	-1.753166848051236
29	38	-0.2203798934098248
29	39	0.7290241393596224
29	40	-1.7424302168050472
29	41	-0.9326945859814466
29	42	1.8009122439695309
29	43	-0.730760699150662
29	44	0.14443697594448887
29	45	2.688452609407787
29	46	-0.6642936897176821
29	47	1.3919616842572176
29	48	-1.7873180340056303
29	49	-0.3851888682657423
29	50	-0.43268255710924847
29	51	-1.6328253211926416
29	52	-3.987714372395163
29	53	0.961591259747681
29	54	-3.495446796810469
29	55	-0.934123239000762
29	56	-0.7181329969854826
29	57	2.25673093145126
29	58	1.9102771971605617
29	59	1.544108218926968
29	60	1.0656001768058938
29	61	0.4784225698803365
29	62	3.3522139200594285
29	63	-1.619764699951967
29	64	-1.0161847539947462
29	65	2.0608450848218514
29	66	0.004623031807531071
29	67	3.1990222716932575
29	68	1.5585560483484822
29	69	-1.1025687695360864
30	30	NaN
30	31	-0.6694684967046826
30	32	1.9031417151418866
30	33	0.9117280370719307
30	34	-2.5699230677758162
30	35	-0.685785641755896
30	36	-0.8990141430179716
30	37	2.1091554637066805
30	38	-1.0230604591423886
30	39	1.0941372814035841
30	40	-3.3682938192965044
30	41	0.845974081886727
30	42	0.6793387579731737
30	43	3.7016803826353817
30	44	-2.644206077637079
30	45	2.1805654609179372
30	46	3.520143047761976
30	47	3.7793054979544616
30	48	0.31793194580543316
30	49	-1.06239044339181
30	50	-3.0893890035258074
30	51	-5.497381932126473
30	52	-1.4965590241875393
30	53	-0.4970753422392088
30	54	-2.1678795598390184
30	55	-1.3430271025221387
30	56	-3.764833642800408
30	57	2.123513735149822
30	58	0.6448878949715439
30	59	1.6753950149004988
30	60	1.8911819286742195
30	61	0.9344350724417956
30	62	6.9457612214920195
30	63	-0.716252831458554
30	64	-0.059171736219713764
30	65	-3.047503286684491
30	66	0.42739229588996125
30	67	-0.011519942511405402
30	68	0.6659700391802632
30	69	0.18449825413728393
31	31	NaN
31	32	1.5244188793098123
31	33	-0.7300656844578086
31	34	0.8943874981197975
31	35	1.1438468903276309
31	36	-0.03528984715233781
31	37	-0.09727797927222921
31	38	-0.6628751102505518
31	39	-0.3107985541295838
31	40	-0.3233533634029608
31	41	-0.2302892058040773
31	42	-2.6242261846283848
31	43	-0.3695067481858472
31	44	0.4702754163455968
31	45	-0.6926398838064198
31	46	-0.4583696176934846
31	47	1.641153388897605
31	48	-0.07810941170212528
31	49	-1.5893795539888655
31	50	0.4375662855550413
31	51	1.2136556042386102
31	52	-0.6485861276654589
31	53	-2.8445459473567096
31	54	-0.6156912966945225
31	55	0.6013742086172968
31	56	0.2767376768637722
31	57	-1.7698601584768034
31	58	-0.5752929690190812
31	59	-1.4464849114909186
31	60	-0.8869431328203493
31	61	0.4226566224044091
31	62	0.42871210161157486
31	63	1.52290735320939
31	64	1.0678772635081903
31	65	-2.6945905233936647
31	66	-0.8278230850904078
31	67	1.6013650075603802
31	68	0.30252404863119164
31	69	-0.850971015958562
32	32	NaN
32	33	-1.2144078087001156
32	34	1.1787303843566066
32	35	-3.7506515931847737
32	36	2.112824312426425
32	37	2.6705397729712823
32	38	0.15016020377999295
32	39	1.4260663890833547
32	40	-1.0802000482104843
32	41	-1.048354850896964
32	42	3.2128988140824184
32	43	2.3504088202148874
32	44	0.9626109483088777
32	45	3.456914197861232
32	46	-1.1562741522201878
32	47	-3.0151098490264143
32	48	0.48052971427296987
32	49	-5.349551948289193
32	50	-1.949807286015273
32	51	-1.034579554900318
32	52	-2.529181932666382
32	53	-2.074603856119075
32	54	-3.380154665580634
32	55	-3.406594627119248
32	56	-1.667220696420229
32	57	1.522795054144302
32	58	1.3534133971709965
32	59	0.27283726952138754
32	60	2.711249648796851
32	61	2.1512627488394322
32	62	2.827856496797062
32	63	-0.2026347550244081
32	64	0.05698324299236848
32	65	-1.790918562952371
32	66	0.9482472806041007
32	67	2.5078726820813073
32	68	-0.7946016956944879
32	69	0.4998795373483275
33	33	NaN
33	34	-0.5420904185259061
33	35	1.3819192259023803
33	36	-0.2729083287757633
33	37	-2.352585799789227
33	38	-0.1855963154247734
33	39	0.8268617090536526
33	40	0.995483821103551
33	41	-1.4965217981776282
33	42	-3.917655872639784
33	43	-1.799174591006907
33	44	1.451817991000295
33	45	-0.1969753816129042
33	46	0.7363531769705145
33	47	0.46020399559248304
33	48	-0.5494093000105628
33	49	1.4984090232993237
33	50	-1.1419400085852973
33	51	-0.22619419853379646
33	52	3.372603387367139
33	53	1.161989257789569
33	54	-0.131823648372719
33	55	0.949947612426383
33	56	1.3404359740072322
33	57	1.3599758744436035
33	58	-0.5898745463575338
33	59	0.2983415718257987
33	60	-0.8185773067984459
33	61	-3.137569706531368
33	62	-1.659997446331654
33	63	-0.7871354298260693
33	64	-2.8085812416240343
33	65	0.4500198158094696
33	66	2.22735447334831
33	67	-1.0065223084269228
33	68	-1.8416309783380376
33	69	-0.24783847440242554
34	34	NaN
34	35	-3.68682711523854
34	36	2.8559617910349124
34	37	-1.7788890432865019
34	38	-2.0511021271095817
34	39	1.0662995647440332
34	40	-1.2189401036362768
34	41	1.64681600955539
34	42	2.323385260626131
34	43	2.729379777786162
34	44	2.059855876274823
34	45	2.2357154293724446
34	46	-1.594398752282763
34	47	0.8430930517361648
34	48	-0.9836301396401133
34	49	-0.9628398384394344
34	50	-2.6910052512359024
34	51	-1.5999999325818428
34	52	-1.9643652727947667
34	53	-1.417807783625956
34	54	-3.805744965300388
34	55	-3.2084809916076265
34	56	-1.0541953514480382
34	57	-1.5281559578385562
34	58	0.572443731010157
34	59	-1.2807206043642547
34	60	-1.8795934916642196
34	61	0.7337589380144978
34	62	0.777841232754745
34	63	-2.5013693237493047
34	64	-3.248758010156075
34	65	1.895045549601196
34	66	-2.426727091037531
34	67	0.5764677792830467
34	68	-1.4546320983895376
34	69	-0.38381938185900305
35	35	NaN
35	36	1.7903233368234044
35	37	-0.71045390102377
35	38	1.704131015332061
35	39	-5.141818033811286
35	40	0.897347260384013
35	41	-2.2286371139428556
35	42	-1.0842232974560502
35	43	-0.23251866257214826
35	44	-0.7240673061473333
35	45	1.5515938828504738
35	46	-5.684987081922743
35	47	-1.000357508622448
35	48	-3.9404411813829117
35	49	3.4346547341437446
35	50	2.1392584327352004
35	51	-0.13948406010104103
35	52	3.985020226932456
35	53	1.8729259008771428
35	54	2.7691571310416343
35	55	2.560896042530778
35	56	-0.16174989889955466
35	57	1.8616696538568658
35	58	-0.5859916196530209
35	59	1.6465700373838132
35	60	-1.6133781117197081
35	61	-1.8046267659378363
35	62	-3.3303227755220766
35	63	2.3229835465535364
35	64	-1.6541061087201678
35	65	2.4926928513888402
35	66	0.758159624904173
35	67	-1.6685019177973937
35	68	-2.7884327803311133
35	69	-5.325741650490552
36	36	NaN
36	37	-0.20539134167233314
36	38	-1.2883174386430938
36	39	-0.9486841854267236
36	40	-2.3484196268085826
36	41	-2.0335174598015957
36	42	1.1963721555212534
36	43	-0.2846884509824885
36	44	1.11448172733103
36	45	3.6400981299184294
36	46	0.7120650738573837
36	47	1.117380105724498
36	48	0.7351235413596985
36	49	-0.24900513845835612
36	50	2.8572560039755657
36	51	2.5309335307713874
36	52	-3.283577633917657
36	53	-2.5152976446115134
36	54	-2.139527690915262
36	55	-3.696320404708363
36	56	-2.486515435830879
36	57	-0.6928691344934715
36	58	-0.6346182884591614
36	59	0.721923534195313
36	60	2.9692238104413633
36	61	-0.66442509859809
36	62	4.408401461058707
36	63	-1.1808666409546706
36	64	1.0269529404914723
36	65	-0.7567623889383056
36	66	-0.8651197465193365
36	67	-1.7772583288939552
36	68	0.31119934980207137
36	69	-2.6257171565533683
37	37	NaN
37	38	0.8216333573851531
37	39	-1.696814037029085
37	40	-0.31259137685528127
37	41	-0.1229039322652397
37	42	0.7329382742255597
37	43	1.8121856757518027
37	44	-0.27963492190153527
37	45	-3.5255867194537904
37	46	0.6648938940889992
37	47	0.6433246263312797
37	48	1.0009445990670245
37	49	-0.7209109201818708
37	50	-0.5169990646477918
37	51	0.7031431938449745
37	52	-2.4634366561936263
37	53	-0.531728393014097
37	54	-2.4389427797826353
37	55	-3.0858544824888914
37	56	0.8909888790044508
37	57	-3.4548293639935315
37	58	-1.0931914395922468
37	59	-1.104621484842752
37	60	2.3839489702096475
37	61	-3.154052090525541
37	62	-6.250523428762129
37	63	-0.842095479436493
37	64	2.7780224170362744
37	65	-0.5897550745204337
37	66	1.461979497249007
37	67	1.9319771850834655
37	68	1.3004284014849592
37	69	-1.8335785620050613
38	38	NaN
38	39	2.77409123965293
38	40	1.569978335798678
38	41	-0.1829165539557471
38	42	-2.037367589182551
38	43	2.0718028498957484
38	44	-0.5480302395095917
38	45	-2.1688395040837536
38	46	0.4957857899769692
38	47	-0.6084920617760534
38	48	-3.07707673822943
38	49	3.414024762775349
38	50	0.32024356808740473
38	51	-0.6554536472809277
38	52	2.486780005073805
38	53	-0.07344261464549705
38	54	-0.3062263865878414
38	55	1.577667420427615
38	56	2.351398490740444
38	57	1.466617923373688
38	58	-2.160681823477235
38	59	0.7885257471944299
38	60	0.20117644311907557
38	61	0.6823143373645831
38	62	-0.3922484337629285
38	63	-0.9137854260631191
38	64	0.34358079632512945
38	65	0.44693496824765516
38	66	1.1260620117056392
38	67	-0.7222132205799255
38	68	-0.8359333183241711
38	69	-2.3508046378647287
39	39	NaN
39	40	-0.4730659450104567
39	41	5.348503302682473
39	42	0.6705031375369165
39	43	-1.4313297089085355
39	44	-2.849272421557713
39	45	1.1737072223998548
39	46	-0.05557606775536157
39	47	-1.9218201551324983
39	48	-5.266703943076233
39	49	-2.2273076770635885
39	50	0.435095008066898
39	51	0.08786084751046025
39	52	1.3334589412150268
39	53	-2.5893595354465573
39	54	1.6112247465429177
39	55	2.459445953830975
39	56	-2.1109346451943147
39	57	-1.7054949913928088
39	58	-1.2197078128659138
39	59	-2.7941059445923364
39	60	3.0656747693246746
39	61	1.4253977046027513
39	62	-1.843814974668887
39	63	-0.3799141992882246
39	64	0.6601855179775082
39	65	-0.562099837807262
39	66	1.431063458884371
39	67	-1.1350423701773928
39	68	0.14971519946605436
39	69	2.3002707245358933
40	40	NaN
40	41	-0.840552615779324
40	42	-3.6263694868408707
40	43	-0.3827659104194243
40	44	3.715319969787209
40	45	-3.8123695033598914
40	46	-1.5369427956970387
40	47	-2.2379468155048836
40	48	-2.675333292563845
40	49	7.181464593023562
40	50	-1.2253615719271636
40	51	-0.6835297446702578
40	52	3.67397680546341
40	53	1.4855856122474889
40	54	0.8633328256251361
40	55	2.8391857078051013
40	56	1.0636327752418393
40	57	1.2881647885526442
40	58	-1.4896206884587178
40	59	0.6396594711178935
40	60	-0.6575379808592866
40	61	1.3736445581690373
40	62	-1.589851666531623
40	63	-1.1370825466867798
40	64	-1.926941021069205
40	65	1.0779384604868796
40	66	-0.8683252582284664
40	67	0.813970950600291
40	68	-0.824043726851379
40	69	0.23609103252790714
41	41	NaN
41	42	3.4982800881705263
41	43	0.1368382817854995
41	44	-1.2002873923334885
41	45	1.1669974167496762
41	46	4.51469206780485
41	47	0.6483515908441788
41	48	0.8451979597908325
41	49	-0.9498889114614301
41	50	3.337941272112617
41	51	2.4121552186509745
41	52	-4.2730646606845735
41	53	-0.3262017116621714
41	54	-0.49157229095204924
41	55	-0.4388497378770023
41	56	-1.5500310174464929
41	57	2.496840149684104
41	58	2.0216678910439536
41	59	2.0748972714280414
41	60	0.896655113045754
41	61	4.561657352368407
41	62	-0.03962953515123302
41	63	-1.1852584341375503
41	64	2.0569492504815776
41	65	-0.49821290471522506
41	66	-1.897872606726451
41	67	2.265444943207047
41	68	-0.12873554392088926
41	69	0.03028479587862755
42	42	NaN
42	43	0.0644987697337744
42	44	-1.3394909036367162
42	45	-1.0494073214102433
42	46	2.483092994434435
42	47	0.7065502094577115
42	48	0.47941101348014253
42	49	1.4176132070649687
42	50	1.009313358000282
42	51	-2.752806385111646
42	52	-4.204732348125404
42	53	-2.432267896975704
42	54	-1.3060002732018527
42	55	-1.9756009576342641
42	56	-5.121128374134453
42	57	0.15928916661753317
42	58	1.7230227518051924
42	59	1.7884421475603889
42	60	2.0519715306512873
42	61	-0.22335659433123617
42	62	-1.0990990546857031
42	63	0.41201642626393303
42	64	0.8303866320890262
42	65	-0.22927256435728788
42	66	0.4775057458419813
42	67	-2.3107774911198846
42	68	-0.5984307571777152
42	69	1.6631073966336116
43	43	NaN
43	44	1.716354715814603
43	45	1.8905597827919978
43	46	0.5610916185509163
43	47	-1.183549692592275
43	48	0.6497539549356752
43	49	-0.8409581121167928
43	50	1.9756870856173678
43	51	0.597218842786372
43	52	-1.6235724814811907
43	53	-0.5664959015276423
43	54	-1.7017165521226885
43	55	-1.714806851225612
43	56	0.9286892254328555
43	57	-0.8734439243250355
43	58	1.1623054417784981
43	59	-0.09945200471387573
43	60	1.8364470737154865
43	61	-0.2404423239639505
43	62	-3.300830684960486
43	63	-1.4707230273346448
43	64	1.8813181514887223
43	65	-0.34403493085329995
43	66	-3.400721509878422
43	67	-1.602186465441977
43	68	0.616713219048736
43	69	0.9135451144858753
44	44	NaN
44	45	0.1944704924698953
44	46	-1.0735841985293273
44	47	-2.096050674310962
44	48	0.14495315266722655
44	49	5.509266136305877
44	50	-0.2818621929783082
44	51	1.3621278213902288
44	52	0.07819675838250771
44	53	-0.4232989386894337
44	54	-0.8529456758419721
44	55	0.42073810209433377
44	56	0.5900043011539996
44	57	-0.9534364607856574
44	58	-1.1943319269745651
44	59	-1.2238641023660732
44	60	-0.3724650714383645
44	61	0.6747025632915299
44	62	-2.6218724674863085
44	63	-1.1384637153313455
44	64	-0.8223405079399977
44	65	2.347406301992726
44	66	0.05161506293360202
44	67	1.9900259829879716
44	68	-1.1249404379812014
44	69	0.5858651064739578
45	45	NaN
45	46	2.817427917336642
45	47	4.79166271706952
45	48	-2.137739787246914
45	49	0.5371253655518445
45	50	0.4305351084563089
45	51	2.0306256061141172
45	52	2.5351496771075195
45	53	-3.0796664544886068
45	54	-2.3271091338913514
45	55	0.6146388687592785
45	56	-3.713823445934077
45	57	2.4088529906702636
45	58	-1.2813255399175836
45	59	-5.458739765395935
45	60	3.126245476981017
45	61	4.01778628023525
45	62	-1.126521380911195
45	63	0.6320492490041971
45	64	-1.4609767541228194
45	65	-0.5074331609932544
45	66	-0.953108464452479
45	67	-2.931455356051308
45	68	4.297804869464794
45	69	-0.13365505724797272
46	46	NaN
46	47	0.5213074631167612
46	48	1.8519774174021657
46	49	-3.544969711064624
46	50	5.746407122665273
46	51	-0.45686476743324583
46	52	-0.75674538116646
46	53	-0.20126614649932972
46	54	-1.8631741051995157
46	55	-1.0120018364834136
46	56	-2.69839176585677
46	57	-3.296828103400159
46	58	-2.4129429840285868
46	59	1.1693405919684694
46	60	1.974263179515778
46	61	1.950903295146154
46	62	-0.556046476929126
46	63	2.4093999521006757
46	64	0.6143378408121651
46	65	-1.8379591928246504
46	66	0.6937694084393001
46	67	0.25213351487278857
46	68	1.4508293609840879
46	69	-1.1533470167519708
47	47	NaN
47	48	2.9230451714141954
47	49	0.6684236855358523
47	50	-0.8184813369226642
47	51	-2.7060326138622592
47	52	-4.358125408385527
47	53	-4.35694167498598
47	54	0.11123139168411693
47	55	-0.29849391925391955
47	56	1.1906724652578538
47	57	-1.4608491095904492
47	58	-0.1688713316150938
47	59	1.4416452934124606
47	60	-2.7927254617240114
47	61	0.979552433932113
47	62	3.7374258180233086
47	63	-0.4874377538373214
47	64	2.2528677298459123
47	65	0.922968873843767
47	66	0.599628688804125
47	67	-2.0668417887432984
47	68	0.5034229815154759
47	69	0.17437074547169149
48	48	NaN
48	49	-1.5326546038618105
48	50	2.2944881494032603
48	51	-1.7292253435697442
48	52	-2.363276015488892
48	53	-3.085711552922321
48	54	-2.095933458049762
48	55	1.0240136504157216
48	56	2.988719683482226
48	57	1.0724756457472422
48	58	2.0733352936857212
48	59	2.250796117302442
48	60	-0.06840935226906407
48	61	1.735147414425454
48	62	2.0701614956508494
48	63	0.01049372607714657
48	64	-1.3851715858609686
48	65	-0.545653328833675
48	66	-1.413983004446419
48	67	2.4891698304389958
48	68	3.660605435336544
48	69	0.4223408899132937
49	49	NaN
49	50	3.49453842477489
49	51	-3.021733633524486
49	52	2.8238438922668605
49	53	1.2206974099155135
49	54	6.6474756133647395
49	55	2.7602050840978047
49	56	3.529392185026918
49	57	1.221705193105134
49	58	-2.9493373945668497
49	59	-0.5009362964503453
49	60	-4.33293137486953
49	61	-4.079174681803894
49	62	-2.2004145193247706
49	63	0.6125298870721962
49	64	-0.8180891267608427
49	65	3.4866554318060134
49	66	1.7531058501985781
49	67	-4.434327622907433
49	68	-1.9866933025330262
49	69	-3.987472142254038
50	50	NaN
50	51	4.392777211958254
50	52	-0.297676077140502
50	53	-0.6366602339830629
50	54	-0.8204023219794827
50	55	-1.4092640401873993
50	56	-3.5048050279031937
50	57	-1.1249362572396637
50	58	-1.425828958597454
50	59	-0.2032436568211049
50	60	-0.5386690894958079
50	61	0.5095491407268383
50	62	-2.0352424978612147
50	63	-0.6474865459021596
50	64	-1.161175623981927
50	65	-2.4974768936232534
50	66	3.6558376537483412
50	67	-2.7690084734263047
50	68	-1.8491307873733733
50	69	2.6156180796946997
51	51	NaN
51	52	0.05209107568755283
51	53	1.0083870857884623
51	54	1.7261861437782149
51	55	-0.15782239667435893
51	56	-2.1022155970003777
51	57	-2.871909289825592
51	58	0.041164925032539434
51	59	-1.5410923233199876
51	60	3.0527614217500605
51	61	-0.7267261104230552
51	62	0.9492117654147105
51	63	-0.8537765182420206
51	64	0.3065305483661836
51	65	-1.5058024423411716
51	66	-1.0290786660010824
51	67	19.230500091485318
51	68	-1.5963854489129026
51	69	-0.3689326306425301
52	52	NaN
52	53	1.7311517654082478
52	54	2.544163145426634
52	55	1.6086797592031985
52	56	1.6323827685955052
52	57	1.8856472845460062
52	58	-3.0345185311996064
52	59	0.28849305139663356
52	60	-3.4744144030689936
52	61	-1.6143432720780782
52	62	-3.3921201176449354
52	63	1.041538785487477
52	64	-1.8918781951145385
52	65	2.3855524016409517
52	66	0.1691956240702959
52	67	-2.864912979577063
52	68	-1.940434796513814
52	69	-1.548243227550695
53	53	NaN
53	54	1.5294540161212722
53	55	0.3120995533288435
53	56	1.1929537955101601
53	57	0.8412368027660089
53	58	-3.2467754919870027
53	59	-0.030091309937464148
53	60	1.0609226170198374
53	61	-3.0447394464047184
53	62	-2.866951744104687
53	63	-0.8661193402770304
53	64	0.6342630680427443
53	65	-0.5734781273054933
53	66	-0.2755450061168256
53	67	-1.7255306078057069
53	68	3.7762384143210874
53	69	3.808050370728844
54	54	NaN
54	55	1.3409020546870447
54	56	1.066233814693911
54	57	2.183635887698974
54	58	-2.3087741181684165
54	59	2.387567805267646
54	60	1.9097117726759767
54	61	2.9212065561598677
54	62	0.4969117799682653
54	63	-0.9030149529705419
54	64	0.4443152483065042
54	65	3.433094439591948
54	66	-0.3455880678868741
54	67	14.240554696677249
54	68	-1.5030706575805086
54	69	-3.0541382835255737
55	55	NaN
55	56	2.774902698161992
55	57	5.631493981200194
55	58	0.6012780235382701
55	59	1.9499068976554206
55	60	-0.7701921851922744
55	61	-2.528543524508422
55	62	-0.9820071445003808
55	63	-0.9606685118197243
55	64	-1.3400207098988284
55	65	2.429314900544415
55	66	2.648394305679549
55	67	-3.5699167119214525
55	68	-2.745853853661394
55	69	-0.12874835282324149
56	56	NaN
56	57	0.35437078057051796
56	58	0.27572997038922964
56	59	1.8815718123393133
56	60	-2.5266906398884066
56	61	-1.9635904740409345
56	62	-1.937477197923305
56	63	4.125686656845242
56	64	-2.462905764788235
56	65	1.9121285951430949
56	66	2.04227312364864
56	67	-0.5774417350444694
56	68	-1.6078993707121934
56	69	0.44110749732935
57	57	NaN
57	58	-1.371067513170478
57	59	4.360599574503767
57	60	-1.4253352123063605
57	61	-1.964302852572033
57	62	1.0538098132415155
57	63	0.9456032644142814
57	64	1.2608476606266188
57	65	0.5346658040859524
57	66	2.3435510716816927
57	67	-1.5035688658310067
57	68	-1.805963499707091
57	69	-2.8627332316030434
58	58	NaN
58	59	0.5201213311472016
58	60	0.5771892567928699
58	61	-0.10190440673369305
58	62	58.11250616572053
58	63	14.710244604907356
58	64	-3.457050895224512
58	65	1.2760567473272428
58	66	-3.1332808236904746
58	67	-2.181317785593201
58	68	-0.23748993720904005
58	69	0.34059758869599743
59	59	NaN
59	60	-2.1682691881703295
59	61	0.26321779220467
59	62	-1.2058486558092363
59	63	-1.0975477408269139
59	64	1.9978656178342944
59	65	-1.9959650956869355
59	66	-1.2323126971969829
59	67	-1.7593496972471347
59	68	-1.083044757177538
59	69	-0.5291495030670027
60	60	NaN
60	61	3.713532883223269
60	62	2.423847154198888
60	63	-0.5785729701896047
60	64	-2.5449314992795142
60	65	1.1885853243242341
60	66	-1.5116475222285044
60	67	-2.352194946288798
60	68	0.6963637205574635
60	69	0.4267759440202411
61	61	NaN
61	62	1.7771743843688195
61	63	-0.4708525177177998
61	64	1.8714601227664833
61	65	0.45100300297547746
61	66	1.2182784889104432
61	67	0.10285637229649268
61	68	-1.5988963541322363
61	69	3.418853539130655
62	62	NaN
62	63	1.7793758134361568
62	64	-0.6713567413947342
62	65	1.7080843102797039
62	66	-2.9026376951844757
62	67	-3.8350962032193956
62	68	2.1945513296774446
62	69	1.0020613085709142
63	63	NaN
63	64	-0.778662751576573
63	65	0.051313242652699514
63	66	0.6113989470342174
63	67	-2.212541409670348
63	68	-1.6534082030619945
63	69	-0.4758526040339313
64	64	NaN
64	65	-2.3015929305755023
64	66	-0.23439167204322414
64	67	1.6822813142849986
64	68	1.5008574838801891
64	69	2.883043280409327
65	65	NaN
65	66	2.102983197490436
65	67	-1.6067998481127501
65	68	-2.144750733869952
65	69	-0.008399850137594193
66	66	NaN
66	67	0.8560876428458494
66	68	0.008731182087672039
66	69	-1.8532281631794627
67	67	NaN
67	68	3.285774725047628
67	69	1.2348389841400864
68	68	NaN
68	69	0.4146706243764185
69	69	NaN
