1	1	NaN
1	2	-2.19711158354741
1	3	-1.1202754784141467
1	4	2.0437645379068723
1	5	4.63635691208959
1	6	1.9256034235563244
1	7	4.573074503777835
1	8	0.6022481070188861
1	9	1.9276597442930907
1	10	2.3139923874756385
1	11	-0.19960151635835158
1	12	-1.3910614856944497
1	13	0.2696055244112463
1	14	-3.292957473552556
1	15	-2.161134502050274
1	16	-3.88801440273849
1	17	1.3929884555444783
1	18	-0.9200857988466067
1	19	-0.705929453274953
1	20	-0.9519735554365844
1	21	-2.8181830135777957
1	22	-2.044115432675235
1	23	1.0989438609912539
1	24	1.3344900304840193
1	25	-1.7836572308661083
1	26	1.4959280073286627
1	27	-1.4287017233303445
1	28	1.1859077856411702
1	29	-1.0637361748117071
1	30	-0.2902101572927764
1	31	-0.5642169940743628
1	32	-1.593193009953696
1	33	0.07413920370914052
1	34	-0.5973821355237561
1	35	1.5865420257525682
1	36	1.8980554381070973
1	37	-1.9663315535600527
1	38	-0.09429201358772937
1	39	2.0996800536212814
1	40	0.5065351384357711
1	41	2.2954715928102964
1	42	-0.1594831977570729
1	43	-1.7230464681327051
1	44	0.495444973968615
1	45	-0.6742836190648718
1	46	-3.222390049502199
1	47	0.5175613709067581
1	48	-1.1120481221065697
1	49	2.152336671786702
1	50	-3.167732001856392
1	51	-2.3016086726618403
1	52	2.547296904608527
1	53	0.4181357061715959
1	54	-1.2150789094909438
1	55	3.3050780603026717
1	56	0.619646895594355
1	57	1.9846887244739029
1	58	1.2861027403734155
1	59	-0.15461758247022306
1	60	-2.569960358966743
1	61	-0.5402404306375055
1	62	-2.080457773641943
1	63	0.4628271235542381
1	64	0.7510463332795275
1	65	1.2774874604383522
1	66	-0.372541045559474
1	67	-1.2481176568112975
1	68	-2.1001593284278
1	69	-0.3311992013244152
2	2	NaN
2	3	-0.006341907561511115
2	4	-0.9416910495854013
2	5	0.5597600233891059
2	6	-2.5353880148479724
2	7	-1.6286637167128213
2	8	-1.841551716898046
2	9	-1.4609071372141194
2	10	-1.7993894607848673
2	11	0.3350129051998176
2	12	3.3714662807824562
2	13	4.391959735327013
2	14	1.3579924303613395
2	15	2.5488150833515033
2	16	-1.351101355296538
2	17	-0.44066451675965385
2	18	0.9307858497561355
2	19	1.5859848589767462
2	20	0.8644579804622181
2	21	1.012317972591737
2	22	-0.080719008669108
2	23	-0.46194659808353644
2	24	0.022711728081164152
2	25	2.133733318675788
2	26	-1.0053161308232126
2	27	1.364856684210793
2	28	0.5243894433736229
2	29	-2.2294374961109926
2	30	-1.2145354065647838
2	31	-1.1969291700797666
2	32	0.7429272571999528
2	33	0.9291063085425549
2	34	2.0906396813063126
2	35	-1.4387577306861337
2	36	-1.1461476011045943
2	37	1.3254030300655804
2	38	-2.424677288830106
2	39	-1.0864484710772513
2	40	-2.517930133205864
2	41	1.8571533177388917
2	42	-0.8809078724769189
2	43	0.4072652179909849
2	44	0.8712012448496037
2	45	2.611864630172916
2	46	0.908642632756655
2	47	-1.3895066166525791
2	48	-2.3958269181554566
2	49	-0.08134385510290745
2	50	0.29655198713406844
2	51	-0.5434941573260724
2	52	-0.41471887502011745
2	53	-1.9520108015735214
2	54	0.045722187162725705
2	55	3.2857506396624037
2	56	-0.45354223372360464
2	57	-3.2101176851514235
2	58	0.7794147895772985
2	59	2.4524899692055953
2	60	3.007491577820931
2	61	-1.1639867771002572
2	62	2.810067133686347
2	63	-0.07438216083521046
2	64	-0.5909111693634852
2	65	-0.04485276863028056
2	66	1.640309582609482
2	67	-1.7499074867673097
2	68	-2.361178619870367
2	69	-0.0721128315880914
3	3	NaN
3	4	1.1181162850793915
3	5	-2.3286531949245375
3	6	-0.17466680510638583
3	7	0.829393234227803
3	8	-2.935818261412083
3	9	-2.5904889923432837
3	10	-2.866017178980516
3	11	-0.2936209739491423
3	12	0.43725525072262017
3	13	-2.014647433712458
3	14	-2.37562710388735
3	15	-1.4894306429325697
3	16	1.4795144058291811
3	17	0.5147247223664109
3	18	3.036037271754331
3	19	0.3760869550919776
3	20	-0.45418819922167225
3	21	-1.1780087597030677
3	22	2.6120405490711547
3	23	2.746559192891489
3	24	1.5038886491540884
3	25	0.04868191050472216
3	26	3.5374880923828926
3	27	1.162145688844421
3	28	0.6176242645238481
3	29	-0.21456542498097447
3	30	0.15594625466687378
3	31	0.028815930651866807
3	32	1.356250079092913
3	33	-0.6845319446158611
3	34	1.2761624137255574
3	35	-1.0998028188178586
3	36	-0.7043268250171237
3	37	0.7889131524774797
3	38	0.5414021048831481
3	39	1.5131780582277994
3	40	1.6949003283598991
3	41	7.354444363126373
3	42	1.5351671019635251
3	43	-0.8283842973553899
3	44	-3.0141800542942754
3	45	2.6392312249491208
3	46	-0.9560164004606196
3	47	-2.2514262772298976
3	48	4.2542812129156236
3	49	-1.9336753519256469
3	50	-1.6638330114687
3	51	0.0751700211144093
3	52	-2.3032323276324096
3	53	2.521355927540452
3	54	-0.8624608295600583
3	55	0.9130625615381058
3	56	-2.570774527493578
3	57	-1.3619999923430066
3	58	1.3712509877821637
3	59	-0.6917322801365251
3	60	-3.5503701406742847
3	61	-1.2921098420635744
3	62	1.3108491299009049
3	63	-0.8361591596751655
3	64	-0.5077790593542107
3	65	0.6938855865641247
3	66	-1.4170302434011417
3	67	2.080393817528562
3	68	2.516179955264667
3	69	-0.17525146397480146
4	4	NaN
4	5	-0.9312439319416128
4	6	2.009576605350393
4	7	-0.9114887708730705
4	8	1.8459959088500577
4	9	3.679914281973424
4	10	0.3930106509947398
4	11	0.19951842146111584
4	12	-2.2760541823222584
4	13	-1.4630612256358975
4	14	-1.1195959862403047
4	15	0.030076534510981617
4	16	0.801581177249864
4	17	-0.0855056082848251
4	18	-1.2194647310196245
4	19	-1.4007303679569298
4	20	3.1213068520782303
4	21	-1.539962396234502
4	22	-1.0709266695542488
4	23	0.22463988220091569
4	24	0.9887156468614972
4	25	-0.348062126394098
4	26	-1.9799339693996454
4	27	-2.033008047846633
4	28	-3.928005917887979
4	29	-1.0284769769829305
4	30	-0.6258184360060568
4	31	-1.730517510044644
4	32	-0.9656412412045465
4	33	2.964823266488892
4	34	-0.8149222609629282
4	35	0.8481666441806327
4	36	-1.1392975410053714
4	37	0.4847470650316746
4	38	3.1159418008973288
4	39	0.642563340089556
4	40	2.992804358455205
4	41	-1.396609718499714
4	42	-2.329352758282143
4	43	-2.116659721930086
4	44	0.4207945366710003
4	45	-1.549030407447025
4	46	-2.0473065874757483
4	47	-0.6183833869483185
4	48	-1.4368412930976622
4	49	3.059989838563495
4	50	-2.440020898945659
4	51	-1.524301255161837
4	52	3.2665804851142495
4	53	2.9097979609397133
4	54	1.6863181646818237
4	55	2.2061578338853196
4	56	0.8273609931201932
4	57	2.551102455700978
4	58	-0.9178581090443051
4	59	1.6279220715620826
4	60	-0.11070645598278522
4	61	-1.12746425944027
4	62	-3.2046966221809523
4	63	0.22170513904439096
4	64	2.4586907218737335
4	65	1.12344747005461
4	66	1.7517867347393696
4	67	-3.4461153566412275
4	68	-1.2932065426199573
4	69	-1.886837757290104
5	5	NaN
5	6	-2.4758319878489434
5	7	-0.7913992304942277
5	8	-0.877338795667373
5	9	-1.5829476906266244
5	10	-3.5580320944896937
5	11	0.15038699531084102
5	12	1.6610235481066493
5	13	-0.5818794807153032
5	14	-3.3328417725411805
5	15	0.8507497522659656
5	16	-3.8927894708913224
5	17	-2.6418523898951762
5	18	-2.9691192972643363
5	19	-1.1499860295772442
5	20	0.7489858866573393
5	21	-1.2322031767530615
5	22	0.9120094714858623
5	23	-0.9200199721723668
5	24	-2.599319007576074
5	25	0.939702683781005
5	26	-1.8125466208382859
5	27	-2.880137835932001
5	28	-1.8739202598954419
5	29	1.6499722337343223
5	30	-0.29932355892061124
5	31	-1.4829602823491512
5	32	1.825284872876867
5	33	-1.9722930785589698
5	34	76.5347525731209
5	35	-1.3920723872642393
5	36	-0.4758952647636678
5	37	2.274397211187887
5	38	-2.701871889168402
5	39	1.6801990625575307
5	40	-3.4264805150811086
5	41	1.9363311597196273
5	42	0.026574228247384413
5	43	-0.695281158155708
5	44	1.9952841042901708
5	45	-0.9734431255832192
5	46	-1.456847280322082
5	47	-2.117944410105856
5	48	-0.053435677298892516
5	49	-1.2738236079963485
5	50	-2.3865144217932803
5	51	0.7102918232047717
5	52	-1.947285520536687
5	53	-0.909311373086254
5	54	-0.4700694875052873
5	55	-0.7651008064168208
5	56	-1.55439694782829
5	57	0.23372984268193547
5	58	-0.3287965171983703
5	59	-0.5412811291023091
5	60	0.5103854451151105
5	61	2.1121839980716595
5	62	-1.5781037393818353
5	63	-3.0677767700689706
5	64	-1.5354882833902717
5	65	-2.693543939921249
5	66	-1.8860538453522473
5	67	-3.886951086054246
5	68	-3.4178553757442365
5	69	-3.4375256750939376
6	6	NaN
6	7	-1.9367448555380176
6	8	3.329123207283825
6	9	5.975544015152827
6	10	2.7244289077513093
6	11	0.605250077133042
6	12	-2.8850921609758036
6	13	-0.38465326763232494
6	14	0.6119274869146631
6	15	-1.998612213517236
6	16	-2.681374160182467
6	17	2.5519958052663814
6	18	-2.061420292196333
6	19	0.5845102971304232
6	20	0.41706982905444384
6	21	-2.570243369460785
6	22	0.026632748248923702
6	23	-1.1555212368319552
6	24	1.0572685158402335
6	25	-2.0588908401269133
6	26	-1.8431953382385928
6	27	1.1126809316098227
6	28	-0.774884374490505
6	29	-1.9288385596672228
6	30	-3.218424162220542
6	31	-2.421810034127995
6	32	-0.5138991592132953
6	33	2.940537325130537
6	34	-1.530390284967152
6	35	2.5750211920901442
6	36	1.6112776859735045
6	37	-1.0959792520157512
6	38	2.919625211804165
6	39	0.12281690860354294
6	40	1.703685568098597
6	41	-3.061265614412257
6	42	-1.9104075561798917
6	43	-2.0594193726450314
6	44	1.0281077987110423
6	45	-1.7064470219579257
6	46	-1.768711421893468
6	47	1.5592678929669368
6	48	-1.833615733313975
6	49	1.708177681430244
6	50	0.26121367997490336
6	51	-1.3503123925473692
6	52	3.84681671512836
6	53	0.681893171212239
6	54	-0.8920339904015958
6	55	3.8512070310077626
6	56	0.24431078778824716
6	57	1.801982258919544
6	58	0.5486338802945362
6	59	1.4316392746064521
6	60	-2.927623127930217
6	61	-2.446440850785199
6	62	-3.3228104278765325
6	63	-0.3331988530955535
6	64	0.07783526862585319
6	65	1.4220061653572025
6	66	0.1821377679520136
6	67	1.0430723571166092
6	68	-2.3241620119394795
6	69	2.144835124796474
7	7	NaN
7	8	-1.5237593701565064
7	9	-1.484317423715633
7	10	-3.308132253507048
7	11	0.09861426029524553
7	12	1.6541047837232608
7	13	0.2835416377492759
7	14	2.1583378527794865
7	15	0.6409423508841141
7	16	-2.3597666188093234
7	17	-1.2602779613903312
7	18	-0.9274709929321279
7	19	0.7419477214906074
7	20	-2.6337754397758246
7	21	3.2265625047413193
7	22	3.5475966299061072
7	23	1.6471954417546795
7	24	-1.1400538582108033
7	25	1.847955019081631
7	26	0.8312151328728161
7	27	-0.17193627209679607
7	28	-0.17819963841271802
7	29	-0.3943514670530524
7	30	-1.8856368655580584
7	31	-2.6734397200115434
7	32	0.12962611323533865
7	33	-3.3066015096444876
7	34	-0.008103663218689697
7	35	-3.412100483453005
7	36	-0.8029089732236738
7	37	-1.3821069904340422
7	38	-1.765749551858061
7	39	1.0283745803011712
7	40	-2.9710306337579153
7	41	0.9231377327269592
7	42	-3.156381694650857
7	43	1.9519887318762585
7	44	0.4764890260113125
7	45	2.9030859774356426
7	46	-4.472144428992506
7	47	30.08849109970041
7	48	0.8373091865117223
7	49	-1.0460704728288017
7	50	0.18277277778233433
7	51	1.3709895576780682
7	52	-0.5858583433790322
7	53	-2.0968650580287274
7	54	-2.5922055903771284
7	55	-0.030646730271316515
7	56	1.0647437095954695
7	57	-0.3545625234095778
7	58	-0.511776984243909
7	59	0.12785082158509556
7	60	-0.252762152624472
7	61	2.1166835624505995
7	62	-1.9068422931441955
7	63	-1.5446230748033558
7	64	0.4389781426883091
7	65	-0.9294967065981404
7	66	-2.839260652123818
7	67	-2.486245274377763
7	68	-0.3932912308184822
7	69	0.6317759198215
8	8	NaN
8	9	2.0892277728955078
8	10	6.711085248134965
8	11	-1.7815660755287364
8	12	-1.82503678891244
8	13	-0.23556438599416665
8	14	-1.4550409163225306
8	15	1.8410133285882642
8	16	0.12735471068684626
8	17	-0.5832928743519562
8	18	-0.377088717374258
8	19	-1.3579708251856866
8	20	-2.5428845471565955
8	21	-1.9043479035425976
8	22	0.35785767769932075
8	23	0.565739589290325
8	24	0.07044794715192286
8	25	-4.5322678244377474
8	26	-2.4981561410043227
8	27	-1.7604654580545114
8	28	0.34642074914429166
8	29	-2.3945864736309668
8	30	-2.8284170358879774
8	31	-0.6378152181076793
8	32	-2.5085629051984464
8	33	-0.19758321641569457
8	34	-0.55316884787697
8	35	1.1568734932823626
8	36	-1.1294086696210508
8	37	15.460990217071739
8	38	0.3850592582482201
8	39	-4.068231239659894
8	40	0.5966979671498943
8	41	-3.7773318399222617
8	42	-2.2686485949780213
8	43	-1.234409942678377
8	44	0.12229155392355097
8	45	-3.6714690098976877
8	46	-3.652735415753568
8	47	1.083191852589909
8	48	-0.49171881289978875
8	49	-0.6945552751718849
8	50	0.670036376307787
8	51	-0.24847058150767545
8	52	-0.12267759543281136
8	53	29.283132496124065
8	54	-0.9393584226904382
8	55	3.6639129102437336
8	56	-0.24537717523058056
8	57	-1.0286017317650518
8	58	-0.4734973517336329
8	59	-0.8216464200105782
8	60	-1.5432563391300955
8	61	-2.734045123734061
8	62	-1.7592072076915761
8	63	-3.4460091696183364
8	64	1.7618397350845487
8	65	-1.144866066385078
8	66	2.4641554772605185
8	67	-1.2871261014024828
8	68	-1.4309182519463932
8	69	2.023531352985462
9	9	NaN
9	10	4.710107732007308
9	11	-1.8308164267124982
9	12	-3.280820855635364
9	13	-1.6997629427413854
9	14	0.858395659075753
9	15	-2.7730638159648615
9	16	-1.4814981451476201
9	17	2.9069644330506024
9	18	1.0521651249477417
9	19	-0.2638259349994752
9	20	-0.3357312304806185
9	21	-1.808735824943203
9	22	-4.158813165236959
9	23	0.16179639336493992
9	24	2.1406053611964415
9	25	-3.2325365256444516
9	26	-0.8497088366213497
9	27	-1.286434395228574
9	28	-2.6828450740537138
9	29	-0.8946135070592524
9	30	-0.9079838642899319
9	31	1.6072136371662198
9	32	-2.269623136287956
9	33	0.24706690689032157
9	34	-2.3747009016891356
9	35	2.7785108270730943
9	36	-1.7843876352358323
9	37	-3.763508791220974
9	38	2.876180453160474
9	39	-1.5320259673138792
9	40	2.4812394985124535
9	41	-3.513347619122951
9	42	0.12995943562286771
9	43	-3.714827721264818
9	44	-0.44567575740670995
9	45	0.9723069632947303
9	46	1.7355208347858322
9	47	1.7908270285749863
9	48	-1.045226601620557
9	49	1.330887719138996
9	50	-0.5062288187513995
9	51	-3.2802554429241164
9	52	3.976657667256682
9	53	1.3224097951417506
9	54	1.3462558108961213
9	55	0.842919588681924
9	56	1.61866172792899
9	57	3.649759830991782
9	58	-3.317509824553826
9	59	1.0793567133874713
9	60	0.9456788386311425
9	61	-0.5507302460952558
9	62	0.0755912236668316
9	63	0.07091475711983908
9	64	1.8368521357256788
9	65	4.384601529516978
9	66	1.100756776640812
9	67	-1.323981115414604
9	68	-0.8044273108037182
9	69	-1.633542021455386
10	10	NaN
10	11	-2.4936478466483805
10	12	2.74778204525502
10	13	-1.307979847498275
10	14	-2.6169696269995883
10	15	-0.497975854530839
10	16	-0.7778198094858801
10	17	2.68781985189557
10	18	-2.868091619039674
10	19	-2.697495016305178
10	20	2.4244676505130394
10	21	0.5784331524794345
10	22	-0.9671425054245494
10	23	3.4135144682093745
10	24	0.08624541776481277
10	25	-2.2883334313417314
10	26	-1.3129948105571225
10	27	-1.504303720938312
10	28	-2.534526201332683
10	29	-1.3806974810884896
10	30	-4.99013610555112
10	31	0.3575642789114133
10	32	-1.040558340185765
10	33	-0.05994607089225811
10	34	-8.137615131225255
10	35	1.9445106645531305
10	36	-0.48945395762217564
10	37	4.114237442763218
10	38	2.526182606964622
10	39	2.3635651491650083
10	40	2.85386909817853
10	41	-0.27839275598439667
10	42	-0.5904434154615933
10	43	-1.3189141748806417
10	44	-0.4795818392212927
10	45	0.21590036698190135
10	46	-1.2186817124178413
10	47	-1.8583711557516909
10	48	-2.549681400029154
10	49	4.430989184655658
10	50	-1.3407655299513919
10	51	-0.08355463205300034
10	52	-0.5671488386482599
10	53	1.2027201770000935
10	54	2.46728364702317
10	55	5.388027185544225
10	56	-0.9031125198864451
10	57	2.0953425598992133
10	58	0.10533523973161397
10	59	0.6836521599872177
10	60	-1.153188440239457
10	61	-0.9521595115996183
10	62	-3.20719080057797
10	63	0.9727823181676293
10	64	2.0852780401316333
10	65	2.9164606245011186
10	66	1.2987280595164326
10	67	-2.9299905840771756
10	68	1.182438280657787
10	69	-1.3199462262025239
11	11	NaN
11	12	0.9021415541707408
11	13	0.3794007178298351
11	14	2.0615952407059277
11	15	0.19952075437154373
11	16	-0.5543655308618739
11	17	-1.2364730119387963
11	18	0.4302283218379244
11	19	-2.8223049832024727
11	20	-1.1847644824631927
11	21	1.9372941030609572
11	22	-1.8424388442495432
11	23	0.20833115886189454
11	24	0.6332753179647661
11	25	-0.3125663682295233
11	26	-1.8860481328704615
11	27	1.201409426206991
11	28	2.948898255402993
11	29	-1.9187953012328534
11	30	1.2826868602967603
11	31	-0.6620211473916698
11	32	-0.10409543841448882
11	33	-0.9496099459208469
11	34	-1.4056591586040772
11	35	-1.2751402662119005
11	36	3.848501908956588
11	37	0.09870834905985777
11	38	-0.8171542636218784
11	39	0.1265386167507034
11	40	5.1295206397914095
11	41	2.3277455821130792
11	42	3.4521903357449117
11	43	-1.054021359738218
11	44	4.0207282622801515
11	45	-2.1729309165700066
11	46	-0.592866145533766
11	47	-1.1759026051342696
11	48	-0.4608962343083209
11	49	-1.4806984018711133
11	50	-0.11740694619395235
11	51	4.2496678566734625
11	52	0.12479280850459222
11	53	-1.7356981719986377
11	54	-1.5032235871512374
11	55	-0.48961219227388664
11	56	-3.2207869672905476
11	57	-0.06363977444232001
11	58	2.443778042461533
11	59	-1.448562737464113
11	60	-3.371882780405205
11	61	0.4555459174251296
11	62	1.0253937058354003
11	63	-0.6732597185472716
11	64	-0.7515390485284955
11	65	-0.09613682023109273
11	66	-2.921871965897735
11	67	0.6175044329162207
11	68	1.7262818549465122
11	69	2.5425132301299826
12	12	NaN
12	13	0.1829881180878604
12	14	0.6272089403529635
12	15	2.76175196021015
12	16	-0.07341875023185769
12	17	-0.9322531898641931
12	18	1.3760752156800307
12	19	-0.32758836010405035
12	20	-1.242630686386323
12	21	-0.3810866249991726
12	22	-1.9859891530426745
12	23	2.8932291241964343
12	24	-3.0179867038395667
12	25	-0.4237133067442597
12	26	2.5590509445594902
12	27	-4.210314335241703
12	28	0.0304969283430342
12	29	-1.4053762494554074
12	30	0.5275022553666093
12	31	1.8098405540074625
12	32	-0.4134485964355452
12	33	0.06544249829982592
12	34	1.26918947998837
12	35	0.8557759311849105
12	36	1.019857708843582
12	37	2.5891787796222725
12	38	-1.2328768307504856
12	39	8.852814927283122
12	40	-0.16989522357326403
12	41	-0.9960707985690034
12	42	2.749732610789806
12	43	0.0510931454548837
12	44	-0.8744403727940371
12	45	2.7272900125743216
12	46	-0.037005625430963134
12	47	0.9006900816575908
12	48	4.506369811508491
12	49	-3.1515262881500337
12	50	0.4302430362513327
12	51	1.5714003357732518
12	52	-0.538643729923544
12	53	-1.7689678643178237
12	54	-1.5388518504315625
12	55	-1.6273433418916647
12	56	-0.9462344750840344
12	57	0.2106009911303254
12	58	2.870234383155946
12	59	-1.7360688938035427
12	60	-1.396430044518101
12	61	0.561932389801379
12	62	-1.1900509476451158
12	63	-1.687876853097951
12	64	0.574619725083622
12	65	-2.8439410649850134
12	66	-1.2437163306689127
12	67	-2.6070959471259147
12	68	-0.664049775556285
12	69	-1.1583470025173206
13	13	NaN
13	14	5.314783000876374
13	15	1.6201503578305272
13	16	-1.3557695494145066
13	17	0.15173860916093146
13	18	0.4681795757501126
13	19	0.44983994818439244
13	20	-1.007406978845194
13	21	-0.762219990575646
13	22	-0.4473147139720364
13	23	0.47974992277520906
13	24	-1.7495919087897511
13	25	4.300923217532528
13	26	-1.3855473407447427
13	27	1.13722665964419
13	28	1.3843129486160426
13	29	1.8903028267260196
13	30	2.5134535588931883
13	31	0.8871514358891486
13	32	-0.9069571264905394
13	33	0.22231917674168966
13	34	-0.34538649994133
13	35	-2.6512256344432727
13	36	0.5073817704513612
13	37	2.357016642994329
13	38	0.11314254830721641
13	39	0.7746750855000459
13	40	-1.3502269815217451
13	41	5.890147481221773
13	42	-2.2796565137256484
13	43	-0.9946773919887406
13	44	-1.4148482379514709
13	45	-1.0434269439563755
13	46	-2.316387012564617
13	47	-0.3792088572307023
13	48	0.7681839534621809
13	49	-1.1587567874056781
13	50	0.12863669247759998
13	51	1.2979889834089269
13	52	-0.4400138995548332
13	53	-1.5580180934840646
13	54	3.451226577591232
13	55	-2.3343162890760794
13	56	1.0889478446510346
13	57	-0.8465267953963934
13	58	0.8259337044315156
13	59	-1.4083228853514378
13	60	-0.4022575445087195
13	61	-0.7942947863463018
13	62	2.2103296136011465
13	63	0.5761183424278715
13	64	-2.0849442544061785
13	65	-3.8764477108223323
13	66	-3.408530469953268
13	67	-0.20197889556256055
13	68	4.088345314509679
13	69	-1.7390568732402099
14	14	NaN
14	15	-3.8124735566938144
14	16	2.13895643455113
14	17	-0.4780603351094739
14	18	0.26139769457340456
14	19	3.646545056426658
14	20	-2.222283807303095
14	21	0.32360875331014405
14	22	-0.49169132444453423
14	23	3.716541636120639
14	24	-1.6009577438468499
14	25	2.7329951070108853
14	26	1.6037898765790286
14	27	-1.2393268477605297
14	28	0.821154589424625
14	29	0.851728577274982
14	30	-1.934685848908865
14	31	-1.0575441701596195
14	32	0.14328250842957924
14	33	1.5691415697753792
14	34	-3.808024519877348
14	35	-1.771489832582942
14	36	1.3056985842186102
14	37	1.3808934146512055
14	38	-0.6569952756575016
14	39	1.743516098726646
14	40	0.2639474733513122
14	41	-0.8387036340257048
14	42	-1.2624893735673512
14	43	0.8008015008113232
14	44	0.6568730325384794
14	45	0.2723559322900978
14	46	2.23753531469939
14	47	-0.8067597594993858
14	48	0.9786345296866857
14	49	-0.4133987593572238
14	50	2.5135177262662767
14	51	-0.28001663977783414
14	52	-1.2716172208600995
14	53	-2.0727663239531124
14	54	-2.358861177979129
14	55	-0.9955699126350105
14	56	-1.4385741341782703
14	57	0.11697494186244783
14	58	0.9113999393939403
14	59	-3.021625031525259
14	60	2.450703854989026
14	61	2.253091616459361
14	62	1.174487345619652
14	63	4.924616208284502
14	64	-1.024193057232389
14	65	-3.419316916428143
14	66	-0.212756052326978
14	67	0.5236691710776628
14	68	-1.8325394533969817
14	69	0.124117789861802
15	15	NaN
15	16	3.2486891153824784
15	17	-2.5762469049812022
15	18	-0.5972780364725032
15	19	1.363260519364423
15	20	-0.2959745173483567
15	21	1.837730535398823
15	22	-0.7560755968369252
15	23	2.390949462076614
15	24	0.7067198956103559
15	25	-0.46557836304818695
15	26	5.1901516057802555
15	27	2.7270516723141425
15	28	0.09122161856812706
15	29	-0.6317075483652438
15	30	-0.5700143474712643
15	31	2.642360271707417
15	32	2.9515640362009155
15	33	0.2251101115956533
15	34	-2.8875826191034695
15	35	-1.134153965213102
15	36	-2.3887538512700526
15	37	2.2062437213538644
15	38	-0.027489857879587472
15	39	0.31738030380583626
15	40	-1.9459307856783568
15	41	-0.2105813670523348
15	42	-0.2611415380337315
15	43	-2.0024221639951905
15	44	-0.3649121362693394
15	45	0.3535999730249456
15	46	5.330442726098006
15	47	-1.5416183536533399
15	48	0.7178724788287758
15	49	-0.5331899566220734
15	50	1.8101276754995614
15	51	-3.5850577237523327
15	52	-0.3909631738294681
15	53	-3.150297641680302
15	54	0.37639092425814086
15	55	0.24021831130607602
15	56	-0.6093561863821226
15	57	-2.5220477219976716
15	58	-1.4404323884884174
15	59	0.3690273865985207
15	60	1.0105390298397667
15	61	1.7830988977787714
15	62	-0.774071509723588
15	63	1.738760297328609
15	64	-0.9169471031757407
15	65	-2.2011544238148857
15	66	-1.9908324137996005
15	67	1.6303589624502515
15	68	1.3743020887958297
15	69	2.007410966147222
16	16	NaN
16	17	-0.12149680916596425
16	18	1.286420012459086
16	19	-1.2395087434623284
16	20	-0.47551572870995973
16	21	2.7679620916483167
16	22	3.423236859090764
16	23	-1.0916018594535668
16	24	-1.3826282133933514
16	25	1.4680280105450918
16	26	-2.9044835500810637
16	27	0.5952230239774275
16	28	0.9923578597098022
16	29	1.9608478551900876
16	30	-0.28112862713137055
16	31	3.259358436432437
16	32	-2.9737792907749157
16	33	0.19998121402576519
16	34	-2.038027935653264
16	35	-1.7403157578545816
16	36	2.881509285485115
16	37	-2.3799659852487305
16	38	-0.20215187741741886
16	39	-2.737523530767096
16	40	-2.079797286163791
16	41	-3.195398212570066
16	42	-3.054371767536771
16	43	2.188133431910503
16	44	-2.0717588475770046
16	45	1.7696795015164861
16	46	-0.300316107697641
16	47	-0.8667163958740799
16	48	1.4987804116095043
16	49	0.019031531406529936
16	50	-3.3231088197751624
16	51	-2.1775136143647904
16	52	2.022985878640771
16	53	3.85429710676795
16	54	-0.23005150112577993
16	55	0.0736948476786993
16	56	1.282016906126984
16	57	-2.1713533500533955
16	58	0.255012631365592
16	59	0.36324836957121737
16	60	-1.447442009843957
16	61	-2.2958043695677857
16	62	3.674215520579078
16	63	0.22006063080283647
16	64	-1.506598698044242
16	65	0.2793971534584731
16	66	1.1951209315211448
16	67	1.5831511268641567
16	68	3.5361716092410256
16	69	15.580789437850479
17	17	NaN
17	18	-0.28378635143090264
17	19	-0.7933217340058564
17	20	0.9451026806768272
17	21	-1.503667082090234
17	22	-1.912983079746941
17	23	-0.6382612447816404
17	24	-0.21342472922948486
17	25	0.4507023564570004
17	26	-1.8290322259797662
17	27	-3.821425123771123
17	28	0.5537328635556129
17	29	0.06150221594411397
17	30	0.24886442176957654
17	31	-0.9298036486590342
17	32	-0.1458846166147694
17	33	-0.2483362070612067
17	34	-2.3867784252663156
17	35	1.1550522155017187
17	36	-0.8512832796619009
17	37	-0.06604675331157966
17	38	1.5270153889875293
17	39	-1.3859813129378884
17	40	1.5164030309094505
17	41	-0.24776231516881964
17	42	3.401454771875091
17	43	-1.1460147541370884
17	44	0.45401681363756297
17	45	-4.020181571013872
17	46	-1.341108752627432
17	47	3.19592633562087
17	48	0.1940997218537847
17	49	1.0561054601502107
17	50	1.3159497180728053
17	51	-1.2532506458859443
17	52	1.103341796202198
17	53	4.851206657629316
17	54	-0.7267855479003519
17	55	-1.248092793033171
17	56	2.2000602321643727
17	57	1.0816693932940358
17	58	-2.1731285379950105
17	59	-0.6512382123727921
17	60	-0.011091806995981996
17	61	0.40035639892245256
17	62	1.996658456832941
17	63	-0.9475131025298098
17	64	4.059514939264685
17	65	0.673421921187096
17	66	-1.1442801011307366
17	67	0.08606836401320438
17	68	-2.0874990097350716
17	69	-0.5051442072437964
18	18	NaN
18	19	2.1300552969364523
18	20	3.0530488505280293
18	21	-0.6099297116422521
18	22	-0.9779393021482812
18	23	-0.3699760786053585
18	24	-0.38488332802883346
18	25	-0.6528472348039434
18	26	1.8613052535434929
18	27	1.776253501611074
18	28	-1.8090714839847397
18	29	3.3958524252507383
18	30	-0.477665460231996
18	31	-0.8355479273017351
18	32	2.260663933643706
18	33	0.18798107327821126
18	34	-1.3348551995573037
18	35	-2.5818654818791766
18	36	-1.6650878963829852
18	37	4.811344562102142
18	38	-4.257208413680739
18	39	-0.16738393394761605
18	40	-1.0569630528974876
18	41	1.5715341198327224
18	42	3.7936542885990066
18	43	0.9210660430600696
18	44	1.3293087224794962
18	45	3.82423742216218
18	46	4.353706811288606
18	47	-2.2444161887458405
18	48	-0.3273671599199676
18	49	-1.1241937157138964
18	50	4.599244615569914
18	51	-1.700395153792877
18	52	-3.718575915187231
18	53	-1.963911571872357
18	54	-1.521208000355287
18	55	-4.18541802628754
18	56	0.6826299105750764
18	57	-0.1712785086501731
18	58	-1.223448768388894
18	59	0.6537511128627871
18	60	0.04064838561274354
18	61	0.7941625696094259
18	62	-1.7135798366060129
18	63	-1.7131062431081676
18	64	-1.5164133295300457
18	65	-0.967760341380602
18	66	3.031589305605508
18	67	2.1624523965629607
18	68	3.2739217478458857
18	69	1.8414100945496952
19	19	NaN
19	20	-0.6103680722838739
19	21	2.9139345419980858
19	22	0.5448002399276244
19	23	3.0370777967196934
19	24	-0.6403488169968272
19	25	-1.222479259158217
19	26	0.04760310641803404
19	27	1.4911620158202898
19	28	0.6387022343755066
19	29	-2.863493717038702
19	30	2.620765696070854
19	31	-2.31388593977081
19	32	-1.4752143968730238
19	33	0.7146793753207632
19	34	0.7366698230207689
19	35	0.9715898173636495
19	36	-0.5998132635735759
19	37	2.289939087877847
19	38	4.454750583579101
19	39	2.700014362406332
19	40	0.6878821664228001
19	41	-1.0877411786525064
19	42	-0.23285260018552964
19	43	0.5675531363579548
19	44	-0.43989115573302745
19	45	1.8270026191450661
19	46	1.938205135266242
19	47	-2.4193178649334555
19	48	0.8224244843605167
19	49	1.3588292961005222
19	50	1.930045057060351
19	51	-1.9257684087249187
19	52	-0.6633970493421861
19	53	-1.6965469710664625
19	54	1.1247632543728452
19	55	0.903370478774745
19	56	0.8195495308883017
19	57	-1.6691914493108198
19	58	-0.7444165520951267
19	59	-0.36226767058731324
19	60	-0.8336089180473812
19	61	1.0548326314311616
19	62	0.04227122035859332
19	63	0.8951227886773283
19	64	-2.6469389618265935
19	65	-0.6684274169203306
19	66	-1.5955227844885405
19	67	-0.8004243149192295
19	68	1.7333069943768522
19	69	0.6152405002725096
20	20	NaN
20	21	-0.9843870892930043
20	22	-0.46199190566842246
20	23	1.9748322282025161
20	24	0.5109205544298548
20	25	-0.5519329929720321
20	26	0.9393067511770102
20	27	-2.053210935456873
20	28	-0.9459088116384748
20	29	2.420168233790705
20	30	-0.9125183876440768
20	31	-5.0385903390107964
20	32	-0.5240480993134315
20	33	-0.755909810714964
20	34	-3.110488489314022
20	35	2.1708172528418372
20	36	-4.190179627772776
20	37	0.20381127426119838
20	38	2.5532133187901014
20	39	-1.6229731579084383
20	40	0.07833282310798921
20	41	-4.5219710352474864
20	42	0.6555978678503855
20	43	-1.2144747371145115
20	44	0.22254731698004723
20	45	0.0626999652600259
20	46	-2.1863544311512917
20	47	-0.03086567219227068
20	48	-2.2233627637239026
20	49	1.2158551158660587
20	50	-1.6304717035276923
20	51	-2.5961628624469166
20	52	2.328623419665278
20	53	3.3954921108050717
20	54	1.0022637694158634
20	55	1.6069026772054753
20	56	2.122018294809216
20	57	1.9415256305544892
20	58	-1.0472773601302878
20	59	1.091136703534457
20	60	0.4556957871537131
20	61	-0.4636480352392504
20	62	-4.341216694002231
20	63	1.2241522452193419
20	64	-0.6714480528640765
20	65	3.1189881691902372
20	66	0.6896747521556931
20	67	0.42539444480813116
20	68	-3.4442066737270225
20	69	10.221348133738447
21	21	NaN
21	22	0.80113381314865
21	23	-0.21866212564061072
21	24	1.082654528156004
21	25	-1.1735921964413836
21	26	0.36244538940735826
21	27	-0.6851589387719764
21	28	0.6775627187750041
21	29	-0.19959396090982395
21	30	2.650649259251282
21	31	1.1681843334871798
21	32	1.7389020756776787
21	33	-0.5758346821115833
21	34	6.533957242441579
21	35	-0.44678044623261587
21	36	-0.7203965348300656
21	37	-0.23493944093890753
21	38	-2.5574770045058792
21	39	0.1261489515824121
21	40	1.9652888591440851
21	41	0.4687849620853717
21	42	-2.105086385329728
21	43	0.41120825682820167
21	44	0.013121092771640464
21	45	-1.6764436160971614
21	46	-1.1607334165274448
21	47	1.3066699725499904
21	48	0.6871664296668308
21	49	0.35518757519893857
21	50	-4.326637484716653
21	51	0.023951569592371866
21	52	-2.49052613147598
21	53	-0.4118274058310726
21	54	-0.14689225072312764
21	55	-2.2417395229448993
21	56	-0.0917212233454837
21	57	-2.1210345701515907
21	58	4.846555012529075
21	59	-1.2247033088369683
21	60	2.628782242945633
21	61	2.251790351051347
21	62	0.8595292533725439
21	63	-1.395133876977933
21	64	-1.1805402810016075
21	65	1.8746676067256494
21	66	0.20329204042707513
21	67	-4.26093843671294
21	68	0.4550809816281536
21	69	1.2585266239592563
22	22	NaN
22	23	1.0325885079580608
22	24	0.14513111608176588
22	25	0.5367859976924815
22	26	3.0686308857148217
22	27	0.36356334109478644
22	28	-2.885756960798455
22	29	-1.7172392948916941
22	30	1.5262639574647272
22	31	-0.3152155533546878
22	32	-0.028823374622076632
22	33	-0.4371840381977623
22	34	-0.13944566526313476
22	35	-1.657625690400958
22	36	-4.062845920110408
22	37	-2.2294370880546652
22	38	-0.48780010887285613
22	39	0.8620119661163909
22	40	-1.4226760253635273
22	41	4.0750396775357585
22	42	3.5205251206385997
22	43	3.5055040154097776
22	44	-0.4686591954997414
22	45	0.867077274513062
22	46	4.26253632586232
22	47	-0.17509579043991022
22	48	0.5084181855422939
22	49	-1.479261231151372
22	50	0.877339394366145
22	51	-1.1936340397029697
22	52	0.30056205913032036
22	53	-0.09254513011673723
22	54	-3.998969952366816
22	55	0.4623691087848623
22	56	-1.9478619494979148
22	57	-1.1470312026521676
22	58	1.3359302842334262
22	59	2.402107460439297
22	60	-0.9381536142895266
22	61	2.8614922487256993
22	62	2.1703527765019253
22	63	-0.24404575573463466
22	64	-2.259308182301489
22	65	-0.6461188891810029
22	66	-0.27328747115407154
22	67	5.886346705746609
22	68	2.610678492154954
22	69	-1.384266245110608
23	23	NaN
23	24	-3.199979592910054
23	25	-2.168952118786604
23	26	2.7123969999839637
23	27	6.7075259636152955
23	28	-0.45772783787065696
23	29	4.554329543812283
23	30	1.0595731716717691
23	31	-1.0450505439604565
23	32	1.1263336042298577
23	33	0.8822273470035281
23	34	-3.874508628402766
23	35	-2.4070769424607974
23	36	2.059450499215565
23	37	0.5892499633502741
23	38	-3.4783561229604825
23	39	-0.5560805175727294
23	40	-2.2164371940146754
23	41	2.9454882413669394
23	42	-1.457953018156449
23	43	-3.9281806234809444
23	44	-1.5568393636568918
23	45	-3.581058436231851
23	46	0.7090731539456855
23	47	-3.825867721665983
23	48	4.804145451215568
23	49	2.6314159196318783
23	50	0.8314817289483256
23	51	-0.6180421355668038
23	52	-1.2931257628980972
23	53	-2.279768346165475
23	54	-3.894471055232267
23	55	-2.834614402698837
23	56	-1.9673464147441255
23	57	-1.2785952718300404
23	58	-0.10992713017730736
23	59	1.9283665671097678
23	60	-1.8444428563986637
23	61	0.118100034748238
23	62	3.2409995202520463
23	63	-1.0961550455226994
23	64	0.35386615495769813
23	65	-3.1368674964812846
23	66	-2.8515912021043017
23	67	-1.903809151891815
23	68	4.325565016242665
23	69	-0.7787851180036316
24	24	NaN
24	25	-1.455550409557138
24	26	-1.7049919228764903
24	27	-2.341516816009713
24	28	-0.15876126862357712
24	29	-1.0084109738409308
24	30	1.4580687847044564
24	31	-1.111694300152715
24	32	2.5894872926712442
24	33	2.777465783299168
24	34	-1.352301791149145
24	35	3.0949124455129056
24	36	-1.057760388763037
24	37	-1.0827088931014452
24	38	0.9483886353004964
24	39	-0.11172610084405434
24	40	1.2020611004215442
24	41	-0.6901838275721532
24	42	-2.7153198147530584
24	43	-0.8534258707070638
24	44	0.8550028701301235
24	45	-3.1276454002733476
24	46	0.11352323414838929
24	47	3.3465416540554425
24	48	-1.240567071714242
24	49	-1.1233290658779953
24	50	0.9491471056811471
24	51	-0.1438517707779725
24	52	1.719482996283253
24	53	3.221143438804487
24	54	-0.3821012182814753
24	55	1.6843180596189264
24	56	1.963259398309286
24	57	0.8300965442979285
24	58	-1.7005308553665555
24	59	-1.0414855909721334
24	60	-1.525077405228009
24	61	-1.403182022648369
24	62	0.52542071928432
24	63	0.4462935920423521
24	64	2.0134444464407317
24	65	-0.009562090539807175
24	66	-1.2975888782895129
24	67	-0.04404011293477323
24	68	1.5626126852187145
24	69	0.4426284973048858
25	25	NaN
25	26	3.703011611415079
25	27	-1.7643910476671438
25	28	0.19793460465121693
25	29	1.1015336146734913
25	30	0.39868887902037486
25	31	1.632368370776618
25	32	-1.8412720801043636
25	33	-0.7609938397331638
25	34	-0.10297011039718444
25	35	1.3054881670118423
25	36	3.460060644068433
25	37	0.15634924169920628
25	38	0.7542775769579363
25	39	-0.27544320675325784
25	40	-4.134821097077743
25	41	2.4405463180287312
25	42	-2.964757290140183
25	43	3.1361061436439877
25	44	2.847478997123357
25	45	-0.5089207004094493
25	46	-1.9084893007674377
25	47	-1.0140899409315083
25	48	-0.7644250654836493
25	49	1.273939531013545
25	50	3.0256316051185936
25	51	2.0360643033480814
25	52	-1.5525890620863807
25	53	-1.4398939339254004
25	54	-0.34502285692517215
25	55	2.4179754228885817
25	56	-1.9535308553551656
25	57	-1.4513485945211106
25	58	1.9720145314977833
25	59	0.5081702713236838
25	60	4.177828867296324
25	61	2.1601536840262523
25	62	-2.5456527776371063
25	63	0.2630818996546334
25	64	-1.9141962983322955
25	65	-2.7937170663871407
25	66	-0.6407950821057573
25	67	0.5821931456391491
25	68	1.5617591480248827
25	69	-0.6973948642723493
26	26	NaN
26	27	0.8989179969657415
26	28	-0.4756336313214282
26	29	-0.046263383368300194
26	30	6.184087400302723
26	31	1.1298894046044967
26	32	0.08203552435442481
26	33	1.6881787444604475
26	34	1.6569978230502178
26	35	1.1051741400041026
26	36	1.7889867784090447
26	37	1.4080006728398067
26	38	-0.8068545735647972
26	39	0.038477933903829066
26	40	-0.46561562746712887
26	41	0.8792251734799459
26	42	1.3679381590509818
26	43	-1.4354595487117046
26	44	0.06502102240447094
26	45	-0.8704038975146839
26	46	5.154628699048839
26	47	-2.442844433548489
26	48	5.540257392973812
26	49	-3.815566109483246
26	50	1.0299620468197244
26	51	1.7493000447140024
26	52	-1.4489005986153196
26	53	-2.159456583095493
26	54	0.1911913878582291
26	55	-2.6780646693156593
26	56	0.04284560202995932
26	57	-1.7059322531899446
26	58	-1.0090219637445785
26	59	1.068958966233831
26	60	2.131873961897454
26	61	1.9117813050369794
26	62	0.8649465278822283
26	63	-2.2036728584631975
26	64	-3.446026891115753
26	65	-2.1158715148607024
26	66	-1.6300694081212876
26	67	-0.8603514844101198
26	68	-0.43898848095722254
26	69	-4.201639991542161
27	27	NaN
27	28	-0.5225999059855461
27	29	-1.2888113475510348
27	30	0.6139854864348686
27	31	36.02463527482299
27	32	0.19429910682880044
27	33	-2.099517797052987
27	34	0.37138076100424927
27	35	-3.2179279249671637
27	36	2.440531945442324
27	37	-2.8707877130172936
27	38	-1.1529521071720907
27	39	-0.968075866907799
27	40	-1.664526649816298
27	41	-5.468882078230711
27	42	0.4596164864642582
27	43	-1.7357987201986735
27	44	0.6597123443744983
27	45	-0.29364251112438555
27	46	-4.558143080919343
27	47	-0.2919830534911431
27	48	-1.6621141127090153
27	49	-2.450615888079399
27	50	-0.4542314735295359
27	51	0.8072076470448659
27	52	-3.321859439335016
27	53	-2.0514802884564856
27	54	-0.28095930467673147
27	55	0.5021654822549684
27	56	-0.33152077865055607
27	57	-1.6347160967177814
27	58	2.26021393627521
27	59	-1.8019373829802603
27	60	1.9795045659453347
27	61	-2.0864336033393736
27	62	1.5515484357741292
27	63	-2.3642251825966474
27	64	1.17906438618889
27	65	-0.46354008290355886
27	66	-1.0050334289792042
27	67	-1.735130633253994
27	68	2.255703583625539
27	69	-2.6054454831485345
28	28	NaN
28	29	2.3751045134042457
28	30	2.157867389300671
28	31	-0.17030215232193632
28	32	0.34311675016033166
28	33	-0.10474379345786622
28	34	0.06362361533173762
28	35	3.5854601439912366
28	36	-0.14792702915433625
28	37	0.07812395503867729
28	38	-1.745079144521962
28	39	-0.13110601271722938
28	40	-3.1926450063433207
28	41	0.47177186700271706
28	42	-1.7284109671263839
28	43	-0.8183427498442537
28	44	-0.36657255857497023
28	45	3.3630570989150415
28	46	-0.528950886556107
28	47	0.4626355514140343
28	48	1.4360276489143309
28	49	-1.331974744753176
28	50	1.8893999388636422
28	51	0.10018146428413689
28	52	-1.2243579658080919
28	53	-1.6973255176130175
28	54	1.7242451647473165
28	55	-0.02635156337174847
28	56	-0.2943244746512695
28	57	-2.975597778320974
28	58	6.13877555311408
28	59	3.27832743779191
28	60	0.3013094043242195
28	61	-1.8723207071486916
28	62	3.205030809924989
28	63	-1.1966338466371031
28	64	0.29038728735021013
28	65	2.2154462633894396
28	66	-1.172252200361712
28	67	1.7873990217717877
28	68	-0.9935094416180713
28	69	-3.317412156123338
29	29	NaN
29	30	3.004589367599475
29	31	-0.2789199716879183
29	32	0.506541304655745
29	33	0.5387994227464054
29	34	1.0138395673156706
29	35	-1.314032843420541
29	36	0.9168632831623278
29	37	2.101729108207051
29	38	-3.0657134548972556
29	39	-0.01742650688318169
29	40	-1.9543725729051602
29	41	-0.1783618231691679
29	42	2.3234253005448626
29	43	2.1675620990297717
29	44	0.8521891995848342
29	45	-1.9083947180371468
29	46	-0.45232824872863164
29	47	-1.4757074061422577
29	48	0.7369982257102804
29	49	-1.3683005018720735
29	50	2.8072419431510305
29	51	1.6674426833517197
29	52	0.12343217955149831
29	53	-0.28170541719281955
29	54	-1.9762230729281867
29	55	-1.4381815541160619
29	56	-0.8593516287816627
29	57	-2.391574741552438
29	58	-0.6444806417358416
29	59	-0.45932970577777826
29	60	0.3106651526303031
29	61	-0.9494312613882451
29	62	3.712722428239826
29	63	-0.28892088329653587
29	64	0.6061772862741225
29	65	-0.9548267288303192
29	66	-1.222015100105711
29	67	0.7222212296003581
29	68	2.219749984673513
29	69	2.35448181162038
30	30	NaN
30	31	2.5108408562616793
30	32	3.9904210864988707
30	33	2.004555751047555
30	34	-2.6653206154565714
30	35	-1.9685332924714611
30	36	1.1695680199055696
30	37	0.3116616314223817
30	38	-1.9475412277149293
30	39	-0.11364691295718828
30	40	-2.0813879195052105
30	41	3.0284853623657297
30	42	2.7901177646444446
30	43	3.54479086947326
30	44	-1.0224406770840082
30	45	-0.9498565902009165
30	46	-1.6899030979128413
30	47	-1.4849162140565204
30	48	-0.9048113037777359
30	49	-0.6296031594038352
30	50	-0.8739642676738506
30	51	4.312383557555204
30	52	-1.8999434534708426
30	53	-2.4514017866843854
30	54	-0.0908492700043322
30	55	-0.4892637271248663
30	56	-1.0872212478025274
30	57	0.14780779979719655
30	58	-4.515727866015894
30	59	0.8390073715329495
30	60	0.1964184633429435
30	61	0.48245448165315213
30	62	1.3285479765527566
30	63	-0.8549565641104295
30	64	-0.9005782794731526
30	65	-0.5894506632027224
30	66	1.9476779737625929
30	67	0.47040859143471037
30	68	-1.0060640969553738
30	69	1.7108847182089852
31	31	NaN
31	32	-0.2692721856571195
31	33	-1.9396494874151822
31	34	-0.581862432669894
31	35	2.4064847672808973
31	36	-0.7237290701426917
31	37	-0.9671879259850164
31	38	1.542318744975228
31	39	-3.0833459914964862
31	40	-1.5146290796238615
31	41	-0.07084953778803343
31	42	-1.0978187015088663
31	43	1.7263569401145888
31	44	-3.4233426543598795
31	45	0.9100638201458104
31	46	1.9674620360296324
31	47	-0.7466506872195645
31	48	1.8386140604343426
31	49	-2.760524844631061
31	50	2.7982036169883373
31	51	-1.5453073740793117
31	52	0.2618078465728999
31	53	-3.0852463102411543
31	54	-1.78179604340512
31	55	0.39272782426195374
31	56	-1.0959156630449267
31	57	1.7755279694074373
31	58	0.563520285716328
31	59	-1.903244883640207
31	60	1.5241002476999703
31	61	-1.8257420031841818
31	62	-1.6837973766354117
31	63	-1.526154061986195
31	64	0.4096207897830318
31	65	-2.9483970012580527
31	66	-4.365396271573101
31	67	-1.102906875961658
31	68	0.11503442072751173
31	69	-1.9253436648563436
32	32	NaN
32	33	2.478134171385888
32	34	2.5456088499682537
32	35	-0.4399259085413231
32	36	0.05747623048996296
32	37	2.046551093177029
32	38	-0.7492713201124369
32	39	0.5369622725151243
32	40	-2.077369675476235
32	41	2.5000322032121027
32	42	2.8034869604487795
32	43	3.3743182855055744
32	44	1.0378914919027762
32	45	-3.186054338414375
32	46	1.1695947477971462
32	47	1.4487746472206082
32	48	0.04479120586041799
32	49	-0.41013143251297873
32	50	1.4726540405835216
32	51	-0.9728529422663948
32	52	-3.6162621536011526
32	53	-2.2954682533837882
32	54	0.08964124931723441
32	55	-2.7209542331697087
32	56	-1.3913274357864638
32	57	1.0380384718954017
32	58	2.5457389335312537
32	59	-0.5572545369199228
32	60	0.2296384688396261
32	61	0.5080170194795487
32	62	-0.20140629700343524
32	63	2.9094849141821464
32	64	-3.0597955164104875
32	65	-1.9652862447928332
32	66	-2.538532907391904
32	67	0.6049204161181243
32	68	-0.6958101926163905
32	69	-3.629590462593623
33	33	NaN
33	34	-3.0455130596755584
33	35	1.5108573170520705
33	36	2.6442757716111913
33	37	-1.7195888681597078
33	38	2.3954968840395985
33	39	0.9725973561951842
33	40	1.871641133505455
33	41	-0.8553711612043553
33	42	-1.2436546284847725
33	43	0.11423643057257889
33	44	-0.17703941343582708
33	45	3.6534414711717056
33	46	0.2545125626172333
33	47	-1.3018837072651657
33	48	-0.7458333975368793
33	49	-0.78691200623542
33	50	-1.5094725660320631
33	51	0.14277651781071782
33	52	1.9279466290449925
33	53	-2.1087631396175244
33	54	0.08072505861357143
33	55	0.3023634059891584
33	56	-1.35163944742411
33	57	-0.7098239443973766
33	58	-2.2429310529258113
33	59	-0.4199074638712623
33	60	-0.8507126838556115
33	61	-0.19678698028092528
33	62	-1.3315387820689135
33	63	0.03466723092180311
33	64	-0.696256589495271
33	65	1.6958953100114984
33	66	-1.0138048592469866
33	67	-0.73817901722617
33	68	-2.1728932324499906
33	69	-2.6486905619000285
34	34	NaN
34	35	-1.3189690669307068
34	36	2.9070102948149756
34	37	-3.7937610738684593
34	38	-2.955104382578373
34	39	-1.3380623219991854
34	40	-1.0272278497174316
34	41	-3.020347517551666
34	42	1.6015656552123236
34	43	-0.7106941473997077
34	44	0.2847820812792194
34	45	-3.3219392885322194
34	46	-1.5256985033298482
34	47	-2.0456215396255826
34	48	1.1816764741914207
34	49	0.2370991353695887
34	50	-0.8091665321525003
34	51	-2.1874249334136477
34	52	-1.3451636196075263
34	53	-3.67053393633769
34	54	-6.659045974864489
34	55	-2.4292691260762678
34	56	-0.46999330909885423
34	57	-4.783568286542247
34	58	2.215337960519394
34	59	-1.8366689208791582
34	60	2.954524438107026
34	61	-5.080449857746168
34	62	0.5772854205001676
34	63	-0.6930970181326529
34	64	-1.0153205171960902
34	65	2.260689691730954
34	66	-0.7369938450760545
34	67	-1.9879280512953503
34	68	-0.5652553938759627
34	69	3.0968993510690463
35	35	NaN
35	36	1.1577071089694162
35	37	-0.3864505498028437
35	38	1.6493497694822832
35	39	0.6816431359934696
35	40	0.891967710510584
35	41	-1.1243681704010806
35	42	-2.3736327328301274
35	43	-0.6313978485321485
35	44	-0.8901948987717457
35	45	-0.8228411086919277
35	46	-0.002969067788777789
35	47	2.2156707738781933
35	48	0.46003968924581334
35	49	-0.6848955596260223
35	50	-0.36452057339088983
35	51	-0.4417948668555423
35	52	1.1533781802919145
35	53	-0.22185832372087158
35	54	-1.0846568432820143
35	55	0.7233040732635246
35	56	2.162840036051646
35	57	2.9492861501446574
35	58	-2.6516167340567365
35	59	0.3102431509607774
35	60	-0.8238078012384014
35	61	0.05237766018769783
35	62	-0.16907759362820987
35	63	0.5867594752667092
35	64	-0.24994929379855327
35	65	1.1646509723412402
35	66	-0.13148120709551853
35	67	-2.881938030916105
35	68	-0.16728468510153524
35	69	-1.0083853101677673
36	36	NaN
36	37	3.829920090872058
36	38	2.5289829996420794
36	39	-0.006311865909736156
36	40	-2.010864640496227
36	41	0.15469828392708027
36	42	2.1796385991236087
36	43	0.06222970455973144
36	44	-0.36574458079441147
36	45	-1.6197593953618015
36	46	3.7105474946924297
36	47	-1.563839057182444
36	48	-1.9653082562972215
36	49	-1.0176899132783557
36	50	0.6151902721454391
36	51	-2.0852298440794725
36	52	-0.4917156706322495
36	53	1.6253940286673911
36	54	-0.7524294712496743
36	55	-0.5964668416524369
36	56	-1.2957748493321601
36	57	-1.869595840085601
36	58	-1.618200974988028
36	59	-1.6117972671479404
36	60	3.090309350377998
36	61	-1.936810483595029
36	62	-0.956352804587455
36	63	0.1642776112916449
36	64	0.25640273709895295
36	65	-1.324608940330525
36	66	-0.8811503688781983
36	67	0.8662442608546613
36	68	-0.12498609665505155
36	69	-0.7364931406907436
37	37	NaN
37	38	-0.376168197718767
37	39	0.8319083456612313
37	40	-1.7378465250705908
37	41	-1.5290380645878756
37	42	-1.4872710416544748
37	43	-0.6361022966616038
37	44	-0.1577552462778539
37	45	-0.1794601756248248
37	46	3.1841896176102984
37	47	-3.944824105358275
37	48	0.8550234406081283
37	49	-0.2933305808063597
37	50	-0.062021076138822386
37	51	-1.8983536313848233
37	52	-0.8280517156067551
37	53	-2.4249052480063096
37	54	-2.755343410246348
37	55	-3.7585618122641535
37	56	-0.4667778506400124
37	57	-0.9709200443877144
37	58	2.597446127621569
37	59	-2.082714327234333
37	60	-0.43444577780751953
37	61	-1.2500203293967345
37	62	0.2537473411904578
37	63	1.1721397749999072
37	64	2.2766298114063312
37	65	-1.7865490242469955
37	66	-1.6476972908932135
37	67	-1.4609074394164323
37	68	-2.1263587394841093
37	69	-4.199435702183331
38	38	NaN
38	39	0.789514725017023
38	40	2.1223995436531315
38	41	0.4546908375616583
38	42	-2.1266222560682886
38	43	6.543379824839986
38	44	-2.3523126248934316
38	45	-0.4315422812892196
38	46	-2.0497482254395982
38	47	-0.9912535994665149
38	48	-2.7981958582898727
38	49	3.034488349659338
38	50	-2.0535929810332627
38	51	-1.0013503775441495
38	52	1.87991815291285
38	53	0.999048469920366
38	54	1.0430880294693718
38	55	2.342524293183904
38	56	0.6558058287537809
38	57	1.8916466243640926
38	58	-3.2670417188204657
38	59	-0.46033032491080317
38	60	-0.9736098952177775
38	61	-0.04191700501559381
38	62	-0.24161317083372613
38	63	1.6879528452455879
38	64	1.7728302705903092
38	65	-0.16681197338445372
38	66	-2.9447634214073473
38	67	0.235014963917393
38	68	-2.0563631410585215
38	69	-1.8429360181652772
39	39	NaN
39	40	2.5086159298934705
39	41	-2.1877046830616393
39	42	1.945569748434772
39	43	1.9118494792897036
39	44	-0.47590167923577226
39	45	0.7733850305845121
39	46	1.9212708142808388
39	47	-0.748874459788393
39	48	-2.2353295370686617
39	49	-2.0519051874612004
39	50	-0.4918074688989926
39	51	0.34282545603015885
39	52	0.07180045795931612
39	53	-2.3022470254201375
39	54	-0.8020368451894984
39	55	-1.1758969063472247
39	56	-2.4223662575123543
39	57	0.18796619273188447
39	58	0.7121979543026337
39	59	-0.9462749578574982
39	60	-0.9542724708579062
39	61	2.9197019352682534
39	62	-0.5019027603568327
39	63	1.4093444632112193
39	64	-1.5406511796961033
39	65	-2.2573569446065918
39	66	-0.47877934694054664
39	67	0.22003701080870086
39	68	-0.7023469852093754
39	69	-0.009313971275430395
40	40	NaN
40	41	-0.24997865391443225
40	42	-1.6952021940352306
40	43	-1.7626044130065042
40	44	1.95115264842861
40	45	-1.1268926385148503
40	46	-0.19207697964705156
40	47	0.7312774137931038
40	48	-1.1934781604574538
40	49	2.1829414832232006
40	50	-1.3923086661399007
40	51	-2.37647295843106
40	52	5.994356433998826
40	53	1.5600931556465325
40	54	0.27133114973718897
40	55	2.3448799335092523
40	56	3.109456253847188
40	57	1.4973493576055805
40	58	-2.397560270607558
40	59	0.7860511459467892
40	60	-2.0963500479780666
40	61	-2.05661047540388
40	62	-1.2308587661334995
40	63	-0.20952285066384177
40	64	1.8285059663552798
40	65	4.063061874573318
40	66	0.355569481344244
40	67	-3.3626051017539145
40	68	-0.531104144818981
40	69	-0.8491662050302488
41	41	NaN
41	42	1.7257594669191
41	43	-1.2389821477232597
41	44	-1.877308802242423
41	45	0.601983135799634
41	46	7.11967675394413
41	47	-2.71085003765347
41	48	-0.9801099912420083
41	49	0.6522060634990536
41	50	-1.3183824889697384
41	51	0.24340366460253104
41	52	-3.299539427334906
41	53	-1.5438503026622152
41	54	-1.5323767686841028
41	55	-0.8214200724943894
41	56	-1.220909464703517
41	57	-0.4482404330558449
41	58	0.39620910280946714
41	59	-1.527895352487565
41	60	5.6429692526267665
41	61	1.878510703125563
41	62	-2.9906293233929393
41	63	2.664500250556307
41	64	-2.4802943825893
41	65	2.423166882149508
41	66	1.1696365666455182
41	67	-0.5775435531157574
41	68	4.484292683977676
41	69	-0.7198828177454951
42	42	NaN
42	43	6.500439415449396
42	44	-0.6543965867733993
42	45	6.8458248643331725
42	46	-3.6772502446497306
42	47	0.3869263462055307
42	48	4.177762799732638
42	49	-1.5440221573192878
42	50	-0.06930761544509717
42	51	-0.370181373927028
42	52	-3.0748535959178884
42	53	-0.39930643021031714
42	54	-0.34538235847965687
42	55	-2.6017252215848523
42	56	-1.6667385277829734
42	57	1.0946401770112413
42	58	-2.2297465333643602
42	59	-0.008188137218828771
42	60	2.940493244919514
42	61	0.9148632591751723
42	62	3.444831821218964
42	63	0.6244551422649803
42	64	-0.43401713432305844
42	65	1.1771117453333555
42	66	3.1695178517295495
42	67	-4.308686244408333
42	68	0.9851345398679112
42	69	-0.582287214369535
43	43	NaN
43	44	-0.08718494048955268
43	45	3.307335499966744
43	46	2.3699084469062304
43	47	-0.5825669079444357
43	48	1.2816581341550592
43	49	-1.2686560236027737
43	50	2.4836518451958662
43	51	-0.5838755236644506
43	52	-4.769482447053886
43	53	-1.825003928960571
43	54	-1.1269018214876192
43	55	-3.8128096594326664
43	56	-1.1716993662724517
43	57	-1.8816632622133849
43	58	0.43343378871551075
43	59	-2.436180772094504
43	60	0.23127127497644237
43	61	-0.40607085845653207
43	62	-1.8264436684046026
43	63	0.9810928287122618
43	64	-0.1184959910315077
43	65	0.6391491880611663
43	66	0.5558471361297409
43	67	2.2077135691228764
43	68	-0.12389305948640614
43	69	3.757501869524369
44	44	NaN
44	45	-1.9424059925029602
44	46	-1.1826531277904337
44	47	0.7506095174677054
44	48	0.5027144775907976
44	49	0.9029721821716589
44	50	1.850402972351191
44	51	-0.332230116479066
44	52	1.4094364518284794
44	53	-1.0090510432584157
44	54	-2.422178338912281
44	55	1.1801350439162448
44	56	-0.7043874645282455
44	57	-0.632269900215913
44	58	2.1431556153105498
44	59	-0.2590227710810254
44	60	0.7280621856539842
44	61	1.6444376031409669
44	62	1.260988653545231
44	63	0.4009471006999939
44	64	-1.1152543222551308
44	65	-0.43608805784179905
44	66	-1.2468368728917292
44	67	-0.25356295953204283
44	68	-0.16663185820406845
44	69	-1.655912539302041
45	45	NaN
45	46	5.42439063887852
45	47	-1.244751509718233
45	48	4.0359016824376654
45	49	-4.375438011238498
45	50	-2.4219800179299917
45	51	-2.002222429501315
45	52	0.2952683434859852
45	53	-3.2894353959982974
45	54	1.6561964829865639
45	55	-0.8554372865930285
45	56	0.47981313508237367
45	57	-0.7273774207195041
45	58	-1.443063052648002
45	59	1.1239390946557137
45	60	1.8224282998600208
45	61	0.5472346616595098
45	62	1.9818876482255696
45	63	1.76480619764194
45	64	3.1332170740810588
45	65	-0.39522953588161075
45	66	3.1342534903574455
45	67	0.549799740770878
45	68	0.8251478076320663
45	69	-2.3584187500260376
46	46	NaN
46	47	-1.7238932963055285
46	48	5.484935672586375
46	49	-0.9388177259921946
46	50	1.4970784704623175
46	51	2.93253500076594
46	52	-0.6134391485094114
46	53	-4.949041811976227
46	54	-1.0651630756473895
46	55	-2.163731644926165
46	56	-0.31342561785949363
46	57	-0.40341474714415126
46	58	-0.36739038128465795
46	59	-1.045209751912824
46	60	5.658266093649434
46	61	2.8082654265979152
46	62	-0.06603364997100854
46	63	0.9530822785186437
46	64	-0.9039724500901632
46	65	-6.456458543087987
46	66	0.051238279298595306
46	67	2.5361619149782673
46	68	-3.8653168205559614
46	69	2.8061248391258373
47	47	NaN
47	48	-2.0981704301642625
47	49	0.09561684320280332
47	50	2.488867309596221
47	51	-0.9410385186109506
47	52	-1.46367156427081
47	53	-0.7291639945965671
47	54	-0.1522451310142528
47	55	-2.563491592721556
47	56	4.9763443552992275
47	57	-2.31801801560574
47	58	1.45182456974829
47	59	0.5717029538603691
47	60	1.1750501611092676
47	61	-0.3960739870199112
47	62	-0.8162717828031927
47	63	-1.4011014015945242
47	64	-0.8124191706722009
47	65	2.5908932798763082
47	66	-1.6841678818790284
47	67	-2.4619779038014773
47	68	-3.208583056521037
47	69	-1.2565831801873308
48	48	NaN
48	49	-0.09732971423436096
48	50	1.0385973219093294
48	51	0.8316216586378181
48	52	-0.656858217314815
48	53	-0.9853224139168381
48	54	-2.090387201924802
48	55	-1.3112587216253833
48	56	-1.9700262504196242
48	57	-2.306544505507043
48	58	0.7510068004533618
48	59	-1.5252841698480333
48	60	-2.5274334845802935
48	61	1.6444148059395733
48	62	0.5858956681178011
48	63	0.07836377594934749
48	64	0.21510317147996416
48	65	1.4596310632185914
48	66	-0.48025191411449236
48	67	0.8276473644309948
48	68	-2.9905529753916213
48	69	-0.964200414419481
49	49	NaN
49	50	-0.14577709683510678
49	51	-2.5617006523894816
49	52	2.9595563851230327
49	53	0.9835912356603834
49	54	3.8322633362464744
49	55	2.4215494162464664
49	56	3.0929382383009876
49	57	4.410987296515228
49	58	-1.9680229140184597
49	59	-0.17191515329132498
49	60	-2.2156414886789046
49	61	0.015581231681249771
49	62	-1.7359692309195265
49	63	-0.061316733406165155
49	64	3.698631762925473
49	65	1.1432556095770756
49	66	3.549803378625961
49	67	-2.6913603953264342
49	68	-2.64476690634623
49	69	-1.8420213209509537
50	50	NaN
50	51	3.853833695200535
50	52	-0.8515608983010661
50	53	-0.8808351832102422
50	54	-0.2569262579273563
50	55	-5.741047932657025
50	56	0.14145036336922376
50	57	-0.17785743173361365
50	58	-1.5081568672561685
50	59	-0.27093236334118936
50	60	-1.6920075815294635
50	61	2.915183137895114
50	62	-0.07932271911404659
50	63	-3.6408244687879057
50	64	-2.9437443999130055
50	65	-2.1222783032177466
50	66	-0.7352735640945353
50	67	0.6301579449508367
50	68	0.5923641674958471
50	69	4.699881244660142
51	51	NaN
51	52	-1.9663385234244184
51	53	-3.5429971234831488
51	54	1.9167336900078988
51	55	-3.490781662696564
51	56	-2.4791799353949737
51	57	-4.022589322208062
51	58	0.692299005969663
51	59	-1.2499367732232647
51	60	0.9853399327160637
51	61	2.9173919279418596
51	62	3.2647290187963107
51	63	-0.6762833362882245
51	64	-2.200832760312678
51	65	-3.25861190874735
51	66	2.7332249382866687
51	67	24.864379366509052
51	68	1.4617240817082988
51	69	0.5086358065559672
52	52	NaN
52	53	1.7173200519512524
52	54	0.39104699588916264
52	55	1.0477644674473838
52	56	3.8111627501887986
52	57	4.740223960489289
52	58	-2.861262026164054
52	59	0.795964191216954
52	60	-3.600693900383507
52	61	-0.7187609455156404
52	62	-1.3875602725759069
52	63	2.9553416356837903
52	64	1.7632317739221648
52	65	4.072875720644863
52	66	1.722480004214441
52	67	-2.58130764460349
52	68	-3.9315275049123244
52	69	-1.485359272187159
53	53	NaN
53	54	0.7454632534793932
53	55	0.0013089404872196266
53	56	2.286164411821652
53	57	0.651892391252053
53	58	-2.8210588608780105
53	59	0.3045804186398997
53	60	-2.2105603669480627
53	61	-1.226310469819455
53	62	-2.9970385349451436
53	63	-0.7273099509381107
53	64	1.6608023722100167
53	65	0.9661488956692914
53	66	0.44653254742119264
53	67	-3.2465509081328774
53	68	4.588996367568565
53	69	4.511836984590507
54	54	NaN
54	55	3.1817988179074352
54	56	0.01953952125307
54	57	3.70777176335776
54	58	0.16636735094177366
54	59	2.7963027803640346
54	60	1.294037646296531
54	61	-1.0349437400401935
54	62	0.9505314660986733
54	63	1.2351643269251407
54	64	-2.7285165250661936
54	65	5.497521441392023
54	66	2.416041289878468
54	67	6.441544764810125
54	68	2.809776802500048
54	69	-2.5937027272269058
55	55	NaN
55	56	2.9389491843214284
55	57	5.290819148680607
55	58	-3.5167735543056713
55	59	1.6919597842567384
55	60	-0.2964677001108671
55	61	-0.008078128763932723
55	62	2.052033500188613
55	63	0.41876019239275897
55	64	3.898533211091542
55	65	-1.3625080349732248
55	66	1.054995331031413
55	67	-3.844039109213338
55	68	-1.1031693670083864
55	69	-0.6410364642103594
56	56	NaN
56	57	3.355490834304699
56	58	-0.0884591122919512
56	59	0.6243920449180781
56	60	0.5109561964041355
56	61	-2.7889527013799165
56	62	-2.5726130790549147
56	63	-2.3803562728723056
56	64	0.36380872933394487
56	65	1.4328652844788607
56	66	0.4713558339137315
56	67	-2.462900681865677
56	68	-1.1180082226793784
56	69	-1.0655261314616744
57	57	NaN
57	58	1.0984259719151928
57	59	2.207646312730101
57	60	-4.691537935080866
57	61	-1.5390922124252786
57	62	-1.631247548803494
57	63	-1.122524259390232
57	64	1.1077071457372332
57	65	3.5535291399295845
57	66	0.8796477259291505
57	67	-0.49688178389274984
57	68	-1.152281804549322
57	69	-2.7290948739889216
58	58	NaN
58	59	1.5100290124455444
58	60	4.155313833439505
58	61	1.4575808808838118
58	62	0.19080937882752647
58	63	3.9413564991010026
58	64	-1.6340818683712022
58	65	-0.6926829400638554
58	66	-0.6117789916999917
58	67	3.533781257246268
58	68	1.3886264630661531
58	69	-3.3923541507136568
59	59	NaN
59	60	0.08689409031497182
59	61	-1.235395630393145
59	62	1.7563301941189284
59	63	1.242344306574807
59	64	2.3875535001017147
59	65	0.23696808960228838
59	66	-1.7107300054054453
59	67	-2.167652876968014
59	68	0.5035496247392666
59	69	-1.317825463325872
60	60	NaN
60	61	2.6885920577514564
60	62	3.1679462898709696
60	63	-1.9110306904277434
60	64	-1.273674480143081
60	65	-1.9599130788559183
60	66	-0.068907924019164
60	67	-0.7917373988606676
60	68	0.558375298572238
60	69	-0.7545113097672733
61	61	NaN
61	62	1.4739431799518032
61	63	0.3286935789306958
61	64	-0.6884912171678512
61	65	-3.6271589692668247
61	66	2.8202615123792825
61	67	2.636650511403637
61	68	0.9229134005345501
61	69	-0.8290693251120027
62	62	NaN
62	63	0.06272784238802971
62	64	-0.20821642561782475
62	65	-2.161288717823403
62	66	-1.0506153437096828
62	67	0.04305386461045286
62	68	-0.0020817819341164136
62	69	2.611782882880909
63	63	NaN
63	64	0.5979945766272952
63	65	0.35129696204109373
63	66	0.42603563816669976
63	67	2.2251960558662116
63	68	-2.08067486786582
63	69	-2.980438453636823
64	64	NaN
64	65	0.9721722173067747
64	66	0.3137572428528716
64	67	-0.24285164820490587
64	68	-1.2105467813208886
64	69	-0.14206576734340443
65	65	NaN
65	66	2.8473494518829887
65	67	-0.93075139558698
65	68	2.0475627072066866
65	69	1.0747895832924945
66	66	NaN
66	67	4.849532781766981
66	68	3.825655738087271
66	69	-0.2675182866559952
67	67	NaN
67	68	-0.6249732643547865
67	69	-1.1922325351042526
68	68	NaN
68	69	2.270563824708291
69	69	NaN
