1	1	NaN
1	2	-2.1380714630091373
1	3	-0.5139048154972943
1	4	-1.1961590000457154
1	5	7.361517731850302
1	6	0.9328636874997328
1	7	8.028169520668547
1	8	1.4568037477322258
1	9	-2.5613955812105305
1	10	1.1885231914756655
1	11	-0.9224027919022568
1	12	-1.084229856492918
1	13	-0.07875601893490974
1	14	-1.6196162790450648
1	15	-0.3421262602002537
1	16	-2.3610195371190934
1	17	-1.7431130466655902
1	18	4.049066706906874
1	19	-0.5254768299027007
1	20	-2.0768316441951375
1	21	-1.5777638652994495
1	22	1.1869947570317312
1	23	-0.9872803799116885
1	24	0.521864886036905
1	25	-1.2186666584980643
1	26	-0.4110629215151121
1	27	0.39738330360461854
1	28	-0.6189543028878058
1	29	-0.2807959322641964
1	30	-1.3399070662684005
1	31	-1.1377523682557296
1	32	-0.7087313764642831
1	33	-0.6545808362269286
1	34	2.268725249097563
1	35	-0.15897987741161493
1	36	-1.3638421635180467
1	37	0.5337495251565414
1	38	0.7122210392556233
1	39	-0.3622292535774608
1	40	1.3158076988075358
1	41	0.37074755645175833
1	42	0.1853108795467828
1	43	-1.9011613796278664
1	44	-2.1622534820268187
1	45	-0.16508603475831934
1	46	-1.6716026840617082
1	47	-0.9712231842969302
1	48	0.3903758935799495
1	49	-0.08839115927887983
1	50	-0.5430112029763574
1	51	-2.0951651393323387
1	52	1.3644362440318358
1	53	0.6446144330946048
1	54	1.8475170694005396
1	55	1.4597135772201746
1	56	1.19526596072149
1	57	0.0475357926294597
1	58	0.07297373904965611
1	59	1.0995839115146333
1	60	-2.1868238379613065
1	61	0.524117562729272
1	62	-1.2031859520210322
1	63	-1.2973472770599446
1	64	1.6963799571455318
1	65	1.2048324299984843
1	66	0.7684402872891543
1	67	-0.8775450469816786
1	68	-2.1586477212120183
1	69	-1.2123495300458382
2	2	NaN
2	3	2.1088353948055434
2	4	-0.9190335940800763
2	5	-0.5096225586390913
2	6	-1.28424158058417
2	7	1.133896530558399
2	8	2.099135751135839
2	9	-0.0277460497730595
2	10	-0.3264165451006137
2	11	-3.44152533779169
2	12	2.643620061890913
2	13	-4.24149842009806
2	14	-3.7912698070713216
2	15	-0.6312711807213681
2	16	-2.1117800908789457
2	17	-0.8148739009613324
2	18	0.4077382130382842
2	19	-1.0392347158257755
2	20	1.3277003933968048
2	21	1.7764750694581741
2	22	-1.4232027826070461
2	23	0.5832545518906678
2	24	-2.6077708287040755
2	25	-0.5644744337923041
2	26	-0.20363539704672484
2	27	-0.5686817457354566
2	28	1.0948585532758686
2	29	1.458234002385224
2	30	0.6347945195114513
2	31	-0.7614930492991081
2	32	2.5245456916482745
2	33	0.6169493449860105
2	34	-1.4386554793176825
2	35	0.0432911517779916
2	36	-3.1407586388850244
2	37	0.04221714291670113
2	38	-0.6246922499443288
2	39	-1.128087257066631
2	40	0.7262532068401847
2	41	-2.720174297664552
2	42	1.8964991031166183
2	43	0.1986137218921681
2	44	1.5355581915222158
2	45	-0.8609977700132042
2	46	-2.171652012255755
2	47	3.734835019908752
2	48	2.7448215732381374
2	49	1.8977134181800464
2	50	-0.18719507673500502
2	51	-1.3272211809732222
2	52	-1.2838619131760445
2	53	-0.12261460870636322
2	54	1.3203336541254953
2	55	-0.34951439372973636
2	56	1.0343963332909676
2	57	0.12360092822664316
2	58	5.8712333886129136
2	59	-1.7228750254020815
2	60	0.6252446028275762
2	61	7.225350262346175
2	62	-0.6014426504206072
2	63	-0.20982613840493494
2	64	-0.4348316247913399
2	65	-1.6297716072495916
2	66	-1.8588009056300017
2	67	-0.291036070323898
2	68	0.7569665766561163
2	69	-1.8566059424183683
3	3	NaN
3	4	1.8035481577459866
3	5	-1.3857596454328271
3	6	-2.45183431911682
3	7	-0.352974256155056
3	8	-3.2425239875718144
3	9	0.3142620624549947
3	10	-0.8910453490840562
3	11	-0.9838197962566483
3	12	0.486537452261746
3	13	1.012172062817389
3	14	1.8754004703643103
3	15	0.6534383542853205
3	16	-1.723871313415039
3	17	-0.25179624236916154
3	18	0.979301599107428
3	19	0.09044251467398941
3	20	-1.1251864111708152
3	21	-0.4896054392671481
3	22	1.382045540447958
3	23	2.269206766559448
3	24	-1.0502536015418171
3	25	-0.2340437645410936
3	26	1.888456537797148
3	27	-2.1025573826114474
3	28	1.7136167889664418
3	29	-1.4690630001115619
3	30	6.0662441660282855
3	31	3.13287294582803
3	32	-0.023761470603371634
3	33	-1.5978517088454764
3	34	-2.384924992429237
3	35	-2.178402911036269
3	36	1.6841017439549768
3	37	-1.3340816274429559
3	38	0.48404872752773553
3	39	0.08287858560754693
3	40	-0.1115744455541149
3	41	-1.119952341078033
3	42	0.64061525446607
3	43	4.1547066584475125
3	44	0.4945547194895236
3	45	0.4858002268423507
3	46	2.0177397914209134
3	47	-3.3823234416875394
3	48	-2.127397203461312
3	49	-0.21817652017009917
3	50	2.878491686762401
3	51	-0.5759498810745718
3	52	-3.0258558493524137
3	53	-3.8678457604714325
3	54	-2.3289735812941474
3	55	0.5627243901325983
3	56	-0.47608938068320616
3	57	-1.115534346657842
3	58	1.2117086281976595
3	59	0.9759170389461655
3	60	-1.1829829974416282
3	61	5.555072229072959
3	62	4.846627396477683
3	63	1.8603739291227148
3	64	0.41056533548191004
3	65	1.9495661026425952
3	66	2.7254227666891473
3	67	-3.697474455519735
3	68	-2.2392421079898956
3	69	2.7569760982971294
4	4	NaN
4	5	-1.01737436826866
4	6	0.750362137524826
4	7	0.18219049192199988
4	8	0.031443779442221716
4	9	0.48120206864743453
4	10	-0.42234848847204226
4	11	-0.6682831434055216
4	12	-0.6947226869597656
4	13	2.311362853167385
4	14	-1.7337299283691174
4	15	0.664527348818894
4	16	-0.74846316737901
4	17	0.003743435200830547
4	18	0.6976515221536399
4	19	0.4246774383210687
4	20	-0.3479325609292997
4	21	0.09897690178526469
4	22	2.0395084812243622
4	23	1.2770284198731048
4	24	0.77785885992161
4	25	-0.28882203012215873
4	26	-1.3237800071322725
4	27	-1.8018483963645266
4	28	2.178046489616491
4	29	-1.132849181281612
4	30	-0.8726161868169504
4	31	2.019160191103889
4	32	-1.4262566670418861
4	33	4.6051599779863945
4	34	-1.139709907777556
4	35	2.365784953330681
4	36	-1.6982365657044407
4	37	0.5208754490971216
4	38	-2.0369824448219003
4	39	-0.8942857158812157
4	40	0.36987051254267395
4	41	-0.22047414097391074
4	42	-0.9579661701387068
4	43	-3.756328154027956
4	44	0.9924305343072435
4	45	0.8804821563735943
4	46	-1.2484902729395677
4	47	-0.05817760475529461
4	48	0.25720121011864866
4	49	1.3543826105348895
4	50	0.5685708844618237
4	51	-1.21703369417822
4	52	0.0011155454967568513
4	53	-1.0020109523414136
4	54	-0.010003860702159079
4	55	0.9094856496964913
4	56	-1.6358666754713307
4	57	4.399868521909946
4	58	-2.8827423285779536
4	59	2.470558451378346
4	60	-0.9268196604628672
4	61	-2.367694496235913
4	62	-1.1976215069332072
4	63	-1.2002206389637362
4	64	1.2216027290932676
4	65	-0.872054079800212
4	66	-2.3217921348742214
4	67	0.7764179182492511
4	68	0.405697635144847
4	69	1.4294257045295171
5	5	NaN
5	6	-0.7507318026761586
5	7	-1.3597544473937362
5	8	-3.1837141838491387
5	9	-2.396963722648696
5	10	-1.4891267412822686
5	11	-2.8181932049850222
5	12	-3.6653176283553686
5	13	-3.425118783098497
5	14	-2.2187310585534563
5	15	0.11576920261394863
5	16	-4.313861785715363
5	17	-1.5008582516915014
5	18	-2.378264792322449
5	19	1.541923650198009
5	20	-5.503094492332526
5	21	-0.8209327454083747
5	22	-2.8924092058968784
5	23	0.0334477130263875
5	24	-1.285978566443649
5	25	-3.3137208875966513
5	26	-1.4056427262226165
5	27	-1.441115422863379
5	28	-0.8895575448938136
5	29	-4.902814831377122
5	30	4.287262828050819
5	31	-2.5776386025470144
5	32	-0.4114727687334418
5	33	-2.073602922000349
5	34	31.949503191770066
5	35	-1.8977054004085145
5	36	62.82521781701243
5	37	-1.6369101638525312
5	38	-3.7525674414709167
5	39	-1.354121176480299
5	40	-1.7115610636263254
5	41	1.5961828187284093
5	42	-3.2119583378031047
5	43	0.49816384282648873
5	44	1.8409126336459862
5	45	-1.6347494531789464
5	46	-1.2821707878943616
5	47	-1.6989742745775545
5	48	-1.7960329718526535
5	49	-2.35784813837554
5	50	-1.215901578342515
5	51	1.3103267514498975
5	52	-0.11026179504688421
5	53	-2.6579844530244965
5	54	-0.4976263197522476
5	55	-3.7238371204549967
5	56	-0.6017968085011015
5	57	-3.538861685161759
5	58	0.4503714759131275
5	59	-0.7926627783469092
5	60	-3.293851905577133
5	61	-3.7750477844754213
5	62	-0.012419715109280064
5	63	-1.1777491901640749
5	64	-0.614441559638231
5	65	-1.8499122743309806
5	66	-2.0901043792553393
5	67	-2.0339406604788373
5	68	-0.5363988413335194
5	69	-0.2166065868845855
6	6	NaN
6	7	-1.6131708180409088
6	8	1.1370469976313904
6	9	2.29327623816702
6	10	4.013970955709046
6	11	-0.7849648239327096
6	12	-1.0275576931626
6	13	-0.15263992487258277
6	14	-0.6130058953164217
6	15	-1.0085905431642725
6	16	1.9250226049011725
6	17	-0.07875973183206977
6	18	-1.8564987055477247
6	19	-3.001171745229938
6	20	2.8777419184177617
6	21	-3.180620049152324
6	22	1.7327981846176126
6	23	0.2518319131105938
6	24	2.630728864047136
6	25	-2.109787028211238
6	26	-2.5691202074596857
6	27	2.088556665557652
6	28	-0.6405709096690789
6	29	-2.6191999888647968
6	30	-1.6366357017410949
6	31	-0.7243568989237867
6	32	-1.5225410501136187
6	33	2.253957695212841
6	34	-2.745790821940261
6	35	4.128980391397683
6	36	-2.7727479326718996
6	37	1.751724070611685
6	38	0.35604573740755907
6	39	1.8069125784392845
6	40	3.3780492888316194
6	41	-0.7827401507476476
6	42	-0.8574876586391371
6	43	0.8271325039739158
6	44	-1.0248897308207583
6	45	-1.099626020120642
6	46	-2.528507847352773
6	47	1.907876633574711
6	48	-1.4090597688525024
6	49	4.652295183030967
6	50	-2.939761255204029
6	51	-1.4018203032939374
6	52	2.992368374755966
6	53	2.936250179920038
6	54	1.6154989399201527
6	55	3.4611588210219444
6	56	2.465389998526367
6	57	5.747390192656892
6	58	-2.242670911736752
6	59	1.0730523101760812
6	60	-1.7585499147051298
6	61	-2.326271953105009
6	62	0.28771024627285074
6	63	-0.5592725277699231
6	64	-3.663177612951344
6	65	-1.5210403090132734
6	66	0.7282501061052371
6	67	-1.813690948922556
6	68	-2.3159925192193036
6	69	-2.3922175001607604
7	7	NaN
7	8	0.4430311383554064
7	9	-5.400282663274467
7	10	-5.028180457250458
7	11	-0.786326100348958
7	12	-0.43106550312463293
7	13	-2.8807384604619584
7	14	1.7315428178641958
7	15	-3.7172696565301866
7	16	-1.585140816686139
7	17	0.004408298153515019
7	18	-2.167449485073413
7	19	1.1120215526134942
7	20	-3.288884043330031
7	21	1.469054830447762
7	22	0.23733855627014674
7	23	-3.341600056544285
7	24	-2.201847469514421
7	25	-1.2160524243857842
7	26	-0.9254031166035382
7	27	-3.6528825342685587
7	28	0.5080722053840403
7	29	-2.6678102717162724
7	30	-2.293525772207325
7	31	-0.9461689859959316
7	32	1.5247319625986975
7	33	-0.6518266713596806
7	34	-0.7383773646490133
7	35	-1.3070178629049072
7	36	48.4835319484531
7	37	-1.4607015880953786
7	38	-2.9863299203883567
7	39	-1.942346975645042
7	40	-1.8164284213238573
7	41	1.311359039564905
7	42	-2.1774574166209177
7	43	4.076982625546319
7	44	-0.16884824592921968
7	45	1.1707647221574333
7	46	-2.8953309569367267
7	47	-2.253609063506467
7	48	-1.9114206436880674
7	49	-4.2499151619367685
7	50	1.4071375833120865
7	51	3.104783223605961
7	52	-2.5885199255506977
7	53	-1.9802479708482572
7	54	-0.7447711323712614
7	55	-1.8131644486957001
7	56	1.294116731316293
7	57	-0.7420756363305309
7	58	0.7193690454625675
7	59	0.5848019317476759
7	60	2.9288138338026837
7	61	0.13163034595306833
7	62	-1.7379021292527808
7	63	-2.3560482390802786
7	64	-1.074093837951715
7	65	-0.408562831343129
7	66	0.7453106235603997
7	67	-1.2830405626162007
7	68	0.42857032464150546
7	69	1.7664923679915867
8	8	NaN
8	9	1.98748571615106
8	10	1.4713144401595244
8	11	-0.9196697489587929
8	12	-3.1108491133766765
8	13	1.4120128684230862
8	14	-1.5129141381375115
8	15	-3.7745773700616416
8	16	-1.6878323244508837
8	17	-0.07184104937286576
8	18	-1.7868496623097823
8	19	-1.2875288358753594
8	20	1.2579946990152735
8	21	-4.647913265054745
8	22	0.779364140019104
8	23	-1.9488926923758456
8	24	0.8257322488395691
8	25	-2.184240738395839
8	26	1.0421076666285443
8	27	0.048603932974561705
8	28	-3.5886400520453625
8	29	-1.107032128613479
8	30	-2.80335584809007
8	31	-4.0528282075966855
8	32	-0.619494247770155
8	33	-0.19031019507752037
8	34	-4.8189971357512595
8	35	0.8249706856431865
8	36	-0.06954532938943177
8	37	19.027384509554867
8	38	1.6449218904624896
8	39	0.40649225665036687
8	40	0.25298226075049823
8	41	1.3232741124887253
8	42	-2.877998639747468
8	43	-1.1561338237209628
8	44	-2.03533149647434
8	45	-2.9369387845810055
8	46	-2.6801750111143114
8	47	2.0976569584269655
8	48	0.39582841194894286
8	49	0.30742101970520574
8	50	-1.5682345737966685
8	51	-4.555655271942122
8	52	1.9942768384161746
8	53	29.586800279759192
8	54	3.253670399952428
8	55	1.9210918498535716
8	56	1.7975286729248476
8	57	1.5909087539528508
8	58	0.522707031360175
8	59	-1.2431357617133614
8	60	-3.053676815128093
8	61	0.0041112203735217834
8	62	-2.959997102124375
8	63	-1.1158708979414536
8	64	-0.06448063884114223
8	65	-0.8832833602152714
8	66	0.339187159565976
8	67	-3.3810208858597335
8	68	-3.8460991328165863
8	69	-1.6623070452389446
9	9	NaN
9	10	1.8027030956767849
9	11	0.5196712783300883
9	12	4.389171339591582
9	13	-3.2246526305869585
9	14	-0.45414522705715415
9	15	0.07194130254384844
9	16	-0.39544399819061343
9	17	0.9084929153811948
9	18	-3.5529028894193124
9	19	-1.7168705559892299
9	20	3.954231766418972
9	21	-2.7787545019765187
9	22	-2.405844425926099
9	23	-1.674705148899236
9	24	2.9064507400454636
9	25	1.260342887635468
9	26	-0.8997336511331803
9	27	3.2299698537755877
9	28	-1.9286616065934012
9	29	-2.2252177645709335
9	30	-0.20150625631019647
9	31	-0.858427655252935
9	32	0.0036498491797215846
9	33	3.304780716466229
9	34	-1.2122319084182702
9	35	2.434521846891251
9	36	-2.270444036074423
9	37	0.7772984810424757
9	38	-0.5959067134125726
9	39	-1.7858949576706409
9	40	2.6501966824752823
9	41	-0.6513362113068512
9	42	-2.427865532688956
9	43	-1.2804936268740081
9	44	-3.4684682010834393
9	45	-0.5238622425748639
9	46	-0.18702302209963118
9	47	2.015341805058109
9	48	-1.6019805350245884
9	49	3.2337283636749397
9	50	-2.530548641296739
9	51	0.544982977841112
9	52	4.4915751525586405
9	53	3.4246029031944447
9	54	-1.3784975546411653
9	55	2.272047568520238
9	56	3.480896949322276
9	57	3.060565007386411
9	58	-1.6581250663850653
9	59	3.1595594328265357
9	60	-0.9463332547328354
9	61	-0.2134138563986201
9	62	0.020487648883311015
9	63	1.9716633244233088
9	64	-0.32412640963546213
9	65	-1.570607966929617
9	66	-1.483635832806869
9	67	-3.4331487690996467
9	68	-1.7745421856544084
9	69	-1.0274281226938464
10	10	NaN
10	11	0.6081307302636113
10	12	-2.7600474258897765
10	13	-0.2168145485121499
10	14	-1.7159947437822034
10	15	-0.48798813784055717
10	16	-0.9171078682907392
10	17	32.37996879922121
10	18	-1.672707368470913
10	19	-3.8975276576165405
10	20	1.05256378536244
10	21	-2.1916127496548596
10	22	-2.309531927161114
10	23	-1.9533096939929537
10	24	1.6870595227464595
10	25	-0.7898975673074836
10	26	1.4617506355451504
10	27	0.28143192026691727
10	28	-2.9041723681709812
10	29	2.70086289756757
10	30	-2.757288255788977
10	31	-0.32513686364095407
10	32	-2.8635992301477584
10	33	1.6004358090206823
10	34	-2.347724733952637
10	35	0.881285871402474
10	36	-0.016543120778614626
10	37	1.7487889771788687
10	38	-0.18002897921822414
10	39	-1.7610058394062804
10	40	0.37155243754444617
10	41	-0.29807918036707576
10	42	-4.267531463253368
10	43	0.07561875164614523
10	44	-0.9603310588844566
10	45	-1.633006685479328
10	46	-0.48699442018967753
10	47	2.095364707907102
10	48	-0.5308427667599878
10	49	1.3985924109187113
10	50	-2.5712626670606813
10	51	-2.236422002215567
10	52	1.6600119462386307
10	53	-0.14012976448686482
10	54	-1.0444914949083708
10	55	1.9414711827657603
10	56	2.773750551857324
10	57	4.921523149174038
10	58	-2.4496087572648846
10	59	0.9268452713326784
10	60	-0.08909659684382942
10	61	0.02414381779057443
10	62	-0.20014351982222195
10	63	0.1471136276580944
10	64	-1.8960051849339503
10	65	-3.1854882730653578
10	66	-3.1830104709080063
10	67	-2.3424085604746807
10	68	0.9297703830803832
10	69	-1.4392555866394987
11	11	NaN
11	12	1.4613495520597903
11	13	-1.2082791002316104
11	14	2.3502595255678713
11	15	-2.1347302608676912
11	16	-0.7368186864275279
11	17	-0.820467884692503
11	18	-2.327739105061643
11	19	-0.7528189033123129
11	20	-0.22725591145420346
11	21	0.7104930648628714
11	22	1.4766186729412303
11	23	0.3965707798072202
11	24	0.42991531953893297
11	25	-0.6069508057421995
11	26	-2.1446910371201
11	27	-1.4967128145125705
11	28	2.460108492121686
11	29	0.9416057416835137
11	30	-2.482329800079277
11	31	0.47491215309466933
11	32	-0.4680805563294717
11	33	0.0099634150448153
11	34	-0.2516893904790167
11	35	-1.0021489902829057
11	36	-2.6319367779201364
11	37	0.8264964677676322
11	38	-0.40066420788943713
11	39	3.779420778427967
11	40	3.1249140580554995
11	41	3.7478263125025
11	42	-1.772830466356729
11	43	0.5079373237415801
11	44	2.2676733983945176
11	45	2.769962044426907
11	46	-3.5727686812313326
11	47	0.4653244803202557
11	48	-0.06985920417769825
11	49	0.6862654235062132
11	50	1.7567144485485295
11	51	-0.4491075863693094
11	52	4.893322016802026
11	53	-1.0335192213054354
11	54	-0.20440894304744722
11	55	-0.2395979939854646
11	56	-0.013138692219778082
11	57	-1.0101326397180994
11	58	-0.0735223620590563
11	59	-3.432217627327524
11	60	-1.880692307948774
11	61	-1.103682712399428
11	62	-0.5052577669728847
11	63	-1.07450385978257
11	64	1.8821318294009401
11	65	1.7450112728578835
11	66	-0.9289210778361997
11	67	3.01596223481462
11	68	0.6091552353545184
11	69	1.6640749793439409
12	12	NaN
12	13	3.419763217841867
12	14	-1.2361434446768003
12	15	-3.528299000564052
12	16	-4.086081177638157
12	17	-1.8146413648845305
12	18	43.343512193407335
12	19	-1.401341848662334
12	20	0.625363734765262
12	21	-1.5512832801965954
12	22	-2.1852155755701914
12	23	-1.133512095102965
12	24	-2.3277856703588133
12	25	2.007419750519223
12	26	0.14476354516923542
12	27	-0.6132911199106752
12	28	-1.0112065578774667
12	29	3.0407717292100482
12	30	4.052655670031719
12	31	-1.7733415931707643
12	32	1.8474037929306197
12	33	-3.7000904293734305
12	34	2.897107407422556
12	35	-0.7329888643772993
12	36	-2.2405650696488415
12	37	-3.2843723544480543
12	38	-0.8884099011106817
12	39	1.9412946035927783
12	40	-1.9362121206349665
12	41	-1.9981038413866021
12	42	-0.5759652621610529
12	43	-3.17672042981686
12	44	-1.2622778798250467
12	45	2.250746427772705
12	46	0.5531854598198933
12	47	-2.8484787895000423
12	48	-0.7664039529325961
12	49	3.105814806793473
12	50	-1.5913426723051793
12	51	-2.716528765326078
12	52	-2.2275197159415514
12	53	-0.738013684944516
12	54	0.8090838026707551
12	55	-1.6374534219875785
12	56	0.6378385036763464
12	57	-1.5328514995799467
12	58	-0.022960938561567584
12	59	1.994458260537002
12	60	0.9138054533191121
12	61	3.511304225933713
12	62	-0.21243589775951124
12	63	1.4427414066224806
12	64	-0.6776836399645457
12	65	0.07917783855357566
12	66	0.09723256765956238
12	67	-1.702672974454911
12	68	0.2577458024450641
12	69	-5.394280581659083
13	13	NaN
13	14	0.46505288262419625
13	15	2.3915612326671236
13	16	-0.1662456100354921
13	17	-0.3056173823988501
13	18	-0.8350196407359207
13	19	-0.20765927494702535
13	20	-1.2885917097479558
13	21	-0.2577354638036695
13	22	-0.01279937113496111
13	23	2.1533393519112334
13	24	-0.7854285620426621
13	25	-1.5059402547887921
13	26	0.38276908583664615
13	27	-1.084896274644281
13	28	0.32470476454052
13	29	-1.4067108795264909
13	30	2.7000053925360383
13	31	-0.7670771408640903
13	32	-2.7543577236158634
13	33	-0.9997175392848752
13	34	1.198633914187004
13	35	-0.5256562251527389
13	36	0.8714948840767822
13	37	-0.905179934004665
13	38	0.8958471051947551
13	39	1.7093048214484272
13	40	-0.9248417565980835
13	41	1.309361261733243
13	42	0.4279878299029291
13	43	1.5186359283822712
13	44	-2.7118897984948354
13	45	2.5029474288680498
13	46	0.4358021435386043
13	47	-0.44922156454893114
13	48	3.6388163441417642
13	49	-1.0868672952016714
13	50	1.9024741240497116
13	51	-0.976308429101853
13	52	1.1103605680736153
13	53	-1.3456718577298568
13	54	-2.8500265391986606
13	55	1.6884698985928093
13	56	-1.600948856851624
13	57	-2.0389444432359194
13	58	0.1832087554705584
13	59	-0.1299659666677504
13	60	0.4106020727144314
13	61	-0.7963683157179857
13	62	3.6254373950536127
13	63	2.818821099645471
13	64	-0.04405538741550527
13	65	2.1531099602443304
13	66	3.5183917558167015
13	67	0.4923656338054036
13	68	-1.616323952996077
13	69	-0.8975122941847954
14	14	NaN
14	15	3.4909966334396065
14	16	-1.5027501956283658
14	17	-0.4233742189236517
14	18	0.7222060453339197
14	19	0.8204621399465238
14	20	1.9105503371099042
14	21	1.4564675574633361
14	22	-1.132289880826728
14	23	2.037770446046124
14	24	-0.20147442667296553
14	25	0.7815777525383647
14	26	-0.8653132801852894
14	27	-0.3036390339893875
14	28	-0.9862916846375253
14	29	-0.7567972062674023
14	30	-1.5841662528153195
14	31	-0.29036001603976447
14	32	-0.9569830612418159
14	33	-1.9343346579389398
14	34	0.03977983145252226
14	35	1.2220648936832719
14	36	-0.34909889373912845
14	37	0.52046520564502
14	38	-1.6911404350244277
14	39	0.7785686614934948
14	40	0.592273366918918
14	41	-1.4926503045124095
14	42	0.9278162104861606
14	43	1.0616065314831329
14	44	1.8150064819068255
14	45	0.08806170844801228
14	46	-1.8754807857527567
14	47	-2.2272600043858977
14	48	-0.05883120161932121
14	49	-1.009225080175674
14	50	-0.09980868993810131
14	51	-2.3010262455747976
14	52	-0.7010473497143463
14	53	8.547433851765048
14	54	-2.055805124749412
14	55	1.1422787225052657
14	56	-0.7092512867033983
14	57	-0.7733596879395467
14	58	-2.4407446244111672
14	59	-2.187120676211108
14	60	-0.995830360183482
14	61	0.932817316516708
14	62	2.2510467962560514
14	63	1.72167185349926
14	64	-1.9260313491666385
14	65	1.070549757308889
14	66	0.7203663804831554
14	67	2.4627017242902216
14	68	0.05487281451820094
14	69	3.585879176303548
15	15	NaN
15	16	4.434832976463206
15	17	-0.9201047331152078
15	18	2.7629071359589816
15	19	1.4144571689567478
15	20	-1.223261628039127
15	21	-0.36798678953268615
15	22	-1.2456059113561968
15	23	3.3079379050960243
15	24	-0.8375942968959122
15	25	1.9364546033723489
15	26	0.6484510415740034
15	27	-0.47565918446573896
15	28	2.8832252085910937
15	29	0.994389410414763
15	30	1.3424607183572401
15	31	0.7414937093181594
15	32	3.4417829789463994
15	33	-0.7929749051893463
15	34	-1.8379772108181638
15	35	-3.9360690241815544
15	36	-2.086958858996778
15	37	-0.6058712120109352
15	38	1.6441962935482706
15	39	4.533111244229982
15	40	0.6924889575257901
15	41	1.6066232575349042
15	42	-0.46646819812394336
15	43	1.453494366077895
15	44	-0.8473963220067
15	45	-0.04331319134263327
15	46	0.09081571458997821
15	47	-1.8324068378263474
15	48	1.3286014478285908
15	49	-3.9419705920937984
15	50	3.008477059796723
15	51	0.06526111887022773
15	52	-3.0200631372681888
15	53	-1.871139712279439
15	54	-0.8753235318673428
15	55	-2.112002071856603
15	56	-2.957974869994225
15	57	0.20740413263761043
15	58	0.36329280490908455
15	59	2.859325119075032
15	60	1.9886049473102487
15	61	1.5099791465141466
15	62	2.3389553568279746
15	63	-0.8265928878259509
15	64	-1.053965023456189
15	65	-0.06517993039960436
15	66	1.5164235883891444
15	67	1.1206614069666978
15	68	-1.8069388394262285
15	69	-0.5292507275762213
16	16	NaN
16	17	0.023431123080611814
16	18	2.4722242305046773
16	19	-0.08675939868378525
16	20	-1.6700513385009519
16	21	-1.3019894112960209
16	22	1.746243785043357
16	23	0.6299196871050541
16	24	-3.223049212304719
16	25	3.551254807390274
16	26	0.5960147877318417
16	27	-1.1813543261212107
16	28	0.5662027812477668
16	29	1.0586994364759565
16	30	-1.5433796475556703
16	31	-2.00546149772746
16	32	2.9620453756854017
16	33	1.5618140644096024
16	34	0.6709628588265759
16	35	-0.5034061332481474
16	36	-0.5608999391850341
16	37	-1.0635307464692572
16	38	-0.8352070608867922
16	39	-0.6679332489386728
16	40	-1.021145467014339
16	41	-1.893280394091092
16	42	0.0549933527082136
16	43	-1.5536246609393105
16	44	-0.23618439177313588
16	45	-1.5241518377774894
16	46	1.684703249581229
16	47	-2.184301197518122
16	48	-1.2595068495728878
16	49	0.1651519364613347
16	50	-3.1509834110139754
16	51	0.29528183219561627
16	52	-0.8003637919041033
16	53	4.987182493042818
16	54	1.379627006907995
16	55	-0.6646183938127127
16	56	-2.5387575022930777
16	57	-1.8795932047854327
16	58	3.799838306514017
16	59	0.226138166236395
16	60	1.7939634261380697
16	61	3.7059801754194934
16	62	0.23175213027916472
16	63	-1.7947242356173243
16	64	-0.18714389869927123
16	65	-2.010281359759128
16	66	0.6705894520185228
16	67	0.3750647891862371
16	68	2.444301434885795
16	69	17.460254607219582
17	17	NaN
17	18	-2.019578544165572
17	19	-2.7992658878548475
17	20	2.133623454325861
17	21	-1.2718398761972094
17	22	-1.4399281474188808
17	23	-2.4274746403513396
17	24	-0.38038864211485823
17	25	-2.4704067133538605
17	26	0.28891523982310824
17	27	-0.41729012687490585
17	28	-2.283446986056794
17	29	0.972054595497465
17	30	-1.9949768008880062
17	31	0.5226503211709688
17	32	-0.037989032887302064
17	33	0.8333685099691607
17	34	-0.8429997567590976
17	35	2.18459870260003
17	36	-3.8104476027387295
17	37	1.7238823450483345
17	38	0.05287721113047432
17	39	-2.0682318550604544
17	40	-0.4472565545218145
17	41	-0.6304480916415047
17	42	-1.3406757264526037
17	43	-0.301116263533446
17	44	2.3407987245089594
17	45	3.765172773127032
17	46	-1.726882710211267
17	47	2.7220245127218345
17	48	-1.6978462908502747
17	49	0.6208143089729498
17	50	-0.9080577466556466
17	51	-2.4256893853050863
17	52	2.0670765423211246
17	53	8.812509647802301
17	54	-0.9657511849551746
17	55	-0.3355285713062102
17	56	2.007655550721807
17	57	2.344304949480158
17	58	-3.7168317709519014
17	59	-1.1875380675801472
17	60	-1.0840552713124298
17	61	-0.908492180356011
17	62	-3.4116620348378057
17	63	0.5579380259521236
17	64	0.2049145338341109
17	65	-1.14672535933884
17	66	-2.688844907242722
17	67	-3.355114601332759
17	68	-1.5327510608204509
17	69	-1.972267955644171
18	18	NaN
18	19	2.1310433464312193
18	20	-1.1395833710006362
18	21	0.7779014533108364
18	22	-0.5225791762369514
18	23	0.7244213517224318
18	24	-0.37427794626314115
18	25	-3.0104386411130863
18	26	-0.8728408648639733
18	27	-0.9604839424118221
18	28	-1.067723244746618
18	29	2.228339171213522
18	30	-0.8558308665873512
18	31	-0.4074048007961148
18	32	-1.367054146544784
18	33	-2.1025246578314336
18	34	-1.2901217170059216
18	35	-3.3588026466897016
18	36	-2.550613493502683
18	37	0.6972986191403376
18	38	-3.104639228581915
18	39	-1.2998403835872996
18	40	-1.2898895144383122
18	41	-1.4692047812774836
18	42	1.308839051134167
18	43	-1.5207507916014282
18	44	-1.2836608749546337
18	45	-0.10545014578410576
18	46	0.497731257873487
18	47	-0.8217206085229398
18	48	0.8250133499545684
18	49	-1.8430216807820958
18	50	-1.4445597779411876
18	51	-1.4779263449697853
18	52	-1.9351115300501351
18	53	2.254223824087941
18	54	-1.7583064211510084
18	55	-1.3928344854158148
18	56	-1.4822448661978749
18	57	-2.8804255478703906
18	58	-0.06368456379517415
18	59	-1.308024157914754
18	60	2.186348514553179
18	61	-0.11325851800596617
18	62	-2.3899463476880523
18	63	-3.880112551352201
18	64	0.13217301954328659
18	65	0.6141147300636023
18	66	9.419075500891017
18	67	-3.2393311875823825
18	68	2.7356055073843257
18	69	-0.973628699184711
19	19	NaN
19	20	2.5439607361795575
19	21	0.05224122203769044
19	22	-0.2706408079648086
19	23	0.6555874851343639
19	24	-0.8931056285766276
19	25	-0.8379649112146583
19	26	2.8538739274551954
19	27	-0.5254157141853052
19	28	3.151126193575382
19	29	3.242905923021878
19	30	2.664078119256308
19	31	3.034725559603346
19	32	-0.09681546619178709
19	33	-2.3778244783766627
19	34	4.324473025365462
19	35	-0.7432913769157706
19	36	1.6829269664629816
19	37	-2.450107553598519
19	38	-2.971849844106803
19	39	-1.719745678959139
19	40	-2.8066931373190815
19	41	4.337172588628242
19	42	1.7005980053452783
19	43	1.024381206428555
19	44	-1.997249981777486
19	45	-0.12592260572567537
19	46	1.0715768637458447
19	47	-2.2634323307098647
19	48	2.959566245090037
19	49	-0.47224276267651216
19	50	0.6960979199562349
19	51	1.8188224722751156
19	52	-1.6657972572062327
19	53	-2.8777840035112243
19	54	0.3034381568580175
19	55	-0.47920827450902104
19	56	-3.2641827060753474
19	57	-1.2564733228427292
19	58	4.782363118721336
19	59	0.4532097581877353
19	60	2.9795389137171604
19	61	-2.9617534024094843
19	62	2.599201544681419
19	63	-2.0113789301867655
19	64	-1.5113171142956177
19	65	0.45222949703696697
19	66	-1.6315308459657216
19	67	2.637112370542728
19	68	2.6090402220402282
19	69	0.26933501368162654
20	20	NaN
20	21	-2.451790488728539
20	22	1.8974612495565153
20	23	0.03371114906262058
20	24	3.3603195117179214
20	25	-1.1467913015010336
20	26	-0.42902043282011976
20	27	1.274410591719862
20	28	0.15758839152668655
20	29	1.5020989077626197
20	30	1.1058267289648807
20	31	-0.7830107846198989
20	32	-1.2073830085604256
20	33	1.102821252204347
20	34	-2.5118706733197316
20	35	1.8312256194214553
20	36	-1.3062551510405689
20	37	1.2710209942023527
20	38	0.7825683439314051
20	39	-1.7941979910385235
20	40	2.132565686684096
20	41	0.26186439288809055
20	42	-2.717111111641353
20	43	-1.606773107175748
20	44	-3.5916175339651044
20	45	-1.5757682214611064
20	46	-1.7848857040444972
20	47	0.8338399277146684
20	48	-2.138272150721044
20	49	3.72207104871262
20	50	-1.2901491334255049
20	51	-3.789561329047524
20	52	3.239488143921184
20	53	-0.1697491138613186
20	54	1.7664411242884386
20	55	3.3060561847086443
20	56	3.5571604666926877
20	57	-0.1368768531607586
20	58	-2.1396581933956655
20	59	1.8447591089947484
20	60	-3.118108487787136
20	61	-1.0956573135116134
20	62	-3.183950061462955
20	63	-0.5818915157562508
20	64	-0.8369366224239119
20	65	0.8988162377550115
20	66	-1.7905032074377076
20	67	-2.4113813530430988
20	68	-1.1463669065002955
20	69	6.434714469945293
21	21	NaN
21	22	0.7229137106556248
21	23	1.7261778679144268
21	24	-3.1469966259493525
21	25	-0.891883096530592
21	26	3.1611014905656534
21	27	-1.3427172858805896
21	28	-0.7197926541635458
21	29	-1.342954688796631
21	30	-2.605130881357465
21	31	-0.6155849780251685
21	32	0.8866965194148169
21	33	-0.07679751925743146
21	34	0.6891285019789474
21	35	-2.052283859666429
21	36	0.36704307662562424
21	37	4.9932062303505
21	38	0.2566197217386925
21	39	0.38267454207490026
21	40	-0.850256165636036
21	41	-1.3635181057847992
21	42	1.3182821065735906
21	43	2.8284509575148626
21	44	1.9658080084560492
21	45	1.8153628234087231
21	46	0.9113218393774656
21	47	0.13031003230823276
21	48	2.8275133281863183
21	49	-2.0655124191884284
21	50	3.205683766239754
21	51	5.378564478762175
21	52	-3.221002305459367
21	53	-2.041602437822562
21	54	0.5805696413396482
21	55	-0.36124502498371003
21	56	-1.1126391404250846
21	57	-2.477829372337553
21	58	0.12345559306009142
21	59	-0.300139207885565
21	60	0.3906998608380183
21	61	2.126334262100537
21	62	2.153923906217009
21	63	1.7954736335454995
21	64	-0.13396290663358718
21	65	-1.5014924862673555
21	66	-0.8440874059860863
21	67	3.6216276418494275
21	68	2.3882164332693696
21	69	0.8131103059695431
22	22	NaN
22	23	0.10017606449880256
22	24	0.879863889901752
22	25	4.81941948851638
22	26	1.3163412192700081
22	27	-1.329191491923142
22	28	-1.5229284581275309
22	29	1.8022541521537379
22	30	-1.254053563796738
22	31	1.5193088664532743
22	32	2.0779119354155537
22	33	-2.905596797593911
22	34	-0.3721440687041652
22	35	0.004991912397914268
22	36	-3.5789362543608974
22	37	-1.5292330604983606
22	38	3.2347182823820564
22	39	3.431109392394806
22	40	-2.413393315734529
22	41	0.8903746209158881
22	42	4.440428603086081
22	43	3.357999315413714
22	44	1.2107386802407354
22	45	-1.8550484447761824
22	46	-0.22749673982700402
22	47	-3.3472741352957263
22	48	-1.8047762825506173
22	49	-2.5343613587277374
22	50	0.9039437078639803
22	51	-1.6125557143726343
22	52	-0.2648968979141476
22	53	-1.6682291917936343
22	54	-0.5832875347242977
22	55	-0.9213850031170406
22	56	-2.7394081723804016
22	57	-0.5975394102395626
22	58	1.106553064928136
22	59	0.5729870010030275
22	60	0.2114622404532581
22	61	2.2516731405884745
22	62	2.1445231126570206
22	63	-0.4367326478056447
22	64	2.297592441256143
22	65	0.5968386020733337
22	66	-0.01326909624385511
22	67	-1.7595428328295943
22	68	0.05106445942514378
22	69	2.3649281294128426
23	23	NaN
23	24	-0.7535541050324046
23	25	-0.7570697519491002
23	26	1.7269032424021404
23	27	4.153692189948723
23	28	0.35015746735032693
23	29	0.10181960436086163
23	30	1.5364084501693829
23	31	2.022703347969962
23	32	3.129318551692379
23	33	-1.2397647605746218
23	34	0.5358140123283064
23	35	-2.337732517040863
23	36	-2.7025296482223014
23	37	-0.08556214958963528
23	38	-1.3312504979316604
23	39	-2.0046412457811207
23	40	-2.1155325545696146
23	41	-1.8917217258062176
23	42	2.390087968646061
23	43	-1.9086247342807385
23	44	2.0964520883999715
23	45	2.6129529636910642
23	46	0.02565116258341474
23	47	-0.24295406893884056
23	48	-1.8227996226631318
23	49	-0.15976304665348923
23	50	2.4108361996762935
23	51	0.15175354523703896
23	52	-0.1163073277273602
23	53	-1.716965298024495
23	54	-1.1210880579829925
23	55	2.04094955650944
23	56	-2.0023535862126534
23	57	-1.9063368788621609
23	58	-0.8052816913821123
23	59	-0.1606870511222045
23	60	1.7015997064217965
23	61	0.41615867791448935
23	62	0.3222464198475772
23	63	-1.1164416702006457
23	64	-0.28388994693548647
23	65	-0.05406136556198686
23	66	1.9680513487467404
23	67	-2.1540293008434506
23	68	0.5170950137792962
23	69	-2.201800029972166
24	24	NaN
24	25	-0.14674276923280147
24	26	1.3985171719782774
24	27	4.0804379396962105
24	28	-1.0953715413511964
24	29	0.15094139838287268
24	30	0.22505268634741865
24	31	-0.5374727395545084
24	32	-2.3708104757129997
24	33	1.2797413160947637
24	34	-1.946373519930611
24	35	4.605884179899099
24	36	-3.0967623635303174
24	37	2.8889879065361077
24	38	1.169149463062297
24	39	-0.2011369064951559
24	40	3.14369385886329
24	41	-0.6742142967025906
24	42	-0.878129163531999
24	43	0.2318731605065555
24	44	-1.6437108801910782
24	45	-2.7183717156129257
24	46	1.9604259158859638
24	47	2.721288082500522
24	48	-2.84296333484888
24	49	1.364008839136471
24	50	-1.3537617053407027
24	51	0.7528002338187267
24	52	2.2063891839835605
24	53	1.586417381049105
24	54	1.3725007809986105
24	55	3.7520635344389244
24	56	1.6778028167840129
24	57	1.368112007411462
24	58	-0.7677710342553287
24	59	-0.3711515654002709
24	60	-2.533342372775931
24	61	-1.2261426912400504
24	62	-1.3777534803553078
24	63	-0.24867301830733268
24	64	-2.446782909693269
24	65	-0.70302583061734
24	66	-3.7682783011084
24	67	-1.2260434635415498
24	68	-0.2281115972735506
24	69	-0.6925288803620295
25	25	NaN
25	26	4.727464902842545
25	27	-0.8221202168208865
25	28	3.3088193302222635
25	29	0.7997408591805607
25	30	-1.9740318234471024
25	31	2.320548853811101
25	32	1.5689634913210246
25	33	0.3887579579191199
25	34	0.06098353990870833
25	35	-1.9851760645669885
25	36	-3.1248395638893025
25	37	-4.5106844854526935
25	38	1.6524045740765774
25	39	1.7642117253039329
25	40	0.42425674123178286
25	41	2.598282320987502
25	42	4.115491939551943
25	43	3.3572402577759384
25	44	1.5557672642575866
25	45	1.7683313632941497
25	46	1.3708164153231954
25	47	-2.129881685526479
25	48	-0.643320333379624
25	49	-1.9631884331330332
25	50	0.2569502700187865
25	51	-3.0804057860594107
25	52	-3.628131101766014
25	53	-1.9847039029767763
25	54	-4.203295999604889
25	55	-0.8802374989044696
25	56	-5.030978577170022
25	57	-0.5649248193956032
25	58	3.0177910845209337
25	59	0.44962700541606787
25	60	-1.2404684598737994
25	61	0.5034817131472298
25	62	1.7975896243146468
25	63	-1.8400159753898606
25	64	-0.9200809000528428
25	65	3.135324204553422
25	66	3.953134220619687
25	67	1.6440350475746472
25	68	5.480741521080605
25	69	1.6941948366488182
26	26	NaN
26	27	-1.3547548270877772
26	28	0.984656757275041
26	29	-1.702114636800935
26	30	0.9242850264817353
26	31	1.6474252475801143
26	32	0.26496306414838466
26	33	-0.29697643843430244
26	34	-0.17235293086352854
26	35	-0.713693068706608
26	36	-1.3328707230072334
26	37	-1.9230415385525492
26	38	0.4391703497953003
26	39	0.5975723710222522
26	40	-1.8531178123716483
26	41	0.7655770781913732
26	42	2.708684177339732
26	43	2.3870171261181032
26	44	-1.4798552004560468
26	45	3.2264793839095836
26	46	-0.5292581790927452
26	47	-1.9042263634677297
26	48	2.231113837142
26	49	0.8990116863806915
26	50	0.8261653401237903
26	51	-0.703422572279509
26	52	-3.011136438227642
26	53	-3.35635598661485
26	54	-0.08144897521828474
26	55	-2.4863084082242866
26	56	-2.414280898498955
26	57	-0.036871449772828455
26	58	0.934633887428068
26	59	-1.7823898364268989
26	60	-2.0193859120975843
26	61	-0.5341438390780289
26	62	3.58946002698508
26	63	-2.2011700600211364
26	64	0.8833393064936939
26	65	2.4241264363167727
26	66	-1.5802075333602907
26	67	1.022869226986625
26	68	3.242811672769121
26	69	-1.223690778601815
27	27	NaN
27	28	-2.619962711390162
27	29	-2.0617971455802344
27	30	0.11779206497151759
27	31	3.7140490362494973
27	32	-1.4086469503867554
27	33	2.694999872596978
27	34	-1.7352308016427127
27	35	1.177864331936762
27	36	-0.05831678164640771
27	37	1.3025117660800933
27	38	0.7303986528749005
27	39	-1.1488049136571379
27	40	1.9831184241024877
27	41	-1.2606707311751693
27	42	0.7067654048257
27	43	-1.3067168319081341
27	44	0.13786990391418283
27	45	-0.24246573729420942
27	46	-0.35318418753054226
27	47	1.6527050099611067
27	48	0.12013396418823641
27	49	1.6413539470806833
27	50	-1.4714513777422435
27	51	-0.07322010931991586
27	52	2.008622327468444
27	53	1.1575717481284273
27	54	1.1326658360862385
27	55	1.5800268537413114
27	56	1.8158037266924414
27	57	0.6334413631565977
27	58	-0.8380981537063812
27	59	2.0392606414977203
27	60	-1.3794234371080625
27	61	-0.38457056235006665
27	62	-1.3424211074882813
27	63	-1.471917300456221
27	64	-1.123536203776551
27	65	0.13521982935235075
27	66	-2.902919754120475
27	67	-1.2379375336333185
27	68	-0.15747589573493864
27	69	-1.563158654469142
28	28	NaN
28	29	0.837861868091944
28	30	1.1006531995711752
28	31	-0.945663523587465
28	32	-0.7157975961060433
28	33	-1.9557398182488372
28	34	2.3541743759517866
28	35	2.4161953557466993
28	36	0.24689484237124135
28	37	1.4405146481381552
28	38	-0.8155150219768602
28	39	0.6014328273723994
28	40	1.0240275047594622
28	41	0.620349500256898
28	42	-1.6476240090390601
28	43	2.8687276671777395
28	44	1.573350391018532
28	45	-0.8441277238194825
28	46	0.1478403936688834
28	47	-0.23482021488134713
28	48	-0.8642131597358714
28	49	-1.2491963211239434
28	50	-0.2141065755590354
28	51	2.2121876948354644
28	52	-0.5561199053166467
28	53	-3.167152049778967
28	54	-2.2667885408346704
28	55	-1.8971692926200352
28	56	-0.6647598571575344
28	57	-1.5820796697579804
28	58	-0.6421753302439954
28	59	-3.9482575672399984
28	60	0.5296251045490045
28	61	-1.3866386663531873
28	62	3.042190749526389
28	63	1.114497403319231
28	64	-2.303530451928711
28	65	1.394121140466751
28	66	1.0495921431786441
28	67	0.03909080785174009
28	68	0.9637626862008907
28	69	6.291090237339226
29	29	NaN
29	30	4.349139556983199
29	31	0.35089855187821056
29	32	-0.8935325960549909
29	33	-2.324796765026612
29	34	5.271778940463286
29	35	-2.015750806397968
29	36	-2.3055160747022594
29	37	-1.2810847516274375
29	38	-1.9702882682054987
29	39	0.8040213936047382
29	40	-0.6382142473307856
29	41	2.699811419622271
29	42	3.8304985047090643
29	43	-1.802328689679341
29	44	-1.8625943786593124
29	45	-0.8043193927342215
29	46	5.102228993889068
29	47	-0.3861898497457579
29	48	1.673660284838833
29	49	-2.039599932328069
29	50	-0.4641238278445415
29	51	1.1916409262141494
29	52	-1.481818074617845
29	53	0.10762131378213177
29	54	1.3681135447950765
29	55	-1.7506443009867134
29	56	0.3036085202814486
29	57	-0.06062768493675279
29	58	-0.31283877783580505
29	59	3.0520493263980812
29	60	0.4953572310952485
29	61	-1.051979706673277
29	62	1.8601116807471838
29	63	-2.116373694118746
29	64	-1.2358519020869736
29	65	3.665577715854383
29	66	5.135599592292588
29	67	-4.54618628035406
29	68	-1.2834943523332802
29	69	2.699359673042972
30	30	NaN
30	31	1.784388183862629
30	32	3.4457603122716765
30	33	0.9939394348835304
30	34	-1.9920999460227384
30	35	0.44427419290724607
30	36	-1.1052433517801348
30	37	-1.9728832431799148
30	38	0.28102335408873685
30	39	0.6036018227155627
30	40	-3.7069949049532243
30	41	-1.012453708472328
30	42	1.6997654210940922
30	43	-4.416992046145474
30	44	-1.1969536480728913
30	45	-0.9458765783269325
30	46	3.3642290078074755
30	47	-0.6175461891061549
30	48	6.16577285577698
30	49	-0.5149523740041637
30	50	-1.6488710126755084
30	51	-4.226696952780333
30	52	0.3988717441530466
30	53	-0.505370081645349
30	54	-2.344187284820309
30	55	1.3030389532770805
30	56	-3.186999383011806
30	57	0.4927158287974379
30	58	4.286993018024254
30	59	-0.24197722149012185
30	60	1.3848994145644895
30	61	1.7172261173815688
30	62	1.0618258576496813
30	63	-0.05455440020451632
30	64	2.8148244570606193
30	65	0.17663558456233205
30	66	-1.0464809379657145
30	67	0.23345204030956374
30	68	1.3612898855837965
30	69	-1.599371086413667
31	31	NaN
31	32	3.5894035726323463
31	33	-0.17334234559052056
31	34	0.05537219082804705
31	35	-1.2622582748457816
31	36	-2.577320699963971
31	37	0.2319271572529882
31	38	0.08870163215528136
31	39	0.37976404306451317
31	40	-3.347514916179572
31	41	-2.6028199886845917
31	42	0.27835773659900087
31	43	3.170123342792058
31	44	-0.6920769017502989
31	45	0.47105697837482186
31	46	-1.913974990222125
31	47	-2.042645032317938
31	48	1.4935210670815893
31	49	0.3865884890205224
31	50	-0.9992845342468875
31	51	-0.1387118359210813
31	52	-0.13440264026418652
31	53	-1.3330883241910343
31	54	0.4443701164109813
31	55	-1.8613706294393788
31	56	-0.9962666325400067
31	57	-2.7826101925774616
31	58	0.6674615175873165
31	59	-0.4538126792755922
31	60	-0.2371887708111979
31	61	-2.0796997020937744
31	62	5.064065945692994
31	63	0.9128067359193411
31	64	-1.6285415784457293
31	65	4.763022221305368
31	66	0.9704991327560551
31	67	0.8221646274501212
31	68	3.078486525130472
31	69	1.5153960939683215
32	32	NaN
32	33	-2.0503081551952884
32	34	2.7264303319433902
32	35	-0.4851262461704272
32	36	-1.8265584463177078
32	37	-1.0408754471400918
32	38	2.4645416681854657
32	39	3.19121809631281
32	40	0.5961646987651338
32	41	3.612556904410208
32	42	7.157619414532994
32	43	-4.009117384029914
32	44	-0.030485841039802692
32	45	-2.1045894811058394
32	46	-2.0711309968834475
32	47	-1.7157473257868
32	48	-1.3911903780948294
32	49	-1.3475372514668882
32	50	2.599032664940805
32	51	-0.03852139313126073
32	52	-2.9329813887719927
32	53	-3.3815766547946176
32	54	-1.6936609690534143
32	55	-2.180921122585118
32	56	-0.1289051775888326
32	57	-1.2999551151068856
32	58	-0.9062291681268853
32	59	-1.990327315977293
32	60	1.455076155551448
32	61	2.5318893307640726
32	62	1.7934278743973513
32	63	0.19105481957507842
32	64	0.4569486937555451
32	65	-0.1616763392712075
32	66	3.848289835211849
32	67	3.652621177387306
32	68	-1.330425702738858
32	69	-1.5279541027336776
33	33	NaN
33	34	-1.4306471259021627
33	35	2.7911810964139323
33	36	-1.9087109543014507
33	37	0.900520205165372
33	38	1.767254237831903
33	39	1.810901514637334
33	40	2.2576535747246522
33	41	2.9316863634010377
33	42	-2.248507146812395
33	43	-0.9201645893949649
33	44	0.09185438934762695
33	45	-0.2654281088899549
33	46	-0.9279552601654484
33	47	3.0471198746545127
33	48	0.5767046232395574
33	49	0.011346373790922073
33	50	-3.080769147317254
33	51	-0.8954954365454517
33	52	3.5912741151433942
33	53	2.350457088211335
33	54	0.3938020976579649
33	55	0.3881902185264645
33	56	1.6244287270262172
33	57	2.780784495173764
33	58	-2.2038159747539177
33	59	2.2068846206535793
33	60	0.5415708492221113
33	61	0.16117254348690815
33	62	-2.020464628373512
33	63	-0.8890429742166441
33	64	-1.2208715884527757
33	65	-1.1380937403240732
33	66	-2.511902012339611
33	67	-1.555849268474584
33	68	-1.2799421222895941
33	69	-3.290380444543581
34	34	NaN
34	35	-0.5371276462237253
34	36	0.9092915840161719
34	37	-1.9025944171615
34	38	-0.04658864458577051
34	39	0.04849221617477589
34	40	-0.9264056972632809
34	41	-2.269320217828854
34	42	-0.7999098390759934
34	43	0.8183425515376517
34	44	-0.0738699127840843
34	45	1.9315099668700466
34	46	-4.175258961305952
34	47	-2.2615476724994017
34	48	-1.4013971923560513
34	49	0.2727966030544304
34	50	-0.41529582454815006
34	51	0.17577589377504563
34	52	-1.6686179532412724
34	53	2.0279247722513136
34	54	-2.5418618336338414
34	55	-1.763296845287899
34	56	-2.119953696455331
34	57	-1.0025855741085932
34	58	-0.20550493092904953
34	59	0.14785403103121758
34	60	-3.491512160231975
34	61	1.6463137388147593
34	62	-3.1579254656828173
34	63	0.17143573879116633
34	64	-0.5340583888721809
34	65	0.05073654132378397
34	66	0.1268532783848971
34	67	0.4773700362122282
34	68	-0.007937799929418352
34	69	0.5661219420659003
35	35	NaN
35	36	-2.0108030999973683
35	37	1.4526933702438452
35	38	1.9755381637261704
35	39	-1.5736323578191231
35	40	1.6842545510870723
35	41	2.530144696742465
35	42	-1.8755587240229046
35	43	0.46470169711670106
35	44	-0.8806904580294261
35	45	-3.3876496439148016
35	46	-1.443020695054085
35	47	2.3185414129415696
35	48	-1.6703759638450038
35	49	2.2526346691701526
35	50	-2.153907626580114
35	51	-1.893731822099645
35	52	4.033953320731464
35	53	1.6741222156244855
35	54	1.8236393035852188
35	55	1.6592555616068034
35	56	4.636477510250625
35	57	2.971073000617272
35	58	-1.3411474192158457
35	59	-0.376500686750243
35	60	0.9947832854795792
35	61	-1.6640073314181283
35	62	0.16106053263156841
35	63	-0.7710629941259401
35	64	-3.1484502284790588
35	65	-1.1682321026966622
35	66	-3.0654867556679095
35	67	-1.3282950552037966
35	68	-1.516963319442097
35	69	-2.5917337116694212
36	36	NaN
36	37	-1.8814392888468854
36	38	-1.653338317887002
36	39	-0.15504446761027435
36	40	-3.9550042405925057
36	41	-1.4788914120886802
36	42	-3.513343837336545
36	43	-0.11032117641995436
36	44	-0.940299009257313
36	45	-0.30431667470205864
36	46	-0.9010009545909838
36	47	-1.9285254150610853
36	48	-2.062578048605526
36	49	-0.9040821516164548
36	50	-4.360282575099468
36	51	-1.4398145439564214
36	52	-3.021939710033872
36	53	-4.158034248181841
36	54	-1.9299298666098732
36	55	-1.9365471321400776
36	56	-3.381047789353214
36	57	-1.4207946842376464
36	58	-1.8621316213052919
36	59	-4.064842424485306
36	60	-0.07668295784858249
36	61	-2.133894365383375
36	62	-2.423803208217967
36	63	-1.5557387311034805
36	64	-0.6661372210233314
36	65	-1.5898679352636471
36	66	-0.6763983685406968
36	67	-4.3332387858412895
36	68	-1.9918119621689374
36	69	2.166690497583391
37	37	NaN
37	38	0.41898225587872084
37	39	0.13843558960225322
37	40	0.6448584052132513
37	41	-1.6775309737600368
37	42	-0.42550271379091975
37	43	-3.00637360451267
37	44	1.0663762744753718
37	45	-1.1879372392083407
37	46	-3.23564930800728
37	47	3.28001635071151
37	48	-1.2533167848660351
37	49	1.2580138278976272
37	50	-0.21955042394291716
37	51	-1.2645095486691957
37	52	2.1014972268558307
37	53	0.3029374717698576
37	54	-0.012489276502400169
37	55	1.1604012383084867
37	56	2.2335085997138706
37	57	0.9192721073666448
37	58	-3.4232922376142008
37	59	-1.421514123921724
37	60	0.5031357947127297
37	61	-3.56300977088863
37	62	-0.5755362037573445
37	63	-1.1254936339830135
37	64	-1.8845725729060965
37	65	-0.7928765632627551
37	66	-2.717597511552249
37	67	-0.5362176449383872
37	68	-3.2073361362009356
37	69	-1.9516026120659324
38	38	NaN
38	39	2.741815100745616
38	40	1.7104912059681046
38	41	-1.2050112348885096
38	42	-1.690976438077099
38	43	3.0794816632592172
38	44	-1.2431779253177633
38	45	0.2950610367511294
38	46	-1.9146759242922193
38	47	-1.5408302396748668
38	48	0.9020923852149674
38	49	0.5093838332704556
38	50	0.720413963057476
38	51	0.616079432088802
38	52	2.013790580249912
38	53	-1.1499842704408954
38	54	-1.7667260189492515
38	55	1.5968614677071495
38	56	0.33573334004396643
38	57	0.1556468659485224
38	58	-1.4869932521108071
38	59	0.5799444109414101
38	60	1.4279708151026749
38	61	0.11243473302324739
38	62	-0.6157299189098556
38	63	-1.6583577543277193
38	64	-0.34402827841880657
38	65	-1.271643768150899
38	66	1.251761735516362
38	67	-2.1626735795966816
38	68	1.7333323270439778
38	69	-0.5015008059304619
39	39	NaN
39	40	1.174337273196148
39	41	2.914799781625487
39	42	0.9250390839668305
39	43	-1.8651114928118797
39	44	0.09846797022716827
39	45	0.24000033111845762
39	46	4.938437004789512
39	47	-2.546551473742272
39	48	-1.484093917205552
39	49	-0.9755334505892962
39	50	-1.3041781694412633
39	51	1.9001412913061202
39	52	-2.1503790441141875
39	53	-3.7267019310834573
39	54	-3.6705009610747497
39	55	-0.3938124910971174
39	56	0.10631995940246844
39	57	-1.1183755289665438
39	58	1.1747549018306784
39	59	-0.3321253804775891
39	60	1.6019281058054513
39	61	-1.2863557169532762
39	62	1.2125874495784101
39	63	-0.08560342333731161
39	64	3.1853964860849877
39	65	-0.8551184165416534
39	66	0.1892245817496539
39	67	-2.740139138131326
39	68	-1.7163104412105095
39	69	1.9827360291901248
40	40	NaN
40	41	0.24437142228521727
40	42	-4.638568412366603
40	43	-2.6377293544154345
40	44	2.5695477970757046
40	45	-0.8330336269272707
40	46	0.9249053969822281
40	47	3.286788016066152
40	48	0.18104187932989158
40	49	1.6858456543742593
40	50	1.460200322838721
40	51	0.446154680904287
40	52	1.7981722922142112
40	53	1.7484732046546219
40	54	1.9002451317496587
40	55	-0.11383105525068027
40	56	2.314929136343844
40	57	4.33284608426809
40	58	-0.9239458021688286
40	59	-0.6847740835857334
40	60	-3.3530140164052864
40	61	-0.9592367436725263
40	62	-2.91070579872934
40	63	0.3244482427831824
40	64	-1.4531686918485662
40	65	-0.19167954720782637
40	66	-2.4569840648122363
40	67	-4.1740387442021705
40	68	0.6390297126687658
40	69	-2.0582443577456457
41	41	NaN
41	42	-0.44253544853499366
41	43	-0.4799533912999539
41	44	-2.691679095106815
41	45	-0.27572637953602264
41	46	6.039667330463931
41	47	-3.9256850879405114
41	48	2.1464517458983816
41	49	-1.7970938524382873
41	50	2.1147117896457313
41	51	-2.4665012650674907
41	52	-0.5162509496048512
41	53	-2.44927519362337
41	54	-1.886938189512458
41	55	1.7230437568323396
41	56	-0.7340682636524193
41	57	0.2319229678093179
41	58	-3.5112039469053795
41	59	2.717724645178246
41	60	-2.472471217028072
41	61	2.922645829144377
41	62	0.4387496625380508
41	63	4.213388917752021
41	64	-0.1902746563902964
41	65	0.3307431858587491
41	66	1.543275397717709
41	67	-2.747980712263963
41	68	0.0574780975619415
41	69	-2.459626347108867
42	42	NaN
42	43	5.498106870226981
42	44	3.2651742875227683
42	45	1.160175495028035
42	46	2.6377751734649553
42	47	-1.1337498740689234
42	48	-2.2542521080161553
42	49	-0.2501901343554654
42	50	1.5051416233485602
42	51	0.4960421201221429
42	52	-1.671797809083112
42	53	-3.387001718195773
42	54	0.39664177940685535
42	55	-2.107008928543291
42	56	-0.09369060947033217
42	57	-1.513425559445984
42	58	-0.9289018543094947
42	59	-0.43757552843226094
42	60	-0.5954000358832121
42	61	-0.29337367813084436
42	62	5.254615480318286
42	63	-1.1304173405951312
42	64	1.76695058087424
42	65	0.9618675810312585
42	66	2.621084585534666
42	67	0.37973123830761835
42	68	-0.5570691534303696
42	69	0.4548460494545229
43	43	NaN
43	44	0.0819159399819403
43	45	-0.2887802901766924
43	46	3.558485604374372
43	47	0.5788918819665145
43	48	0.9368104585377772
43	49	-4.487344938731986
43	50	0.8195350158778867
43	51	1.2258012695795246
43	52	-2.035619885240103
43	53	-1.6108477641656125
43	54	2.1094589267074904
43	55	0.1807965938477518
43	56	-1.7344016750050817
43	57	1.0360480047083933
43	58	-3.35571727060553
43	59	-1.1785181748930855
43	60	1.1946856651511735
43	61	0.07618947756949097
43	62	-1.9567471390745854
43	63	1.9704586418055279
43	64	1.8898651264574784
43	65	-0.7763685346053092
43	66	-0.9592938324880197
43	67	0.8673352749701329
43	68	1.2198435123153768
43	69	0.36833817178681316
44	44	NaN
44	45	0.23271872225194176
44	46	1.7476259344540603
44	47	1.3044408062431279
44	48	3.6743394397726763
44	49	4.987298537674001
44	50	1.0999060905725946
44	51	-1.7718684448005078
44	52	1.9270760838087486
44	53	-1.0114738549656659
44	54	0.7593933154550265
44	55	-2.291061936145852
44	56	0.23718840235102293
44	57	1.6734371222147608
44	58	-0.3291198383747679
44	59	-3.8555919826322755
44	60	-0.17989706073802483
44	61	0.3539032747762058
44	62	0.32532172099493806
44	63	-0.4560373377364995
44	64	-1.7511066207330122
44	65	-2.2651060800973704
44	66	-0.48528952134294795
44	67	1.1449990571536144
44	68	0.31880664475105785
44	69	0.8120941648495797
45	45	NaN
45	46	5.999452032141782
45	47	-1.6832700626524337
45	48	-0.9963388134582336
45	49	-1.253862804098359
45	50	-0.7173366686660384
45	51	0.7138555273512119
45	52	-2.8955230262374596
45	53	-2.2320788106906284
45	54	-0.9278166827107129
45	55	0.48990340450137854
45	56	-2.130643514981046
45	57	-2.733259544652437
45	58	4.5595633935564495
45	59	3.1318185751689716
45	60	4.3234586647365045
45	61	1.856125491706571
45	62	0.10848177628504879
45	63	2.5689522229583748
45	64	-0.07443569869095656
45	65	-2.017886043972395
45	66	-2.297460169886532
45	67	-0.8530616804614295
45	68	0.42940396784197277
45	69	-0.7174361072599235
46	46	NaN
46	47	-0.39811351330052563
46	48	-0.0031721869776733247
46	49	-1.8355855081401675
46	50	1.5344851065094987
46	51	2.988274432665125
46	52	-0.5339776314367431
46	53	-2.517393213116769
46	54	0.9920266854882104
46	55	-0.00047385040153294356
46	56	-1.704625628196866
46	57	-0.7617669419138808
46	58	0.29648268772134867
46	59	0.5763059402419662
46	60	3.8956998830713614
46	61	0.5569632222303015
46	62	0.9047355485497005
46	63	-1.2307213790644032
46	64	2.544366382861797
46	65	1.7273578224185244
46	66	0.6999883018620823
46	67	-1.6516427773237423
46	68	2.1101839631102264
46	69	-2.606584184247529
47	47	NaN
47	48	-0.8819068444622985
47	49	0.9325570814670276
47	50	-2.656731046040121
47	51	-0.7767541332273278
47	52	2.259547568349633
47	53	2.666274080977919
47	54	0.5901190330321637
47	55	1.7620882077201507
47	56	4.074025031202047
47	57	2.4899304521568104
47	58	10.66107717727483
47	59	0.29447962189964755
47	60	-1.2608070302529695
47	61	-2.021116598167076
47	62	-3.756508822001322
47	63	0.3886586307849211
47	64	-0.4495161153988887
47	65	-1.2914034218849688
47	66	-2.914344704585207
47	67	-1.4726935397140206
47	68	0.31124947175094275
47	69	-0.7874184839799758
48	48	NaN
48	49	-0.8157243161905233
48	50	1.4665674387090148
48	51	0.8317975796399084
48	52	-1.4533220356441447
48	53	-4.503950969728995
48	54	-0.734216729056546
48	55	-2.3970813312346024
48	56	-3.60151214033295
48	57	-2.3222753984919167
48	58	0.0876115114090531
48	59	2.0313384991417744
48	60	2.397678606600288
48	61	-0.29788664497221706
48	62	-0.5193533072563866
48	63	0.6769591658041683
48	64	0.16304433604836033
48	65	3.775372339883675
48	66	2.5572436810817547
48	67	3.2722318606565377
48	68	1.6322888014597001
48	69	2.4223088627962497
49	49	NaN
49	50	-2.7277897364720363
49	51	-0.9172842072830494
49	52	4.287537241727113
49	53	0.44717705239134403
49	54	2.398579263096041
49	55	1.7084093337410438
49	56	3.544880586975194
49	57	1.7232718516951744
49	58	-2.8205319810718033
49	59	0.3009540885530658
49	60	1.1039177532408215
49	61	-0.7295971539506203
49	62	-1.5486808547396536
49	63	-1.2926397057717367
49	64	-4.266516597410186
49	65	-0.38930670456858546
49	66	-0.5452534284686654
49	67	-0.13058511072643658
49	68	-0.9401867435966881
49	69	-3.402511650895308
50	50	NaN
50	51	5.208454679159509
50	52	-0.7765676689522131
50	53	-2.5762754432149557
50	54	-4.019649036231666
50	55	-1.97973524277908
50	56	-1.3706296678129926
50	57	0.9608108208484818
50	58	4.186793071822989
50	59	3.6287178540144978
50	60	1.148312064936246
50	61	0.006605769195598107
50	62	-1.0604544140223595
50	63	0.022850589637164537
50	64	0.7394013875467559
50	65	5.487405545972969
50	66	-1.9784402273268489
50	67	0.5113989689072923
50	68	1.4950477217939984
50	69	2.6055704044842507
51	51	NaN
51	52	1.7163081394548085
51	53	-1.4910258430041374
51	54	0.1207772304591266
51	55	-1.24954956381196
51	56	-0.4866517018014719
51	57	-2.0019553728675334
51	58	1.1719399008428493
51	59	-2.870182540624559
51	60	0.037660420606391645
51	61	-0.8644440629316569
51	62	2.474108266110071
51	63	1.155032369876904
51	64	-1.1757152713424548
51	65	-0.3915111047145922
51	66	2.28367717985942
51	67	23.89928506859061
51	68	0.07841040207379735
51	69	-0.9375978593509197
52	52	NaN
52	53	3.1220292530195946
52	54	1.589500692476483
52	55	2.0230799536891815
52	56	4.279815407372492
52	57	2.599397126883343
52	58	-0.7095457132864029
52	59	-0.07639841928477273
52	60	-2.3264702779146504
52	61	-2.8433114975041165
52	62	-2.382948162898944
52	63	0.8400298139348443
52	64	0.6201029480139176
52	65	-3.0652972339984297
52	66	-2.5429884225769976
52	67	-2.547882586753016
52	68	-3.5514409335600057
52	69	-3.089482567092167
53	53	NaN
53	54	1.3134029027179208
53	55	3.7515534319642083
53	56	0.9579958949672899
53	57	-0.14640313679462685
53	58	-4.217753464124837
53	59	-2.707477810826652
53	60	-3.2286534889923457
53	61	-1.7843885408709463
53	62	-3.060663350101938
53	63	-0.671903570988721
53	64	-2.432909418506058
53	65	-2.3126979688024356
53	66	-1.7708280114233255
53	67	1.0766370030215204
53	68	3.85883728751682
53	69	-1.0646171564563307
54	54	NaN
54	55	3.0492662868757106
54	56	0.930978980491241
54	57	-0.24501474996280906
54	58	0.8607443312499122
54	59	-3.523380607121786
54	60	-1.740866563564513
54	61	-1.5896070226838437
54	62	3.163919850693417
54	63	0.06446102356239088
54	64	-3.345198697845221
54	65	3.0241342532436777
54	66	-1.4873859217986685
54	67	14.70625953374474
54	68	-2.4948131726461287
54	69	-3.1030227668601995
55	55	NaN
55	56	1.3665261284247572
55	57	2.303718200459039
55	58	-1.6118199833029634
55	59	0.6936902811964313
55	60	-0.2691496880091029
55	61	-3.0572947024581025
55	62	-2.662378440010453
55	63	1.4635845522542001
55	64	-0.8149331867174231
55	65	-3.564006049229173
55	66	-2.3361586155711946
55	67	-2.721501148887433
55	68	0.39171800051907263
55	69	-0.5389971876913335
56	56	NaN
56	57	2.346718367214958
56	58	-2.841733817470025
56	59	0.2949802002518986
56	60	-2.4098261340221026
56	61	-2.33724014064068
56	62	-1.6383188368905928
56	63	3.6702774274603263
56	64	-0.6703093784773937
56	65	0.8028692336574569
56	66	-1.241759110437144
56	67	-0.34376242146403846
56	68	-1.9593284236282051
56	69	-1.0542783970232552
57	57	NaN
57	58	-4.13803866026732
57	59	-0.6026069791390517
57	60	-3.0236483734446966
57	61	-1.7195754829024648
57	62	-0.6877120310886484
57	63	-1.005870720163841
57	64	12.10796967988958
57	65	-1.7158157901612652
57	66	-4.9317122693399345
57	67	-1.1798742456546507
57	68	-1.3353553287365398
57	69	-2.8219195761406124
58	58	NaN
58	59	1.4088304999943337
58	60	1.6319937757386656
58	61	1.1338767144260835
58	62	-0.6418086833555706
58	63	12.92514806809043
58	64	-0.7979777892398533
58	65	0.6461272793889862
58	66	2.4239306890678094
58	67	-0.9896774581812384
58	68	1.4637865656051086
58	69	-3.082985959741275
59	59	NaN
59	60	1.6983332130719822
59	61	-0.869864394549049
59	62	-1.1428094052323075
59	63	-0.40001100779276233
59	64	6.463166978593288
59	65	-2.220006561188957
59	66	-1.1438145145941552
59	67	-1.2089135979251535
59	68	1.230807640459143
59	69	-2.998506697319736
60	60	NaN
60	61	1.6892034124595152
60	62	4.395272768410769
60	63	2.0122685848577926
60	64	2.2408411236095773
60	65	-1.3442377603467186
60	66	4.9598216769427825
60	67	2.5347274706753966
60	68	-0.5734961186220354
60	69	-1.0383632981783297
61	61	NaN
61	62	6.485247278409399
61	63	-3.60814394809074
61	64	0.6071097078578144
61	65	0.7578748536546633
61	66	3.669504889458533
61	67	3.7363157125801285
61	68	-0.8882244155976613
61	69	1.1416927952358293
62	62	NaN
62	63	0.47281412079073204
62	64	1.3140489865569274
62	65	-1.2509979524185475
62	66	-0.09871157828954252
62	67	1.2264905220450744
62	68	-4.472859438893542
62	69	1.829750782943481
63	63	NaN
63	64	0.5919309304413762
63	65	0.5854161627139558
63	66	-0.5699643434703549
63	67	-2.161484582140451
63	68	-3.734085825509218
63	69	-2.302768918483381
64	64	NaN
64	65	4.466852350039001
64	66	0.3882012141319855
64	67	-1.0083375367946388
64	68	1.5157349873094619
64	69	1.675236868902948
65	65	NaN
65	66	-0.7281413525803648
65	67	-0.04350369160007754
65	68	0.8765813495916626
65	69	-1.1979234414078255
66	66	NaN
66	67	5.3847263854340195
66	68	5.699057167821068
66	69	1.6466451477750585
67	67	NaN
67	68	1.4479806795737133
67	69	-1.4567097266380546
68	68	NaN
68	69	3.9000081486147598
69	69	NaN
