1	1	NaN
1	2	0.2051975976147697
1	3	-1.0549324328183833
1	4	-0.8684254906221853
1	5	4.2730935232957465
1	6	0.14987521916190316
1	7	4.629146723922905
1	8	-0.446049809646846
1	9	1.92956722993881
1	10	-0.6764723503161774
1	11	-1.5575075134886058
1	12	1.6547425952975519
1	13	-2.534149580496431
1	14	-1.61205730948539
1	15	0.7591147124804707
1	16	-3.173963378357622
1	17	1.660397105064117
1	18	-0.7949904931935764
1	19	-2.378407963615843
1	20	-0.12480495963200326
1	21	-1.3392148736111211
1	22	-1.9353707491988552
1	23	-0.8965888701123217
1	24	-0.10936471967609505
1	25	-1.838970397070476
1	26	-1.8277172598412585
1	27	-1.9083330781884362
1	28	-0.9990200189939121
1	29	0.8667357670494172
1	30	0.30012647575810253
1	31	0.6563459274198173
1	32	-0.21297000331004345
1	33	-0.16235180392043078
1	34	1.635357262143399
1	35	2.9364218721593955
1	36	0.19171556151029026
1	37	-1.128627158437513
1	38	3.19329688033844
1	39	2.131326565992415
1	40	2.9692396674261694
1	41	0.7194058827038469
1	42	-1.8567698618322546
1	43	-0.4898283662177642
1	44	-0.4073102943017111
1	45	1.6027766055666268
1	46	-2.0610158990515197
1	47	-2.280617523970031
1	48	-1.0794118312492345
1	49	4.163773310013306
1	50	-1.5929021155680765
1	51	-2.2877086935226725
1	52	1.0095847145016028
1	53	-1.013335287353849
1	54	1.5797152358221442
1	55	1.7584418276029683
1	56	-0.2727557072607227
1	57	0.6111001968000267
1	58	2.439987339007255
1	59	-0.979240641995733
1	60	0.4461568493680106
1	61	-0.5866374999197065
1	62	1.58850584045953
1	63	-0.8768620230828587
1	64	-1.8040908061252372
1	65	-0.6904546060762935
1	66	-0.26722192647448484
1	67	-1.531765270512128
1	68	-1.1613750893711667
1	69	-1.9294549413328579
2	2	NaN
2	3	3.062481833943819
2	4	-0.30489983159737366
2	5	0.5025046396532262
2	6	-1.4727399530924823
2	7	1.682835380995594
2	8	-0.6634522402769962
2	9	-2.6804918944851446
2	10	1.4015527971228883
2	11	0.10961149115236639
2	12	-1.0630158716121691
2	13	2.034294709056383
2	14	0.26890163158773334
2	15	-0.8036446104000923
2	16	-2.1817215519838826
2	17	-1.5952044077647698
2	18	1.7433688643671592
2	19	1.112438269243212
2	20	-0.9852604196200284
2	21	-1.2997985348736865
2	22	1.4638839390187641
2	23	1.47928699439002
2	24	-1.395760737276195
2	25	-1.415209643653809
2	26	1.1586267858600072
2	27	0.8652554350979186
2	28	1.5023566855259505
2	29	2.110971008630923
2	30	1.2331088336229765
2	31	-0.4155026905820942
2	32	0.44291912219662893
2	33	0.7755287277179349
2	34	-1.2883345575010083
2	35	-3.907976532223671
2	36	2.031574073241287
2	37	2.0655217187964916
2	38	-0.10262678203711201
2	39	1.696627013299753
2	40	-1.5202915143619802
2	41	0.0444434330875247
2	42	-1.1989716187331512
2	43	0.6972185879314855
2	44	-0.29129844460251164
2	45	2.1235855882576384
2	46	1.3037705412309961
2	47	2.791253129972914
2	48	3.0291938451502056
2	49	-3.028388776223056
2	50	0.41029709494144573
2	51	0.5471141525347919
2	52	-1.9190958035990728
2	53	1.5618005505572174
2	54	-2.4075700817236187
2	55	-0.6946416308191528
2	56	-2.039966518716212
2	57	-4.137551097719364
2	58	-2.1795189953046843
2	59	-0.5558830383495297
2	60	-1.220165693599839
2	61	-0.5255019149595087
2	62	-1.1896888054879882
2	63	1.1712165999633501
2	64	0.21609486139760054
2	65	-1.0706562143522733
2	66	0.052890230833869185
2	67	2.4758095818067947
2	68	4.017990633515585
2	69	-0.7347355134965659
3	3	NaN
3	4	-0.8343732138258434
3	5	0.4786724172833811
3	6	0.13459790581314285
3	7	0.8652176649331194
3	8	-2.3517002261933886
3	9	-0.9221148774551952
3	10	-1.5429573631092035
3	11	1.5529066037668555
3	12	1.4308890871468036
3	13	4.9614651788418715
3	14	-1.3157267318468486
3	15	-0.34250345678169436
3	16	4.446728417415304
3	17	-1.154679935965679
3	18	0.19774851205850233
3	19	0.8057631051641132
3	20	0.501281617810699
3	21	1.6296906802379636
3	22	2.1757203332927944
3	23	-0.1463449035407398
3	24	-3.0349238404276586
3	25	0.31807596080621436
3	26	2.9811426605916838
3	27	0.7031276789304315
3	28	-0.5147482731441005
3	29	2.3351607013535354
3	30	0.6960343079007759
3	31	0.40520685702292397
3	32	3.7662303336754754
3	33	-0.5081740658507435
3	34	-1.8949368044441348
3	35	-2.692950383997561
3	36	-2.020168020952023
3	37	-0.1554450207498259
3	38	-3.4355104639442735
3	39	-0.13539037695107506
3	40	-4.043424707092569
3	41	2.7073707606172124
3	42	-0.19746765003492528
3	43	0.9844636931358413
3	44	2.2712422269302732
3	45	1.6261037124621591
3	46	0.945178352684307
3	47	-1.0505130583139768
3	48	0.8668621894934643
3	49	-3.5202527846304443
3	50	0.48001134557753694
3	51	1.1029535870923854
3	52	0.2998410456576989
3	53	-1.7457456017091868
3	54	0.22056978654335008
3	55	-2.20457251068894
3	56	-2.2274225100249523
3	57	-1.7322700363844736
3	58	-0.8482134072232518
3	59	-0.8159616547706958
3	60	-0.5164825774472664
3	61	0.6116632157231632
3	62	-1.1039556991243562
3	63	-2.801501515264694
3	64	2.431985016011185
3	65	-1.3705109496956982
3	66	0.1349948757098313
3	67	1.2396403606612294
3	68	-1.3761326240723781
3	69	0.021493297331557953
4	4	NaN
4	5	0.23318857370201768
4	6	2.1046266089211705
4	7	0.22880259278684595
4	8	0.46464505337642903
4	9	-0.3418909686963008
4	10	0.007006365065470002
4	11	2.2485951450785935
4	12	-0.7036867151777252
4	13	3.7832694858739226
4	14	-0.52117562110044
4	15	-1.3273592065161113
4	16	-0.22898623116747624
4	17	1.2450475155868497
4	18	-0.560736750685207
4	19	-3.5917848167237634
4	20	-0.2291829028504651
4	21	-2.0407368265473695
4	22	1.3786648824481147
4	23	-3.2491429293423404
4	24	2.110487806492961
4	25	-3.4667692720201826
4	26	-1.1155763140350445
4	27	-0.8517223720870111
4	28	1.3264796286565492
4	29	-2.349757731692473
4	30	-3.0880109112043974
4	31	-1.7010586496607414
4	32	0.11126171287278204
4	33	10.546607270063872
4	34	-2.6297070501003463
4	35	-0.6994768939988875
4	36	-2.7087308243620942
4	37	-1.2802700455711864
4	38	0.44881942125831553
4	39	-0.010205200595231303
4	40	0.4552526174291296
4	41	0.5371434650754444
4	42	-1.1815830377636993
4	43	0.11373743721024529
4	44	0.4815305477453806
4	45	-0.19715256641535572
4	46	-0.7296188118219582
4	47	-1.0270997911884578
4	48	0.8672097614118314
4	49	1.7586514104742603
4	50	1.6603334780749066
4	51	-0.7791952946318415
4	52	1.967318546115913
4	53	-1.1674860597451617
4	54	0.4791388852636239
4	55	-0.2840279084676885
4	56	0.6246604574686944
4	57	4.206703001759227
4	58	-2.3225894967070606
4	59	0.8114373772281621
4	60	1.703176739795265
4	61	0.503113662750975
4	62	-0.8501442133962476
4	63	0.12060859230817988
4	64	0.8237262188687297
4	65	1.6910336046712564
4	66	0.306312924760039
4	67	-2.446435707777259
4	68	-1.1739525785746912
4	69	-0.7809187467012475
5	5	NaN
5	6	-1.2590480035229932
5	7	0.5563545674946119
5	8	-1.7532064753409837
5	9	-0.9051722376885261
5	10	-1.5617991377472862
5	11	1.432746295502651
5	12	-1.2233311494999504
5	13	-0.8081487887567222
5	14	0.28672849899730274
5	15	-1.051084283415542
5	16	-0.3606059802406564
5	17	-2.1088061918704146
5	18	-0.21139875834181526
5	19	2.2372734029576047
5	20	0.16992302416152588
5	21	0.13943187049268402
5	22	-1.2885167399846047
5	23	-1.4499359438158295
5	24	-1.1992556087887352
5	25	-0.5891624810379831
5	26	0.7047797746486637
5	27	-3.039383974165669
5	28	-3.3531965753284867
5	29	-2.0051340625605305
5	30	-1.2139997798657205
5	31	1.3822012653674178
5	32	2.6085856429391288
5	33	0.5270862592838151
5	34	0.6660824180921149
5	35	-0.9886984187048838
5	36	34.69837836843688
5	37	0.22095959990409123
5	38	-0.9455126082365791
5	39	-3.833640637018385
5	40	0.0006560234142797852
5	41	-0.03100379865140105
5	42	7.184319636672242
5	43	1.4722513628156886
5	44	0.02740906270592187
5	45	-2.2014664294851074
5	46	1.4100263450099502
5	47	0.5230849236251359
5	48	4.015640808535289
5	49	-2.4756484905702303
5	50	-5.408831573068225
5	51	0.3216396944134481
5	52	-0.38144160161729473
5	53	-3.4999870446781896
5	54	-0.33929739157952027
5	55	0.2258222234106412
5	56	-1.7284908006098367
5	57	-3.6601937690990427
5	58	-2.8402384704266366
5	59	-2.9775279210212244
5	60	2.055571849492249
5	61	-0.7711516738245496
5	62	-0.149870117994416
5	63	-1.5985821412711114
5	64	-4.237206600428709
5	65	-2.7806126351781817
5	66	2.5688146581442397
5	67	-1.091107009133171
5	68	2.334537876388135
5	69	0.8402625220454131
6	6	NaN
6	7	0.4266522726439857
6	8	-0.34519344078319464
6	9	4.0077073629711615
6	10	4.036254696020971
6	11	0.30995292533698654
6	12	0.9555339141335844
6	13	-2.9843071801987913
6	14	0.7987331974853175
6	15	-4.660902960888708
6	16	-2.144257169436291
6	17	1.178958114958733
6	18	-2.07627857840211
6	19	1.4444387426581953
6	20	1.925075340398532
6	21	1.2202136307987137
6	22	-1.1707446659403555
6	23	-0.4343286893934745
6	24	1.693970491336919
6	25	-2.7635571155725085
6	26	-0.3378116421653466
6	27	-1.4679810122002612
6	28	-2.4835400986357086
6	29	-1.894605571793078
6	30	-1.6567287104706307
6	31	-1.842544089938701
6	32	0.5091747418391311
6	33	0.6191061260074668
6	34	-0.17385739892352367
6	35	3.0458357935599847
6	36	-0.018735883753366274
6	37	-0.8686803564680184
6	38	3.5840150774155632
6	39	1.3973286758295307
6	40	0.6587684755479251
6	41	-0.2628860482122783
6	42	-1.5610345718611813
6	43	-0.6968101511210607
6	44	1.3276116318656517
6	45	-1.3886616988018217
6	46	0.2756536081228476
6	47	-2.1227044041403835
6	48	1.844717641366117
6	49	2.681073014298985
6	50	-1.1813713419859861
6	51	-0.40730699644494456
6	52	1.4629474176472443
6	53	0.39342916320616045
6	54	-0.8958672106731475
6	55	3.3752987913859394
6	56	0.5056162444205641
6	57	0.18764835603524277
6	58	-1.9678585160067628
6	59	0.9405279624203776
6	60	-3.0663410339330044
6	61	0.7006513991145004
6	62	0.20290414782551103
6	63	-1.5633521445555931
6	64	-0.8055578518084312
6	65	2.1086506421669666
6	66	0.7101235002034906
6	67	-1.9381028235509068
6	68	0.48406810553884455
6	69	-2.765393644048835
7	7	NaN
7	8	-2.1135190133328954
7	9	-0.2600162545433512
7	10	0.03318222897653086
7	11	1.247369869238664
7	12	1.1220301269200923
7	13	2.2278244171303077
7	14	3.3817448064541766
7	15	4.117900444389332
7	16	0.4342114211074579
7	17	-0.9573437125621899
7	18	1.5306366653474603
7	19	3.164955706937497
7	20	-0.9323763455346535
7	21	4.026312303070924
7	22	-2.805575123520638
7	23	2.88732474640111
7	24	-3.015775537638921
7	25	-2.1221527955933928
7	26	-0.9806089475144042
7	27	-3.0996108516989804
7	28	1.040191641480839
7	29	-3.7930662140663283
7	30	-0.07137578703086091
7	31	-2.2172161253277376
7	32	3.597532214205663
7	33	3.665121327268898
7	34	-1.6976356541866666
7	35	-3.033008470358313
7	36	26.93523696166942
7	37	-1.6734389409991515
7	38	-0.13797217954625454
7	39	-2.3756690256125492
7	40	-3.526396946952339
7	41	-0.6324380811588252
7	42	-0.8541651244465083
7	43	1.0827505079539745
7	44	-2.2489245309709474
7	45	0.8386482691348982
7	46	-0.871580075372061
7	47	1.6933909629627415
7	48	1.9825275728754004
7	49	-4.544922621784032
7	50	-0.7643381238016359
7	51	-2.2133599143054763
7	52	-1.4263138608013242
7	53	-3.530871835324917
7	54	-0.3036486204884647
7	55	-0.0920567936051315
7	56	-2.542390678330684
7	57	-3.2277803857715512
7	58	-1.231565564176039
7	59	-2.9039749391196126
7	60	-1.4722911168822457
7	61	-0.09121848021314909
7	62	-0.6185957603476534
7	63	1.3646744040244567
7	64	0.8370683731350363
7	65	-1.4677005376917331
7	66	-2.8160690073110297
7	67	0.7038341176000017
7	68	-1.9688076131724972
7	69	-1.2578626106882003
8	8	NaN
8	9	1.8584846971096993
8	10	1.80739218761295
8	11	2.389909730109876
8	12	-3.6051849181338564
8	13	-1.613411240563108
8	14	1.3221070568350548
8	15	-2.027474856234032
8	16	-0.8963178387734294
8	17	0.4495995995833884
8	18	-2.4046425015911104
8	19	-1.8507372375042992
8	20	-1.3961451907754487
8	21	-2.5066516230897347
8	22	-2.070983936444091
8	23	1.324535868296911
8	24	3.4616211614443113
8	25	-4.7113487907204235
8	26	-4.747569688942419
8	27	0.05068133455399071
8	28	-1.3606814137640706
8	29	-3.261531175448851
8	30	0.1976791796148181
8	31	-1.829746373640755
8	32	-1.775740650887725
8	33	-3.173038826976125
8	34	2.0174839569986496
8	35	1.852350358698868
8	36	-0.2170444719893914
8	37	22.997859649081573
8	38	2.9232656768904937
8	39	-2.7105783846383558
8	40	1.5955054684932481
8	41	-0.3355027873357749
8	42	-4.010240477081546
8	43	-3.395207202080971
8	44	1.5768486561968709
8	45	-2.257895857971031
8	46	0.34194658249203763
8	47	0.3812351846869983
8	48	-1.3085967421342835
8	49	-0.4081347050293802
8	50	-1.0896273008849422
8	51	-1.7157562033410676
8	52	0.0467920222891168
8	53	24.50224721919774
8	54	-0.9452600320829847
8	55	0.8507811635664622
8	56	2.5262581086431006
8	57	3.4292281768594344
8	58	1.010837011168139
8	59	-0.6693130300756543
8	60	-3.9290474537633093
8	61	-4.02955287417413
8	62	-0.3613760935603583
8	63	1.195272323065388
8	64	-1.9848006636046074
8	65	0.6673919982780905
8	66	-1.3246354382340286
8	67	-2.95083071248497
8	68	-0.12045050840593462
8	69	-0.7972913296736553
9	9	NaN
9	10	7.697953101799066
9	11	-0.055299500085032184
9	12	-0.24192497538409174
9	13	-2.416639667721958
9	14	-1.6423607058237726
9	15	-0.5483450467199671
9	16	-3.877350529888086
9	17	1.7142544361214826
9	18	-2.530596773604534
9	19	-3.9526117691957987
9	20	-0.29991363877973315
9	21	-1.9611457236697836
9	22	-1.2713675238052071
9	23	-0.03031370027043464
9	24	0.527627640400165
9	25	-3.1208630866718416
9	26	2.419824173721225
9	27	4.675741893789353
9	28	0.3305065174640988
9	29	-3.0764612270753124
9	30	0.2431011303768273
9	31	0.9935720942621964
9	32	-2.937325677911024
9	33	-4.42562490349312
9	34	-0.40880925812439406
9	35	1.1096929099449995
9	36	0.27923644238678813
9	37	-1.99915172927867
9	38	2.9622873431795824
9	39	-0.43404461377111103
9	40	3.9598976356865703
9	41	0.2802119380299624
9	42	-2.7301797813663233
9	43	-1.631630501034578
9	44	1.8119605350598964
9	45	-1.1924880745668673
9	46	-1.121846926356544
9	47	-1.4044810489727368
9	48	-1.8268177335268307
9	49	2.6035709829780314
9	50	-1.5921905502777236
9	51	-0.07304837294238124
9	52	3.375858954029093
9	53	1.3729000270906153
9	54	0.04481113798655011
9	55	2.5081969567949227
9	56	3.522889446866574
9	57	4.870592303523457
9	58	-0.226675420220049
9	59	0.5140185175896181
9	60	-1.4769299772181732
9	61	-4.118820924489251
9	62	0.9002558945913902
9	63	2.9242847175497477
9	64	-0.38517087432066865
9	65	3.6605100193073556
9	66	0.5450799353160254
9	67	-4.035678732363426
9	68	-3.3230256012369663
9	69	-2.161272061365924
10	10	NaN
10	11	-2.9277241971470573
10	12	1.2100165409084924
10	13	-2.446836859196914
10	14	-0.7957306154862115
10	15	-1.9976430787196964
10	16	0.3630753482284527
10	17	6.257898120184161
10	18	0.5174349574508856
10	19	-2.4296130253269954
10	20	0.47965656804584994
10	21	-2.265420158868644
10	22	-2.2900771168304352
10	23	1.356377053686505
10	24	4.3079174904326
10	25	-3.462293653189615
10	26	1.3025566988137336
10	27	4.446473197383573
10	28	-0.681910809982767
10	29	-1.317726533539723
10	30	-2.3706025728207543
10	31	-3.3157380319841048
10	32	-3.1039527140852767
10	33	-1.2957657641132272
10	34	-2.9348005862754367
10	35	2.648923394732204
10	36	-1.5478612992920262
10	37	2.2345435078658302
10	38	1.8495214439533056
10	39	2.8900702516120784
10	40	1.1431610576615534
10	41	1.2927551425580444
10	42	1.2136095404340033
10	43	-1.854051409643185
10	44	1.2172453488920725
10	45	-0.3186545222057132
10	46	-1.8688145140866441
10	47	-2.431559211144136
10	48	-3.565588119998822
10	49	1.5856762736856442
10	50	-1.1929759763265488
10	51	-1.8558568454061504
10	52	-1.1573444853587251
10	53	1.1125280585377701
10	54	1.4343483233334586
10	55	0.24142039681939234
10	56	1.1681264084843055
10	57	2.6594595003609762
10	58	-1.7435716164680841
10	59	-1.816287774005318
10	60	-1.78439282089664
10	61	-3.040259273189272
10	62	0.04618310266002777
10	63	2.0159364242810343
10	64	-1.2374607671918652
10	65	1.05655987293046
10	66	1.171376299062107
10	67	0.43060712868543205
10	68	1.9405945318414384
10	69	-3.1151829393114663
11	11	NaN
11	12	0.9239382679519443
11	13	-3.722789981757613
11	14	0.16106688940355007
11	15	-2.3483435113393565
11	16	0.5335734612141984
11	17	0.24675780309976353
11	18	0.052015527868644044
11	19	0.5762777353134997
11	20	0.8681579702990826
11	21	2.159557334680498
11	22	-0.9008821012240704
11	23	0.6856324060324247
11	24	-0.6084166666150114
11	25	-2.8546503710107216
11	26	-0.24627649180086927
11	27	2.2044859840746587
11	28	0.059313903793861755
11	29	-3.4426883861233266
11	30	1.0001834254596131
11	31	-0.9420577571116828
11	32	1.4374954179150352
11	33	0.9769511467141168
11	34	3.2968930006320956
11	35	-0.9174927401395081
11	36	-1.3243361216886576
11	37	-1.4918093571188733
11	38	-0.12337240233307602
11	39	-0.24452947063122912
11	40	1.8616250635005067
11	41	5.0231267346486685
11	42	-0.9967665290208105
11	43	0.8078274294521615
11	44	-1.183564962122234
11	45	-1.5747410217507167
11	46	2.136133816395236
11	47	0.45625957891755187
11	48	0.509006415791652
11	49	-0.26515042752506357
11	50	1.335563576477681
11	51	0.06775239267698248
11	52	-1.2935697952083127
11	53	-2.3929520805266957
11	54	-0.8628133719024134
11	55	-0.060886625602335875
11	56	0.43130518021976644
11	57	-0.08379659605574133
11	58	-1.2532471046971605
11	59	-3.347071169416378
11	60	2.0936883932349777
11	61	0.18998664210704735
11	62	1.6292278808603593
11	63	-3.1120222614523363
11	64	-3.132662627059622
11	65	-0.7798410769263421
11	66	-1.0394185894297046
11	67	3.2944248954883424
11	68	-0.07570737862384179
11	69	-1.261708799830213
12	12	NaN
12	13	1.8331327265105708
12	14	0.7223552371784452
12	15	-0.6345851045861648
12	16	2.835116050623036
12	17	0.22540758198648483
12	18	1.1294365416884018
12	19	-0.9936705331670364
12	20	-2.0608430353080807
12	21	-0.6501677492570659
12	22	1.6858060127589862
12	23	1.960146325118191
12	24	-1.5349027084701798
12	25	-1.753133979859022
12	26	2.2726480520475065
12	27	-2.3198084175934293
12	28	-0.4676349613348662
12	29	-4.177646605031628
12	30	-0.35877123167775443
12	31	0.9606723587994513
12	32	-0.0902899494741641
12	33	1.986404535369768
12	34	2.164016628963377
12	35	-0.8830403338796541
12	36	5.435898540604619
12	37	1.960133024150609
12	38	-2.4431797567429756
12	39	9.09209092298647
12	40	-4.87033321881687
12	41	-1.4467991665615443
12	42	-1.5786052557767534
12	43	-0.8619328010216313
12	44	-1.0927641864641793
12	45	2.519397865629481
12	46	0.47818548964970015
12	47	2.7904181397354657
12	48	1.5919784317306176
12	49	-2.1199269394743236
12	50	3.8642868256151854
12	51	-0.5191012297192857
12	52	-3.3121035681500417
12	53	-2.469486742730069
12	54	-1.2592990722762332
12	55	-2.139597073389424
12	56	-1.1408386417794765
12	57	-2.4849263431295774
12	58	-1.816498576282058
12	59	-3.4595669240021976
12	60	-1.3810669807828748
12	61	4.002079678036652
12	62	2.910975798780276
12	63	0.06791408028336628
12	64	-0.8787671076689624
12	65	1.4090209149971522
12	66	-0.6062117302328914
12	67	-0.5623920397306434
12	68	2.0675557501661106
12	69	-0.052148556010502424
13	13	NaN
13	14	-0.7776042467361742
13	15	2.522208007325213
13	16	-0.737986573250448
13	17	-1.8117108345376198
13	18	0.3644777932568926
13	19	1.8789085017185134
13	20	-0.3242966976430448
13	21	0.438881748107377
13	22	-2.0327480284101456
13	23	-3.2684556866358774
13	24	-3.214039575872019
13	25	0.6374863708086961
13	26	-0.22871649018103948
13	27	-2.660923432215242
13	28	4.226567250652421
13	29	-1.34950449613036
13	30	-1.9969834169691205
13	31	-0.4553530755614606
13	32	3.8466922817079885
13	33	0.34410977168826007
13	34	-1.207803628600969
13	35	-2.1200783115978137
13	36	2.0869147975586797
13	37	-0.11210310146896015
13	38	-2.2144582524914047
13	39	1.6846740907443187
13	40	2.08142797181221
13	41	4.760077424906958
13	42	1.3903282553923555
13	43	1.8725243420161148
13	44	-1.52346371467152
13	45	-0.22562383107678963
13	46	-2.5314446556724284
13	47	3.0397836109132266
13	48	2.6383935734631
13	49	-1.653652642357734
13	50	3.3099145203593134
13	51	2.5210296404255894
13	52	-1.806647354430443
13	53	-0.7486124341701095
13	54	1.52320575840888
13	55	-1.1049472896619315
13	56	-1.609362939884328
13	57	-1.663117620606452
13	58	0.3456920989539733
13	59	2.2930210688352486
13	60	2.5664313314141323
13	61	0.16732821309610016
13	62	-0.7671233700683315
13	63	-1.37852860000416
13	64	-0.4949470787813258
13	65	-3.2150186631974007
13	66	1.6514496622281292
13	67	-0.8325932979541395
13	68	0.3535025642650646
13	69	-1.9329053809359131
14	14	NaN
14	15	1.1048055192670574
14	16	2.3032311835415946
14	17	-1.7783391714353418
14	18	-0.06104069748056225
14	19	-0.011271183353544273
14	20	1.0343157910260667
14	21	-1.4852822134231232
14	22	-0.8037168460045252
14	23	1.5487945639734988
14	24	-0.8657722827876206
14	25	-3.380876434635283
14	26	0.737632857821864
14	27	-2.07923348943875
14	28	-0.24071693998682017
14	29	-0.3601422264013502
14	30	0.23665352845294185
14	31	-0.9106220067688054
14	32	0.32870432837502095
14	33	-3.507915954220531
14	34	3.4547517485196306
14	35	2.198232754127159
14	36	-1.813264788909819
14	37	-2.657582986866841
14	38	-0.3765245290119553
14	39	-1.7263554375328627
14	40	-0.05311634988550983
14	41	-2.9948439478903275
14	42	0.9566348626190937
14	43	2.0702396828036456
14	44	-0.16141559291955612
14	45	0.8837210509476424
14	46	0.005440672328894202
14	47	-2.091476720754429
14	48	-0.8806838417986386
14	49	-1.749251830164133
14	50	0.5404549986156272
14	51	0.799497581353979
14	52	-0.17291771736012826
14	53	10.3824118641165
14	54	-1.2037088831714386
14	55	-1.0775561762701655
14	56	0.3985570205273524
14	57	-1.1189234909764656
14	58	1.5363326329340157
14	59	0.4583711615586619
14	60	-0.36974590537895385
14	61	0.7282024952558601
14	62	-0.3927574303150282
14	63	-0.6147701275765711
14	64	-0.09322002989060017
14	65	1.7069588582394155
14	66	-1.830389405829993
14	67	1.1858452969438533
14	68	1.5352321850413466
14	69	-2.140533958758172
15	15	NaN
15	16	2.0789982613132096
15	17	-1.2014554639127624
15	18	0.1149120298271177
15	19	-0.21144213402455717
15	20	1.604365900746699
15	21	4.01141349849479
15	22	2.0831455379928787
15	23	3.767222072403528
15	24	-0.6687362944547903
15	25	-3.0781782924244765
15	26	0.9298547562055745
15	27	-2.5908928263384996
15	28	1.3967584350375586
15	29	-3.594092546450067
15	30	0.5891526911576878
15	31	0.24402861324458014
15	32	-1.001898252353134
15	33	0.7972368223084968
15	34	-2.856961115255512
15	35	-2.0668459259659593
15	36	-0.9401243785474199
15	37	0.5675780254918752
15	38	-2.8005749783603813
15	39	2.2771665473582825
15	40	1.1559643923299279
15	41	7.21421196515346
15	42	2.0280985929979622
15	43	0.8692815025266897
15	44	1.1964554045269444
15	45	-0.2760699526893377
15	46	2.080770755284168
15	47	2.1706479007093358
15	48	1.310442213674441
15	49	-1.7388239241596855
15	50	4.716919784267482
15	51	1.8005585668933688
15	52	0.28874999516774386
15	53	-1.4419552571926284
15	54	-2.5800264293426625
15	55	-2.5141746134026355
15	56	-0.3494819885637312
15	57	-1.7260128248832844
15	58	-0.26263764305838544
15	59	-1.071423266872538
15	60	2.8100095432266703
15	61	-1.0154569689374677
15	62	3.9470390428027993
15	63	1.990923650089381
15	64	-1.7865437261736592
15	65	-2.182111357562563
15	66	-3.5010185303213004
15	67	0.6374479100370964
15	68	1.9813923830580367
15	69	-1.0961184174193366
16	16	NaN
16	17	-1.3961069772707084
16	18	2.5868892660806044
16	19	-1.2029621411586944
16	20	-2.371664108471495
16	21	-2.8652073792315056
16	22	0.5165871814572545
16	23	0.7378755611301121
16	24	1.5671448490492026
16	25	-0.3263351645691446
16	26	2.1447787435545513
16	27	-0.22465737439303304
16	28	3.329054718946959
16	29	-0.21568955728396721
16	30	1.075845990950041
16	31	-1.4603862259808411
16	32	0.7717174093168038
16	33	-0.6632862629470493
16	34	-2.555641326378334
16	35	0.0026142009055688227
16	36	-1.3879095143323523
16	37	-0.17705914165802666
16	38	0.9446005806671942
16	39	-0.9340438323913187
16	40	-0.11516422934054293
16	41	-0.5545692209017933
16	42	2.450167082868455
16	43	0.1697786749899942
16	44	-1.6792944010840267
16	45	1.9051558793734311
16	46	1.7825634834430992
16	47	-0.3768398355403333
16	48	-0.9218811029375417
16	49	-2.696686764473256
16	50	-1.468863105346571
16	51	-2.2043869606845443
16	52	-2.0092305231078136
16	53	2.2596809888415645
16	54	-0.15287779391679387
16	55	-1.0149114968054913
16	56	0.7029338131601345
16	57	-0.5382218573654951
16	58	2.6099125648537176
16	59	-1.795036673511049
16	60	1.2430441295919519
16	61	-1.1927131952126708
16	62	0.5364747733068871
16	63	-1.5504741211150384
16	64	-0.8831438125998198
16	65	-1.7306052632065325
16	66	-2.4357223819970644
16	67	0.04893401207522082
16	68	0.9147177034935419
16	69	16.39202255265903
17	17	NaN
17	18	-0.9475691953580252
17	19	0.7600406663295584
17	20	0.051419652905553184
17	21	-3.4218884477153666
17	22	-2.6359298768331927
17	23	-0.44486995825224107
17	24	1.9927411507191184
17	25	-2.405060280061103
17	26	-2.4058807463693883
17	27	0.4688296003482722
17	28	-1.031134735904588
17	29	-2.3532385229719113
17	30	-1.8841943003564718
17	31	-0.8936186318133971
17	32	2.1914922775660926
17	33	0.3372523653279922
17	34	-1.6733998532421135
17	35	0.39729975327480965
17	36	-3.1897238878699055
17	37	1.1575748583695415
17	38	-0.38549530077622446
17	39	3.009423996296703
17	40	3.806008817860096
17	41	-0.806362700747792
17	42	-1.3461969060506598
17	43	-1.9959793835952067
17	44	1.7726519298223982
17	45	-0.7764143247070164
17	46	-1.2084882872979004
17	47	-1.417793424195657
17	48	-1.427041678178882
17	49	0.16806882537098253
17	50	0.44514471115598786
17	51	1.2812271683833285
17	52	0.5046267341087561
17	53	7.674217666298183
17	54	-0.8630440094691024
17	55	3.3915205594966253
17	56	0.9557344006640639
17	57	2.1200227343770326
17	58	-1.1350295137451325
17	59	0.9111006275573941
17	60	-1.0094647028262937
17	61	0.10642627995529103
17	62	0.01669464503886495
17	63	0.4454314091520486
17	64	1.3449500691858078
17	65	0.9547444483082845
17	66	1.360618688407289
17	67	-3.325402536485787
17	68	-1.6976221659188713
17	69	-0.4275341634733863
18	18	NaN
18	19	8.851285482280352
18	20	1.779054128793216
18	21	1.9973060252851513
18	22	0.13491521175914328
18	23	-2.065085856811295
18	24	-0.03419050547846611
18	25	2.114518708391957
18	26	-1.1384565336062187
18	27	0.9896103918386058
18	28	-0.8950661633765273
18	29	0.13848956599178622
18	30	1.6193432676993555
18	31	3.247468660851258
18	32	1.2515148623881178
18	33	-2.902658638911813
18	34	0.7154890883360757
18	35	-0.32280975907353543
18	36	-0.4270019445137613
18	37	2.664160601730477
18	38	-1.3416574327565762
18	39	4.181095785934085
18	40	-3.1325584878667434
18	41	1.8655124720181906
18	42	-1.3269766943096237
18	43	-0.829617532684205
18	44	-1.7975494958490688
18	45	3.534816497610063
18	46	1.7928242382478634
18	47	-0.8270964102973233
18	48	-0.16934343785389175
18	49	-1.3997842636045712
18	50	0.6649985971265169
18	51	-2.1151355708315562
18	52	-1.1880897900209868
18	53	-2.6991968479386266
18	54	-1.2882419579704574
18	55	-0.8181548101250855
18	56	-3.7765538792672126
18	57	1.9048878895279362
18	58	0.8928401202206464
18	59	-0.08220907009720917
18	60	1.4775847676393377
18	61	1.4146582406885588
18	62	-1.1596758446511284
18	63	-1.0120015670906282
18	64	1.7440355779053736
18	65	-4.6926056617445475
18	66	0.607944034774733
18	67	-2.6883154619245366
18	68	3.742108258073166
18	69	-3.267012966110909
19	19	NaN
19	20	2.8128756821526695
19	21	2.713193610375414
19	22	-1.236916232254686
19	23	-2.9551017214743114
19	24	-3.6579358275275107
19	25	-3.195968408602962
19	26	0.9552019792924206
19	27	1.1631489053996988
19	28	-2.155926674267432
19	29	-1.647714130191131
19	30	5.882359951317845
19	31	0.6296717028633393
19	32	-1.0404506224614292
19	33	-2.926272465538712
19	34	-0.7252198705326713
19	35	-2.2097526529862126
19	36	3.46878194584089
19	37	2.69133314017256
19	38	-0.27828547144575344
19	39	-0.4075346588552365
19	40	-3.422182985423359
19	41	2.1017152799678422
19	42	3.367349451459697
19	43	0.6623985459022474
19	44	-2.337391891363311
19	45	-0.3694240399800372
19	46	3.3120482763093606
19	47	-1.9535760329190657
19	48	2.887690487035794
19	49	-1.116904522830763
19	50	1.14006732015767
19	51	-0.2664880634951056
19	52	-1.794747335065505
19	53	-2.4010144705541854
19	54	0.6907615619517183
19	55	0.99711717276762
19	56	-2.532062789662802
19	57	-2.4388602984722603
19	58	3.6820239234856924
19	59	0.5362657213483212
19	60	3.1470010351246303
19	61	1.0368801242735275
19	62	1.4400536441576735
19	63	0.26686378012635464
19	64	2.9379740469906754
19	65	-4.066250127971556
19	66	-3.9639550009019886
19	67	-1.3585746450356395
19	68	2.9645818000658037
19	69	0.4182285556376297
20	20	NaN
20	21	0.44435052211903675
20	22	1.5427158517295982
20	23	-1.014293405548714
20	24	1.3757005935862783
20	25	-2.4717859452534987
20	26	-1.9294582244783243
20	27	2.055461128991114
20	28	-0.721668980854837
20	29	-2.417731599915123
20	30	-3.52281336562806
20	31	-3.0531947215675275
20	32	0.893595138660259
20	33	-1.8330264342616476
20	34	-1.4111281273890903
20	35	-0.1686448612028118
20	36	-2.2053807705782913
20	37	0.11968329358701475
20	38	0.6094537975345854
20	39	-2.1378936847094865
20	40	2.6335108046367397
20	41	-0.02346294187904047
20	42	-2.344269055180995
20	43	-2.8438584465899837
20	44	1.1898754061900683
20	45	-4.060726034675943
20	46	-0.20960143834945727
20	47	0.44633379019153896
20	48	-1.2900999871397747
20	49	-0.11127454089776743
20	50	-0.911503250743119
20	51	-1.4650085685822152
20	52	1.7375099701251953
20	53	2.1502493955753526
20	54	1.0953576350542384
20	55	1.4477413752969368
20	56	2.8773231843243976
20	57	0.7940259272918695
20	58	-2.138596416211534
20	59	1.1347095674390464
20	60	-1.81546457429775
20	61	-1.6344519745611588
20	62	-1.258598324667877
20	63	0.3860741217398387
20	64	-0.9897293194864506
20	65	0.6598098059932823
20	66	-0.6343598141065316
20	67	1.0350264324063128
20	68	1.7541972494885802
20	69	12.374102689079766
21	21	NaN
21	22	0.3735556353712075
21	23	-1.2376914487752386
21	24	1.3741001237817316
21	25	1.0418069472351539
21	26	-0.5757024734503094
21	27	-2.0063165030796144
21	28	0.533083168504109
21	29	1.5999399036245998
21	30	-1.0082482973348115
21	31	2.344852369935241
21	32	1.4058340495819515
21	33	1.439188557911104
21	34	1.1040854144941066
21	35	-2.4411901641986593
21	36	-1.396214495665982
21	37	4.818005758843276
21	38	-1.4237330583364063
21	39	0.3748654756096508
21	40	-3.494699720925445
21	41	-0.15602938452592613
21	42	0.6745039259092134
21	43	0.07196726438538584
21	44	0.3494582929001973
21	45	-0.21656493020532636
21	46	-0.23918321369944184
21	47	-0.23736608845577806
21	48	2.8085661766427994
21	49	-3.022284862180513
21	50	-0.18638656362554218
21	51	2.9564442512178264
21	52	-0.929313490828783
21	53	-0.540769426022411
21	54	-0.8001321119423322
21	55	0.19774911142150925
21	56	-1.9320360396320166
21	57	1.8719277836210166
21	58	-2.237992116348717
21	59	-1.4846080606529874
21	60	3.1113739763961754
21	61	-3.3652016174252974
21	62	-1.443396797715577
21	63	0.16866347839258664
21	64	1.2933518376502684
21	65	0.12324381740726946
21	66	2.083507345669212
21	67	-0.45250481942962645
21	68	-0.7939873337530674
21	69	2.6360360790461943
22	22	NaN
22	23	1.89057698837554
22	24	0.1933195925454053
22	25	-2.4911955647844626
22	26	-1.1117342995041992
22	27	-1.4370533170322488
22	28	3.5748788414685055
22	29	-1.8001246222615424
22	30	-0.6265694402063029
22	31	1.30275031159614
22	32	1.284188759648637
22	33	1.3948952383132012
22	34	1.7852386077008955
22	35	-0.6738385288920568
22	36	-0.2972434910678293
22	37	2.504696906522094
22	38	-2.0946446613624516
22	39	0.77084534824071
22	40	-2.742388832803867
22	41	-1.1062694744524473
22	42	2.4568926259910735
22	43	1.3743173213812763
22	44	-1.0671046569216969
22	45	1.7873831459284446
22	46	-0.772282862232985
22	47	-0.9194868762258247
22	48	1.4011157748181802
22	49	-2.9716353799372865
22	50	-0.424916752839103
22	51	2.550234625311632
22	52	-0.8889784303643338
22	53	-2.0655728077361686
22	54	-1.3701437876473834
22	55	-2.469237254277326
22	56	0.5660416746732214
22	57	0.5949786106201528
22	58	4.577176146374088
22	59	-2.097444379846031
22	60	0.06160940456265739
22	61	3.4008564226954174
22	62	-0.8936968544598957
22	63	3.868447095708135
22	64	-1.777462592218318
22	65	-0.6654435224982985
22	66	1.7588474438419681
22	67	0.37947152692260266
22	68	2.54315992306434
22	69	1.5427473695644214
23	23	NaN
23	24	0.8567317712319781
23	25	3.0672299485067405
23	26	-2.979078028070782
23	27	6.284990623741046
23	28	0.7974216328384578
23	29	3.498300784211042
23	30	1.2984158727394797
23	31	2.1090805822032106
23	32	0.31278530186802894
23	33	2.898798432146053
23	34	-0.38739750350596897
23	35	-0.1985212568634767
23	36	-2.8895407658522854
23	37	-1.4748932042520464
23	38	-1.3028412470616229
23	39	-1.8917484976154988
23	40	-0.47236201968174407
23	41	-1.4630207176293035
23	42	1.8561448108989003
23	43	1.8659461426411674
23	44	-1.810696175688983
23	45	0.9933080316598184
23	46	0.33999520172665976
23	47	-0.939098118521135
23	48	2.0315730457721344
23	49	0.9310590928560791
23	50	-2.304668697025687
23	51	-0.41634544826460324
23	52	-0.7036745965610045
23	53	-2.8958913005380857
23	54	-1.6247283733629494
23	55	-1.083805519659889
23	56	-1.6421897599403987
23	57	-3.2309495647013216
23	58	3.631698828453486
23	59	1.141290558833208
23	60	-1.3808673879263087
23	61	-0.42793690395291795
23	62	1.3333120825749005
23	63	0.5390939299094613
23	64	1.0875461407600107
23	65	0.15070709781982594
23	66	-0.30445921071997367
23	67	-0.9781284318123098
23	68	-0.61306202363681
23	69	0.029192037025754552
24	24	NaN
24	25	-2.9703852270957194
24	26	-2.550408850497511
24	27	2.8459261685904127
24	28	-0.38805209592939605
24	29	-2.4151068542674747
24	30	-1.6536857431038163
24	31	1.721606722427819
24	32	-3.8492850713155846
24	33	0.08997266571689587
24	34	1.4424260985847388
24	35	0.6194942038962381
24	36	-1.9666645436292691
24	37	-0.8420113986350137
24	38	2.485650874267434
24	39	1.3147977550021033
24	40	2.6640900420204754
24	41	0.8915195463691732
24	42	0.4670894495234016
24	43	-1.0838111286336025
24	44	1.976052086573603
24	45	-1.7403028403847083
24	46	-1.4521477684594621
24	47	-0.11559505802888755
24	48	-1.8418201950805027
24	49	1.9416749834705074
24	50	0.3544766024879457
24	51	0.8210035378317677
24	52	0.46458896592376225
24	53	2.251438594646589
24	54	2.5409057818632403
24	55	1.091798495436298
24	56	0.8481818899929207
24	57	2.885922263194819
24	58	-3.532542730174536
24	59	3.357561821756471
24	60	-1.2463779444996912
24	61	-3.1886577260392563
24	62	-0.09352660649178846
24	63	-1.2949921198166527
24	64	0.9919347873924953
24	65	0.9307168897358815
24	66	-0.07794400836679305
24	67	-2.439090021349027
24	68	-2.249881613478205
24	69	-1.8709026286068873
25	25	NaN
25	26	-1.8134599334002204
25	27	-3.4274484447324736
25	28	-1.6513599934670575
25	29	162.1557776411285
25	30	-1.8713436472871932
25	31	-2.951244335360228
25	32	-0.5428155396991456
25	33	-3.164355943568901
25	34	-1.1226378680639824
25	35	-3.023669859916015
25	36	-0.6692097141777159
25	37	-3.2165176209110458
25	38	-1.8162390656334368
25	39	0.5244733541149224
25	40	-4.238645117475302
25	41	-3.9065603095995374
25	42	-2.469446417821083
25	43	-3.548279171676911
25	44	-2.14087582024852
25	45	-4.699344688382227
25	46	-3.071380069488975
25	47	-0.7120087745501288
25	48	-0.46738415047347576
25	49	-2.7621031654206862
25	50	-1.0883845610726364
25	51	-2.6885664777862477
25	52	-3.3715184873419926
25	53	-5.229814357470426
25	54	-3.285396417262326
25	55	-2.990472314956249
25	56	-2.700377909281667
25	57	0.2213584140650785
25	58	-0.706068643430387
25	59	-3.5238457721490675
25	60	-2.6492875635364412
25	61	-5.613273974424168
25	62	-4.291469471775742
25	63	-0.8500551383417952
25	64	-0.15684131056966885
25	65	-6.346145476967449
25	66	-1.669491513803506
25	67	-2.39104890218672
25	68	-5.340089674950112
25	69	-3.67256953153609
26	26	NaN
26	27	-0.7506734531208074
26	28	0.5577691783682678
26	29	-0.7542678588796474
26	30	23.439674418944403
26	31	1.2355187679975252
26	32	-1.8139893468631845
26	33	-1.0994504607299347
26	34	-2.5052443796777455
26	35	-1.4488483246376695
26	36	-0.9905817197787942
26	37	-0.36347056743456674
26	38	-3.1248261408422326
26	39	0.6512328572733823
26	40	-2.546545265672964
26	41	0.8598659069966176
26	42	2.2167059184835374
26	43	0.5463961744122057
26	44	-1.4667643660170266
26	45	0.10145169375965363
26	46	-2.459085694804336
26	47	-0.8370373899756517
26	48	-1.726083174363315
26	49	-1.0827215173307072
26	50	-0.08874551376109541
26	51	1.2120607495513123
26	52	0.5742726145759254
26	53	0.20633724310278226
26	54	-3.930978933172028
26	55	-1.8627736958863024
26	56	-1.2025812530278552
26	57	1.4457304816700025
26	58	4.507642769050941
26	59	-0.8196863833156465
26	60	-0.6572047594484293
26	61	2.9122193054599017
26	62	-0.4319115264035099
26	63	-0.3608681587449585
26	64	1.479582855720658
26	65	1.483448442932278
26	66	-0.38806251344920234
26	67	-1.2195278054537158
26	68	-0.2342859069502332
26	69	2.8701808991959314
27	27	NaN
27	28	0.48616954633900933
27	29	-2.6859798399416537
27	30	-0.6161028001468707
27	31	15.767048951530873
27	32	-2.737081323969443
27	33	-3.181399319300375
27	34	-5.395047076582554
27	35	4.251008170039208
27	36	-3.0502698342242494
27	37	0.9364250523284475
27	38	1.5488082995425738
27	39	0.17744673129532615
27	40	2.258200229428004
27	41	1.3124855941329683
27	42	-1.5148748621808603
27	43	-0.42885340626876756
27	44	1.739952801561927
27	45	1.1522765485951654
27	46	-3.181352631423295
27	47	-2.6208253379929296
27	48	-1.4381349373278616
27	49	3.0369524375927486
27	50	-2.1373488834150276
27	51	-3.4853899095009826
27	52	1.3245814745474174
27	53	1.184603096598938
27	54	1.5723297295309095
27	55	-0.007139368628900673
27	56	2.780967726501258
27	57	1.225560393722686
27	58	-0.7381848454092923
27	59	5.1069232592547325
27	60	0.6770647451444506
27	61	-3.1540628496866203
27	62	-1.5496827835172748
27	63	0.24367114978362459
27	64	-2.5862021781025857
27	65	0.056828252472150925
27	66	0.7058472001192801
27	67	-3.985534807299128
27	68	-3.361843168427879
27	69	0.3317698310876121
28	28	NaN
28	29	-1.9114413567676733
28	30	5.672515125069828
28	31	0.7466816140397541
28	32	1.1203012137057684
28	33	-1.012030654096106
28	34	-0.4288128966891946
28	35	-0.938007847904623
28	36	1.0159523622415974
28	37	-1.777318870353709
28	38	-1.3048615476242138
28	39	-0.7199110075523074
28	40	1.327833333711847
28	41	-1.2738980155946142
28	42	-0.5397767147433804
28	43	1.1606387722063018
28	44	-0.5097319049666335
28	45	0.6529495296472771
28	46	1.270015273773121
28	47	0.32481794899935046
28	48	-2.9466263045813132
28	49	-3.354015987288318
28	50	0.032673977589235514
28	51	-0.7550564439315259
28	52	0.42969813756961894
28	53	-2.6764924615907244
28	54	0.274294164021874
28	55	0.3340266219254321
28	56	0.6410987914776217
28	57	-2.052633941660856
28	58	-4.071567821007836
28	59	-0.3784850989804982
28	60	0.5459540093398862
28	61	0.1966896403848343
28	62	3.263767193821587
28	63	-0.7044504320755184
28	64	2.939931029339638
28	65	1.024267470066087
28	66	0.4949698981439004
28	67	2.454501786560143
28	68	3.1038123559753195
28	69	0.1737693046940236
29	29	NaN
29	30	1.8699892286100666
29	31	-3.6864436691898486
29	32	-0.47203451088439186
29	33	-2.0003023680931893
29	34	-1.6173984770299619
29	35	-2.8818935680378153
29	36	-3.674254518162706
29	37	-3.577905758669572
29	38	-1.6978140861257551
29	39	2.3812392105398477
29	40	-2.7182262014692062
29	41	-6.879190078043733
29	42	-6.08382617482015
29	43	-1.9534130056856658
29	44	-2.842731457541681
29	45	-5.765285113947
29	46	-1.4426568020444583
29	47	-4.4228720976398375
29	48	2.7942840687199686
29	49	-2.2817782568004175
29	50	-1.6693474870470255
29	51	-3.6340854151324193
29	52	-5.256355161967489
29	53	-5.976361745844153
29	54	-4.792425079000688
29	55	-3.469302739972869
29	56	-3.9262482405126833
29	57	-3.5252206089617433
29	58	-2.7353864816320943
29	59	-0.2406519509227894
29	60	-6.066858753137495
29	61	-1.7889214068782202
29	62	-2.143026286261669
29	63	-2.5611869049189266
29	64	-2.1492044942912294
29	65	-6.3342269173487855
29	66	-3.5091577065441992
29	67	-1.7930596286214737
29	68	-4.83764495198114
29	69	-0.8665503886180537
30	30	NaN
30	31	0.7952513190095877
30	32	1.4063170845758022
30	33	-0.07010100265382906
30	34	1.2777685855147332
30	35	-2.34975728328357
30	36	-0.6688830892537869
30	37	1.3812080512907876
30	38	-3.057214706376175
30	39	-2.1899927223924838
30	40	-2.6041555606436537
30	41	-2.2829687059608474
30	42	4.281479372478698
30	43	1.3125779475552948
30	44	1.1650604900996668
30	45	-0.8377501933964612
30	46	4.869207189484438
30	47	-2.2397773229756437
30	48	1.3986489441794319
30	49	-1.9539724114655759
30	50	0.40218140994411133
30	51	0.3313360969369138
30	52	-2.6362417424771336
30	53	-3.3757688157702628
30	54	0.40384306710109835
30	55	-2.2918994484113058
30	56	-0.03608716274448699
30	57	-3.2619726249036463
30	58	1.1135264435945584
30	59	-3.0320670309375957
30	60	1.2179095517294907
30	61	0.09543717902611037
30	62	-0.8598223230496951
30	63	2.61886458627458
30	64	-0.3130875700508518
30	65	-1.0314840802652783
30	66	-1.302807899826825
30	67	-3.0957170099820397
30	68	-1.0363479060124687
30	69	1.0257712124124734
31	31	NaN
31	32	3.0649740932619203
31	33	0.7628855825390671
31	34	0.5995481752370765
31	35	2.334308201693294
31	36	-1.8984320157913745
31	37	-2.492199023121199
31	38	-0.6923485195024879
31	39	0.315078217650933
31	40	-0.8321232764953531
31	41	-2.1195738725490703
31	42	-1.9097344363640472
31	43	0.2160666146739635
31	44	-0.7678911644628288
31	45	-0.1716640226532066
31	46	0.5630299306461077
31	47	-0.7835356507753393
31	48	0.3174276753254041
31	49	-1.088803404971259
31	50	2.2492824688910047
31	51	0.22129171771055847
31	52	-0.504606190712194
31	53	-0.1296782656486845
31	54	-1.4019749273160251
31	55	-1.9188622366754788
31	56	-1.206108954652328
31	57	-2.614289297590171
31	58	-0.4342845817070292
31	59	-0.30104059758484647
31	60	0.432363461998594
31	61	1.6025303604662824
31	62	1.1016506416924088
31	63	1.4917795369518136
31	64	3.457747373144829
31	65	-1.6209466511154513
31	66	-0.4783171072229218
31	67	-0.5814909542733935
31	68	-2.8192540484685162
31	69	0.17434498836694276
32	32	NaN
32	33	0.251465722792103
32	34	1.1631868386341757
32	35	-2.9237123322242344
32	36	0.05677644635174683
32	37	-0.7038788625645244
32	38	1.0571194258763266
32	39	-1.9914886094198545
32	40	-1.5794540767768728
32	41	-1.1956046175109967
32	42	-0.8092576489341454
32	43	0.861986867762608
32	44	-0.09102249933296397
32	45	3.4689229170320823
32	46	1.0968924637416324
32	47	1.7273630953142296
32	48	1.1418346058573772
32	49	0.15196010961607495
32	50	0.819462517660494
32	51	-0.42794896586980663
32	52	-1.8154811558050432
32	53	-0.15390646338529795
32	54	-0.8403391809803543
32	55	-1.3355125369183765
32	56	-1.3477437767153473
32	57	-1.8478293641189723
32	58	-2.183853775130795
32	59	0.5976639606569673
32	60	1.4772495992090646
32	61	1.6159133783045825
32	62	0.8979155777006089
32	63	-2.412690889740238
32	64	-2.642683216039207
32	65	1.7921405726025175
32	66	-1.093292346136954
32	67	0.964644756902057
32	68	0.44625054726572877
32	69	-2.092854121495473
33	33	NaN
33	34	3.301559170638773
33	35	1.9228675708989127
33	36	1.8002479531587294
33	37	-0.09007965361947677
33	38	-1.9616576513258404
33	39	1.1297891004340135
33	40	-1.9998564346530174
33	41	-0.30059766367391927
33	42	1.7829952602717432
33	43	0.9745548693042032
33	44	-0.06704495665219244
33	45	4.081294919288317
33	46	3.062571861124708
33	47	0.9428032841232816
33	48	-1.9358989469794325
33	49	-1.1465170857537414
33	50	2.3854682774721554
33	51	2.6285398604894477
33	52	-0.9335997416105186
33	53	-2.6634745915974625
33	54	-1.612935911459386
33	55	-1.3969138860034014
33	56	-1.8818650153874992
33	57	-1.5621535367000157
33	58	3.8433693120782744
33	59	2.8755275224106476
33	60	0.8677022082664565
33	61	3.1530552301811503
33	62	-0.7662510145692958
33	63	-1.2320691647670052
33	64	0.02445383618434688
33	65	-2.0051342107328645
33	66	-0.8875155153511782
33	67	-0.8946201334496876
33	68	-1.9014793870442912
33	69	-0.8404111613064172
34	34	NaN
34	35	3.7905857291260054
34	36	-1.9642803989652171
34	37	-0.1227438144753467
34	38	-2.896776809898211
34	39	3.206397430019843
34	40	-1.7646685011889813
34	41	0.5385030504899313
34	42	-0.7491763469119569
34	43	3.317107279597412
34	44	-0.922891310087705
34	45	3.4600653709632945
34	46	2.4658366302406467
34	47	1.4069397075534824
34	48	2.600749057770068
34	49	0.8727761114918033
34	50	1.6096217417173422
34	51	2.8631632478613533
34	52	-3.448244955798326
34	53	-3.351469425982412
34	54	0.5371089754192422
34	55	-1.0097933160006085
34	56	-1.5606500818440634
34	57	-1.3324050768584046
34	58	0.5465153999344055
34	59	-0.6008499026617939
34	60	0.4468271975282243
34	61	1.2903858994371813
34	62	-0.07651408516363199
34	63	-1.6974682376283259
34	64	1.8391865513109171
34	65	-2.130646180158012
34	66	1.3439040353100584
34	67	1.5215496234478576
34	68	0.7228510548925617
34	69	0.053096109881879294
35	35	NaN
35	36	1.385064509225179
35	37	1.1926187816762321
35	38	2.521022335803096
35	39	-1.6435341667841972
35	40	1.8209796840817563
35	41	-1.6784299286161948
35	42	-0.46433353020631823
35	43	-0.5342776545063934
35	44	2.745859273814874
35	45	1.7813169172125118
35	46	-2.473420799469825
35	47	-2.129121630562076
35	48	-0.3796780138108317
35	49	2.6896633095045734
35	50	-0.7863995350708956
35	51	-2.417868068858253
35	52	3.4829900391110558
35	53	0.04148709087363488
35	54	1.6713730719219675
35	55	1.2035203681150346
35	56	1.8583252909183465
35	57	2.069059221819553
35	58	0.7949940025890804
35	59	-0.4773657002046982
35	60	0.23943862498143412
35	61	-1.4149219250934795
35	62	-2.5316730154168137
35	63	1.1316690678238726
35	64	1.2059713385876374
35	65	1.7374727769122682
35	66	2.2175008544177235
35	67	-3.2417732883822805
35	68	-1.0419823133108723
35	69	-2.244556297998386
36	36	NaN
36	37	-0.8534603876109942
36	38	0.2701520101062706
36	39	-0.5340719289813577
36	40	-3.290598490968857
36	41	-2.8526501468004968
36	42	0.019693960609796776
36	43	-1.2971738369807881
36	44	-3.3601278167862536
36	45	-0.4879139075490808
36	46	-0.3496596102839988
36	47	1.3737002000738832
36	48	-0.2048132826250563
36	49	-2.2560028095839835
36	50	-1.9558025322404584
36	51	-1.6918543854165886
36	52	-0.31182353562550313
36	53	-3.020272936164795
36	54	-3.8328487672405545
36	55	-0.6582797340309888
36	56	-1.0992476018352735
36	57	-1.6717633969267678
36	58	2.172876323335018
36	59	-2.84063303094525
36	60	1.2040062847342239
36	61	2.3368919278646194
36	62	-5.3336958719461585
36	63	1.8769874107757407
36	64	-0.024919113194213815
36	65	0.4210445232661697
36	66	-0.2749330932223893
36	67	-0.6372546676281594
36	68	0.9090664790225861
36	69	-4.090638691832587
37	37	NaN
37	38	0.0033070652166255483
37	39	1.6636705493237955
37	40	1.339679028470655
37	41	1.3146250074843302
37	42	0.9487358052414425
37	43	-1.7186657748529304
37	44	-2.577044514866652
37	45	0.40597056668727005
37	46	1.9412179869372597
37	47	-1.4234015870573393
37	48	-0.5522599836571799
37	49	-0.755922215604453
37	50	0.855464221068471
37	51	-1.930056156095153
37	52	-1.510594670633997
37	53	-3.631975798593386
37	54	-3.7566494989034664
37	55	0.17065968957666905
37	56	-0.39152420385155334
37	57	-1.6291952619989551
37	58	1.18654174014021
37	59	1.5174337701985192
37	60	-2.1077225571531644
37	61	0.09712531730050548
37	62	-1.6786430070954892
37	63	1.2103228088447695
37	64	-0.660758458651431
37	65	-3.2601587277826627
37	66	-2.0115322091968513
37	67	1.003916132319825
37	68	-0.22174306409984504
37	69	-0.6650519970336677
38	38	NaN
38	39	4.888203577660461
38	40	4.236938303238191
38	41	-0.7445974709461827
38	42	-1.8576969732775335
38	43	4.719720416484818
38	44	2.739943524651656
38	45	-3.3843730031809627
38	46	-2.1703994257421955
38	47	-1.5869561903430947
38	48	-2.6182088984809084
38	49	3.3958412436233836
38	50	-3.6510096267224053
38	51	-1.8733435442979982
38	52	3.779433691628188
38	53	0.6621752346002244
38	54	1.7789039507931559
38	55	2.3737335326361726
38	56	2.021937527043961
38	57	2.037664105257035
38	58	-4.681442233660954
38	59	0.513566294206108
38	60	-2.331371993511581
38	61	-2.2416422887344924
38	62	-2.3452060432877246
38	63	-0.3044329604345981
38	64	0.23360421568093528
38	65	2.2074288217279587
38	66	1.704007597000512
38	67	-1.8356386848635375
38	68	-0.6639726160704769
38	69	1.6108882988516995
39	39	NaN
39	40	0.41745600854461595
39	41	-1.043201586153291
39	42	2.2566601090054332
39	43	-2.0045808186638294
39	44	-1.9143406750657088
39	45	-4.003847875174881
39	46	0.0025827452793973664
39	47	-0.744123255158478
39	48	0.0855371413594324
39	49	1.3850620158863791
39	50	0.04605193540880774
39	51	-1.060421670031536
39	52	-2.4734838781340556
39	53	-1.9299554215516046
39	54	-3.4440426971390554
39	55	-0.35537872172364315
39	56	0.3583550639296355
39	57	-2.047026256070848
39	58	-3.6885255441866085
39	59	0.672026260749879
39	60	3.6466899598281266
39	61	1.3348900219826485
39	62	1.9861813645223052
39	63	-1.79390154174197
39	64	-0.1869302167752191
39	65	-3.2763478277025446
39	66	0.31906594359280915
39	67	-2.2419886125851853
39	68	0.7603542395387378
39	69	-0.4655997565036844
40	40	NaN
40	41	1.1686229864183364
40	42	-2.754470908559263
40	43	-1.114125838921573
40	44	3.4446021493128427
40	45	-0.92268330188478
40	46	-2.0418342254585435
40	47	-0.36804967078954215
40	48	-1.7111561717097137
40	49	4.193925037150598
40	50	-0.9198533426395201
40	51	-2.238945725240635
40	52	6.530157767491407
40	53	3.047256376928121
40	54	1.8285923683222747
40	55	3.35302015935868
40	56	3.667028221253441
40	57	1.5908750148813546
40	58	-1.5193776189235586
40	59	0.5329594406370777
40	60	-2.037342471056859
40	61	-2.6486729489640717
40	62	-1.4554307384426333
40	63	-0.5011714259727489
40	64	-1.6465019233307214
40	65	3.393893395437694
40	66	2.3531545685357016
40	67	-2.6355833466865874
40	68	-1.774623451522769
40	69	-2.135738756995544
41	41	NaN
41	42	2.923736695081569
41	43	-0.2817623775576283
41	44	-0.029369746949855002
41	45	5.189615935515995
41	46	-0.5574388257087369
41	47	-0.7257544336643895
41	48	1.7154940663415874
41	49	-1.1288592857647155
41	50	0.10529728098052946
41	51	-1.5294255974174498
41	52	-1.3640500030605416
41	53	-2.1281263047757664
41	54	1.4924361724334412
41	55	-0.6926675086131472
41	56	-0.3258840958019661
41	57	-0.36986916323474545
41	58	1.7799707757579688
41	59	-0.5886926358547104
41	60	0.3499478251431435
41	61	0.7858606600519952
41	62	2.132491091828041
41	63	2.2500906525052424
41	64	-1.0863482383604952
41	65	0.45997324000297746
41	66	-2.446360890373227
41	67	0.6588591460754415
41	68	-0.7188256466256095
41	69	-2.688369454490795
42	42	NaN
42	43	6.716629044541395
42	44	-2.3380732388177314
42	45	2.355855534863811
42	46	1.195838459057604
42	47	-0.018276165168754313
42	48	0.6874156717046627
42	49	0.5801392478739453
42	50	-1.8723668699921723
42	51	3.123146341136273
42	52	-0.9764253380772893
42	53	-1.8762507855521278
42	54	-1.742063906259549
42	55	-0.30442772915257177
42	56	-0.4837334097145531
42	57	-4.34815889001599
42	58	8.825380988782504
42	59	1.9872446036730258
42	60	-0.2829206777689455
42	61	3.1338183424854975
42	62	-0.6979848088345689
42	63	-0.5968509149989853
42	64	1.0900932264417533
42	65	-1.0085992522920602
42	66	-0.19039486617361756
42	67	-3.2690788224048046
42	68	-2.2576184805564874
42	69	0.996019819251933
43	43	NaN
43	44	-1.6614377311148993
43	45	2.805789774789117
43	46	-1.172691486979062
43	47	0.8078866130718194
43	48	-1.2730435205751955
43	49	0.5467774797343536
43	50	2.170005978347759
43	51	1.4205677771221585
43	52	-1.5114119947810294
43	53	-2.7002124383509822
43	54	1.2776013526644734
43	55	-0.6595762938644935
43	56	-2.7117286858958694
43	57	-1.5641410775931657
43	58	1.0728604739356322
43	59	-0.9226668923230879
43	60	-0.41837327390775175
43	61	2.6074049201757465
43	62	-1.4337933603229032
43	63	-1.0204170425436057
43	64	0.5286679623393643
43	65	-1.4197800651282135
43	66	0.29934127538618566
43	67	-1.5592416670947447
43	68	0.5522919826806054
43	69	0.07346294386324134
44	44	NaN
44	45	-2.100505442234669
44	46	-1.2534088941514145
44	47	2.100983077954214
44	48	-2.8498808491536196
44	49	4.5284015639562005
44	50	0.9355443829847766
44	51	0.15434097352271
44	52	0.7693114051487224
44	53	2.1279972807095278
44	54	0.6578208405219746
44	55	1.8476365887776578
44	56	2.091627682633525
44	57	0.4123470305363088
44	58	-2.327957278863138
44	59	0.8731352328314822
44	60	0.23645470443661912
44	61	-0.3528463667468881
44	62	-2.7262352317962812
44	63	0.07715527690583887
44	64	-1.312426413371284
44	65	1.172871227022478
44	66	-0.21015166524627255
44	67	-0.4216856965468222
44	68	-1.4154107437186774
44	69	0.33233130191124105
45	45	NaN
45	46	0.6555097224193487
45	47	0.4667405052238667
45	48	-2.025608146977076
45	49	0.16563771011156564
45	50	-0.19557232143795916
45	51	2.276086571408255
45	52	-1.1516782120640527
45	53	-1.1010465220640853
45	54	-1.0788762523653004
45	55	-2.381140504749914
45	56	-1.0673351698009768
45	57	-0.059447601838275244
45	58	0.8616852137684694
45	59	-2.142059047975648
45	60	0.4073027403958787
45	61	-1.1763780856826869
45	62	1.7518700178734188
45	63	-0.48993682194377797
45	64	3.2354469291927894
45	65	1.9299088659636314
45	66	-0.9321279019130175
45	67	0.22250037834047223
45	68	0.36224838826463535
45	69	1.7807372802549355
46	46	NaN
46	47	2.072736707566158
46	48	4.596896167212688
46	49	0.6530656847721249
46	50	0.7170462266792823
46	51	-0.7309143364509849
46	52	1.4825870647757808
46	53	-3.4611025754266564
46	54	-0.6423987563420834
46	55	-0.9008165677896366
46	56	0.6908959322929006
46	57	1.1550942211582529
46	58	1.5465355694069347
46	59	-0.14888749568269258
46	60	-0.9766367139342343
46	61	3.0070802806784123
46	62	1.1540871140681244
46	63	1.0601309608265395
46	64	-2.4836917523763202
46	65	-2.0003205810554796
46	66	-1.4533130942950045
46	67	-0.3636278934047176
46	68	3.0362940087417307
46	69	-0.6805186463316529
47	47	NaN
47	48	2.5489346715518173
47	49	-1.1469034869879564
47	50	2.2424833541190194
47	51	-0.12200777797330135
47	52	-1.4483089539714102
47	53	-0.9131393653254599
47	54	-1.7437540360132278
47	55	-2.1905046346546735
47	56	5.445234057652326
47	57	-4.626091471446433
47	58	-0.8880025503663136
47	59	0.3681909554922847
47	60	3.6269208233443906
47	61	5.6157661518543724
47	62	0.6309948904829962
47	63	-2.175513157309405
47	64	2.54634083345603
47	65	-0.7306617715451457
47	66	-1.0990467572254838
47	67	0.7448419949452497
47	68	2.9373026874564347
47	69	1.4253068763498862
48	48	NaN
48	49	-0.33089283395188096
48	50	0.48066912209477186
48	51	-0.31038545420551866
48	52	-1.811093150430995
48	53	-3.7830755556404
48	54	1.1960775010723372
48	55	-2.6434304375950273
48	56	-2.5820137588749903
48	57	-1.6602881425745708
48	58	-0.7439367323470593
48	59	2.231472083542441
48	60	-1.782039929213863
48	61	-0.12274871126466114
48	62	-0.8103770151382492
48	63	-1.4847058914874882
48	64	-1.4190804375721453
48	65	13.141741580727103
48	66	-2.381425578026839
48	67	0.272660323888124
48	68	0.11673153889998301
48	69	-0.2783920251652759
49	49	NaN
49	50	-1.746194283425022
49	51	-3.512075553940868
49	52	2.2616360286139754
49	53	2.778505420168558
49	54	1.4553262885183216
49	55	1.670218982452335
49	56	3.230368725028467
49	57	1.7820692098740405
49	58	-2.2771379445839286
49	59	1.5218910303500996
49	60	-1.3097947386867959
49	61	-0.3329740703207501
49	62	-0.6969462227494331
49	63	0.3416127666434366
49	64	-0.6138323666294114
49	65	4.338576060562865
49	66	1.2892831252935812
49	67	-0.52043274909449
49	68	-1.3747215812421956
49	69	0.3850965718863411
50	50	NaN
50	51	1.8798749920071274
50	52	-0.040077431633581954
50	53	-0.09518986241952054
50	54	-0.7036742100334775
50	55	0.5045860424373181
50	56	-1.465960825604792
50	57	-3.1111538637623135
50	58	1.5096635991066076
50	59	-1.113363200086739
50	60	-0.5542729522524217
50	61	-0.2731635850731813
50	62	-0.17365669134555287
50	63	0.01226138931391087
50	64	0.27202500024158877
50	65	-0.021472556775575503
50	66	-0.19140268866627194
50	67	-0.3790291571894273
50	68	3.454757626243766
50	69	1.831560620501593
51	51	NaN
51	52	3.2233357145489108
51	53	-1.7250746107221866
51	54	1.8237536032036417
51	55	0.7285849028545526
51	56	0.8197225155331745
51	57	-5.800724086761262
51	58	-1.6220231902311308
51	59	0.9765938436185672
51	60	1.0198957188480988
51	61	-0.6773662512307325
51	62	-0.11487399192054955
51	63	-1.183085475620592
51	64	-0.5191433783846013
51	65	-0.09815250239690222
51	66	-0.17732400078233448
51	67	16.64872732602874
51	68	0.802654055739009
51	69	-1.2583626769062184
52	52	NaN
52	53	2.7635966386383344
52	54	2.896120931868257
52	55	3.5563460284447035
52	56	1.920719982424113
52	57	2.496162700328512
52	58	-0.054938843680362205
52	59	3.132420993136089
52	60	0.7827931636937636
52	61	-0.16190189014792508
52	62	-0.8602038461314178
52	63	-2.1242229100863814
52	64	-2.947200586224952
52	65	0.5561594322144575
52	66	0.413179857746345
52	67	-1.0755359209501398
52	68	0.42844584588781237
52	69	1.8509569205140595
53	53	NaN
53	54	-0.21904231540372096
53	55	2.1282635012242084
53	56	2.647677457231509
53	57	1.8769898609212792
53	58	-1.98542713412242
53	59	0.7198644699703347
53	60	1.216101479359534
53	61	-0.46067869993608335
53	62	-1.4214000179844808
53	63	0.13599782655213874
53	64	-1.8979507927080508
53	65	-0.3178204118617764
53	66	-1.0370513485451323
53	67	-2.3285549711099938
53	68	3.67908171470216
53	69	3.5780955214439527
54	54	NaN
54	55	1.2142215362677102
54	56	1.142315885104189
54	57	1.6710729682648264
54	58	-0.6828358537418057
54	59	0.5311288484539662
54	60	-2.289691769000905
54	61	1.3379248610422745
54	62	-0.7385820437202059
54	63	1.040015893611802
54	64	-1.5139945582527683
54	65	0.18034423354420165
54	66	-1.8544849882016121
54	67	22.039247872195908
54	68	-0.5535325951050656
54	69	-1.283753830477664
55	55	NaN
55	56	2.4176448123952694
55	57	3.751232744537808
55	58	-0.5438869857758395
55	59	2.5721291359565828
55	60	-2.142617201127365
55	61	-2.6244243178614854
55	62	-0.34744250020626527
55	63	-0.23970483863014327
55	64	0.08951208104299596
55	65	-0.5621795543654374
55	66	3.076454298052112
55	67	-2.1159220742757388
55	68	-0.7632350489526448
55	69	0.8175263852806378
56	56	NaN
56	57	4.753240314874605
56	58	-2.938162086845659
56	59	1.6627161735534233
56	60	-2.145487557522059
56	61	-1.5164437378107645
56	62	-0.42538349363779565
56	63	2.7770597992563566
56	64	-2.5864560219418404
56	65	0.8917879121352449
56	66	0.6276244927977901
56	67	-2.901386031969688
56	68	0.48581044076858254
56	69	-2.1329362051919905
57	57	NaN
57	58	3.712193247959307
57	59	-0.12877165708319413
57	60	0.16533696048948793
57	61	-2.277532865410966
57	62	-0.73362027787199
57	63	2.2634766573651235
57	64	5.323995887180636
57	65	3.7572506877855543
57	66	4.4222812525736
57	67	1.6638940592010178
57	68	-1.8300689923277877
57	69	-3.591213865786998
58	58	NaN
58	59	3.942620461976292
58	60	4.529794296484468
58	61	1.1347681858848255
58	62	8.024872100199318
58	63	6.568110943088858
58	64	1.9201065235901853
58	65	-0.1589180146205673
58	66	-2.1420543389019198
58	67	-3.3150395468153766
58	68	-1.92355056557887
58	69	0.09304909689834008
59	59	NaN
59	60	-1.521681011498606
59	61	1.2887161314781743
59	62	1.655789544224155
59	63	-1.7963950468382732
59	64	0.7642030745279524
59	65	0.498797264340932
59	66	-1.8173846539393335
59	67	-1.443070573340549
59	68	-1.4977780395460127
59	69	-1.3285723786472357
60	60	NaN
60	61	-0.15364345718077846
60	62	3.7020933474490443
60	63	-0.4341386603758431
60	64	1.1580226150410204
60	65	-2.3137441171476234
60	66	1.7883012719738036
60	67	3.4638636980549107
60	68	2.4930992683410578
60	69	0.6635876015619349
61	61	NaN
61	62	4.941272465319361
61	63	-1.7742516400202666
61	64	-2.4301812371231115
61	65	0.7855921100547637
61	66	0.10562306089157943
61	67	3.2647430901224674
61	68	2.1354290875045536
61	69	2.184021732727387
62	62	NaN
62	63	1.7631671183934434
62	64	0.8637401040445738
62	65	-2.44329425211087
62	66	-2.294840730766614
62	67	0.6888623388711369
62	68	3.089211679326385
62	69	1.226332411505842
63	63	NaN
63	64	2.0840423118924023
63	65	-0.7756307826027969
63	66	0.36233368866946203
63	67	-1.3373192868942956
63	68	-1.3313336185015465
63	69	0.17057489695643735
64	64	NaN
64	65	2.3026741541975397
64	66	1.898400160831466
64	67	2.8491481233216764
64	68	-0.9922031705844453
64	69	-0.865515327906122
65	65	NaN
65	66	2.8400639558468184
65	67	0.05346721594868983
65	68	-2.5425015556695714
65	69	-0.2423623875853172
66	66	NaN
66	67	1.5673038573518672
66	68	2.866341016221215
66	69	2.1296881613775236
67	67	NaN
67	68	2.9327408828047
67	69	-0.28616466006651425
68	68	NaN
68	69	-0.3298811265260838
69	69	NaN
