1	1	NaN
1	2	0.5814168090539835
1	3	-0.41420239147639015
1	4	1.121194576108318
1	5	-0.03598113644946989
1	6	1.8067547802873816
1	7	0.5999659973711995
1	8	-0.6702338484931917
1	9	2.5278045792448243
1	10	2.3629101688351595
1	11	-1.579419373151104
1	12	-0.18684852980294173
1	13	-1.0572188539872114
1	14	0.6001078471772671
1	15	0.03298667390395388
1	16	-2.202355387645306
1	17	3.351976087225383
1	18	-1.3175354437870874
1	19	0.6597785180493122
1	20	-0.10951493670373902
1	21	-1.8299541336109342
1	22	-1.6792980315589698
1	23	0.12423090549982775
1	24	0.25465822544456923
1	25	-1.3911227489955398
1	26	-1.1980252097837043
1	27	-0.04295257703614191
1	28	-2.318444101607725
1	29	-2.8214122630249028
1	30	-1.3291832921932787
1	31	-0.7081651287716938
1	32	-0.9692736711663231
1	33	-0.67110784064414
1	34	-1.3522281482836698
1	35	3.363594202306843
1	36	-1.6879647084468679
1	37	-2.0676859707685455
1	38	0.5489864905918215
1	39	-0.6710048998518143
1	40	-0.8279993529490097
1	41	-0.40326068527209474
1	42	-0.12516217666201668
1	43	-0.7964386927273355
1	44	-0.6541377670137587
1	45	1.1297111967906868
1	46	0.29663546289164094
1	47	2.334330171505475
1	48	1.4323778448749984
1	49	1.4740209956507224
1	50	0.4406653184645079
1	51	-0.0764134075945817
1	52	0.6923420435233572
1	53	1.7533226638281125
1	54	-2.320774418013316
1	55	0.8651310828854185
1	56	2.7729390437925465
1	57	1.3682833552537224
1	58	-0.5614161878632871
1	59	-1.933504232346095
1	60	0.24368169422377933
1	61	-0.827010673788238
1	62	-0.25001261164319966
1	63	1.204431304602052
1	64	2.0478650059089825
1	65	0.966897359444745
1	66	2.235831610953147
1	67	-2.4347626103704636
1	68	0.47851887701671847
1	69	-2.2424717347880887
2	2	NaN
2	3	0.24913212982166347
2	4	-0.9271478855361421
2	5	-2.2626023824293973
2	6	-2.815213132009239
2	7	0.7899448216787345
2	8	-2.8014902078147657
2	9	-1.1971876129068642
2	10	-2.496667756941196
2	11	3.495072729746312
2	12	-1.8407782798328403
2	13	1.1552173060565332
2	14	1.7647317601306172
2	15	0.18348079811271714
2	16	1.9261266556829468
2	17	-3.2888594344007926
2	18	3.4374702907005115
2	19	0.37663683165672085
2	20	-0.5905728440291531
2	21	0.6925532222164484
2	22	-0.353183233091858
2	23	2.5650480122937886
2	24	-1.841848403183247
2	25	-0.13905823498349473
2	26	1.9735725814808212
2	27	0.20406628462431264
2	28	0.8978712967530237
2	29	-2.0961431654575446
2	30	-2.904861559220569
2	31	0.45449983821322565
2	32	-1.0834355046988584
2	33	3.1018207187528097
2	34	-0.7292721781544981
2	35	-2.6167137087920245
2	36	-0.8126079458876062
2	37	1.1846300477255172
2	38	-2.883309966131318
2	39	-0.6876278592912376
2	40	-0.544678983652865
2	41	-1.469529965903301
2	42	0.794272730468657
2	43	3.5814207559568842
2	44	2.372378463197433
2	45	1.1068632528439757
2	46	-0.34648668214457545
2	47	-1.0743556482099337
2	48	-0.04258134199323601
2	49	-0.356212460139589
2	50	-0.5722219286138905
2	51	-1.102502202886644
2	52	-0.8226730725719507
2	53	1.6817271521553627
2	54	2.188760208434822
2	55	0.7775020002737365
2	56	-2.2319820925937655
2	57	-1.2599293842288453
2	58	0.029401628019215392
2	59	0.654502057892417
2	60	0.41874142247771107
2	61	3.0523499688501365
2	62	-0.2628121780469248
2	63	0.9560415055206543
2	64	1.4757565322621709
2	65	0.05876229223638774
2	66	0.20176304377424656
2	67	-0.5013743492701206
2	68	0.8779270495862512
2	69	3.558772579735436
3	3	NaN
3	4	0.862246541377101
3	5	0.623034443329969
3	6	-2.4989883282042427
3	7	0.10133971039926248
3	8	-4.8688807614988505
3	9	-2.3799216557783507
3	10	0.6607314733164412
3	11	1.5026460893401647
3	12	-1.7765191007737768
3	13	-3.4938404147721966
3	14	0.2836644356056609
3	15	1.7547069216582678
3	16	1.0818796613931556
3	17	-0.07033019119680207
3	18	0.27108018846105575
3	19	1.159333968698109
3	20	-0.8336682255334538
3	21	2.3189789256043416
3	22	0.17228359333101323
3	23	-1.0513007940787422
3	24	-2.6505312979405264
3	25	-0.20086360745554496
3	26	-1.7334868682702844
3	27	-0.6905572387646904
3	28	2.7458480708876722
3	29	2.246299153362161
3	30	-0.2546716404116545
3	31	2.6982018366556053
3	32	-0.3487202898145002
3	33	-0.4908495916101885
3	34	1.5981237872427603
3	35	0.2403913009338136
3	36	0.5265322562805019
3	37	-0.23586206346408262
3	38	-3.4717337925040987
3	39	-0.7940095119359593
3	40	0.5604474788607797
3	41	3.667797939600774
3	42	1.0086974054114168
3	43	2.2989728777091605
3	44	-0.2502448835596121
3	45	-0.0910807153702675
3	46	2.1917107345015827
3	47	2.9179767066792683
3	48	1.3946904036477927
3	49	-1.2574924373442302
3	50	3.84324306237266
3	51	2.56560670117826
3	52	-2.116228629145025
3	53	-4.092154629636592
3	54	-0.9360043479696799
3	55	-1.039955976011943
3	56	-0.13000976838032657
3	57	-1.8832088912858558
3	58	-0.9160364153684354
3	59	0.11734237017289907
3	60	0.29496749716746606
3	61	-1.2643305597376262
3	62	1.0442227357109446
3	63	-1.9064101668633664
3	64	-1.2793897012462534
3	65	1.5427707542019302
3	66	3.250879913147496
3	67	1.4757295955762788
3	68	2.0003000157075923
3	69	-1.1930592905748052
4	4	NaN
4	5	-0.4465434328761229
4	6	2.208540553279307
4	7	0.8677496215911615
4	8	-0.9269459531648506
4	9	1.6061083399189775
4	10	-0.6081683832835041
4	11	0.18831490929468578
4	12	-1.2691985260260144
4	13	-1.6866995593508654
4	14	-0.19742624796117475
4	15	-0.9022729185223824
4	16	-2.1629041447465274
4	17	-0.06080411321918762
4	18	-3.3944125646107373
4	19	0.14197589413227343
4	20	-0.6698019576109713
4	21	-3.173083613172912
4	22	-2.0582612928338966
4	23	0.2970651268130901
4	24	3.1050178870481813
4	25	-1.19928895941113
4	26	-4.1595984519237295
4	27	1.8676700016933065
4	28	-1.681038289127266
4	29	0.5116776707757967
4	30	-3.2971923309987523
4	31	0.8575690259476252
4	32	-1.0438559707941988
4	33	6.334294083062826
4	34	-2.9714462181462244
4	35	2.167453823653412
4	36	2.7272115277362907
4	37	-1.5100878491272336
4	38	2.8636698920987906
4	39	-1.5614109704431023
4	40	1.5552845878134145
4	41	1.7451429800363427
4	42	-1.3147180580940803
4	43	-0.352793844756019
4	44	-0.11021380678463502
4	45	-1.4851361796157523
4	46	-1.4843615918259252
4	47	-1.6997727483748468
4	48	2.3607110298853784
4	49	1.7380649130820327
4	50	-1.7512776491877111
4	51	-1.094402535290102
4	52	1.870435599737619
4	53	-0.12262782338493781
4	54	0.1607456687374831
4	55	1.5645158906462955
4	56	3.5752518658763996
4	57	4.370336093171658
4	58	-2.428246473785108
4	59	4.252531938577519
4	60	0.23357785172515216
4	61	-0.7792827166710538
4	62	-1.4026190521029185
4	63	2.575362191186332
4	64	-0.2506313234016593
4	65	-0.49791142747882494
4	66	-3.3906965109847977
4	67	-0.043443145798262445
4	68	-1.782975135625756
4	69	-3.185965527745538
5	5	NaN
5	6	-1.0665209665143724
5	7	-0.2600528602106758
5	8	-1.6102933841007023
5	9	-0.03884675498619146
5	10	-3.0729850383163457
5	11	-0.8410475170406633
5	12	-2.3740298744390875
5	13	1.3013697736354881
5	14	0.38478544243866475
5	15	0.3395265264528923
5	16	3.651736906234379
5	17	-1.5840639729829777
5	18	-1.028883781224375
5	19	-2.053748573780886
5	20	0.16687430878915327
5	21	-3.1608338754043013
5	22	-0.23106752542353667
5	23	-0.3477384738051361
5	24	-1.2459147559169224
5	25	-1.6156516499025837
5	26	-0.37776727575555674
5	27	-2.16636634454565
5	28	2.1071984515320388
5	29	-3.622027675385152
5	30	1.1909962695916176
5	31	-1.6027996183184154
5	32	-1.8853770766227558
5	33	-3.049073526648557
5	34	62.242618502404554
5	35	-3.6295794614286416
5	36	-2.736874990936185
5	37	-0.33392296660601944
5	38	-1.6239944611144226
5	39	-1.9298501737029294
5	40	-2.272993475629583
5	41	0.6818366460370565
5	42	2.0899065433851023
5	43	-1.7675144601804733
5	44	-0.861102690977016
5	45	-2.3448413415937512
5	46	1.8581675530248365
5	47	1.2394271695449044
5	48	0.43148054598397423
5	49	-0.008847611718900151
5	50	0.7102628123030182
5	51	0.3993295443718144
5	52	0.27732268962355033
5	53	-2.637332804867811
5	54	-0.3657918489582295
5	55	-0.9795996162941633
5	56	-3.1904150224080707
5	57	-1.6390826210979659
5	58	0.39811679845790615
5	59	-0.6133705414701011
5	60	1.8852029843795275
5	61	-0.5627325810330677
5	62	-2.965599120401329
5	63	-0.5827477329871464
5	64	-1.650863920101889
5	65	-2.0833464242200717
5	66	-2.444944557332443
5	67	-1.0217671036793117
5	68	-1.0085850527008142
5	69	-2.185233877916809
6	6	NaN
6	7	3.655512044227914
6	8	0.5057202016394738
6	9	1.528440089858651
6	10	2.142201530538264
6	11	-0.5205680729927826
6	12	-4.815009086530146
6	13	-1.0865037732707596
6	14	-1.7893188705349048
6	15	-3.36226522502471
6	16	-0.9049137570725949
6	17	1.3719897202540405
6	18	-0.6332236065852707
6	19	-1.6333741519465206
6	20	-0.29267339139178317
6	21	-0.6129616675562952
6	22	-3.8488493960503694
6	23	1.3466975027405632
6	24	3.019838739363724
6	25	-2.603122093410037
6	26	-1.5506252369644946
6	27	1.3151355494986947
6	28	1.5109056188694217
6	29	-0.05825572013531755
6	30	-2.5729775501845533
6	31	-2.188917064303926
6	32	-0.711132504785164
6	33	4.428828189919344
6	34	-2.2196858226114453
6	35	2.1007641909623302
6	36	-1.0545275450264113
6	37	1.3842502364085971
6	38	2.5641931853165567
6	39	-0.0035732828661516605
6	40	2.5577995755206233
6	41	0.3954677798229208
6	42	-2.0343543735134784
6	43	2.919816395887045
6	44	2.2921001370272323
6	45	-3.5399978473227187
6	46	-2.7791279740413386
6	47	-1.4050145609267117
6	48	-4.016764777974794
6	49	3.8454321435596763
6	50	-1.2407758307947818
6	51	2.7309478984421975
6	52	3.714189342701082
6	53	0.0009020083645651112
6	54	0.0836278811456756
6	55	5.430164062983107
6	56	2.861205209905746
6	57	3.260236458577935
6	58	-3.9342075572721464
6	59	-0.6691353499664903
6	60	-0.6330907059116424
6	61	-2.049739111511084
6	62	-1.7589289691577017
6	63	0.8694509754384694
6	64	1.419262791532893
6	65	1.3849462426669874
6	66	-2.8204599428387747
6	67	-1.2637515477680021
6	68	-2.4389367998532547
6	69	-2.3642953960403554
7	7	NaN
7	8	4.093234265424094
7	9	2.6910972118312517
7	10	2.671249679068037
7	11	-1.7502186376453515
7	12	-1.3127163788065148
7	13	1.7632345529005773
7	14	0.03409817798335664
7	15	0.6550515889268116
7	16	-1.6857838240785932
7	17	0.20067181703391204
7	18	-0.1680036799110837
7	19	-2.313392453026225
7	20	-0.46889487938527785
7	21	-1.204998431628005
7	22	-0.6167802053247313
7	23	-1.2762932353611647
7	24	2.758058049628018
7	25	-2.007530424615141
7	26	-1.6622837618197541
7	27	1.232824754222497
7	28	-0.8594354535902056
7	29	-0.16457719318223413
7	30	-1.5702935701316065
7	31	-0.21339876395251675
7	32	-3.9567370621671434
7	33	-0.5976903082684069
7	34	-2.109608847926383
7	35	1.4997860884066339
7	36	0.7792150278687195
7	37	-0.015582032527549923
7	38	2.1230977781906404
7	39	-2.308167972027886
7	40	0.8604209990727516
7	41	-0.598005885300316
7	42	-0.5724989442168548
7	43	-0.6275977597592917
7	44	1.113755037533203
7	45	-1.5485634431304576
7	46	-2.466337376864534
7	47	-0.418317951246092
7	48	-1.0081270042534713
7	49	1.6461694924024164
7	50	-2.0144441819920473
7	51	-2.071945175566437
7	52	4.776956215426918
7	53	-0.3681593016739002
7	54	-2.6273082498499347
7	55	0.9222227523802752
7	56	4.500232064664859
7	57	0.8023530980364371
7	58	1.4619196939475434
7	59	1.7854226747418083
7	60	-3.0188233393346193
7	61	-2.784046278468031
7	62	-3.7544029766960723
7	63	2.342358002743398
7	64	0.3934010332494334
7	65	1.543610435445034
7	66	0.9765107765894558
7	67	-1.4809548817825704
7	68	-0.5091950556300578
7	69	-1.2587158726399543
8	8	NaN
8	9	1.741389896597879
8	10	0.6098999183017376
8	11	0.21697929272349126
8	12	-2.085633681454418
8	13	1.5032791034803221
8	14	1.0696970509820578
8	15	-0.1770351907561806
8	16	0.012575174508466354
8	17	-0.6118863606771574
8	18	-1.019224416073272
8	19	2.3773458509346135
8	20	3.7887673294620434
8	21	0.7432961082033853
8	22	0.2199851133337548
8	23	-0.5604238317284997
8	24	-0.06158757493573406
8	25	-4.877358449152062
8	26	-2.0509351816105306
8	27	3.9821480364602375
8	28	-0.09283409809906577
8	29	-1.6024011138922676
8	30	-0.6395227798196083
8	31	0.20999863645987846
8	32	-2.333006992700926
8	33	-0.8476778618557413
8	34	1.2018221725416647
8	35	-1.3725242204868293
8	36	-2.56148291194753
8	37	4.954344981800276
8	38	0.21741204577347326
8	39	0.8734551153288751
8	40	-0.4112304488638556
8	41	4.897058101613906
8	42	2.5380521964795704
8	43	2.3566425279514904
8	44	-1.8375799164704905
8	45	-1.5922748802186877
8	46	0.9307215306794339
8	47	5.5045704966346145
8	48	-0.7696134900400341
8	49	1.011723344340095
8	50	-0.22560369706646374
8	51	-1.7672079758646235
8	52	2.491587664804732
8	53	-0.39480523825777847
8	54	-1.1686076063872106
8	55	-0.36340211202636796
8	56	3.1371572491904005
8	57	-0.7365649521575176
8	58	-1.3489627475451993
8	59	1.7395350919499952
8	60	1.845218382380458
8	61	-0.8460494375843037
8	62	-3.0480491471603646
8	63	0.2502443283182802
8	64	-1.606951148958604
8	65	-0.2961082021134171
8	66	-0.7881965010749015
8	67	-2.0471385860747766
8	68	-1.272540795034301
8	69	-0.36495970458121896
9	9	NaN
9	10	1.421380715941129
9	11	-0.47695473055381665
9	12	-2.723527698687908
9	13	-0.8942554189744318
9	14	1.269402344639996
9	15	-2.538364849590557
9	16	-1.0982645670278328
9	17	0.5577546706577047
9	18	-2.524561032856943
9	19	-0.5696231238045771
9	20	0.9002611998050036
9	21	-0.4326493987038794
9	22	-1.1983776809114361
9	23	-0.4765112380416566
9	24	3.5287730800037664
9	25	-0.42085589424631836
9	26	-2.7805348650591832
9	27	2.154372067755785
9	28	-1.8639797763519663
9	29	-3.6639353891585658
9	30	-0.8429838390897353
9	31	0.511128175370667
9	32	-2.886587679226221
9	33	0.6228013692818419
9	34	-2.1628221088644235
9	35	1.6420058677246787
9	36	-3.871377415063643
9	37	2.4569491778925103
9	38	3.7979702854193693
9	39	0.24842946415928938
9	40	3.1262881467962105
9	41	-2.248488474666323
9	42	-0.7097965289378628
9	43	0.7773727711340664
9	44	1.853910977499714
9	45	-1.4334015239975217
9	46	-3.004000001301308
9	47	-1.453841850642404
9	48	-2.131460424024498
9	49	3.8466886011659582
9	50	-1.3239154777869535
9	51	-2.2229827707143763
9	52	3.7183030164663586
9	53	0.747926376402781
9	54	0.5217150730647679
9	55	0.3667024394247288
9	56	2.5006489469868383
9	57	1.2214566693838644
9	58	-4.620969415155414
9	59	3.9780547922140888
9	60	-0.9450967840333377
9	61	0.25760583440049906
9	62	-1.2786936975916214
9	63	1.847594222696216
9	64	2.5028375548412956
9	65	-0.42206814142923127
9	66	-1.871298313597741
9	67	-1.0732734570264213
9	68	-0.7686613305417419
9	69	-1.2592808990727367
10	10	NaN
10	11	-0.9101074164226873
10	12	-0.4589546071453523
10	13	-2.0338893541663072
10	14	-0.585981499067377
10	15	-1.010848594566894
10	16	-3.6184516937168865
10	17	29.437287302641696
10	18	-2.1629378498393423
10	19	-1.3060276997472247
10	20	-1.3200762556973336
10	21	-0.5239327411672965
10	22	-2.4630025572251126
10	23	-2.243541002578844
10	24	3.831608825157505
10	25	-0.14411427712533412
10	26	-3.1855658192522
10	27	1.352236409118927
10	28	-6.063920840081377
10	29	-5.123036086414211
10	30	-2.530979344080031
10	31	-0.08773082778038896
10	32	-4.074386359653678
10	33	-0.9553384583532185
10	34	-2.711091954236048
10	35	1.3394619621373858
10	36	-3.6958014800579964
10	37	-0.8631841225076451
10	38	5.763087369151217
10	39	1.0403309298004317
10	40	3.4925363907073694
10	41	-1.4220761815948737
10	42	-4.930393331354276
10	43	-1.0304533690704083
10	44	0.23087182587784288
10	45	-0.6038965540745396
10	46	0.12056701940015431
10	47	0.8379784122530806
10	48	-1.3814586788811405
10	49	1.7148898607290175
10	50	-0.6378967391881956
10	51	-1.9050785446205745
10	52	1.4416268328373227
10	53	1.6006692071655964
10	54	0.04541590422630418
10	55	-0.1367587687968977
10	56	2.9332361244172325
10	57	1.04485032409698
10	58	-1.8015278737425877
10	59	0.44298275356078304
10	60	0.25033515488288255
10	61	-2.498134871812057
10	62	-0.2539783772302353
10	63	-0.26812122197825294
10	64	1.1241747882295512
10	65	-0.34332802994840583
10	66	-1.8168527953091724
10	67	-2.374071154769052
10	68	-3.2147805988502403
10	69	0.7225951630626191
11	11	NaN
11	12	2.823728971741293
11	13	3.966849653652101
11	14	-0.4532391136712117
11	15	-0.4350321835029983
11	16	1.7891855453756054
11	17	0.16909857454686403
11	18	-1.6949675057187883
11	19	0.498451828007921
11	20	-1.8726946764057608
11	21	-0.4535537625989369
11	22	0.0519098906158853
11	23	0.8414067068357315
11	24	0.45781436847390317
11	25	-0.6097074537915497
11	26	-3.5333876794957892
11	27	-1.1099161207118808
11	28	0.08668535035792119
11	29	-0.3066776027311768
11	30	-2.369972970599757
11	31	-1.1185411750809051
11	32	-0.5097219818752836
11	33	1.006700191599368
11	34	-1.7409534383733007
11	35	-2.1853611507092663
11	36	-1.335104447321861
11	37	-2.1347158285006733
11	38	-0.6343742173304289
11	39	-0.2880108711731817
11	40	2.7201807399726032
11	41	4.801484472898394
11	42	-1.245832578218441
11	43	-0.4844778387443824
11	44	0.9635175323766799
11	45	3.270836286346455
11	46	0.3327781425684145
11	47	-5.213588828527441
11	48	3.226946104835772
11	49	-2.370208091069503
11	50	1.3450405892383104
11	51	-1.532457155815645
11	52	2.067413708668828
11	53	0.2876137608984158
11	54	-1.5310258237017178
11	55	-0.07827865243597949
11	56	-0.2754798164143203
11	57	-0.7446526700290704
11	58	1.5808413899508236
11	59	-0.8515514046523409
11	60	1.836279470868062
11	61	4.9397713636279885
11	62	-1.7725040973098072
11	63	1.1684368503840878
11	64	0.6746905243947744
11	65	-0.3908650220990977
11	66	0.2321826586435223
11	67	0.6796914614208888
11	68	-3.3205074541156607
11	69	-0.5240481979014622
12	12	NaN
12	13	6.214648050397268
12	14	0.775174066536677
12	15	4.198902866521119
12	16	4.310373479416192
12	17	-1.6201384359142843
12	18	-0.04380793859850843
12	19	0.38115442327545573
12	20	1.6930547219010161
12	21	3.4207727596003257
12	22	3.072774394461102
12	23	-2.912430241527741
12	24	-3.31924268679285
12	25	-3.4597452677424356
12	26	0.9664005384754181
12	27	-3.9838582337337196
12	28	2.727888157092086
12	29	4.590133149305454
12	30	-0.7461874709598055
12	31	-3.471220496404813
12	32	4.338929135030243
12	33	1.0923372744239208
12	34	-2.048008442431819
12	35	-1.5792735672432228
12	36	-3.052009492969601
12	37	-2.3142065358654063
12	38	-2.6137555495603912
12	39	27.19209470715883
12	40	-0.5014947646016932
12	41	-0.5474547421164077
12	42	1.8306364327678801
12	43	0.13471534303709706
12	44	0.08817460735351411
12	45	-0.756339141239477
12	46	-0.48105997405043116
12	47	0.17289394918115403
12	48	2.790606884556885
12	49	-2.1361128156693736
12	50	-1.1313203397676483
12	51	1.3235109847425097
12	52	-1.3418112547853602
12	53	-2.826441982585002
12	54	0.8040532323840595
12	55	-2.1747596620696723
12	56	-3.4333894465603403
12	57	-2.3893620688953976
12	58	-1.4608201938496248
12	59	-1.2423350722912716
12	60	0.8559607030242463
12	61	2.696656435737432
12	62	2.5218449286827647
12	63	-3.0337675834273363
12	64	-3.018964543628233
12	65	1.9255632162762795
12	66	4.451875072887705
12	67	-1.727810604822588
12	68	0.3592811154421105
12	69	1.036913213597488
13	13	NaN
13	14	-1.724436742606168
13	15	-0.08354536034639502
13	16	-0.26618950840452266
13	17	-0.10503445357144717
13	18	1.0087432162101992
13	19	-1.9884636103342415
13	20	-0.6511987952104061
13	21	0.08486102650249963
13	22	-0.3464137808186976
13	23	-0.2779481792838322
13	24	0.23636761100854733
13	25	-2.1228278842801918
13	26	-2.623710657578711
13	27	2.4054948861401524
13	28	0.5769720817350432
13	29	-0.8079816951819396
13	30	-2.4616438371718057
13	31	-0.28308192168125
13	32	0.13059003446831127
13	33	2.620852546902627
13	34	-1.074171666116209
13	35	1.6336025553403164
13	36	2.5842688997545573
13	37	-1.8676266747259234
13	38	-1.761897951332327
13	39	0.3785966572197661
13	40	0.08314578328905568
13	41	3.540061460902965
13	42	1.6038525247154385
13	43	-1.5847593277289098
13	44	-1.272115656434083
13	45	-2.619597462568964
13	46	1.5562274978695292
13	47	-0.8514129494838523
13	48	1.6496147850049332
13	49	-2.618612187248166
13	50	0.23047709228513522
13	51	0.6512149897213949
13	52	1.4760821287333035
13	53	-0.12751607626008926
13	54	0.03305159098684539
13	55	-1.8192021042740647
13	56	1.6110568685282232
13	57	-1.0037025985110894
13	58	-3.9413494015273565
13	59	-1.1748288912868243
13	60	2.891020722688542
13	61	2.367420993688686
13	62	3.9537866404081523
13	63	-0.8683832357497181
13	64	-1.0752839694049843
13	65	-0.7410046498014109
13	66	-3.865758291152777
13	67	-0.4776060756712403
13	68	2.1994883194408175
13	69	3.373279735361361
14	14	NaN
14	15	3.3261896801253283
14	16	2.822651568996878
14	17	-1.6435218032759893
14	18	-1.7040494304138685
14	19	-0.2905967645756055
14	20	-1.5477394553549892
14	21	0.1373125648165624
14	22	-1.61637351428423
14	23	-1.470211422129093
14	24	-1.2165940345840964
14	25	-3.3095516180135385
14	26	1.514867487656205
14	27	-1.5249052788564854
14	28	0.03263944783264083
14	29	-3.3207149469641175
14	30	-0.7762289734532315
14	31	-1.9784356441895674
14	32	2.462575959327576
14	33	0.07557586220355102
14	34	0.45295799884799015
14	35	-2.2356548009019503
14	36	-0.9972221294233825
14	37	0.6113150766779528
14	38	0.5411261953727223
14	39	-0.13288417332767485
14	40	0.08086997151831421
14	41	-2.7230760636271487
14	42	1.2156468106839058
14	43	-1.2361996446995978
14	44	-1.1181747887397857
14	45	-0.9911184535868071
14	46	0.6651665391186401
14	47	2.471692046647349
14	48	0.8937820180434917
14	49	1.4917395027879108
14	50	-0.4238619313689988
14	51	1.1065070318610324
14	52	1.5553468537953565
14	53	13.48578910297116
14	54	-0.9965576628256176
14	55	-3.659448737615425
14	56	-0.055545794663902116
14	57	-0.8184645366949238
14	58	0.599620007756717
14	59	1.3777204006151667
14	60	-2.152075074063159
14	61	0.4602543141685221
14	62	-0.5841688653851955
14	63	0.6589622888621807
14	64	-0.953644100687398
14	65	-1.0849159849615329
14	66	0.031394893949007775
14	67	0.5794327589598389
14	68	-0.288450390536087
14	69	0.3778605498679038
15	15	NaN
15	16	1.653820081266632
15	17	-0.18812063732377343
15	18	0.428865788764025
15	19	-0.7263699692201488
15	20	-0.947714455335173
15	21	-1.835428980612794
15	22	1.19980604450777
15	23	0.30549491639513954
15	24	-1.0757990889332203
15	25	4.1918958551999586
15	26	-0.31278115678169727
15	27	-2.1392993157115097
15	28	-0.7213874858341602
15	29	-0.4476953790927903
15	30	-3.208283143317128
15	31	4.333609745297602
15	32	-0.7836508066661145
15	33	2.0493161857087
15	34	3.29917829590356
15	35	0.3721887099225153
15	36	0.812914734328211
15	37	-1.1600161483450162
15	38	-2.2831362042700736
15	39	-2.7453216727121474
15	40	0.24954500662217743
15	41	1.0007724187584077
15	42	3.3004293273630845
15	43	-3.185426162350974
15	44	1.402885711518479
15	45	-0.4391221729737562
15	46	1.0065055374821976
15	47	2.6174607985117198
15	48	0.9651011048740701
15	49	-0.0005156387513523342
15	50	1.5468197817004865
15	51	-2.7417708451279625
15	52	-1.6947432589362432
15	53	-3.7015305056337313
15	54	-0.32956434943713053
15	55	-3.366390615590833
15	56	-2.2154415287351203
15	57	0.5710972182542682
15	58	0.4378702995823127
15	59	0.10167276815923959
15	60	-0.5462155201521313
15	61	0.7852061508335046
15	62	4.503229174745588
15	63	-2.1403044617803224
15	64	-0.6040890903805402
15	65	-0.13192025252487607
15	66	2.449511150067394
15	67	0.04755653212835546
15	68	1.0475034635576497
15	69	-3.1514202889572007
16	16	NaN
16	17	1.96189740573474
16	18	5.0961035000344825
16	19	0.3258952000329108
16	20	0.7248536857648238
16	21	-2.8230590082550266
16	22	3.6630193123518064
16	23	-0.8716312390207815
16	24	-2.2219005604706887
16	25	-1.4129518647626027
16	26	5.204565670891154
16	27	-1.1958679382144375
16	28	-0.1343403336258558
16	29	0.20756470594101087
16	30	0.5526336423352649
16	31	-2.6657706251110342
16	32	3.9636309549777433
16	33	-1.0629163395933712
16	34	-0.13303922062413456
16	35	-3.277396938966033
16	36	-0.6049258399063617
16	37	-1.500767056825863
16	38	1.6595068018756078
16	39	-0.6157640085694884
16	40	-3.5514071342304128
16	41	1.460745279725656
16	42	-0.6390923594415555
16	43	-0.8116715151746134
16	44	-1.7400280651840172
16	45	2.9566879703676388
16	46	-0.415472996004976
16	47	1.4898684533517894
16	48	2.1772356001169495
16	49	1.3082665298056357
16	50	0.5688564309618765
16	51	-0.41879244405917204
16	52	-1.6225507019721288
16	53	7.216908735753602
16	54	-2.620733774142874
16	55	-5.199928672404589
16	56	-3.049120292520732
16	57	-1.691194080828275
16	58	1.4600184732913928
16	59	-0.8149698628013159
16	60	3.7239662282394304
16	61	-1.0074746931321152
16	62	1.1956891637154075
16	63	-1.8151618127854412
16	64	-2.2809082060791277
16	65	-2.826860419974672
16	66	0.8759189656986807
16	67	1.898688906810925
16	68	-0.4358652451529397
16	69	-1.987707970479976
17	17	NaN
17	18	-0.16912936727073602
17	19	0.10488029408719267
17	20	-0.12367331430957447
17	21	-3.0270796470138053
17	22	-1.6441326107043277
17	23	-2.858216931311186
17	24	1.6038308373358448
17	25	0.4435851890140711
17	26	-4.6214928622887665
17	27	1.417336165030647
17	28	-1.0392973464663735
17	29	-0.5721076685881572
17	30	0.9636067811490315
17	31	-1.76585566854774
17	32	-2.745866250790605
17	33	-1.599120804897804
17	34	-1.890009816176719
17	35	-0.035033164200168485
17	36	0.44256962498310465
17	37	1.6860719392151777
17	38	2.353059212639907
17	39	-2.5143902256057906
17	40	0.23658552077205394
17	41	-1.3756871930230319
17	42	0.8344327972934391
17	43	-2.0191749868340465
17	44	-0.2559424583520279
17	45	-3.457783793105
17	46	-2.414793340426515
17	47	-2.4802451294448904
17	48	0.6340067549708994
17	49	2.196332643245591
17	50	-0.8968710253925865
17	51	-1.218318556427927
17	52	0.7378429383021708
17	53	3.363220175897762
17	54	-0.3775578001208037
17	55	-0.2981550776960677
17	56	1.8581931537041283
17	57	1.9689291878739839
17	58	-2.8364800038561833
17	59	-0.2763492131293644
17	60	-5.325880575629361
17	61	-2.669865931435556
17	62	-2.883260213075869
17	63	-1.4970622305681496
17	64	-0.19320651095240224
17	65	0.8508512552953461
17	66	-1.1707057480352019
17	67	0.043531135149617664
17	68	-4.005107252405928
17	69	0.312024777033064
18	18	NaN
18	19	2.9169357945858283
18	20	0.3606950642271655
18	21	0.9394722008497818
18	22	0.30786964217601964
18	23	-0.1268307993450227
18	24	-0.6152614487781556
18	25	-3.0746797359590787
18	26	2.1342123739677925
18	27	-1.204747896195684
18	28	0.41835564148975
18	29	1.7091008965545211
18	30	1.531037542391098
18	31	-0.3148253036513117
18	32	3.730583985680139
18	33	-0.8399938328529692
18	34	1.0013917740736147
18	35	-2.2616127233227417
18	36	1.7150069686103702
18	37	-3.530543775530472
18	38	1.6186324564048642
18	39	0.20491859500274812
18	40	-2.1796421266824866
18	41	1.83534516123194
18	42	1.561793610559956
18	43	4.562261433570566
18	44	-0.30415001737437225
18	45	2.4488264414169287
18	46	1.6151921975416117
18	47	0.9460123875077121
18	48	-0.5327301365849317
18	49	-1.7731172039866119
18	50	-1.6255073940862983
18	51	1.8533578000821622
18	52	-0.8228272589707931
18	53	-2.7772868011019574
18	54	0.7554407117932145
18	55	0.2603497494129863
18	56	-0.14437016722575857
18	57	-1.878625871736731
18	58	-1.6109474589441726
18	59	-0.5256536135826874
18	60	-0.2820921059943901
18	61	3.4231713413860145
18	62	0.4560185188134436
18	63	-2.195518562936794
18	64	-1.4958516721451014
18	65	0.2569932958117802
18	66	-0.9913132935654004
18	67	1.2756493199571772
18	68	2.7394077479381767
18	69	1.1971637693745993
19	19	NaN
19	20	1.3812245385017194
19	21	2.816711820290644
19	22	0.3729154377072642
19	23	-1.58735395539688
19	24	0.18764253891648214
19	25	-2.677355400969394
19	26	0.003086507047664983
19	27	-0.31049860369562154
19	28	-0.1293708392351873
19	29	3.3363724871725995
19	30	-0.8863636851370692
19	31	0.4881137924294808
19	32	1.1131375468865885
19	33	1.1261246135659868
19	34	2.8375606506271365
19	35	-2.5244119101835154
19	36	0.8469251506256337
19	37	2.5457791571198296
19	38	-2.074692713160641
19	39	0.33347150614890053
19	40	-1.9893530509794835
19	41	-1.0393454679344567
19	42	0.7595574653905893
19	43	4.087502764595087
19	44	0.6427932999359199
19	45	0.6088427902957316
19	46	-1.0863907254247236
19	47	-0.2842351908531975
19	48	0.381686337497864
19	49	-2.2882259639880367
19	50	-0.2238214928707108
19	51	0.4418445091639372
19	52	-2.2675011636907922
19	53	-0.5514529129536091
19	54	-1.7293839255517598
19	55	-0.32024516924781365
19	56	-0.8558830520274316
19	57	-0.29998678114963145
19	58	1.0682546018459667
19	59	-0.9798178356530542
19	60	-2.3811641972649515
19	61	1.8700349024078642
19	62	2.005743652484059
19	63	-3.3973061613316347
19	64	0.24119976026249684
19	65	0.9718869214798305
19	66	-0.5450607528401175
19	67	-0.3722725838356855
19	68	3.0077673894179386
19	69	2.563746148261411
20	20	NaN
20	21	-3.222830956418278
20	22	-0.05135700179587822
20	23	-2.6835764258823014
20	24	1.4097519543036323
20	25	-1.1024033168411917
20	26	-3.260667105771059
20	27	-0.8398437741708775
20	28	-1.4083615517534203
20	29	4.117016436841461
20	30	-4.731416361623636
20	31	-0.44085415454016613
20	32	-2.2150156475459566
20	33	-1.9736603120473373
20	34	-2.5105664606320697
20	35	-0.5513626385731751
20	36	-0.472119811416174
20	37	-1.604841946788345
20	38	0.005599913028180579
20	39	-2.7919689771972207
20	40	0.6361319631511159
20	41	-1.640244542128364
20	42	-0.6110384531353079
20	43	-3.545094809094296
20	44	-0.6661855353174972
20	45	1.2052295432088511
20	46	2.9062547243217343
20	47	-1.9235908753767652
20	48	1.7934686345122153
20	49	1.2632777287395514
20	50	3.1832603387861313
20	51	0.16132258550377773
20	52	-2.9465946246069237
20	53	23.482690260825343
20	54	-2.1386383683899637
20	55	2.869690006339328
20	56	-1.2788775069311873
20	57	-0.8107181305876437
20	58	-0.423513042571636
20	59	-0.48757752717615455
20	60	-2.5366781851446336
20	61	-2.010305121974396
20	62	-1.066731535841674
20	63	-0.22629115526628119
20	64	-1.4060089584373947
20	65	-1.0401814363955428
20	66	-2.615935087164288
20	67	-1.861922591094116
20	68	0.1640215914205865
20	69	16.29134290976272
21	21	NaN
21	22	0.6630793673920846
21	23	5.1726571916919895
21	24	-1.7806406783718762
21	25	12.33095891519876
21	26	-0.9930764720930871
21	27	1.0252392259279215
21	28	1.902748587688673
21	29	4.10463506031751
21	30	-1.6991922425159225
21	31	-2.1176813026045376
21	32	2.254976263251276
21	33	-0.34898864407935826
21	34	2.973607381581749
21	35	-2.10541712326379
21	36	2.9346812060491927
21	37	-1.5813142134408773
21	38	-0.6904100212629529
21	39	-0.42497995820714196
21	40	-3.334022536083668
21	41	-0.5384915327499844
21	42	-1.0817919657817965
21	43	1.1792533372393736
21	44	1.974709005275539
21	45	4.546189029676882
21	46	1.8993832331160907
21	47	2.398371499124501
21	48	1.471348783344417
21	49	-4.5657448226230635
21	50	-0.3574024927028068
21	51	-0.14498317727572893
21	52	-1.6613156448323845
21	53	-2.2770133486546316
21	54	1.7375420118503273
21	55	-0.6250215536555258
21	56	0.20647000190530948
21	57	-0.46511978598136744
21	58	1.5627816936379857
21	59	-3.3904586915517654
21	60	-0.16053111601565634
21	61	-0.40034145766694323
21	62	-0.5682256026309245
21	63	-3.293663780722101
21	64	0.9314698686104167
21	65	-0.45732645771339464
21	66	2.3123772367006974
21	67	4.8530005633958915
21	68	-0.28859049940867915
21	69	-4.237965260425473
22	22	NaN
22	23	1.3995508803605263
22	24	-2.0136993598158655
22	25	1.2105742212150647
22	26	0.06200300141991062
22	27	2.7306518778521487
22	28	1.4412945932313912
22	29	1.8231448779312267
22	30	1.3028565347861676
22	31	2.7766170544621507
22	32	0.6252409450578402
22	33	1.6753188357563207
22	34	2.7758350602638258
22	35	-0.1442209964772808
22	36	2.1790227731821767
22	37	-0.7378488199184675
22	38	-0.3279647009752862
22	39	-1.8693263688548156
22	40	-0.3415118726940056
22	41	0.9117825114369139
22	42	-0.16566021717074253
22	43	-1.155540571459053
22	44	1.4660972290538106
22	45	-3.3654958294098734
22	46	3.0063686760958532
22	47	-1.0940454501585937
22	48	1.2724483556818809
22	49	-1.051097410410415
22	50	-1.6140708079932535
22	51	2.871633168089394
22	52	0.20461032418892933
22	53	-2.0955587185914104
22	54	0.8874282444293848
22	55	-1.351666491226634
22	56	-4.561424785919047
22	57	-0.63432405485066
22	58	-2.530860551846799
22	59	2.0922791069908158
22	60	3.5615640297853726
22	61	-2.059303684681076
22	62	1.8191860141353835
22	63	-1.1466911457287565
22	64	-0.20302892588679802
22	65	-2.0091985288057472
22	66	-0.33005298810116324
22	67	0.11613703304109642
22	68	2.287537280578702
22	69	-0.7692740790474472
23	23	NaN
23	24	-1.559031404918026
23	25	0.045175395921505886
23	26	0.15429358486912245
23	27	4.852923071412747
23	28	0.4552462364828835
23	29	2.072620180836467
23	30	-4.860547932947147
23	31	2.1405089395007955
23	32	0.6104999689014762
23	33	-0.47016911194360633
23	34	-0.4631920680354726
23	35	-0.34211096214476644
23	36	2.1801024852598125
23	37	0.08535032249463642
23	38	1.5028830858168807
23	39	-1.4551406129315396
23	40	-0.11341331722101902
23	41	1.4445936756504818
23	42	0.20754094591624891
23	43	-0.2182182781649957
23	44	-0.3638674204405002
23	45	4.365547395915329
23	46	3.687770396568268
23	47	-0.4420343751917573
23	48	0.4978877205795789
23	49	-0.2388000044907073
23	50	2.581494262855055
23	51	0.43722411833825064
23	52	-1.474982188074235
23	53	-1.4178653226467544
23	54	-1.9970316988456782
23	55	-1.6316674125971808
23	56	-0.7108959201134105
23	57	-1.175191781981666
23	58	-1.5342247731365488
23	59	-3.324497519341621
23	60	1.0254843631795114
23	61	1.9459810922694403
23	62	2.4179651620030813
23	63	0.9609425174829822
23	64	-2.2083517639812626
23	65	0.5370157855525437
23	66	0.7718419201945717
23	67	-2.515663078318743
23	68	-0.08349393692568689
23	69	1.3218990140317628
24	24	NaN
24	25	-0.8756928227024787
24	26	-1.9552391473018196
24	27	2.2971542625083887
24	28	-0.7690761093869102
24	29	-1.7809600704547026
24	30	-1.9174291889832988
24	31	-0.5274398540432595
24	32	-4.055202518677878
24	33	-0.8435580902361307
24	34	-1.7226887659857744
24	35	2.4744941778319665
24	36	-1.9181588311453892
24	37	2.2575603283475076
24	38	3.3458706761999863
24	39	-1.5723380127191093
24	40	3.6990920281995434
24	41	-0.11913704068725556
24	42	-1.528060737402144
24	43	-1.889463413194563
24	44	1.332552909817191
24	45	-1.510425523531657
24	46	-3.165048261698466
24	47	-2.3450629157229312
24	48	-0.4748795572459566
24	49	2.7893092239020203
24	50	0.3187683534601174
24	51	-0.6371095424229295
24	52	3.6824695618128995
24	53	1.4320589133449542
24	54	-0.5484717671675022
24	55	3.036173364240181
24	56	2.537215183657051
24	57	3.029675410371861
24	58	-1.3880001441576038
24	59	1.0221589379719784
24	60	-2.001153092850485
24	61	-1.1473081312398579
24	62	-3.7799239276427277
24	63	2.1125562733808003
24	64	0.007352026958567797
24	65	2.2180474965490022
24	66	-0.2214473312140745
24	67	-0.05446828082746833
24	68	-1.5786078365197047
24	69	-1.7428946930237272
25	25	NaN
25	26	0.21933767918147712
25	27	-1.039422107904532
25	28	-0.3246212236436859
25	29	2.273537174454735
25	30	-1.8369746391280746
25	31	4.549690622467637
25	32	-1.7319526866542372
25	33	1.2533073758216102
25	34	-1.8381318989334394
25	35	-0.43415883628564467
25	36	-1.8434683310293958
25	37	41.01550359149612
25	38	-1.7130191374624697
25	39	0.7940562862741141
25	40	-1.4518619164076152
25	41	0.8231866942160898
25	42	-2.6135613360810783
25	43	-2.5329695123535365
25	44	-2.632055255038297
25	45	-1.4209798266088194
25	46	2.6547423373720314
25	47	-1.0230014257840714
25	48	1.0889947553656485
25	49	-0.49105178083948436
25	50	-0.34192386050120605
25	51	0.8064203698552365
25	52	-0.9902600073945453
25	53	-2.6407457240686307
25	54	-3.2718582346004323
25	55	-2.0148776081458637
25	56	-1.53183643502443
25	57	-0.07395632143388689
25	58	-1.630232527984464
25	59	-1.5723678882864411
25	60	2.5367614479165357
25	61	0.7032499107604223
25	62	0.51791304919801
25	63	-0.5468470465896397
25	64	-0.1715388324450972
25	65	-0.439654271661069
25	66	-0.019597597890783573
25	67	-2.283233307665255
25	68	-1.4596719191436636
25	69	1.517521072862193
26	26	NaN
26	27	-2.259680302103584
26	28	-2.695162875864751
26	29	0.32813799857761045
26	30	70.70815822304534
26	31	-2.975780870825214
26	32	-0.03830222034872909
26	33	-2.886372649541129
26	34	-3.6229401646566624
26	35	-0.37839941811232725
26	36	0.43726021769350626
26	37	-3.0752176940681877
26	38	-1.1167210416050193
26	39	-2.1977223180979446
26	40	-1.337133021532625
26	41	-1.1686830906926406
26	42	-0.03404009669848898
26	43	-2.180850220830873
26	44	-1.5473899371395206
26	45	-0.35207322356968224
26	46	-4.6378081783514435
26	47	1.4697404849168096
26	48	-0.8184814934064741
26	49	-1.9254023437771743
26	50	0.5369197569789157
26	51	0.761220790576478
26	52	-1.316741360699858
26	53	-2.2115627534785443
26	54	-2.701906236261866
26	55	-2.4679794340501955
26	56	-2.1274764295939494
26	57	0.2223690546235972
26	58	-2.1686494465420667
26	59	-0.3868089120604952
26	60	-1.6118606369648216
26	61	-0.9694392647036444
26	62	-0.4463148737926815
26	63	-0.8967881651566233
26	64	-1.324354293656606
26	65	-2.6605135763464838
26	66	2.3784700465846895
26	67	0.2003780942307591
26	68	0.3295082592005359
26	69	2.2459605688350917
27	27	NaN
27	28	0.9187331338594287
27	29	-1.6572342107246893
27	30	-2.475330595376969
27	31	4.250087172815844
27	32	-1.1158140427648053
27	33	-2.253121635447389
27	34	-2.234116365550156
27	35	6.306611325211971
27	36	-1.5503617887732017
27	37	-1.3218798730312236
27	38	2.6493774322799464
27	39	-0.3856312030902601
27	40	0.8581977333250181
27	41	-1.099342305709708
27	42	-1.142271566525574
27	43	0.8464350917249196
27	44	0.5658761127754085
27	45	0.41467522467722245
27	46	-1.872953202246718
27	47	-1.800161122258636
27	48	-1.7747050706617817
27	49	1.2583057844950423
27	50	0.6985329670911891
27	51	-2.636418586978059
27	52	1.1895664951224703
27	53	0.6428120590843894
27	54	-2.883919286005811
27	55	1.3084978983794249
27	56	1.626161660896988
27	57	0.7348756443999048
27	58	-2.0775107956430903
27	59	-0.7503865140323885
27	60	0.5439737024721264
27	61	-2.291041962989165
27	62	-3.001318405988603
27	63	2.193624869381538
27	64	1.1058238761524903
27	65	0.7376538750683364
27	66	-3.238981811315549
27	67	-0.4385711515662373
27	68	-1.6556724959935594
27	69	-0.08826611439615605
28	28	NaN
28	29	6.16124454954467
28	30	0.3401631549952193
28	31	1.6982385498390369
28	32	1.8909415104988359
28	33	1.1160397174797154
28	34	1.1648540229688846
28	35	-2.7524556404846994
28	36	3.372736677386695
28	37	3.0447082060193282
28	38	-1.3602230750698954
28	39	-3.3257295498524764
28	40	-1.2663161885652445
28	41	3.3562899478308625
28	42	0.12700663202734716
28	43	-1.2182051393520321
28	44	0.8667074676233404
28	45	0.6265283852908073
28	46	-2.3636687364129165
28	47	0.5095030447592628
28	48	-0.6110527802703641
28	49	-2.901489751794037
28	50	-0.44996246613688035
28	51	0.471668866207268
28	52	-2.2161973210484756
28	53	-1.9093123314993063
28	54	0.8795859013230777
28	55	-0.9076124986247823
28	56	-1.313283508249771
28	57	-0.6560626012019287
28	58	3.931770219840803
28	59	1.5126157197973908
28	60	2.288952113681535
28	61	-0.011357468262821552
28	62	-0.4014744439992021
28	63	-1.9134556692182485
28	64	0.17446863703424853
28	65	0.38956721096103647
28	66	-0.34809254010171287
28	67	1.5322780727684402
28	68	-2.291774434580619
28	69	0.32376147235316904
29	29	NaN
29	30	1.3850494897135066
29	31	1.2822166640451877
29	32	2.65216852219185
29	33	2.3472811405749496
29	34	-2.4792563697346406
29	35	-1.8869817290819966
29	36	-1.3738693457321645
29	37	0.1755342210102864
29	38	-1.6685466315518371
29	39	-1.1027566428599016
29	40	-2.9030363258565153
29	41	6.705394278391206
29	42	4.402027659353308
29	43	5.030265654959557
29	44	-4.261160190222974
29	45	0.7492275799867736
29	46	-0.4328266440274047
29	47	1.4451742721012624
29	48	-1.0884405635302854
29	49	-2.046057342561719
29	50	2.144322442705187
29	51	4.404917870599327
29	52	-2.1986249793070693
29	53	-5.415021551286621
29	54	1.3058560708477651
29	55	-0.5673989304956584
29	56	0.24972085757312837
29	57	-1.2730825442170066
29	58	-1.0371499669718343
29	59	3.210460682844059
29	60	-1.690433048633875
29	61	0.20475754767581317
29	62	-3.081591112196651
29	63	0.24499862109271756
29	64	-0.02275511840764246
29	65	-1.2268741991964183
29	66	-1.4301923579221039
29	67	0.23310977713407918
29	68	2.0497286059436504
29	69	1.49745886746449
30	30	NaN
30	31	-1.408100381983904
30	32	0.7059227691133516
30	33	0.6310138060133725
30	34	0.12282990209823014
30	35	-3.0460167237115434
30	36	-1.939190690114599
30	37	-3.936675698941741
30	38	-3.72106705855417
30	39	-1.6285864033294082
30	40	-3.5276923041575787
30	41	-0.9514465335046302
30	42	1.9547500706100378
30	43	-2.1093721710639133
30	44	-1.5554359760511058
30	45	1.6118066710718117
30	46	0.6334821522366204
30	47	1.407167751172719
30	48	1.4233449513059544
30	49	-2.3055162241834353
30	50	3.967982209387449
30	51	3.3382344446128807
30	52	-2.3580431150275274
30	53	-3.5614441021463636
30	54	-1.4782195136818477
30	55	-2.87999344767014
30	56	-2.0843689428206607
30	57	-3.4457473130591327
30	58	1.1423263918347992
30	59	-1.8735377316958048
30	60	0.4092228960599226
30	61	-1.7608179383697962
30	62	3.9612472074876055
30	63	-2.5034195404706696
30	64	-2.3541092869814553
30	65	-3.259030603662736
30	66	-1.065363602023217
30	67	1.3156130111720288
30	68	-2.191895151122253
30	69	-0.44860135751970326
31	31	NaN
31	32	-0.337234397863008
31	33	0.8853035260147146
31	34	-3.1400579245757267
31	35	0.6080035736402987
31	36	1.1061680797098743
31	37	-0.1502117789969314
31	38	-0.8427314889021218
31	39	-0.3551234322040826
31	40	-2.3988842127762053
31	41	-1.1385410082676046
31	42	0.6750666240217276
31	43	1.315073327859369
31	44	1.4048695851431727
31	45	-0.951333176127582
31	46	-0.32927304474376234
31	47	-0.8734403161020409
31	48	1.4177808402832757
31	49	-2.179665988481554
31	50	0.5455081306162809
31	51	-2.4134477181860494
31	52	0.28173916310034935
31	53	-1.8301778878742871
31	54	1.0142627805345072
31	55	-1.8437221751428958
31	56	0.911973828752706
31	57	0.24447720779413334
31	58	-2.6130639067989097
31	59	0.1705948648350052
31	60	4.361109414248489
31	61	0.5114705714626909
31	62	0.6654563340046248
31	63	-2.3999893625265787
31	64	0.0709742576442984
31	65	-0.8048314857106525
31	66	0.07422734417775352
31	67	4.24148434077068
31	68	1.6344491061023922
31	69	-0.9819856062204483
32	32	NaN
32	33	3.1538028136614
32	34	-1.3553125272046542
32	35	-3.8941898437700386
32	36	-1.0796739540921199
32	37	-0.7169869183144354
32	38	-2.027908050970619
32	39	0.8480455871529482
32	40	-1.9403106288489254
32	41	2.1541776804666166
32	42	3.0819297638677927
32	43	-0.16790002063503864
32	44	-2.2505266681166916
32	45	3.6565763845472503
32	46	5.039849609114627
32	47	0.9687232681025567
32	48	1.3060496071099388
32	49	0.6773001315859933
32	50	0.13081304250665238
32	51	0.451720401913538
32	52	1.3787041472336052
32	53	-0.9344905110234895
32	54	-4.572621588982691
32	55	0.08382096066474139
32	56	-0.6091754036850263
32	57	-1.4988130776256592
32	58	1.8797850508680085
32	59	0.001936798620494594
32	60	3.0868226236953262
32	61	0.4397115778484502
32	62	-1.939474812559995
32	63	0.2863728573491636
32	64	0.40989899158539517
32	65	-0.038745840946968486
32	66	0.22885695562100603
32	67	0.6923105462818818
32	68	5.426544374382035
32	69	1.926828247765234
33	33	NaN
33	34	-0.9813711082812877
33	35	0.23078216482134434
33	36	1.4419745838631548
33	37	-0.881794715302323
33	38	-1.911458271782733
33	39	0.3548284222916328
33	40	-2.3509198435569667
33	41	-0.599723841809552
33	42	-0.6934817082565848
33	43	0.7419148490141216
33	44	0.5885671346204063
33	45	-0.11722381765289508
33	46	2.661121781393405
33	47	-1.4725198822703802
33	48	1.1895647108500162
33	49	-0.5754884028949006
33	50	3.6458380550099654
33	51	-0.7227648987947943
33	52	-3.5548215054001875
33	53	-0.9809216094932193
33	54	-3.1356137619351143
33	55	-0.6207342355487928
33	56	-2.049707115738162
33	57	-2.0432356516254737
33	58	-1.41747377371142
33	59	-1.1574060344354722
33	60	-1.0590272193763905
33	61	2.171152488078059
33	62	0.6148563464359867
33	63	-0.9017271474580868
33	64	-2.4769023305390867
33	65	-1.4312087380793352
33	66	-0.793482752980611
33	67	-1.9413656752396942
33	68	-0.11863970900099942
33	69	2.374139381701302
34	34	NaN
34	35	-1.774426621794933
34	36	2.374600818812193
34	37	-2.0114757554267433
34	38	-3.6455016300946554
34	39	-0.6384802118166654
34	40	-1.2680815873636262
34	41	-0.766907151734042
34	42	-0.3202933203544131
34	43	-1.1551631233902935
34	44	-1.9019711095731717
34	45	3.04878914855734
34	46	0.6427522397117444
34	47	0.11057343137612537
34	48	-1.3506047572358402
34	49	0.28042113422342296
34	50	-1.0371771578696347
34	51	-1.6113348819532007
34	52	-1.4356247559898017
34	53	0.5146432253938713
34	54	-3.7178475401343594
34	55	-1.8993226055182335
34	56	-2.105816764008339
34	57	-2.892963739047692
34	58	-1.0331065935791457
34	59	-1.9648541302271096
34	60	-1.7439998028245385
34	61	-1.8388807566363345
34	62	-1.0605479717261288
34	63	-2.153788928516699
34	64	-2.0094010010919847
34	65	-1.700323401262704
34	66	-0.09650571116806639
34	67	1.4565672939024001
34	68	0.7012126241669662
34	69	-0.6536988302103466
35	35	NaN
35	36	-1.3640658571261062
35	37	-0.15690015366499496
35	38	1.8271056996408088
35	39	0.8028947331344468
35	40	4.048114272906266
35	41	3.579210800499656
35	42	0.6369476717326367
35	43	0.555763888026715
35	44	2.7036890302734484
35	45	0.7370472323839323
35	46	-0.46169714331203904
35	47	1.9969424488856244
35	48	-3.815791040635671
35	49	2.8899994930742996
35	50	-2.7237456746201922
35	51	-1.8211811522389585
35	52	3.772488863636867
35	53	0.5862757459720603
35	54	-0.3387705329449428
35	55	0.663973567038688
35	56	4.261451783747858
35	57	5.069964759993739
35	58	0.9969937877630811
35	59	-0.05193950442372446
35	60	-2.3001768953150323
35	61	-2.904489240897155
35	62	-2.95732176104424
35	63	0.07781969734425272
35	64	0.4088145799548105
35	65	0.618101661433756
35	66	1.2204458972792378
35	67	-4.520175488272579
35	68	-0.31775156731576176
35	69	-2.063674773345236
36	36	NaN
36	37	-2.282569830152004
36	38	-0.4844467533284738
36	39	-0.7956380184863635
36	40	-2.6544534147900447
36	41	-1.7735667165436724
36	42	-1.9187454670979174
36	43	5.365978304549134
36	44	-1.7141845417840955
36	45	-1.9234238215945412
36	46	1.5590588111836843
36	47	3.7146193292982193
36	48	1.697355937615885
36	49	0.923121342115472
36	50	1.1135644401464968
36	51	-0.037145862812053336
36	52	-0.5795945460253719
36	53	-0.7656602921771533
36	54	2.2736434869629716
36	55	0.5214570101987868
36	56	-1.5272051523050056
36	57	-3.698411192944812
36	58	0.4298176535814433
36	59	1.4952120371808415
36	60	3.059354962343875
36	61	3.7188764473546625
36	62	1.9513383575581185
36	63	-0.6042313708068601
36	64	-0.1122739079730487
36	65	4.445903647735731
36	66	0.43184833370755454
36	67	0.4232006484554385
36	68	2.3414943578152045
36	69	-0.2803937982036729
37	37	NaN
37	38	-0.15719224318991895
37	39	-3.6090601220503213
37	40	0.5395440362165336
37	41	-1.6128602225541389
37	42	-1.9512846675643634
37	43	-2.6092839565318466
37	44	0.11887019379901799
37	45	-1.284460144355931
37	46	-1.4384479691284087
37	47	-3.708545026182687
37	48	-1.8063776127808882
37	49	-0.5039159771526217
37	50	1.23092801529004
37	51	-1.9367540091159352
37	52	-0.5741446323209971
37	53	0.48456078614765513
37	54	0.39174396103320724
37	55	-0.829527617341516
37	56	-0.022784881293964044
37	57	-1.5178302972313098
37	58	0.18829297092531252
37	59	-0.9818772581228156
37	60	-0.06720835293706037
37	61	0.21396436247269765
37	62	-0.37353529668131313
37	63	0.20333461173506642
37	64	-0.7936325372865295
37	65	-0.6509219676996308
37	66	0.6481288174475484
37	67	-3.132567781893963
37	68	0.056802835037984806
37	69	1.1448786503525954
38	38	NaN
38	39	-1.4321897558061263
38	40	2.41806384389203
38	41	-0.5562874283077422
38	42	-0.4490819983405739
38	43	3.8504072042727384
38	44	2.0076604067290837
38	45	-0.9458981896063186
38	46	-1.5283247814545682
38	47	-3.7435031403073267
38	48	-1.2801582519307613
38	49	2.1075343513535416
38	50	-0.43817516944752677
38	51	-2.268493580863057
38	52	2.185573214092766
38	53	0.01678119605282083
38	54	-1.446987748933402
38	55	1.4404009002103724
38	56	3.3048184931255573
38	57	2.650618950046269
38	58	-1.2620058708323039
38	59	2.130100671377658
38	60	-1.9443704298685949
38	61	-0.5966386198208502
38	62	0.26874283380520697
38	63	2.429336724923769
38	64	0.8002531762469738
38	65	-0.15322245950283947
38	66	-1.2697529605572135
38	67	-2.440479813782083
38	68	-2.773685178909883
38	69	-2.698289852379254
39	39	NaN
39	40	1.2337589869380068
39	41	-0.458910246677371
39	42	5.783933143165493
39	43	2.8500162853633406
39	44	-0.000701717233254405
39	45	4.952322216630801
39	46	0.2065546054375143
39	47	0.4482419608791473
39	48	-0.6733993503812324
39	49	-2.8817352080177674
39	50	0.40119562560564564
39	51	0.04898308123129777
39	52	-2.2319069985002287
39	53	-2.0778038971467745
39	54	0.5722102233969225
39	55	-2.1112890179279824
39	56	-1.9240334797530527
39	57	-1.6530903187716215
39	58	1.833474209659804
39	59	-3.252913750142697
39	60	1.6931900517724574
39	61	3.3501007456213405
39	62	1.4811354679691526
39	63	0.0033740105311111544
39	64	0.17487182657648737
39	65	-0.48321685985071355
39	66	0.4636742494602504
39	67	6.046010253648817
39	68	1.7927504972935313
39	69	-2.302452560654842
40	40	NaN
40	41	0.9526440877633716
40	42	2.7215362145832103
40	43	-1.3205206675822194
40	44	-0.9459172312629536
40	45	-3.808219571991911
40	46	-3.68616643474829
40	47	-1.6375181117861362
40	48	-2.2399676347781705
40	49	3.2611333589786056
40	50	-1.6605742133063113
40	51	-1.8481095954146598
40	52	3.151197333674647
40	53	2.5465767841553215
40	54	1.244394122308327
40	55	1.9997145073423406
40	56	5.0914826858093845
40	57	3.656566661078754
40	58	-4.2333125325869165
40	59	1.2564595205173137
40	60	-0.8783854091469834
40	61	-1.5438101716201325
40	62	-0.2594786382318487
40	63	3.8638630040878987
40	64	0.7729737431885345
40	65	0.8546205586829796
40	66	0.22435863480043683
40	67	-1.0510557419654323
40	68	-2.7141347815440007
40	69	0.9190577193571637
41	41	NaN
41	42	2.2683467073377406
41	43	-1.7707690690413025
41	44	-1.6719588117402844
41	45	0.5369676723326633
41	46	-0.45411310420069567
41	47	1.3893005202411548
41	48	0.06275488690306824
41	49	-0.7357599409082837
41	50	-0.7069095179744798
41	51	2.4056550465434094
41	52	-2.517522550889173
41	53	-1.551974913717087
41	54	-0.61480426379059
41	55	-1.73774300392749
41	56	-1.0170395827809118
41	57	-1.3614732581002156
41	58	0.33491430601441813
41	59	0.2334942463151767
41	60	1.543882715085935
41	61	-0.7980382056317559
41	62	-0.920570001038348
41	63	-3.6276622862735506
41	64	-1.7405342718207915
41	65	-0.7519204248947111
41	66	-1.342874025250224
41	67	-3.341675922394623
41	68	0.08298035213659259
41	69	-0.4944922828197972
42	42	NaN
42	43	3.0383566368861334
42	44	-1.4473226537654753
42	45	4.57536260438205
42	46	-0.8267487175739499
42	47	-1.418460078871412
42	48	1.3426928750546405
42	49	-0.9411190682616306
42	50	-1.4743012906250699
42	51	0.41903101830956674
42	52	-3.5065066763775983
42	53	-1.978310875518397
42	54	1.7869197451059562
42	55	-1.0183576022217307
42	56	-3.062701067719366
42	57	-1.7830045023460683
42	58	3.43835540207596
42	59	-1.6283348092057095
42	60	-2.0544138243129417
42	61	-1.6757989606055137
42	62	3.478983914462364
42	63	-1.4647540371844188
42	64	0.5878446142528014
42	65	0.3353307688460436
42	66	-3.870094522000633
42	67	2.478389644240543
42	68	1.7391624720581107
42	69	-0.4410043956977633
43	43	NaN
43	44	-0.5277113933470567
43	45	5.560951519886059
43	46	4.171882186256785
43	47	0.13126784382462012
43	48	0.0898001749477149
43	49	-2.5030629678526166
43	50	0.10981757414424409
43	51	-0.6544038471946143
43	52	-0.6673393334258101
43	53	-3.5502622698335142
43	54	-1.7661913707665817
43	55	-1.4336172587630527
43	56	-2.1565034415190256
43	57	-0.20055607816080226
43	58	0.8743197637377793
43	59	-1.5944232927049247
43	60	1.6268793941364221
43	61	1.480654532749997
43	62	-0.008107397689467381
43	63	-1.4835815597012207
43	64	-0.17894906605646238
43	65	-3.4685002170186983
43	66	1.1169864305794797
43	67	-1.1563532749890906
43	68	2.868985813722607
43	69	-0.6798893204120233
44	44	NaN
44	45	-1.88968847863197
44	46	-1.4881642725152477
44	47	-2.0745493653551503
44	48	0.31295220130508195
44	49	1.2895679836619411
44	50	2.3179568592952324
44	51	0.6038057410927881
44	52	0.9204808304197086
44	53	-0.9812804968066321
44	54	-0.787042799633463
44	55	0.8790528581914437
44	56	1.5670086193433614
44	57	0.7777103551786607
44	58	-1.4685896612084557
44	59	1.4755160149791762
44	60	0.019703085157418285
44	61	-0.2706659852379618
44	62	-1.9640586458775418
44	63	0.6649971420251403
44	64	-0.018675562404718536
44	65	0.04796969900042081
44	66	1.4547837632282197
44	67	0.7112129506331213
44	68	0.16523120188503623
44	69	-1.1896180690814573
45	45	NaN
45	46	3.798628044615398
45	47	2.97950983751605
45	48	-0.1152213399313568
45	49	-2.4506930614015285
45	50	3.19835920664256
45	51	0.703744309946936
45	52	-1.9835753636104
45	53	-0.8235710444549561
45	54	-1.0131204747746403
45	55	-1.8481049810739059
45	56	-2.748303362086781
45	57	-3.1454312151077977
45	58	4.908635960368863
45	59	-2.7469512581596143
45	60	1.015798788167859
45	61	3.5116724500408147
45	62	-0.6841538380250247
45	63	-1.936000992341587
45	64	-2.1716931149453247
45	65	-2.2344774464490853
45	66	2.5573780973960805
45	67	2.7366840565372264
45	68	-0.9037107319886548
45	69	-1.0309044766808526
46	46	NaN
46	47	2.9620178162354445
46	48	-0.3591466053525718
46	49	-3.1669645610515915
46	50	2.4120192002178222
46	51	0.46411338413235764
46	52	-0.37090707444812177
46	53	-3.6549651383285573
46	54	1.0665654352789304
46	55	0.13547869766676968
46	56	0.10499805962046374
46	57	-1.3954318017051601
46	58	5.47070731549157
46	59	0.08842320638245481
46	60	-2.8116873485591163
46	61	1.4796640810992356
46	62	-1.056911573553965
46	63	0.03542600325085822
46	64	1.6335945538667602
46	65	1.192970665625941
46	66	-2.1576462432084025
46	67	1.2339589713108228
46	68	-0.7714656194550849
46	69	-1.6540135602327197
47	47	NaN
47	48	-3.432703496382694
47	49	1.8356932314408112
47	50	0.01708665586088786
47	51	-1.2825550668239065
47	52	0.8687346293188912
47	53	-0.3706645804263428
47	54	2.639447964057237
47	55	0.3499625448091176
47	56	0.35403980040632715
47	57	-2.9537446712379154
47	58	1.3133473600712813
47	59	0.6180568710241247
47	60	-0.9747757570549942
47	61	1.360909737972939
47	62	-2.005085196254579
47	63	3.3907802977787886
47	64	-1.783821273855694
47	65	-0.015954543270758202
47	66	3.278663834497328
47	67	2.787296353134992
47	68	1.386802136480142
47	69	-1.7302829159055222
48	48	NaN
48	49	-3.39623905116561
48	50	1.3617629525959307
48	51	0.3087647324769767
48	52	-1.0388911014428848
48	53	-0.5991914231372165
48	54	2.5892035734141134
48	55	-1.1942153722583213
48	56	-2.7326544063812928
48	57	-0.985189842099109
48	58	0.8194133565760476
48	59	-0.8680969835743831
48	60	0.7068646877566132
48	61	-0.4058807867410735
48	62	-0.43425056342263363
48	63	-1.8464084794782
48	64	0.8488967487147503
48	65	1.5000774720937649
48	66	-1.9019413327611079
48	67	0.5990082971554328
48	68	3.1998101650714714
48	69	-1.2822491683720334
49	49	NaN
49	50	-1.014031090405698
49	51	-1.5905209866372279
49	52	3.1828508599231196
49	53	3.9871473908078854
49	54	-0.36692441267435066
49	55	1.5098033773375747
49	56	4.689166791222691
49	57	1.2760936014239335
49	58	-1.3593525153985317
49	59	0.40721363116987497
49	60	-0.8051772993871343
49	61	-1.7806546951482534
49	62	-1.840642439584249
49	63	0.863133098189233
49	64	-0.2876089323797861
49	65	0.7248100531321836
49	66	-1.0548029193877309
49	67	-1.0130803943668312
49	68	0.430321046230105
49	69	-2.980473304306208
50	50	NaN
50	51	4.175988412195714
50	52	-0.7230078680049853
50	53	-1.6223533809671997
50	54	-3.557754279736494
50	55	-1.9980380880700288
50	56	-1.5190647701082036
50	57	-1.6961558773888272
50	58	-2.3567409556525507
50	59	0.2136085633718468
50	60	2.0595196757624903
50	61	3.7512300843246367
50	62	-1.7838620553653648
50	63	-0.06046397739185791
50	64	-1.7286080326970275
50	65	-1.558208025864135
50	66	-1.478515045793171
50	67	1.1482429739429922
50	68	-1.253373506504416
50	69	0.8024492404857901
51	51	NaN
51	52	0.7190656430688552
51	53	-1.5078944330578368
51	54	3.163992387778042
51	55	0.6820010210659342
51	56	-1.6026599084790032
51	57	0.4844091450358225
51	58	1.8805660359609773
51	59	0.7073167559931114
51	60	3.560220793749284
51	61	2.411813520392916
51	62	-1.6593902165608876
51	63	-1.6469703127387498
51	64	0.6650893235620224
51	65	-3.58487977917959
51	66	0.7723592168633423
51	67	-1.8892097222357327
51	68	4.425621605840056
51	69	-0.3693045071994127
52	52	NaN
52	53	1.5141933130747982
52	54	0.4240557573529571
52	55	1.4235051992516738
52	56	2.9550978235186927
52	57	2.6207800887269457
52	58	-0.8250364540000046
52	59	2.0206581549806777
52	60	-2.5836730302719335
52	61	-3.1209654049721096
52	62	-0.06668274964923307
52	63	2.811853693251221
52	64	-0.6843823655133013
52	65	0.3731742853466363
52	66	-3.081286525894997
52	67	-2.9966959767393493
52	68	-3.278017860556717
52	69	-1.78796781059323
53	53	NaN
53	54	2.526983121923525
53	55	-2.510007589396282
53	56	0.3989551234536123
53	57	0.35022084538866094
53	58	-0.04030489697750909
53	59	-2.362751859913407
53	60	-2.2534821522270114
53	61	-5.621485883550338
53	62	-3.164385043269702
53	63	0.5176801382190993
53	64	0.23820184612379572
53	65	0.3585066510381022
53	66	-0.6979189628249781
53	67	-1.7981611262226769
53	68	1.2962226697738228
53	69	8.753619345194268
54	54	NaN
54	55	-1.7037838063641415
54	56	0.012559298867523182
54	57	0.8384185774804892
54	58	-0.044752224795024935
54	59	-0.8237782230058897
54	60	1.0290978877142762
54	61	1.9155241427318328
54	62	-0.02865055449749967
54	63	0.8059598038403485
54	64	-0.7567793767103156
54	65	2.102714359806681
54	66	0.4025625076744342
54	67	17.955707269045043
54	68	-0.01985385453481473
54	69	-1.5469128497216793
55	55	NaN
55	56	1.4759504791552749
55	57	3.416583191395044
55	58	-2.9823718137340625
55	59	-0.7494755770435095
55	60	-0.18830236479555187
55	61	-0.6144099129236034
55	62	-0.6578777738508363
55	63	2.5423477954772755
55	64	0.4393376464636459
55	65	0.876233991428418
55	66	17.060089325618705
55	67	-1.5968756767203012
55	68	1.599825599431391
55	69	-0.6896583594987763
56	56	NaN
56	57	1.6577765352692475
56	58	-3.448774849483225
56	59	0.6854734304520065
56	60	-2.508959310140785
56	61	-1.1472706530015835
56	62	-1.9849227781712555
56	63	3.339993576100758
56	64	1.0576361402145005
56	65	3.018985984660907
56	66	-2.8309732656054787
56	67	-0.9932303514103054
56	68	-1.97342247146544
56	69	-2.173573901464696
57	57	NaN
57	58	-0.060008934738791264
57	59	1.6556003718120647
57	60	0.26154246150089266
57	61	-0.9007311443653654
57	62	-1.0453409113820562
57	63	0.7165914151926379
57	64	2.8835660377235803
57	65	3.525621566186217
57	66	-0.74080901990282
57	67	-0.4632529758867756
57	68	-1.7547009525307986
57	69	-0.207780225344707
58	58	NaN
58	59	-1.7482257273289878
58	60	0.9103469849171222
58	61	1.325280568125295
58	62	28.82791491200848
58	63	5.1422075838751455
58	64	-1.4384940400603614
58	65	2.1283001976223117
58	66	-4.185233465339594
58	67	1.0759010439610277
58	68	2.0772537867167817
58	69	0.44311806031144746
59	59	NaN
59	60	0.9687149010666635
59	61	-0.6206284613775286
59	62	-0.7432340456732132
59	63	-0.6450244078579989
59	64	5.063921551921686
59	65	-0.2539589216965714
59	66	0.41933240510426467
59	67	-0.6877741030875254
59	68	0.11996843844540753
59	69	-0.8379317899505492
60	60	NaN
60	61	-1.1335294930729443
60	62	2.406308225387205
60	63	-0.35113942117709246
60	64	-0.7711673796465165
60	65	-1.7761511056296488
60	66	1.85044513167686
60	67	-0.7649413532333866
60	68	1.6494704343740298
60	69	-1.1965340827266564
61	61	NaN
61	62	-0.26426595413254444
61	63	-0.6454909816040849
61	64	-0.1817372591245219
61	65	-0.5146096761478002
61	66	5.841559791140296
61	67	0.7266889238793411
61	68	0.24837784749447883
61	69	1.1355355094010429
62	62	NaN
62	63	0.06360714737681324
62	64	0.45206826502288083
62	65	-1.6060460233927851
62	66	-1.8579198007811535
62	67	2.5511042900781713
62	68	1.7444521066232217
62	69	0.8184386328174796
63	63	NaN
63	64	3.0538093007784934
63	65	3.134878054667623
63	66	-1.2646024035179209
63	67	-1.8826992238465903
63	68	-1.5789642477573613
63	69	-0.4980738407020835
64	64	NaN
64	65	2.086069508224684
64	66	0.15414914604092095
64	67	-2.411012743610553
64	68	-0.0015670141691785724
64	69	3.3951783352095335
65	65	NaN
65	66	-0.05965608799892786
65	67	-0.6723782923078877
65	68	1.1052539748285153
65	69	-1.0151538564060658
66	66	NaN
66	67	0.41687826255085064
66	68	-0.6607600922518013
66	69	1.8031640430476665
67	67	NaN
67	68	-0.3974687430845813
67	69	-1.1856766210285121
68	68	NaN
68	69	0.2494026922039778
69	69	NaN
