1	1	NaN
1	2	-1.7640381739121278
1	3	0.2928669471922871
1	4	-0.5087363820458284
1	5	3.9091107270198786
1	6	2.1352086662899064
1	7	-0.4322284826375353
1	8	1.0623048990492205
1	9	2.569380168927209
1	10	1.882589822834194
1	11	2.532320501481462
1	12	-2.0058545848649283
1	13	-0.5753343014705932
1	14	-0.5473479934793323
1	15	1.6099898866739435
1	16	-0.5748709129386523
1	17	-0.6445846932802136
1	18	-1.617743585744116
1	19	-1.7452190587675802
1	20	-1.441118246022382
1	21	-4.1856729979740095
1	22	0.2498356371258966
1	23	1.313716658664532
1	24	2.334423137633085
1	25	-2.6555520805919106
1	26	-1.2534392156074161
1	27	0.8169143747944512
1	28	-0.07759018902186841
1	29	-0.5883414930757594
1	30	-0.7016486963818431
1	31	0.29921664428414724
1	32	-2.280626472935643
1	33	2.788917555758005
1	34	2.208183091444384
1	35	0.533610401141524
1	36	-0.6037934064512872
1	37	0.37197437126747696
1	38	1.3718277522020133
1	39	-0.2505683348903007
1	40	1.2709362728393319
1	41	-2.472530503073226
1	42	-1.8040653536970892
1	43	-1.5144885612028567
1	44	-0.062160187395711095
1	45	-0.9662402140449597
1	46	-2.9442412491956405
1	47	4.783529904250104
1	48	-0.7734373334053066
1	49	-1.3183964874110896
1	50	-1.1958941319796097
1	51	0.44737911119264717
1	52	0.9558048598321179
1	53	0.005381573789342605
1	54	0.8923210362843812
1	55	0.05367448089924794
1	56	-0.5310191457200788
1	57	1.1038466760305496
1	58	3.8729916724240643
1	59	0.44653287388101376
1	60	1.1826321298160867
1	61	0.18903588736862637
1	62	-2.1413555060784684
1	63	-2.7018211292408365
1	64	0.15523136919276564
1	65	1.4134169892254016
1	66	0.31492833071659393
1	67	-2.4945891587571456
1	68	-1.5956006216827447
1	69	-1.9610665604557302
1	70	1.1943571323380315
2	2	NaN
2	3	-1.5211133237651737
2	4	0.9458052106955606
2	5	0.0020336267665055107
2	6	-1.9701957522925309
2	7	-0.9622981358255579
2	8	-1.3629590221564203
2	9	-1.9136660146014837
2	10	-1.749439991555728
2	11	0.9746565405248757
2	12	0.2768026316090262
2	13	-1.5235777174039578
2	14	-0.6780114206166994
2	15	2.6266552175675866
2	16	3.790463879084528
2	17	-2.084406294074288
2	18	-0.9435185595353693
2	19	-0.36750405023162475
2	20	0.08526360412141379
2	21	1.7922961441818728
2	22	0.33102511450515776
2	23	1.8280530803330914
2	24	1.7685969682128309
2	25	1.639047903829142
2	26	-3.0873706713822435
2	27	-1.6465459478766207
2	28	2.74341040399835
2	29	1.1408198301638544
2	30	-0.3668544500527812
2	31	1.1162526352129238
2	32	0.8867389148914694
2	33	0.9063313516482128
2	34	2.568320878919143
2	35	-2.1941875018938135
2	36	0.9924885956558074
2	37	-0.5028446574916061
2	38	-1.6519411010321852
2	39	2.340566182317397
2	40	0.11430041196747222
2	41	3.9022279339729447
2	42	-3.3120616415079995
2	43	4.721948331130969
2	44	-1.4832453716743188
2	45	-1.8139727711679055
2	46	2.7279287535430554
2	47	0.3128512866939958
2	48	2.0567882076058708
2	49	-1.7171450219664977
2	50	-0.9254561714243731
2	51	-2.1246550582211348
2	52	-2.2999522451461627
2	53	-1.3233668890577506
2	54	-0.7124853371845096
2	55	1.0778012528523513
2	56	-2.773470008608039
2	57	-2.2371765090735902
2	58	-3.3395756493341
2	59	-1.4041103994281108
2	60	3.973146177489159
2	61	-0.08261143709924329
2	62	0.18068771675511466
2	63	-0.05257342645880683
2	64	-1.3659645004049485
2	65	-1.8834392572507923
2	66	-0.4364067164905848
2	67	3.3636759161326295
2	68	2.4894720043176877
2	69	0.7560654574377756
2	70	3.3793054063288785
3	3	NaN
3	4	-0.2127302385308843
3	5	-1.6666261445354982
3	6	-1.777696548181466
3	7	-0.5725921066577522
3	8	-1.7748529100896056
3	9	-0.27102176381229215
3	10	-1.018371638178063
3	11	0.8586554619253597
3	12	2.444715966475879
3	13	-1.1772206564170802
3	14	-0.48140083420171975
3	15	0.5006603940104045
3	16	-3.2839137876028515
3	17	0.33253924417732333
3	18	0.08529431985948013
3	19	2.054018492229095
3	20	3.324471962938626
3	21	3.593398395796724
3	22	4.035482691792885
3	23	-0.6765058613532722
3	24	-0.98870561136889
3	25	0.45841713893893715
3	26	-0.3984484167367811
3	27	-0.013932519952414431
3	28	-0.41164104157536735
3	29	0.11735788107404374
3	30	0.6067475123423535
3	31	2.646419206997564
3	32	3.3997638602862277
3	33	-1.1098606003301696
3	34	2.393520426456729
3	35	-1.8520710116231118
3	36	2.462856030269763
3	37	0.6128163042229401
3	38	-3.154166963791321
3	39	0.6691420576686081
3	40	-0.47206311457799693
3	41	1.6412109330282478
3	42	-0.6580653382432462
3	43	-0.6474204198264398
3	44	0.5065363860260186
3	45	-0.5902923162566095
3	46	-0.059372765295496566
3	47	-1.1295048992149723
3	48	2.1681254615706655
3	49	-0.525074982027133
3	50	1.4450251078687222
3	51	-2.456948333501292
3	52	-0.7297741932107286
3	53	-2.183948616401193
3	54	-2.518467770551138
3	55	-1.6264521495566542
3	56	-2.8551304597508578
3	57	-4.231985829741371
3	58	3.262202263298782
3	59	-2.7768192555680486
3	60	2.9283865397443463
3	61	6.049734304879454
3	62	2.7347416628794314
3	63	-0.24252271936995384
3	64	-0.49021639951797996
3	65	-0.9521473125869331
3	66	-2.231549036407549
3	67	-1.0169706764268862
3	68	-0.22638213052116313
3	69	-0.3978922068162946
3	70	0.8684231779425253
4	4	NaN
4	5	-1.1734136010672123
4	6	3.074839091985503
4	7	2.3716045136527284
4	8	1.9658877468129055
4	9	0.8167633665078968
4	10	4.381696605299329
4	11	-3.6000711483629653
4	12	-1.2028444784487875
4	13	-1.8252821572920086
4	14	-3.2827324267055897
4	15	-0.4947967983363629
4	16	0.20247253018335618
4	17	0.4573964070775735
4	18	-3.9476565152475542
4	19	0.7962521312274153
4	20	-0.6921321042216158
4	21	-2.4683788992784663
4	22	-0.1281679454471905
4	23	0.7883924465150639
4	24	1.2961920490059928
4	25	-3.979749294566989
4	26	-2.2139373752266875
4	27	0.6111010390246409
4	28	-1.480310691040685
4	29	-3.7038816124945297
4	30	-0.5691249290419811
4	31	1.1033845672401696
4	32	-1.1250844930368864
4	33	2.715684001304408
4	34	-2.3688238006164557
4	35	-0.3184241142543738
4	36	1.0361772986071067
4	37	1.562423757144745
4	38	1.569280461852266
4	39	-1.059344519994537
4	40	2.2214683719071258
4	41	-1.4536998028918127
4	42	-1.2898549243040662
4	43	-0.6305360861950853
4	44	2.3825268829208657
4	45	-3.6768025227241012
4	46	-0.9862268001512497
4	47	-3.824640916695384
4	48	1.1152171094884014
4	49	2.107757875166278
4	50	-1.7354179799997425
4	51	-0.5830136908952758
4	52	2.560785288709686
4	53	1.9051083402926803
4	54	1.4481868568388758
4	55	3.548858901294754
4	56	2.4312322525949948
4	57	3.2620997559776774
4	58	0.18717389608628907
4	59	-1.0158845369631977
4	60	-0.2825487438608969
4	61	0.07116729844374933
4	62	0.2659356554965969
4	63	-2.916913066509579
4	64	3.1874361998434972
4	65	0.869794579393466
4	66	1.8520842644857802
4	67	1.709469587965028
4	68	-3.0787265696745174
4	69	0.20021761480286324
4	70	-2.4171580311788268
5	5	NaN
5	6	-3.7074576211204135
5	7	0.8821745140228175
5	8	-0.54033828022563
5	9	-5.513141845929245
5	10	-3.8001437383909344
5	11	1.2204747237099414
5	12	1.173102438807635
5	13	1.8167280698432684
5	14	-2.1394925766330894
5	15	0.3100355060591642
5	16	0.9126693028667686
5	17	-2.9755266330401873
5	18	1.759785671790714
5	19	-0.6401333446285398
5	20	-3.562161623057942
5	21	0.979409803637861
5	22	0.1908100887338131
5	23	-2.0369747559526634
5	24	-2.416817991434272
5	25	0.7021403746369841
5	26	-0.527792538862076
5	27	0.5391256592343355
5	28	-0.3580358683392318
5	29	2.1932579696072225
5	30	1.258213780315145
5	31	-1.1804962375376928
5	32	-0.5657094089438427
5	33	-0.42609670572699154
5	34	46.02618594249522
5	35	-1.951499845280678
5	36	11.01751484978927
5	37	-3.1446123264863703
5	38	-2.4590660545763003
5	39	-4.46526198018528
5	40	-1.0664536361004648
5	41	0.08608143638455133
5	42	1.1467317971293132
5	43	0.34981753823372214
5	44	-1.5810725600281894
5	45	3.3246632785125407
5	46	-1.6171516830099526
5	47	-4.135501311614023
5	48	1.8163117903947927
5	49	-0.743352342751025
5	50	2.671289600647994
5	51	0.08836460216540636
5	52	-2.8460022585682783
5	53	-1.8258331526504878
5	54	-0.2115497582093973
5	55	-1.9880103496841726
5	56	0.201839477855176
5	57	-4.159642627549417
5	58	0.3464971157653365
5	59	-1.4817626748166568
5	60	-0.7557797342446813
5	61	0.9198604689613586
5	62	-3.2398175599736234
5	63	-3.2805959343332103
5	64	-1.8166449757426437
5	65	-1.2858203324770798
5	66	-1.075671232100663
5	67	0.7301838787433893
5	68	0.1051331433554322
5	69	-4.068801432520667
5	70	-0.4592238899666758
6	6	NaN
6	7	2.8339542913237428
6	8	2.294625720744975
6	9	2.3301696391066367
6	10	1.0600992019662479
6	11	1.2715169026302269
6	12	-0.5150104237299041
6	13	-0.4387359155980668
6	14	-1.9472399836258112
6	15	-1.1967070295344213
6	16	-2.465705202063512
6	17	-0.24093283014944566
6	18	1.0056593890410637
6	19	-1.3333069430380913
6	20	0.5595669391447083
6	21	-2.2603625481656473
6	22	0.42474332393626035
6	23	-1.3102149392758653
6	24	6.54732050669128
6	25	-0.6672052365964453
6	26	-2.5489934500013756
6	27	1.4497672492984413
6	28	-3.8384788685713715
6	29	-1.7284797108745205
6	30	-1.5496215908276318
6	31	0.06973234624533144
6	32	-0.22291425786549754
6	33	5.426117775632397
6	34	-0.6564291857865219
6	35	1.311442737645421
6	36	-0.7618294400196403
6	37	0.6958599142750065
6	38	3.4134269078148294
6	39	-0.3321943173741399
6	40	1.9034836568989206
6	41	-2.7933371459345975
6	42	-0.27790905145496864
6	43	-0.914455163756418
6	44	1.1729131418880205
6	45	-1.1252786916297914
6	46	-0.5870779668668586
6	47	0.39126808722229384
6	48	-1.5841645435012168
6	49	2.057694651970076
6	50	-1.5471629798390392
6	51	0.6936848771563104
6	52	2.037632007347674
6	53	-0.6699274874974919
6	54	2.141202799216718
6	55	-0.8839365223693395
6	56	2.16793514531258
6	57	2.7029915424424025
6	58	-2.691720071265341
6	59	-0.8519145026547251
6	60	-5.206713066101974
6	61	-2.6084018880510884
6	62	-1.0112491256670855
6	63	-1.4687945340977704
6	64	2.6086736689124024
6	65	3.847058599789324
6	66	-0.869454790382466
6	67	-4.105185593199357
6	68	-1.0306206341063588
6	69	0.9465202976396697
6	70	-0.5395872154929007
7	7	NaN
7	8	2.968267822432208
7	9	1.9189482842596182
7	10	0.14749907983920602
7	11	-2.088149216523774
7	12	-1.3928257347127255
7	13	0.7530662459906353
7	14	-4.053501348333342
7	15	0.7945474140562121
7	16	-1.3264201190866096
7	17	1.9681969105746022
7	18	-1.3235853709403143
7	19	-1.4637224847242454
7	20	3.177838625886881
7	21	-4.27902563349838
7	22	-2.9209629302488054
7	23	0.013788597972612136
7	24	2.8626859805210145
7	25	-1.349656314758125
7	26	-0.9297222906153004
7	27	2.788448824108001
7	28	-1.7012078556239332
7	29	-2.815013210421044
7	30	-2.7490423357259837
7	31	-1.0852224265144392
7	32	-0.891544894965789
7	33	1.1049038217834697
7	34	-0.37563051375593465
7	35	0.6894837523810052
7	36	3.1137070190439133
7	37	0.8819174246506861
7	38	1.6890978421150034
7	39	-2.0914686938555422
7	40	0.7030356407740221
7	41	-2.3574663843164507
7	42	0.5846910995192318
7	43	-2.075949079106124
7	44	-0.30201803521480686
7	45	-1.0805662936266809
7	46	-0.7488584064077384
7	47	-1.841780818447476
7	48	0.08760138010303693
7	49	2.2070222915889404
7	50	-1.7273932733429043
7	51	1.6381377001496764
7	52	3.710611105049808
7	53	0.33788764593535253
7	54	-0.698047568724778
7	55	1.6058811920549125
7	56	1.81648072564727
7	57	2.3453899179225
7	58	1.5864331870005843
7	59	-0.2816696688578642
7	60	-4.08531974405257
7	61	-1.0352150403947762
7	62	-3.8870376363505135
7	63	-1.0858154332465806
7	64	1.855224679512618
7	65	2.6235126476519035
7	66	1.0252146372478275
7	67	-3.500956899042864
7	68	-0.8652434169488398
7	69	-0.6584596963403365
7	70	0.5165282734073674
8	8	NaN
8	9	1.2728314474027767
8	10	3.4682278525372614
8	11	1.6516896569778738
8	12	-1.0561727811101957
8	13	-2.870581246221931
8	14	-2.6129053107120095
8	15	-1.3884999908423923
8	16	-1.943037557941789
8	17	3.9487757407103063
8	18	2.6005079836426246
8	19	-3.7617810110084235
8	20	3.532333635393053
8	21	-1.348504806424848
8	22	-2.4245419004023385
8	23	0.3683766935210914
8	24	1.0844867198777692
8	25	-1.0342185418594037
8	26	-0.6614080931282902
8	27	1.5989316374387113
8	28	-1.9950065080859922
8	29	-1.9339050680229892
8	30	-2.609697653656622
8	31	0.2866155974916361
8	32	-2.762252156736522
8	33	0.36469419182712615
8	34	-1.5506309389156452
8	35	1.6629934387867036
8	36	-1.1397877124013278
8	37	10.05817087617296
8	38	1.2120010118810425
8	39	-1.7641844658601287
8	40	1.6969470062045642
8	41	-2.2353195546564972
8	42	-1.6307570273290337
8	43	-0.6166801370559064
8	44	2.9375158577295104
8	45	-1.8330928998105063
8	46	-3.960357408444084
8	47	-2.738508600853843
8	48	-2.9843115666481284
8	49	4.445494988851168
8	50	-0.5136404419011247
8	51	-1.9826896392494648
8	52	3.0941923166650174
8	53	2.3460867047417673
8	54	2.1282456670717993
8	55	0.1272066258532521
8	56	4.264042256999599
8	57	1.5725448725269113
8	58	-3.662706720884356
8	59	-0.07096722436945839
8	60	-2.3335108001268527
8	61	-0.9571093575744022
8	62	-4.7553692569808375
8	63	-1.2721320286852724
8	64	3.8185736384844757
8	65	3.34353966767024
8	66	-1.242977461549549
8	67	-1.9303202077989325
8	68	-1.9131412722191679
8	69	0.036058399500674736
8	70	-1.0166515494236512
9	9	NaN
9	10	5.548110919893108
9	11	-0.7472526195805897
9	12	-2.640817113412168
9	13	-2.408886939357802
9	14	-1.9440270315700796
9	15	-3.847438563643725
9	16	0.4277473659087652
9	17	2.323773972002038
9	18	-2.683075034050117
9	19	-2.0225794037729674
9	20	4.54254112563949
9	21	1.0388240323181832
9	22	-0.4648272665651789
9	23	1.124876465340142
9	24	3.2601505347632935
9	25	-3.5766165983811176
9	26	-5.491762500882979
9	27	2.5705574721853957
9	28	2.116065238519163
9	29	-1.6491396323828231
9	30	2.114844489698064
9	31	-1.447185856614752
9	32	-1.5420034360774129
9	33	-0.005383926998493575
9	34	-3.104410164149987
9	35	1.9644785960635243
9	36	1.8951690199154079
9	37	-2.1330214402017957
9	38	2.8158236417212197
9	39	4.424218720562335
9	40	2.549098305136874
9	41	0.10556470787809562
9	42	-3.898390784033533
9	43	-1.7996150670036772
9	44	1.9456742305033015
9	45	1.238892336882675
9	46	-1.7840019809250829
9	47	-1.0856929825977446
9	48	-2.677405052355663
9	49	2.4291375174216823
9	50	-2.1962634821655658
9	51	-1.4962435871159991
9	52	1.7402464975849696
9	53	2.0711131372788594
9	54	-0.9119806305010401
9	55	1.6038173256996793
9	56	2.806459829246881
9	57	2.4818060219465736
9	58	-3.9794132543692733
9	59	-0.1894637049491656
9	60	0.7857311772321913
9	61	-1.3381568532447006
9	62	-0.7479483824569595
9	63	0.7837905814537972
9	64	1.3444824195178464
9	65	-0.011735860911007904
9	66	-1.258930056728955
9	67	1.5269967676869742
9	68	-0.2421599193894024
9	69	-1.0380752856981206
9	70	-3.6745925765690566
10	10	NaN
10	11	-0.7997803211001074
10	12	0.8394277076463202
10	13	-4.6903160437342395
10	14	-2.38152957058542
10	15	-0.3846716048260273
10	16	-2.5524273250978164
10	17	16.81910942434706
10	18	0.15486613655623638
10	19	-0.06586846522173163
10	20	-0.28686954993370833
10	21	-0.33893881763130146
10	22	-0.9740251095705108
10	23	0.14679732203584728
10	24	2.437143109394371
10	25	-3.563026746461682
10	26	-2.406582021550171
10	27	1.7404100029810496
10	28	-1.022885016592129
10	29	-2.676412542801482
10	30	-2.518972042339459
10	31	0.8417697934708932
10	32	-2.0162168590080536
10	33	-0.5478615894495767
10	34	-1.4983732558573108
10	35	3.1220773807090425
10	36	3.297373286989377
10	37	3.201717511138085
10	38	1.1691722033299523
10	39	-2.536888444539196
10	40	1.932795844224888
10	41	-1.474171667391237
10	42	-2.613321178527177
10	43	-1.9897113240384947
10	44	3.888788830332441
10	45	-2.593779545619975
10	46	-0.09544256698317932
10	47	-3.3405611659838508
10	48	-3.6107813865313703
10	49	1.8402860020596188
10	50	-2.201152580592974
10	51	-2.696265199952241
10	52	2.023348079623177
10	53	-0.04263480329747974
10	54	0.934339760063425
10	55	-0.3911762595827329
10	56	1.5454921321147204
10	57	3.2665230085761703
10	58	-1.947363826268082
10	59	0.3615630423940996
10	60	-1.4435608602289765
10	61	-1.997241908062724
10	62	-0.6868719765482499
10	63	-2.0261460059882737
10	64	3.519413409123975
10	65	2.9152597779214333
10	66	0.5357951121583219
10	67	-1.86425168651077
10	68	-4.667842811019751
10	69	1.9103689246915998
10	70	-4.115405929150593
11	11	NaN
11	12	-0.40203971058636767
11	13	3.9820356003816393
11	14	2.9938036002680013
11	15	0.5300666653253941
11	16	1.649955737712711
11	17	5.34650093112472
11	18	2.9304649964027587
11	19	-2.1005261157336923
11	20	-2.2069959507482833
11	21	-2.321000664261815
11	22	4.6089989755735505
11	23	-1.4610177846622885
11	24	-2.036905336927247
11	25	0.6919186730521365
11	26	0.5282870858344793
11	27	-1.4301054232412576
11	28	0.5489252074682539
11	29	1.0000899594302881
11	30	1.1591048684075154
11	31	-0.6933627248325905
11	32	0.9412402976409127
11	33	-1.4386106856814163
11	34	-0.9987878271485428
11	35	-3.3953060020937142
11	36	-2.276964039530021
11	37	-2.1999156374199806
11	38	2.5402740864090605
11	39	0.21244719479551566
11	40	-0.19690155618244773
11	41	-1.0557631910103595
11	42	-1.6561230703426086
11	43	-3.4971009025663875
11	44	-1.2880812278006168
11	45	1.0553996310368212
11	46	0.39656655488044795
11	47	-2.072924012589472
11	48	-2.404672329340062
11	49	-2.2153361675796672
11	50	2.714800807066688
11	51	2.8715723825411437
11	52	2.90678818453293
11	53	-0.5335534991548021
11	54	0.226320425377146
11	55	-1.5351663870109158
11	56	-2.654090661382567
11	57	-2.2296284816918477
11	58	0.6295242451675076
11	59	-1.3517578859636623
11	60	0.7842870527792027
11	61	0.7088784019881771
11	62	-0.8842781339546811
11	63	-0.6106938220558108
11	64	0.509674583592769
11	65	-1.191326735851507
11	66	2.2572592365321107
11	67	0.1859958220594524
11	68	-3.3507247941554996
11	69	1.1286520916450336
11	70	3.2768262006129114
12	12	NaN
12	13	2.1605061994424375
12	14	-0.21981800738609886
12	15	2.7950466455323717
12	16	2.789995901255291
12	17	-1.325398525314809
12	18	1.007795672453639
12	19	-1.9611518901583034
12	20	0.918131700559614
12	21	2.5060291138370396
12	22	-1.1822268539979441
12	23	0.5056276539093231
12	24	0.9593803194937095
12	25	3.422311354637335
12	26	-2.420031541800921
12	27	-3.957680976159806
12	28	1.8578699396042793
12	29	-5.236840512455528
12	30	3.6815239187943374
12	31	1.0795863872039357
12	32	2.456104165837068
12	33	-1.660155654622831
12	34	-0.2267268616729789
12	35	-1.3392522965002929
12	36	-1.1178353118832969
12	37	1.3318455854759932
12	38	-5.6868864860292225
12	39	18.623773801486198
12	40	-0.8704873451939142
12	41	-0.7395957403366807
12	42	2.5615170668011737
12	43	-4.297963380326171
12	44	-2.4023176562918267
12	45	2.3242933022277583
12	46	0.3070191103025185
12	47	0.8881984821823752
12	48	2.7900005839378528
12	49	-1.7976733229288484
12	50	-3.22661799949735
12	51	1.011613218351355
12	52	-0.8564814114995694
12	53	-3.2343513756200584
12	54	0.34311141326526945
12	55	-2.691384583839369
12	56	-4.268807553963165
12	57	0.4848826678739573
12	58	-0.7750344854927854
12	59	-2.4738756236214186
12	60	3.5897499848081917
12	61	0.668159401905877
12	62	-1.2551660972986436
12	63	-1.923568952507483
12	64	-1.463756790577092
12	65	-1.213424425559925
12	66	2.675714238644135
12	67	6.292918763029569
12	68	2.3971646184599438
12	69	-1.221109990772208
12	70	1.7778890539343308
13	13	NaN
13	14	-0.9594490747082983
13	15	3.1705159048299
13	16	0.4752120398782936
13	17	-3.527037671455946
13	18	1.0797498364460256
13	19	2.0971097317698044
13	20	2.4462888619795566
13	21	2.5968677903350015
13	22	3.0898531662588895
13	23	0.7271757192714268
13	24	-0.9008563120948034
13	25	0.12480418399116862
13	26	1.097196276240078
13	27	-0.6915588178406503
13	28	1.4661663664766704
13	29	1.254684140804543
13	30	-0.29103413670792716
13	31	1.661440857074388
13	32	2.513231394580621
13	33	-4.131212115748739
13	34	-1.374105530640775
13	35	-1.6324408713895202
13	36	-0.7456976525110016
13	37	-3.0396437202192437
13	38	-2.143356705108249
13	39	0.13928910813012893
13	40	-1.5583434922117507
13	41	32.58811714305711
13	42	-1.5806778832161243
13	43	0.7245232349512291
13	44	-2.8320226358444183
13	45	-2.5086960498531217
13	46	-0.2490383694623912
13	47	3.4014167030421105
13	48	1.9702497174785565
13	49	-0.9263005878043986
13	50	-0.8573512785712815
13	51	-0.23190926923433697
13	52	-5.3467701394113885
13	53	-1.8510480562756906
13	54	2.2321683218183592
13	55	-5.279836526324892
13	56	0.4541408248449055
13	57	-5.407357191952679
13	58	2.080956459863235
13	59	-0.30878366646969735
13	60	3.598113973984631
13	61	-0.5335782904380628
13	62	7.408979299198968
13	63	-3.0600374939829433
13	64	-2.8879206703792417
13	65	-3.120886159340556
13	66	-1.7355942639080268
13	67	-2.267225986240131
13	68	0.012432093763118204
13	69	1.650221155970159
13	70	-0.23355989600733734
14	14	NaN
14	15	2.3155866272896524
14	16	-0.15228285487233065
14	17	-3.2259116176808402
14	18	-2.5021635850085455
14	19	0.1080621295219201
14	20	-3.04989424376922
14	21	-1.4316591558685918
14	22	4.894546829045551
14	23	4.806163159779705
14	24	0.18895240311504832
14	25	1.2163648877829716
14	26	-0.2654821695964868
14	27	-1.3108233665777491
14	28	-0.6511966586117811
14	29	1.2826092495323287
14	30	-0.6766153223767022
14	31	-0.250949009382827
14	32	2.8238035835336075
14	33	-1.6188513903455166
14	34	2.6063324617178876
14	35	0.22875622351331323
14	36	1.8729201363176424
14	37	-1.8011489361634243
14	38	-1.737357950871672
14	39	-3.051568649593597
14	40	0.6466512962517779
14	41	1.597876056234186
14	42	-0.2512444340916332
14	43	2.2226669684792935
14	44	-0.8831392141348212
14	45	2.547670950672564
14	46	2.4753547639069016
14	47	2.4452702883314767
14	48	3.5589539883737515
14	49	-0.013365657755428775
14	50	-0.1621497439338705
14	51	2.293090253045335
14	52	-0.7934520961597926
14	53	-1.6588957712811798
14	54	-0.9261570167639436
14	55	4.380877048325993
14	56	2.6780635469057517
14	57	-1.7365539841252793
14	58	0.5839345581202314
14	59	1.4365245961551079
14	60	-2.0338620998725268
14	61	0.8863136853812535
14	62	-3.0733753813310325
14	63	-1.626890196814028
14	64	-1.749204012498339
14	65	-0.14836634259092485
14	66	0.9840440380044789
14	67	3.8906809112547234
14	68	-1.6639240769998878
14	69	-0.05663780689666846
14	70	3.2914262895642636
15	15	NaN
15	16	-1.896204437951352
15	17	-1.9181705702905127
15	18	0.45197707279231303
15	19	-2.247367697762235
15	20	-0.8035420405040077
15	21	1.208391985709457
15	22	-0.03039049175716315
15	23	2.544773389697602
15	24	2.8271880565513947
15	25	-0.28173799383643916
15	26	6.599395813702939
15	27	0.18961005923237487
15	28	-0.6729837245655798
15	29	3.8101635366233833
15	30	4.785226701143211
15	31	-2.8436405378890806
15	32	2.62629535095425
15	33	-0.9539374111877704
15	34	-2.9812867106256684
15	35	-2.4639741066939624
15	36	-1.2090772998536023
15	37	-2.255180533105577
15	38	-0.08184790072863875
15	39	-1.876033677816882
15	40	-0.6697508408477442
15	41	0.775650171602707
15	42	2.8785938575692387
15	43	0.6887065684268262
15	44	-1.423013411385067
15	45	-2.1214872303164993
15	46	1.2808819262409818
15	47	-0.5206598773328984
15	48	3.3855053330224516
15	49	-1.9575511245966974
15	50	0.42775022850559474
15	51	0.7027909573309017
15	52	-1.9797822500244433
15	53	-1.0825636560596754
15	54	-2.201182683528026
15	55	-1.6741449267800363
15	56	-0.8757649139344039
15	57	-3.4164799643500663
15	58	-2.5416283781104045
15	59	0.8720487477141783
15	60	-1.7737931346703562
15	61	1.599697163137476
15	62	2.2996390999774285
15	63	3.8102357265767415
15	64	-2.517115413755037
15	65	-0.355461273389424
15	66	0.8640519579440232
15	67	1.82760992642228
15	68	-1.511156100257386
15	69	0.0584355974717863
15	70	2.2396629519739455
16	16	NaN
16	17	-0.35441751218480166
16	18	1.4935040941349604
16	19	4.846184423760059
16	20	3.2087516420057165
16	21	1.408286837671071
16	22	1.858915278200966
16	23	0.5597857029152609
16	24	1.1538208179005003
16	25	0.5728130759861509
16	26	0.7786482415805932
16	27	-2.9151244136890018
16	28	-1.2966646272689997
16	29	4.118704453338016
16	30	2.1674519163306134
16	31	2.1504643471147555
16	32	0.8197025019212598
16	33	0.9494909915507983
16	34	1.0789536395265666
16	35	-1.507360259058241
16	36	2.502734954402022
16	37	-1.8400106425406424
16	38	-0.9407594848767565
16	39	-0.6732930983470012
16	40	-2.3335465412637326
16	41	-2.326528653678402
16	42	-2.881892493859399
16	43	-1.4586773607122037
16	44	-2.467013828228199
16	45	0.9943000892933131
16	46	-5.750632406757429
16	47	1.0988562967427093
16	48	-0.9185366087313067
16	49	-3.9410866930286366
16	50	1.9060242915832104
16	51	-0.8062246585566414
16	52	-1.57474065699312
16	53	5.470872636464117
16	54	-3.2899392657406334
16	55	-1.806839993794863
16	56	-1.9070216831127584
16	57	-0.7495111280149629
16	58	-1.0904227910104338
16	59	-0.1512947707061369
16	60	-0.4247297548248612
16	61	0.3934921560302051
16	62	1.5964899792627625
16	63	1.8626421327768115
16	64	-1.7670257717796913
16	65	-1.6363215334719439
16	66	0.0787938106481705
16	67	1.604301619191269
16	68	0.9907359752248501
16	69	8.264774751442696
16	70	1.649717349411675
17	17	NaN
17	18	-1.407137004458119
17	19	-4.233261063719437
17	20	-0.4602731465517921
17	21	1.1294428648535098
17	22	-1.8725404021198162
17	23	-1.4468085881477706
17	24	0.12133696421923315
17	25	-1.408451636229826
17	26	-3.228361357348054
17	27	0.6513475605770833
17	28	-2.6664547565449177
17	29	-3.2926447207111247
17	30	-3.664456914151934
17	31	1.532458515739756
17	32	-3.5043962135374165
17	33	-0.8284989806011229
17	34	-0.28958007880641184
17	35	4.038703943300048
17	36	-1.145941877631657
17	37	2.4871959408108206
17	38	2.5605456013240517
17	39	-1.9484419185037856
17	40	1.75990202436334
17	41	1.923216917810283
17	42	-2.798020912655623
17	43	0.26739615370506603
17	44	2.7007813394853777
17	45	-2.575852519666795
17	46	-0.3229709924161731
17	47	-3.41071751561396
17	48	-0.3565244365486689
17	49	1.4694011707083545
17	50	0.45373538565399874
17	51	-1.0671676158867618
17	52	3.627641601479242
17	53	3.6822471561677714
17	54	2.2520633224231803
17	55	-0.038195651472831896
17	56	4.181726616802356
17	57	2.799614744379573
17	58	-6.409126300133306
17	59	0.40190522149305746
17	60	-2.743279756312232
17	61	-1.2920331331749817
17	62	-3.708386309281949
17	63	-1.7330081549104337
17	64	2.9401343254989762
17	65	2.794776559269761
17	66	-1.7564785963077476
17	67	-2.083621286969516
17	68	-2.958235958592491
17	69	2.7690136837629016
17	70	-1.917323779115558
18	18	NaN
18	19	0.15449245437703116
18	20	3.1068708395426965
18	21	0.3907888165143118
18	22	4.700671240881504
18	23	1.3782264205096484
18	24	-2.2433114292774095
18	25	0.4331880342370509
18	26	1.4786950736146436
18	27	-2.2256383779594215
18	28	5.4268188442928755
18	29	-0.00820320475662243
18	30	0.4618376231875768
18	31	-1.3170525620664213
18	32	2.1856976599316273
18	33	-1.1587853303527322
18	34	1.0067226898607602
18	35	-0.9717840859613391
18	36	-1.800775347746774
18	37	-1.749880507425861
18	38	-2.491688472086889
18	39	2.35239567528623
18	40	1.4899522024616643
18	41	1.9766855772900171
18	42	-0.43641594319734395
18	43	1.5899200037507644
18	44	1.0003040192034394
18	45	0.163236780240314
18	46	-1.3661707030780093
18	47	-3.2707932503536274
18	48	3.961222490526148
18	49	-2.313768799993586
18	50	3.565891288520524
18	51	-0.034679377644025206
18	52	-0.7047859020561532
18	53	0.9114560465204791
18	54	-1.8078122520358828
18	55	-4.050957064481317
18	56	-2.114101508520858
18	57	-2.6660630256404216
18	58	1.1674966814349663
18	59	-1.8696624662923642
18	60	-0.08651462867718958
18	61	0.5437240484900315
18	62	-1.7340534350753123
18	63	-0.3696417025144847
18	64	-2.596946011718541
18	65	-0.9301714086722477
18	66	0.5335876870422939
18	67	1.309229760483352
18	68	2.0007911004900056
18	69	1.3353846378854108
18	70	-0.7922353870166773
19	19	NaN
19	20	0.1402109020647636
19	21	-1.2655977367119677
19	22	1.8090792053963225
19	23	-0.8788211605016889
19	24	-2.3804227989967917
19	25	1.7171633218697135
19	26	0.7392437566463619
19	27	0.2915127137545533
19	28	3.2568546632139705
19	29	-0.28587986497797263
19	30	0.7300041175533298
19	31	-0.8406440537044834
19	32	-2.927051120024789
19	33	0.26760011331140504
19	34	1.8329742533429292
19	35	-1.6759238367033673
19	36	1.681754707902651
19	37	-1.411087001142269
19	38	-3.140707676927751
19	39	3.3182047620315345
19	40	0.7126355373439976
19	41	1.7587920181744598
19	42	2.132507690232326
19	43	3.3992895804474004
19	44	0.6509554674098157
19	45	0.8593967285348885
19	46	0.7172691291300026
19	47	2.2701098292825606
19	48	-0.7750899197684471
19	49	-1.0445034336982568
19	50	0.17656277067422926
19	51	0.4046881846841273
19	52	-2.6338724668116615
19	53	-0.8011569842161229
19	54	-4.6790310179023145
19	55	0.08282063487922624
19	56	-1.9835237095632419
19	57	-0.022037268375065904
19	58	2.051503710083814
19	59	-0.6596248742484156
19	60	5.336832543277767
19	61	4.178518323988424
19	62	0.11616821366862512
19	63	1.740227516778651
19	64	-1.85990174179467
19	65	-3.8313315528228764
19	66	-1.9801157996863767
19	67	0.3621339609971231
19	68	1.8432437345657542
19	69	9.755607430107798
19	70	0.7206229301799603
20	20	NaN
20	21	-1.627980355147619
20	22	0.9336080178498436
20	23	-0.30400437993793045
20	24	1.609128671045347
20	25	-0.49228584530898273
20	26	1.7740144690581592
20	27	-1.3922486742681395
20	28	-3.3716279163705516
20	29	-2.5612116119603963
20	30	1.0988966708935393
20	31	0.22793869900411245
20	32	1.6296943316775598
20	33	0.574277585134792
20	34	-1.4840748926599203
20	35	4.842908226196004
20	36	0.04574413011565317
20	37	-1.212581087706907
20	38	1.777146763738462
20	39	-2.0455276832392255
20	40	-2.2559373867696806
20	41	3.0853594395639345
20	42	-2.0742654760484545
20	43	0.9368324741840104
20	44	-1.100405501090894
20	45	-0.3701363964709341
20	46	0.25820692860154565
20	47	-2.5493886727790898
20	48	2.091250572168509
20	49	-0.48446086411657147
20	50	-1.9042185972986272
20	51	-1.5722033918818512
20	52	0.9618366036889339
20	53	3.197412435982521
20	54	-2.7222393487754974
20	55	3.509617348454456
20	56	1.8932795509070148
20	57	2.5227173329480355
20	58	-0.9572120591032036
20	59	-1.9467655046436625
20	60	-4.580163047363006
20	61	-2.043727351207255
20	62	0.29531445100170867
20	63	0.41738763694332026
20	64	-0.7878605994002408
20	65	-1.2860841507325995
20	66	-0.7124820078497479
20	67	-3.460184599562733
20	68	-0.28260603186132943
20	69	2.615902475265789
20	70	-3.016710141696349
21	21	NaN
21	22	0.017840774706335046
21	23	-1.278337630126683
21	24	-1.2167153034918465
21	25	2.3972972747577876
21	26	1.509868198937469
21	27	-2.43803259791115
21	28	1.2606619938541166
21	29	2.349626348819256
21	30	0.7917568310315258
21	31	3.3082986782366235
21	32	3.1421002839191305
21	33	-2.352065535053848
21	34	1.2013155067968773
21	35	-0.11832313805500198
21	36	1.4082816084516818
21	37	6.683341042076666
21	38	2.5349957470307705
21	39	0.12900739100085015
21	40	-2.994447231606654
21	41	2.0393085887599307
21	42	-2.5870547997967557
21	43	-3.2876131249939955
21	44	-1.4643057903584829
21	45	1.440496813825707
21	46	-1.7403738597140221
21	47	1.111842927259341
21	48	1.3850807729459471
21	49	-1.2051174692933595
21	50	0.6627317597126484
21	51	0.6176364382652989
21	52	-0.31518046931781096
21	53	-0.6510826383675715
21	54	-2.9434755117850773
21	55	-2.026501258132092
21	56	0.4055745332745186
21	57	0.5077858984674509
21	58	0.6279595429525957
21	59	0.9049897581454437
21	60	4.398251862516195
21	61	-0.5960989510137811
21	62	1.5718522102356007
21	63	0.012115108780933496
21	64	-1.6209922140114559
21	65	-1.281169142194933
21	66	-1.9709933450004977
21	67	-0.3639162924641205
21	68	1.1816409675121655
21	69	-0.24448618472826278
21	70	-2.695690674591363
22	22	NaN
22	23	0.5522195686207318
22	24	0.5445304027556425
22	25	-1.739383902286715
22	26	4.254432963684747
22	27	-1.7544051142048247
22	28	2.2707972870331568
22	29	4.5832630952707705
22	30	4.971721215094976
22	31	-1.8030264768102575
22	32	0.27473158895555044
22	33	-0.9063018346037065
22	34	-1.036891011917231
22	35	-2.6496718856084827
22	36	-0.13423717567376584
22	37	-3.0918713688781003
22	38	0.6097299464453921
22	39	0.06026647005602319
22	40	-0.6348980920002523
22	41	0.21982914715387128
22	42	-3.9430251826099134
22	43	-0.7012305523821052
22	44	-1.3611474612068253
22	45	-0.13755358685893382
22	46	0.7333995849355874
22	47	-0.15073748257477862
22	48	2.2849847488046975
22	49	-0.3534138686962923
22	50	3.4479919839902826
22	51	2.155379135610884
22	52	-1.3126956951936926
22	53	-1.5870917731863856
22	54	-2.1180022284395323
22	55	-1.3470482931575307
22	56	-0.564584361141338
22	57	-1.2591919634744646
22	58	-0.34077673479843723
22	59	-1.2918272240890327
22	60	1.5554397230564923
22	61	-2.050584191703393
22	62	3.8859349582665415
22	63	4.260140956558118
22	64	-2.9470748851009185
22	65	-5.970332964338383
22	66	0.005137927464100395
22	67	-0.7977826691788672
22	68	-1.154781100338987
22	69	-3.619704057066728
22	70	2.349649052836925
23	23	NaN
23	24	-2.8455931356144903
23	25	2.5714524946047437
23	26	-0.5733399032794269
23	27	7.087428722835107
23	28	2.83488117654116
23	29	-0.43765902381488325
23	30	1.1075197706254742
23	31	-2.469530396813954
23	32	-2.1933886645766543
23	33	-3.505743857671308
23	34	-1.1966659812865628
23	35	-1.943375824989878
23	36	0.5080203803567762
23	37	2.201753606211266
23	38	-1.6453898697126395
23	39	-1.7556610345982802
23	40	-1.4370248158563825
23	41	-0.0075724216652397515
23	42	0.1544349373090306
23	43	-1.22505627709414
23	44	1.4687478150848303
23	45	-3.3282364274025995
23	46	1.1785363592872087
23	47	6.531642761815034
23	48	4.445676686392183
23	49	-0.8950683238884001
23	50	1.1219746371535364
23	51	0.46617667220994546
23	52	-2.113262586480817
23	53	0.36107354466014124
23	54	-1.1223321767568442
23	55	-3.8972619310914838
23	56	-0.7789968502292518
23	57	-3.3733553587893916
23	58	0.01901758414368118
23	59	-1.2183415606555272
23	60	-0.6042807800909786
23	61	-1.0158187784840886
23	62	-1.8448681844823913
23	63	1.1091185605844724
23	64	-1.0820700703910513
23	65	-0.7966717011146702
23	66	1.4230438596332013
23	67	-0.7152316333666721
23	68	-1.5990653668086596
23	69	0.35393441025784494
23	70	3.1492434311023096
24	24	NaN
24	25	-0.9776468879547614
24	26	-1.2220604269658422
24	27	1.6282482505706168
24	28	0.5062534192684309
24	29	-0.45003882308586657
24	30	1.412213622890503
24	31	2.440651731151806
24	32	0.10828614029829098
24	33	0.5956078812415853
24	34	-4.7333911002441145
24	35	-2.8081647588645144
24	36	1.254584443959308
24	37	-0.15389715360741166
24	38	-0.5698189808474954
24	39	-1.047460980329783
24	40	-0.5596999772018605
24	41	1.3871929824115394
24	42	-0.44855041026685005
24	43	-5.336061782929555
24	44	-0.5480619862182379
24	45	-2.6734925210119354
24	46	1.0039637119528615
24	47	-4.524819391520606
24	48	-0.3940057478391569
24	49	1.4309062548307045
24	50	-3.150446183348301
24	51	-0.16105379448252855
24	52	2.8917517867637335
24	53	0.3316143864965037
24	54	1.0080435094680658
24	55	-0.5960837809399155
24	56	1.1986426985146397
24	57	0.40635222852501524
24	58	-1.4632595380561957
24	59	-1.3381290837502458
24	60	-1.2579412382261095
24	61	-3.2219026781452853
24	62	-2.7840824049261497
24	63	1.013456246632329
24	64	0.7127707110812701
24	65	3.4308889700251073
24	66	0.8635278687108672
24	67	-1.5766275616083107
24	68	-0.26929489004016693
24	69	1.6339590463979876
24	70	0.6108605365204598
25	25	NaN
25	26	2.6823364857670895
25	27	-1.1787865098749775
25	28	-1.413998945415569
25	29	3.283155978966225
25	30	-2.0778177011836716
25	31	1.23574196668235
25	32	0.2432809989334599
25	33	0.4846046714993411
25	34	0.6681484831060396
25	35	-0.5080328285716255
25	36	-0.3427694017257592
25	37	-0.27849947238936434
25	38	-3.5492831377132226
25	39	-1.2178217341757185
25	40	-0.47878401580458674
25	41	2.7402129464998293
25	42	1.4279543698102237
25	43	5.448960480782235
25	44	0.4948211052783154
25	45	2.4447559975087936
25	46	3.380650445304692
25	47	1.4754956010033031
25	48	-1.2986029064521782
25	49	-2.0850212391373604
25	50	0.2153886081366563
25	51	0.5897504436241823
25	52	-3.8044633350742445
25	53	-0.6098449078473246
25	54	-0.3793618802233144
25	55	-1.7716188321419852
25	56	-1.8986107196037427
25	57	1.7414556846661737
25	58	-1.722007099041582
25	59	-1.665869437493226
25	60	1.7950322260864855
25	61	1.0553046600672398
25	62	4.339216418977978
25	63	-1.9622209388457772
25	64	-0.597779694363495
25	65	-2.4609594446247316
25	66	0.5532977881677601
25	67	3.0499168541910717
25	68	-0.7489462474064635
25	69	-0.002884995283998868
25	70	2.0277023858173497
26	26	NaN
26	27	-2.6769332355006434
26	28	2.3300332892134517
26	29	1.2738028519263902
26	30	-1.1687136725949356
26	31	0.41090156549956675
26	32	2.5508739987164346
26	33	1.0534107738453873
26	34	-2.2960584830056763
26	35	-0.9650132234839099
26	36	-0.3972071687732576
26	37	0.47587991810397684
26	38	-2.165819322666816
26	39	-0.9828496070099116
26	40	-1.0476843823268354
26	41	1.2469461243157225
26	42	2.0451503446686607
26	43	-0.6531523318760303
26	44	-1.6740398005048636
26	45	2.0514500804666906
26	46	5.073173299840637
26	47	0.8913262409276279
26	48	4.856397416822839
26	49	-4.14351700567686
26	50	1.4551449672782926
26	51	-3.0793363514373913
26	52	-1.0513741336153366
26	53	-3.028008334557906
26	54	-1.8688373752551555
26	55	1.7006839619990792
26	56	1.3536457009632334
26	57	-1.466297931657919
26	58	6.8590380482557585
26	59	-2.1151747523544526
26	60	0.25103948994866104
26	61	2.548680050910991
26	62	-0.5105880008125996
26	63	5.057045289288042
26	64	-3.764786582761645
26	65	0.26219125951754113
26	66	-0.21588423039226978
26	67	2.283025548162262
26	68	2.8340846160048194
26	69	-1.8773394706030604
26	70	2.708742975469845
27	27	NaN
27	28	-1.6397992935819996
27	29	-3.69289475334282
27	30	0.5484220864138669
27	31	4.46990918998362
27	32	-1.060372851223974
27	33	0.6988145468199103
27	34	-0.6104778470042341
27	35	1.3587634484720508
27	36	-0.09772520976265113
27	37	2.3788797395842765
27	38	4.235905092435591
27	39	2.427685506982466
27	40	2.5620748277834404
27	41	-0.25899958358163755
27	42	-1.2718848024563716
27	43	0.8196443497445504
27	44	0.12912066193493144
27	45	-2.5778425146066493
27	46	-2.7516754828988708
27	47	-1.3725594849631795
27	48	-2.9985501609572793
27	49	1.2136397168203932
27	50	-0.952471857518337
27	51	-3.318270160773881
27	52	1.5536131604575167
27	53	-0.6692763708251541
27	54	1.8123797665111208
27	55	2.2351512442252206
27	56	0.8646361579367641
27	57	0.604089440910162
27	58	-2.5097463085886993
27	59	-1.2134918959076901
27	60	-3.1627661501352025
27	61	-0.3656171311549685
27	62	-2.4200777899409274
27	63	-1.0873707427783788
27	64	2.3275218586242947
27	65	2.252488166596608
27	66	0.6180912196391196
27	67	-0.7368284036296152
27	68	-3.6578577890821067
27	69	2.6514648866814703
27	70	-0.6822900250297599
28	28	NaN
28	29	1.8559393691677346
28	30	3.875647070314819
28	31	1.92627603076675
28	32	2.2682121229006764
28	33	-0.7622673842263851
28	34	-2.281886726913227
28	35	-3.888591341358188
28	36	1.8347200166377202
28	37	-0.8727109633623771
28	38	-1.176716622114415
28	39	-1.1681459041781503
28	40	-0.6044446422589428
28	41	-2.028494395347395
28	42	0.6045616147270864
28	43	2.7245668208576945
28	44	-2.3818575385528398
28	45	0.554528385539873
28	46	-2.190091117574048
28	47	4.378932333961202
28	48	1.9372320940228565
28	49	-1.9561421222254463
28	50	-1.178067596399314
28	51	0.8290277315320422
28	52	-1.1130659774021374
28	53	-0.2941762782144856
28	54	-3.2377564384322213
28	55	-2.7325732228327544
28	56	-1.67370596416163
28	57	-2.278725184597806
28	58	0.8783404659162921
28	59	0.0727519674163266
28	60	3.1751002168458506
28	61	1.8533402969586545
28	62	-2.2844589943879576
28	63	-1.8762156159787537
28	64	-0.6734098022001668
28	65	-2.3534895112816208
28	66	3.956861744614819
28	67	0.7553982682232868
28	68	2.19450014851171
28	69	-1.9512044004242737
28	70	3.731303075594306
29	29	NaN
29	30	1.7120868336354969
29	31	-3.058740989760524
29	32	3.06042845719381
29	33	-1.106585662712118
29	34	4.001950411163683
29	35	0.13468431724650265
29	36	2.5956348176066513
29	37	-2.4231329542914772
29	38	-1.0314630393076174
29	39	1.799515713916698
29	40	0.40886314244207117
29	41	1.2070328075635797
29	42	4.162312807396644
29	43	-1.0283563346860125
29	44	-0.8317630879569015
29	45	0.32191474163100225
29	46	4.197345511896806
29	47	0.7229794142849122
29	48	0.3974156276888611
29	49	-0.1797615646027676
29	50	1.0030981398061254
29	51	3.0624028345969796
29	52	-3.244565885605982
29	53	-2.7821725826245345
29	54	-2.4628773611554093
29	55	-1.5853762935365014
29	56	-3.4506404200198495
29	57	-5.729940346593659
29	58	1.2705272260008076
29	59	-1.1164366777790167
29	60	3.983261115396671
29	61	1.9776767215763178
29	62	5.604587764803981
29	63	2.0328767619428776
29	64	-2.383534660961247
29	65	2.4064011249804684
29	66	-1.2145290125532124
29	67	-1.2754968411307173
29	68	2.4937108696709336
29	69	-0.8835442079107005
29	70	-2.6588355358615954
30	30	NaN
30	31	1.253715561805603
30	32	-1.4729430598322735
30	33	1.3219988647277623
30	34	0.4111404582849642
30	35	-0.42834263320670524
30	36	-0.3188753276031782
30	37	-0.7687395770195737
30	38	1.2071893757435856
30	39	1.006749739209171
30	40	-2.545786655248283
30	41	-3.0713605380879345
30	42	1.466553695837962
30	43	1.4559860386152397
30	44	-2.2836036552040357
30	45	-0.8831196836816909
30	46	0.8023328596562023
30	47	5.318680689600227
30	48	-0.9090156506591157
30	49	-4.514272377705237
30	50	0.45083484684812863
30	51	0.394091885476374
30	52	2.177372379419177
30	53	-2.074042262319047
30	54	-0.14570940487494288
30	55	0.35919245659029947
30	56	-1.3582038983389095
30	57	0.3252756464802326
30	58	-0.7575565455572546
30	59	-0.5902834582287299
30	60	2.0549981243314592
30	61	1.8642268424726964
30	62	0.31953824404542397
30	63	-0.100688927520071
30	64	-2.3407243673496323
30	65	-1.6436611333240858
30	66	0.9367457981754379
30	67	2.2435954260674267
30	68	-2.5802636612733085
30	69	-0.5598726581654745
30	70	-1.6909818006564494
31	31	NaN
31	32	-2.802581375218493
31	33	-1.508065745155129
31	34	0.23050363151731001
31	35	1.4350636851855683
31	36	-1.5093955183018442
31	37	1.3624288048201179
31	38	-1.0300095970884877
31	39	0.6857714822315811
31	40	-0.7430990090838656
31	41	-1.070332085242478
31	42	-2.6490886463304397
31	43	-1.250590167391454
31	44	1.0115822465232303
31	45	-2.9613474690932344
31	46	-4.944507629692977
31	47	-2.0724669949452856
31	48	-4.00191761744071
31	49	1.863578449051875
31	50	0.8042888142194669
31	51	0.8505763878880546
31	52	0.3593600938516673
31	53	1.1809830234802985
31	54	2.1664856545029214
31	55	0.5892021055006416
31	56	2.115888159051886
31	57	0.7204831060870555
31	58	-3.2333478095232957
31	59	0.5287387979994999
31	60	-0.26416779545750146
31	61	1.0831617455973974
31	62	-0.4905696622867453
31	63	0.3945218803341441
31	64	0.32997795482329534
31	65	1.8497293773727363
31	66	0.19083799548310498
31	67	-3.077132443122872
31	68	-1.7381583492225794
31	69	-2.323306947345327
31	70	0.7920763217260223
32	32	NaN
32	33	2.499211463026215
32	34	-1.7376044602746592
32	35	-1.2199209708061285
32	36	-0.8622369554297455
32	37	1.117646108402446
32	38	-0.6328239542889003
32	39	0.09454080429940118
32	40	1.5161231537557285
32	41	0.8973372234947794
32	42	2.407877394252841
32	43	2.3106560274683132
32	44	-0.4185594013845365
32	45	3.675716591513016
32	46	3.8100971589462502
32	47	-0.4124724820668681
32	48	-0.6468239068069876
32	49	-2.870594932540336
32	50	2.839632833040594
32	51	-2.153528632802182
32	52	-1.8878304463834885
32	53	-0.49454097389019064
32	54	-0.3154306491936131
32	55	-0.1565439083826356
32	56	-4.686681770354283
32	57	-0.5429910814152766
32	58	-1.5407991629100937
32	59	-1.1493905302060448
32	60	-0.8697021892767298
32	61	1.0536343172113924
32	62	0.5712310832023015
32	63	-0.33340461465966614
32	64	-2.172481771458141
32	65	-0.4375132522321914
32	66	-0.3938301853031015
32	67	3.377883053948543
32	68	-0.09126410674378993
32	69	-2.1777077077758484
32	70	1.4354926411169215
33	33	NaN
33	34	2.0280840774859867
33	35	1.7583050360768677
33	36	0.09805582143970012
33	37	-0.6601226589931163
33	38	0.18899112664071677
33	39	-0.8350628489133701
33	40	-0.06856092470749542
33	41	0.9394320042931381
33	42	0.09585437348084248
33	43	-0.7238585925246557
33	44	-0.9139835541167252
33	45	1.9927207720518845
33	46	1.5178022986989013
33	47	-4.208925053262429
33	48	1.7291710949498682
33	49	-0.12049183888296927
33	50	0.668336685922743
33	51	0.6004893584373712
33	52	0.5380049090693189
33	53	-2.3592867580664434
33	54	1.9252726936454345
33	55	-0.6721006075672583
33	56	0.34720634593473654
33	57	2.22743256183503
33	58	-0.46402130317535595
33	59	-0.5351381886433496
33	60	0.40604668143558553
33	61	0.19918211763490945
33	62	-0.855420487663128
33	63	-1.50236811495354
33	64	-0.33406123627242934
33	65	0.9560889523073639
33	66	-1.5604361227491435
33	67	-1.6167403755330387
33	68	0.45751712239603415
33	69	-1.8121535653958236
33	70	-0.4284872890301128
34	34	NaN
34	35	-1.0628416170996775
34	36	-0.3793687974585651
34	37	-1.3113900787729948
34	38	-2.0923252370265617
34	39	-4.102260566964364
34	40	0.46069404381390977
34	41	-0.870875983871125
34	42	-2.1239420179008506
34	43	-1.9140403572007658
34	44	-2.441327782142736
34	45	-0.24705716285316617
34	46	3.9634876619333546
34	47	2.654938688907343
34	48	-0.7633761957594183
34	49	-3.413868932907644
34	50	0.758677709205697
34	51	-0.8922742819715833
34	52	-1.5969894704603138
34	53	-3.120550523664975
34	54	-0.6777499496752374
34	55	-2.2753700632511005
34	56	-0.7403642758109154
34	57	-5.39867380293404
34	58	-0.48439551048950436
34	59	-4.427053402836377
34	60	1.492724282004421
34	61	0.7283201117812104
34	62	-1.527812537789255
34	63	0.9150869438089508
34	64	-2.1954558269437436
34	65	-1.8562666791312714
34	66	0.8791679990037093
34	67	1.1830007123383905
34	68	-0.9508885573348613
34	69	1.7598798020165187
34	70	-1.899877341439305
35	35	NaN
35	36	0.03962263368029157
35	37	0.516534514958373
35	38	1.4310160972123256
35	39	-1.0030699336108422
35	40	1.1785042774333854
35	41	-0.16960836579019128
35	42	-0.9642541881007612
35	43	0.39952438164489973
35	44	-1.9210150691110615
35	45	0.8185530837222468
35	46	1.6217563155297994
35	47	4.026651958443835
35	48	-2.876080031971052
35	49	4.043195278451797
35	50	-3.780011527485662
35	51	-3.527341677746922
35	52	2.761459722411914
35	53	0.053699524780901134
35	54	2.6596920108146875
35	55	4.3709757404963865
35	56	1.5387157633718025
35	57	2.5389880704533687
35	58	-2.2360797765684337
35	59	2.115791584451551
35	60	-0.8987434243512502
35	61	-1.0596013911807445
35	62	0.3469521623780053
35	63	1.235447609340113
35	64	0.8087479456282284
35	65	2.052084596267607
35	66	1.2269661357003865
35	67	-2.284333566920988
35	68	-4.338468430309486
35	69	2.12102957322479
35	70	-3.283394573300413
36	36	NaN
36	37	0.10590076614515456
36	38	-0.25174009489587745
36	39	-0.8776217990414023
36	40	-1.9319091467653802
36	41	0.000711397305794933
36	42	2.05081930422193
36	43	-3.72339632448414
36	44	-0.2309577093036408
36	45	-3.965978315379823
36	46	-3.0372491585304875
36	47	-2.2180235475799157
36	48	0.2858102798136967
36	49	-0.05899489973550095
36	50	0.33200081083656985
36	51	0.6402490610944277
36	52	-1.3391270741382848
36	53	0.13187764352866987
36	54	-0.756017194751847
36	55	-2.6132722887207294
36	56	-0.0659326770694806
36	57	0.8505929736516923
36	58	-1.9405880582438042
36	59	-1.8375313150178867
36	60	-1.0982872978612512
36	61	-0.8943154303271452
36	62	-4.153304444587519
36	63	-1.5984384062415833
36	64	-0.4817734876482942
36	65	-0.6405494725578411
36	66	0.39705355440679724
36	67	1.661476200219933
36	68	1.643604607351624
36	69	-2.5111054033554585
36	70	1.0058402571183866
37	37	NaN
37	38	1.665489905104486
37	39	-0.6618676767680587
37	40	1.5387976346814534
37	41	-0.41717156416088974
37	42	-2.558787338541878
37	43	0.24881642963545983
37	44	2.138494443985969
37	45	-1.1419339809127305
37	46	-3.460422090166137
37	47	0.5195086781491598
37	48	-2.8250242276981505
37	49	1.8710539529364207
37	50	0.2243313022458285
37	51	-1.5033918247740286
37	52	3.6050874880078294
37	53	0.1968939236797925
37	54	0.653175332028161
37	55	-1.8107672665258654
37	56	1.0907441992338855
37	57	0.004822632391034458
37	58	-1.65881729707337
37	59	1.739100513636011
37	60	-0.924389270306446
37	61	-0.13592268999623697
37	62	-2.3691815285147264
37	63	-2.335723425801807
37	64	1.9154735088980617
37	65	1.6673399332913283
37	66	-2.1126482969591716
37	67	1.3950457323694418
37	68	-2.2570855970501196
37	69	-0.7627547718616541
37	70	-1.2813116140971514
38	38	NaN
38	39	4.013854591019828
38	40	2.1978076248976937
38	41	-2.9899663868830664
38	42	0.4986772946554245
38	43	5.627644419689692
38	44	0.3057309917642251
38	45	0.44594313037442845
38	46	-0.9766451524992135
38	47	-1.7758042912955072
38	48	-0.8610713495703648
38	49	1.9110943336343913
38	50	-1.6674067280551568
38	51	-1.099450251569708
38	52	0.6915458877393982
38	53	0.8686739220778328
38	54	1.353660362285382
38	55	1.0919868445138592
38	56	2.5308299406127177
38	57	2.995153850444846
38	58	-3.9541657701970063
38	59	0.9496103979308357
38	60	-0.9250020859321715
38	61	-1.1874784370106595
38	62	-3.579720814222338
38	63	-1.9504346015301923
38	64	1.9165685671179702
38	65	1.7644696615691746
38	66	-2.9961764207297596
38	67	-1.3882694106900706
38	68	-2.8565758044547747
38	69	1.6032042176697223
38	70	-2.844811305030783
39	39	NaN
39	40	-0.7448862357871104
39	41	-1.0491951314338237
39	42	3.5424196653284055
39	43	0.3730349968378616
39	44	-1.3427466728827726
39	45	1.4143164579646055
39	46	-1.8887782119294112
39	47	2.4763190006864693
39	48	-0.6589165427254814
39	49	-1.5201231545609428
39	50	-0.58517208385965
39	51	-1.0369909532126445
39	52	-2.0222161325161037
39	53	-0.07917535759218991
39	54	-2.4613631286663624
39	55	0.15680137341570222
39	56	-2.8237353597328108
39	57	-2.0184578389707237
39	58	0.3736015219265381
39	59	0.8736738473863788
39	60	0.3185312410230164
39	61	0.5329282658450782
39	62	-1.1502380067490339
39	63	2.835917898102048
39	64	-0.4767412134098594
39	65	-1.2848430195804077
39	66	1.254397075109119
39	67	1.6463081286073131
39	68	1.7563209191475022
39	69	1.8895051828923086
39	70	1.4071195984089804
40	40	NaN
40	41	-0.9025485619184129
40	42	0.22779896353941143
40	43	-0.7555465716120511
40	44	2.4421824193368495
40	45	0.04202197720711683
40	46	-0.48842265034738147
40	47	-0.9419817289047062
40	48	-2.444989359589193
40	49	4.357712292267283
40	50	1.0324511778832095
40	51	1.5725689066168937
40	52	1.6719267364487884
40	53	0.11032365420999284
40	54	0.14819509935937217
40	55	-1.8877396681859788
40	56	1.895729934237875
40	57	0.9077425882584667
40	58	-0.9886657917908329
40	59	-1.584544388342039
40	60	-2.238581826699241
40	61	-0.26281246442033274
40	62	-1.4279280739816635
40	63	-2.8754623632131286
40	64	1.0195935368686522
40	65	-0.6264907005684633
40	66	-0.053606229890592244
40	67	-1.0378336113714481
40	68	-2.368247759238541
40	69	-1.3333026752658979
40	70	-0.9576941060971341
41	41	NaN
41	42	3.6335186959293395
41	43	-1.5199775274788678
41	44	-1.296117978286284
41	45	-4.12480820513554
41	46	-0.3849534055222532
41	47	4.221115690325747
41	48	-4.42127226866997
41	49	-1.017328024289897
41	50	1.755196986079258
41	51	4.816989491543078
41	52	-1.5642816043165342
41	53	-2.1977754638424423
41	54	-4.215500671834159
41	55	-2.196298233200924
41	56	-2.7136676552716334
41	57	-1.4423799890687308
41	58	-4.125572003375502
41	59	-0.25193141442137074
41	60	-3.744448947887211
41	61	1.9444741724536843
41	62	-0.1224834818018983
41	63	0.2066079613100865
41	64	-3.4558202058434273
41	65	-1.4398939779725475
41	66	-0.1639924616696837
41	67	-0.2549254534826956
41	68	2.366534579485863
41	69	-0.3578499212182757
41	70	2.240288286579268
42	42	NaN
42	43	4.686669729994161
42	44	0.7632238382281928
42	45	-0.8034602044968688
42	46	4.021226333114419
42	47	-0.8131957378115279
42	48	1.3636302908761042
42	49	-1.1664163507477496
42	50	1.6611921362573068
42	51	-0.9091992455909025
42	52	1.578942885298472
42	53	-2.8651636503151097
42	54	-0.45353748868477267
42	55	0.5211847085734281
42	56	0.19774003855621655
42	57	-1.4614226768414873
42	58	0.35767020347216916
42	59	0.8837605594683149
42	60	0.37226482422214324
42	61	-0.9121856991251581
42	62	-3.6193102653471154
42	63	0.8719718028975955
42	64	-0.26617788972433293
42	65	0.614815336766787
42	66	3.096934379564916
42	67	2.307021720467248
42	68	2.8947723608377043
42	69	1.4918795593604577
42	70	4.48069780410596
43	43	NaN
43	44	0.6524046520671313
43	45	-0.7720145092356957
43	46	2.0865205860201357
43	47	0.8213860951139911
43	48	2.1031119248856998
43	49	-0.806747695756945
43	50	-3.278584688131847
43	51	2.5051214416960095
43	52	0.1453394131446129
43	53	-1.3761345006171681
43	54	1.3774855579361913
43	55	1.6101242173133017
43	56	-2.4575983978907256
43	57	-1.6653717699690977
43	58	-1.0714522212720314
43	59	-0.7476148821220562
43	60	1.3217106831020264
43	61	-0.006688688141772719
43	62	2.8202899303321436
43	63	0.280629461483159
43	64	-0.6846517188003269
43	65	-1.9805686881940805
43	66	-0.7982009576103838
43	67	-0.4442062895435445
43	68	0.8173733067671367
43	69	-1.2527618126391393
43	70	2.301246771826227
44	44	NaN
44	45	1.9540673657603422
44	46	-1.555819885523446
44	47	-1.7422144566853255
44	48	0.3557772380752369
44	49	2.212698644636232
44	50	-0.02242131534165518
44	51	1.5650091435888338
44	52	-0.6860359885146203
44	53	0.8053931504411759
44	54	2.6385979091354073
44	55	-1.753123398349239
44	56	0.6916567917784511
44	57	1.1346692013998794
44	58	0.6727560387834994
44	59	2.7739367077968766
44	60	0.5332455487187947
44	61	0.7278032011710572
44	62	-1.9969109537424112
44	63	-0.3222455316823596
44	64	0.1440764579741162
44	65	-0.5160733667057201
44	66	-0.522384850893796
44	67	-1.5094142741248404
44	68	-1.7775057450542473
44	69	0.2179411057109419
44	70	0.8457576837088816
45	45	NaN
45	46	3.4299035224360916
45	47	3.65691317840826
45	48	1.4751293590937937
45	49	-0.9698179333348955
45	50	1.4061722599543036
45	51	-0.3896503876204263
45	52	0.13105503198198004
45	53	-1.9822439259641786
45	54	-2.217932974190911
45	55	5.833102899961981
45	56	-0.7138007333033862
45	57	0.21757561964961705
45	58	2.0837895845486774
45	59	2.1746472368313223
45	60	3.7085482536125087
45	61	4.286946466680886
45	62	2.0087180366413686
45	63	3.1676065311342843
45	64	-1.8173723656120504
45	65	-2.1729315363231145
45	66	-1.5170629574724683
45	67	-2.324530284793418
45	68	0.7060774466349174
45	69	2.2756378879193746
45	70	1.1851236158674643
46	46	NaN
46	47	1.1302781769291381
46	48	3.441458413880218
46	49	-1.2166262725880546
46	50	2.241564591377485
46	51	-0.48185633376096026
46	52	-1.9787433718183594
46	53	-1.5926224220354475
46	54	-0.6871014263271316
46	55	1.4622391937882198
46	56	-2.055531269411079
46	57	-0.14272206478449267
46	58	-1.425476670360489
46	59	-1.0214563695702963
46	60	2.5901324358768183
46	61	-0.20966664986615213
46	62	3.4393007433627663
46	63	0.5434331128243168
46	64	-3.3225180651300383
46	65	0.6763327243799758
46	66	-2.8326044162367867
46	67	4.1446597045618265
46	68	0.6394079057116557
46	69	-1.4629202979562435
46	70	3.809041687171303
47	47	NaN
47	48	4.389589500275136
47	49	0.42400286123851566
47	50	0.08610827989818165
47	51	1.7514506685602222
47	52	-3.001438563733371
47	53	-4.520357533490213
47	54	-1.379231107697763
47	55	0.2770117390021155
47	56	-0.3598098012254682
47	57	-2.2656331239828162
47	58	4.361109927944334
47	59	-0.598135341451264
47	60	1.660129228972212
47	61	0.6462783730168848
47	62	3.516784754187306
47	63	3.0324536484953075
47	64	-3.604023284045875
47	65	-1.307777899196181
47	66	2.3758540231313043
47	67	-1.7100227828614174
47	68	3.5206581638239323
47	69	-2.774989627518567
47	70	1.467716085602747
48	48	NaN
48	49	-2.388837881279388
48	50	-2.1298158470852933
48	51	-0.39441052152260236
48	52	-0.7888784598869267
48	53	-2.8900998336486823
48	54	0.2160554747265857
48	55	-3.0772553143774717
48	56	0.19415237274672537
48	57	-1.7513074076407569
48	58	4.676819235608846
48	59	-2.2531518046672065
48	60	0.6627302138235289
48	61	0.20214133189765965
48	62	0.3646379015144854
48	63	-1.0481196980423881
48	64	-2.622661715329706
48	65	0.685723206366477
48	66	2.8606377514531482
48	67	1.3479040721646982
48	68	1.378037110414432
48	69	-2.9111551178624135
48	70	0.27139389831407973
49	49	NaN
49	50	-2.238457867009203
49	51	-2.24927748588831
49	52	2.3705122012768047
49	53	1.5553172624383387
49	54	7.098581516751396
49	55	3.721254864877934
49	56	6.174093895931884
49	57	2.980385509752398
49	58	1.9259591092941217
49	59	0.17052292348792664
49	60	-2.262571042658144
49	61	-2.344817156991548
49	62	-0.9586399770217965
49	63	-0.297128354316424
49	64	2.8605904550509136
49	65	2.3292435280758097
49	66	-0.7288942218983243
49	67	-3.0932226460776047
49	68	-1.8598284201032846
49	69	-0.466563665963146
49	70	-3.7467220630027485
50	50	NaN
50	51	5.312144613879638
50	52	-1.3832046453964788
50	53	-1.8954002033753266
50	54	-0.2302130547553257
50	55	0.10738225588581195
50	56	-1.5573143505486506
50	57	-0.6580040490716044
50	58	1.6591756424429709
50	59	0.9618475694559643
50	60	2.093900926451195
50	61	-1.3401198398543819
50	62	-1.5481759085075029
50	63	0.8958868100312778
50	64	-0.6093252028549223
50	65	-1.233473684285013
50	66	-1.3478346191022994
50	67	0.46164372068912884
50	68	1.0312040509541733
50	69	1.5978244967026887
50	70	0.2575080745284567
51	51	NaN
51	52	-0.8236693406473529
51	53	-0.5674627315035797
51	54	-1.6217802935048726
51	55	1.3124699822784123
51	56	-3.3978557726145184
51	57	-4.098009842478324
51	58	1.8845518204047227
51	59	1.0560216248835415
51	60	2.7603681656526433
51	61	1.2380326227230565
51	62	1.5402955699825047
51	63	1.2033463553114288
51	64	-1.5047420618746026
51	65	-2.7224990598084573
51	66	-0.8281560193583806
51	67	-1.1824601153153382
51	68	1.4689678683484835
51	69	-0.3976776532539612
51	70	2.0662745485903034
52	52	NaN
52	53	0.4436977209691492
52	54	0.7959806194284426
52	55	0.8306710197385289
52	56	0.5667986809691883
52	57	1.6960818162971156
52	58	-4.141821723371844
52	59	1.1587954337410724
52	60	2.5703274450761766
52	61	-1.588723447003314
52	62	-1.7151095676551962
52	63	-0.030410850436301054
52	64	2.735368710281687
52	65	1.2688072212200083
52	66	-0.629623805025815
52	67	-0.30225325729568037
52	68	-0.17633080446219251
52	69	1.729922372162175
52	70	-2.654144147424508
53	53	NaN
53	54	-2.524508297753706
53	55	1.8043377540224637
53	56	1.260834497387004
53	57	3.121196902028227
53	58	-7.075793826713585
53	59	0.22147160324239565
53	60	-1.8492879740833932
53	61	-2.147035159641638
53	62	0.7764187870160951
53	63	-2.7446983610719604
53	64	3.8353713630334663
53	65	1.8045068482547557
53	66	-2.217187004921316
53	67	-2.9050849385619304
53	68	32.69730609645543
53	69	0.20684921890061694
53	70	-1.3745927503866222
54	54	NaN
54	55	0.08269008076238822
54	56	0.18698509898876575
54	57	1.2505106863382802
54	58	-3.3737503571305307
54	59	0.13653949069558285
54	60	-0.7716814733563915
54	61	-0.7690767116219887
54	62	-3.448513094665253
54	63	1.1057467152219334
54	64	1.6722077509796702
54	65	8.029386587035429
54	66	-1.388980491532489
54	67	11.396555026538424
54	68	-1.8498512094814106
54	69	-1.126100016268789
54	70	-0.09534717490187894
55	55	NaN
55	56	2.129366877661078
55	57	7.482571990976997
55	58	-2.55891476527336
55	59	-0.2993866206121389
55	60	-0.4529687893042806
55	61	-1.8321991508153495
55	62	-0.19364674991634173
55	63	2.0532232375297332
55	64	1.5142528259777566
55	65	1.1615698022324055
55	66	4.229818883260562
55	67	-2.001882107153191
55	68	-0.27911943154059826
55	69	-1.9337539963582389
55	70	-0.6718771670692295
56	56	NaN
56	57	2.8884434071996608
56	58	-2.189002272900548
56	59	-0.21335090152852357
56	60	-1.4362627936165626
56	61	-0.7163063551287573
56	62	-1.2672480830633237
56	63	0.14752021913919758
56	64	3.0653351211693685
56	65	2.0474313072599104
56	66	-0.19122724128618288
56	67	-1.3896904052471775
56	68	-0.7123685082270315
56	69	0.2596531900837286
56	70	-2.087448617715346
57	57	NaN
57	58	1.10569115965906
57	59	0.4551801616889565
57	60	-1.5208441177120555
57	61	-1.3280217531700402
57	62	4.00173202805143
57	63	2.162275434685062
57	64	3.000327616322625
57	65	3.0349052991420256
57	66	-1.4196263710983341
57	67	-5.961545506834736
57	68	0.7738231590921052
57	69	0.09021507739790505
57	70	-1.7165479151503171
58	58	NaN
58	59	2.059486809841246
58	60	-0.15116347552384196
58	61	1.3655878425635808
58	62	40.7012616650329
58	63	10.872251427738199
58	64	-2.8657044103528726
58	65	-4.34074364938775
58	66	-0.8115638201000485
58	67	-1.8053902312401184
58	68	-0.462168696246373
58	69	-3.2789491418073045
58	70	-0.26230436700935617
59	59	NaN
59	60	1.8474367740501925
59	61	0.8548356012309507
59	62	-2.188970697655308
59	63	-3.14002373914831
59	64	17.96539844885965
59	65	2.0829264719142233
59	66	-3.146133549376852
59	67	2.2228807303317586
59	68	-1.1654236570544243
59	69	-0.4731830364473406
59	70	-0.15343986449087987
60	60	NaN
60	61	2.4666356557873614
60	62	-0.4818702515784787
60	63	0.7402245209710296
60	64	-2.0966707652044247
60	65	-2.4875365741103783
60	66	1.682263302858698
60	67	-0.29728998773524873
60	68	1.6929569369272899
60	69	-4.290535450888751
60	70	-0.5924497349219537
61	61	NaN
61	62	-0.7013144652358263
61	63	1.2298191238254235
61	64	-0.6700400668215116
61	65	-1.1862465475665787
61	66	0.9714831182930013
61	67	0.14990317915217877
61	68	-2.777495916441264
61	69	-1.7666270863336562
61	70	-1.0015543970052156
62	62	NaN
62	63	0.7381830092080602
62	64	-2.992819560291481
62	65	-3.05715863064103
62	66	0.4945236985885214
62	67	-2.5905148313082003
62	68	0.5678240843126371
62	69	-1.7454227069779475
62	70	-2.057437421427456
63	63	NaN
63	64	-3.413507601378556
63	65	-1.4566344824240822
63	66	-0.3175574899540539
63	67	2.723570218143441
63	68	-2.1537274597311793
63	69	-0.2792928054206455
63	70	-0.8469740364582505
64	64	NaN
64	65	3.2680371249834
64	66	-0.7236997104599532
64	67	-0.7291094764420568
64	68	-2.548788386673806
64	69	0.681814001188365
64	70	-0.9189650527387389
65	65	NaN
65	66	-0.7613633117699482
65	67	-1.1971210549868319
65	68	-2.329115868557933
65	69	3.103941883493124
65	70	-2.1804832456085514
66	66	NaN
66	67	1.6859007886066504
66	68	-0.2602330862115538
66	69	-0.6264578858398155
66	70	2.3789928533371136
67	67	NaN
67	68	2.0719228258636266
67	69	0.9708898991632376
67	70	-0.015116442473361287
68	68	NaN
68	69	-0.3550587111283299
68	70	1.3845560230399996
69	69	NaN
69	70	-1.1643816618102427
70	70	NaN
