1	1	NaN
1	2	-1.75662349609533
1	3	5.627003100020458
1	4	-4.381581065442794
1	5	1.9617151940443642
1	6	0.8358871391678336
1	7	-1.910680787256573
1	8	-2.171252106164079
1	9	-3.063128875839177
1	10	-2.1104461149442098
1	11	-1.398696948134828
1	12	-0.43100000345460737
1	13	-0.47970590098539795
1	14	1.8038334819404953
1	15	0.9787874094083904
1	16	-1.8510872677131869
1	17	-0.37502827548799605
1	18	-0.532370906804945
1	19	-0.10240349984407168
1	20	0.5828816263537022
1	21	0.1836260988430592
1	22	1.9122398604094009
1	23	-0.521122021822354
1	24	-1.128292390969356
1	25	-1.6382680726764145
1	26	2.254980684366653
1	27	-1.6768349274606038
1	28	-1.1784296299914736
1	29	-4.626226182503015
1	30	2.369519210290275
1	31	-3.070367407839174
1	32	0.8822863416714897
1	33	-0.14397477280650994
1	34	-2.7646849403960054
1	35	-0.1424440150534689
1	36	-0.9084680980569024
1	37	-0.7074599992511731
1	38	-1.5930882015681538
1	39	-1.6798793085326842
1	40	-2.871088786402941
1	41	-1.509163482795051
1	42	1.7142000569108844
1	43	-0.7686948677165604
1	44	-1.1432373045677278
1	45	0.5000640466348227
1	46	2.401132852436458
1	47	-2.5418114564768763
1	48	-1.8198147448178124
1	49	-1.2780220796980326
1	50	1.53387774317564
1	51	0.3669431031347217
1	52	-2.521773027112029
1	53	-0.7425829966739531
1	54	-1.2994220581971123
1	55	-1.6994866615434239
1	56	-0.1214298116284289
1	57	-2.2816318348897404
1	58	34.61650872942121
1	59	-1.562751634352647
1	60	-1.4500673835344076
1	61	0.8015655369288629
1	62	1.428536159523948
1	63	0.636052618684404
1	64	2.8919832094116344
1	65	2.65154666998906
1	66	-0.9873699477493262
1	67	2.6431007759282688
1	68	-1.260928032377238
1	69	2.30768316276728
2	2	NaN
2	3	1.7844674810736103
2	4	-2.05619560504617
2	5	-1.3298170719647278
2	6	2.1841870175056957
2	7	-1.4989472949455078
2	8	-1.3929770340864522
2	9	1.3842276804760016
2	10	0.7970651105532998
2	11	2.8466896887590063
2	12	1.7243866504932748
2	13	2.6222247245972725
2	14	0.6803848170780031
2	15	-2.1032046041744623
2	16	0.40499506506208
2	17	0.47130205863908825
2	18	0.8926842559816758
2	19	1.2413747805810096
2	20	-2.9793492113136057
2	21	-0.482140166168986
2	22	2.6113975119053245
2	23	-0.8662859240030778
2	24	-2.479807202593027
2	25	1.0066343914984428
2	26	4.469433912558791
2	27	-2.3563385352746047
2	28	-0.862641180960465
2	29	-3.689854585686941
2	30	-0.0933743123685735
2	31	-1.8379884879146342
2	32	-0.07245764181547178
2	33	1.3486772428576645
2	34	-0.7510131389490833
2	35	0.061535116594662785
2	36	0.6678269963522891
2	37	-2.7826988192487088
2	38	-1.515820290319453
2	39	2.587265150131314
2	40	-1.9477253697988934
2	41	0.6721895768560179
2	42	-0.33924435814936027
2	43	0.6583465471199755
2	44	-3.6026942364333086
2	45	3.7112551842923467
2	46	-1.0924893717059387
2	47	-0.2138649964707753
2	48	0.4355060503757991
2	49	-1.507159917833894
2	50	2.611406520815257
2	51	1.079919874973168
2	52	-3.9959305881530818
2	53	-0.7243304593019171
2	54	3.93350782310743
2	55	-2.1130946653643883
2	56	-2.8230352497496565
2	57	1.2230793339092365
2	58	-2.56810795873195
2	59	-0.22294685782628174
2	60	10.906336625606455
2	61	0.9636295249438257
2	62	1.231074259356374
2	63	3.87467589791852
2	64	-0.7782511304885216
2	65	-0.77341425050962
2	66	0.20318061604248283
2	67	4.594196811510104
2	68	-3.0492931885992594
2	69	-3.1499842671663663
3	3	NaN
3	4	1.1093021607097922
3	5	2.517373602874788
3	6	-3.762131987871098
3	7	-0.28130832610369944
3	8	-1.6447524511490912
3	9	-1.3113285275101598
3	10	-3.820803539787013
3	11	-1.6484564085016102
3	12	4.164613245955496
3	13	-0.5348839922482483
3	14	-1.7706777338857207
3	15	-1.5450009756807495
3	16	0.5328840148974735
3	17	-3.8107368124796843
3	18	-1.4813410909596145
3	19	1.2354483790992496
3	20	-1.861871004684382
3	21	-1.997207570543807
3	22	2.907417602398195
3	23	2.285001994490465
3	24	-1.0526781262250955
3	25	2.3321352868634513
3	26	0.2938218663050773
3	27	1.860699183875
3	28	0.6132339570020423
3	29	1.6467376515441985
3	30	0.39249434456356613
3	31	3.8495986075287583
3	32	0.0067804268692075835
3	33	1.6493685741645512
3	34	0.08479922920847212
3	35	0.7965905180105499
3	36	2.4075076155986914
3	37	-1.9833688300653245
3	38	-0.5655760588868064
3	39	0.09360548952623474
3	40	-2.5927621817832978
3	41	0.10738717772008714
3	42	0.18302581363358614
3	43	-1.140889906276433
3	44	-2.0694642269470322
3	45	-0.8023379504200275
3	46	0.9114688537095773
3	47	-0.8952511857651314
3	48	0.0675984086857304
3	49	-0.5250923719976114
3	50	-2.0684629596543886
3	51	-1.0650360621382549
3	52	0.8626043048590777
3	53	-1.6573081118749244
3	54	1.250693035727019
3	55	-1.9782969471125038
3	56	0.0373223133314954
3	57	-1.766456438903763
3	58	-3.100648741781635
3	59	-0.44211061537677293
3	60	-1.2336566867303742
3	61	4.051968222140454
3	62	-0.056126874210646494
3	63	-1.2609147677852697
3	64	1.8237713481010178
3	65	4.393900679662767
3	66	-0.5262905942493632
3	67	-1.6254728799869482
3	68	-0.8989784487940047
3	69	3.2074678962568326
4	4	NaN
4	5	0.3006222404777433
4	6	-2.4982330755750297
4	7	-0.6419287202815971
4	8	-1.7894727483177701
4	9	-1.931363269033592
4	10	-1.4757838367367255
4	11	0.3714904417753278
4	12	-0.5510476812950841
4	13	-1.018869806932292
4	14	-0.3845879743598324
4	15	2.5350283847416
4	16	-3.532650442263125
4	17	-2.2703215908571224
4	18	-1.957132248140151
4	19	0.042319441294658
4	20	-1.4449431103444765
4	21	-1.2129538225331233
4	22	1.5538611017448922
4	23	0.02160908921953505
4	24	-1.599102499834788
4	25	0.6778070541029151
4	26	-1.5546804829248237
4	27	-1.5185433177073648
4	28	-0.5056371128381034
4	29	-0.46905596184580367
4	30	-0.6880414577901799
4	31	-0.3872174688038625
4	32	-4.156113116021692
4	33	19.309743678024542
4	34	-3.1821486689109024
4	35	-1.0861361034816768
4	36	-0.4870241743840849
4	37	-1.017339976173366
4	38	-2.1867165445020103
4	39	-1.7629188640287423
4	40	-2.68868442706778
4	41	0.14977135680200884
4	42	0.14721647010670297
4	43	1.0629571049563717
4	44	0.5568890086971672
4	45	-0.15172319427827566
4	46	0.5109549724853671
4	47	-0.946771122061173
4	48	1.3782514033851758
4	49	-1.0208217731790399
4	50	-1.024414906123071
4	51	-0.8480361818013517
4	52	0.23574925926805668
4	53	-3.0049457338815486
4	54	-0.842509897915577
4	55	0.47728486588480445
4	56	0.11316107147340622
4	57	-0.8573931040307358
4	58	0.04509886812709023
4	59	13.05665570690196
4	60	15.69742659230845
4	61	1.1646484602026974
4	62	1.997401885965284
4	63	-5.813276346656156
4	64	0.8192215289630899
4	65	3.2827726659294036
4	66	0.5558033304949516
4	67	-0.7492024679009471
4	68	-0.18785726343723036
4	69	0.03708442612699451
5	5	NaN
5	6	0.6546712909093957
5	7	-0.7602638254036138
5	8	-3.8658367205412487
5	9	-3.2986109534565604
5	10	0.7607733803183756
5	11	2.394370387733749
5	12	-1.4956594706182877
5	13	-3.1140860324647908
5	14	-3.1500005630775205
5	15	0.27763266675061543
5	16	3.459530157818611
5	17	-3.046166706339628
5	18	-2.92710018713964
5	19	0.35700515744775146
5	20	-2.184637123230537
5	21	0.16129974717380988
5	22	4.530417976756102
5	23	-1.2098303533483634
5	24	-1.5162164807060612
5	25	4.916718248160131
5	26	-2.1996862655712217
5	27	-1.9558273112458815
5	28	1.6507150802769204
5	29	1.047872570110595
5	30	3.719509461557396
5	31	2.121473570185488
5	32	5.264117240000478
5	33	-0.47406241193089466
5	34	3.050770895106971
5	35	0.015482605317515385
5	36	1.872187198923515
5	37	-2.960564876505194
5	38	-1.6544444524013298
5	39	2.3662117689996722
5	40	-3.2875442830115422
5	41	-0.5896772102863574
5	42	-0.5166683931283453
5	43	3.570837748270539
5	44	-3.168136832329259
5	45	-2.0491242143597703
5	46	0.9533511167478335
5	47	-2.1086963136795087
5	48	1.0261535855343566
5	49	-0.006158029949023695
5	50	4.768917520462338
5	51	3.5327845069172668
5	52	-2.7393667898603677
5	53	-0.5388275649933837
5	54	0.8228318798331458
5	55	-3.4077758250110577
5	56	-2.150827766235094
5	57	-2.2166286795271803
5	58	-0.17014189009783043
5	59	1.989989212393752
5	60	0.9114955100440517
5	61	1.84491946392452
5	62	1.0924326462535596
5	63	0.3303189927648042
5	64	3.242758237173668
5	65	2.37908626057785
5	66	3.337819536441776
5	67	0.3426022049240133
5	68	-2.7372418979519213
5	69	-2.0361063943775477
6	6	NaN
6	7	4.57919384574284
6	8	3.2804307658423464
6	9	3.057497765339852
6	10	3.2307685979979484
6	11	-1.445588760316462
6	12	0.6381714350039769
6	13	-3.501553166648017
6	14	-2.145392748136113
6	15	-1.698392241599659
6	16	-0.5713844492589145
6	17	2.1326402357140135
6	18	-1.4750039854276367
6	19	-3.5507786299052446
6	20	0.9175324706794803
6	21	1.314572401538363
6	22	-0.45258018530646227
6	23	-4.289411785929818
6	24	4.7195076839982875
6	25	-3.274051033750959
6	26	0.5749024155302529
6	27	1.6778417577902616
6	28	0.14538301593146014
6	29	-0.4197401153552128
6	30	-0.43182049349918894
6	31	-0.45231013164019096
6	32	-2.0070096765912817
6	33	-1.4125539209055142
6	34	0.5954833048303515
6	35	3.7553510612087697
6	36	-3.6298062278973884
6	37	2.354908628584803
6	38	4.225919429128178
6	39	-3.1640502667260617
6	40	1.678458202112707
6	41	-1.29203475755544
6	42	-3.3065962892234033
6	43	0.5789517868061008
6	44	1.605687759758574
6	45	-3.642387722604623
6	46	-3.543064978965967
6	47	1.7822788841816206
6	48	-0.6175108324789865
6	49	0.8031252815931315
6	50	0.662559013534319
6	51	0.410901085213129
6	52	2.0896655841595577
6	53	0.8248670719697812
6	54	1.4862046710466392
6	55	0.9631764084214745
6	56	2.2938449466165873
6	57	0.4365958104264652
6	58	0.49863405553183526
6	59	-1.920982583593551
6	60	-0.5338943137797353
6	61	0.027615456837975137
6	62	1.7558155083364884
6	63	0.8006752517402517
6	64	-3.587332271461612
6	65	-1.5232415038950382
6	66	3.7794468255553566
6	67	-2.790614285404623
6	68	-2.15494140156046
6	69	-1.1612402090509633
7	7	NaN
7	8	1.8762970091078994
7	9	3.171794222697627
7	10	0.8515043711677556
7	11	-2.1316727328549105
7	12	-1.31114952466674
7	13	-0.648535447259485
7	14	-0.602820604687937
7	15	-2.757650922376399
7	16	-2.3428022329355525
7	17	4.129954391050291
7	18	-3.4696613660793263
7	19	-1.5026987798407132
7	20	1.3836846525934945
7	21	0.9652838231546389
7	22	-0.04654490359336221
7	23	-3.2641215035502764
7	24	6.60436821433466
7	25	-0.37962960381706096
7	26	-0.6137672916554145
7	27	2.7849348270676435
7	28	-1.123621566299565
7	29	-0.8493042888112072
7	30	-2.3577220055689665
7	31	-0.12451005847048903
7	32	0.25268548747827896
7	33	0.2837087475016765
7	34	-1.3658306181042743
7	35	1.5129618950387103
7	36	4.842663282616644
7	37	2.8697892584614086
7	38	4.409859716576791
7	39	-1.5936894346773482
7	40	1.3194226207330926
7	41	-1.3169981856401258
7	42	-3.6086908174649808
7	43	-3.6751584169691367
7	44	2.039025348857474
7	45	-2.5680796362773384
7	46	-1.5289448736475242
7	47	1.706108550508657
7	48	-4.351450090601976
7	49	2.359783596886989
7	50	-0.16167388460061566
7	51	-1.144477555059514
7	52	2.686299182583656
7	53	1.2590337762178425
7	54	-0.20069694193037688
7	55	3.8902501331295984
7	56	3.0447345236957037
7	57	0.24901868086717924
7	58	0.09050441045526485
7	59	-2.1461831020845428
7	60	-3.2769674464025793
7	61	-0.17011908545156754
7	62	-0.38362415568275104
7	63	-2.7306322202976743
7	64	-0.4963575969696642
7	65	-1.4076192408678037
7	66	0.27222442014383
7	67	-3.4931669814752353
7	68	-1.537741374828099
7	69	1.0585553821556732
8	8	NaN
8	9	4.857903889140832
8	10	2.550485929746857
8	11	-0.9859327895898721
8	12	-2.0957672371271627
8	13	0.4808832872909681
8	14	-0.860590906787181
8	15	0.11742656094754687
8	16	-1.6509410878121988
8	17	1.6892905527233855
8	18	-3.285406541683502
8	19	-1.5789668823776686
8	20	3.087075937172623
8	21	0.5983484073420186
8	22	-0.3163597134979849
8	23	-1.6394942789381302
8	24	2.7531276515236405
8	25	-2.261388395184271
8	26	-0.49054202317720297
8	27	-1.9501112971020962
8	28	1.5315301488590685
8	29	-3.2114083124915425
8	30	0.25491993156427856
8	31	-1.7044534204803388
8	32	-5.25415764266412
8	33	-2.0792699174383107
8	34	1.9144816582035513
8	35	3.253633033145594
8	36	-1.0538411141258721
8	37	3.402952567162774
8	38	2.906009064418313
8	39	1.5318228009158081
8	40	2.019442036799779
8	41	-0.1141026418257788
8	42	-4.4055311351376965
8	43	1.073085359017654
8	44	1.8420968657940253
8	45	-0.14106364394549156
8	46	-3.3757778919146912
8	47	3.697559497397653
8	48	-4.3437080410308635
8	49	3.2832052958064892
8	50	-0.9294538257849356
8	51	0.8079518043044835
8	52	2.821855098433319
8	53	-0.07193278503381331
8	54	-0.36529212339388883
8	55	6.717868642288788
8	56	3.218344699528274
8	57	1.4813932165518553
8	58	-2.5288583977438224
8	59	-1.532227666710648
8	60	-2.856680526975942
8	61	0.8149252552923082
8	62	-1.550453394598508
8	63	-1.0300233748158338
8	64	-2.083574544128662
8	65	0.05434179534376059
8	66	-2.2303597080300475
8	67	-1.5460277872103239
8	68	-0.33605018476576853
8	69	1.13973534920333
9	9	NaN
9	10	4.2731459838513475
9	11	0.7450339990330174
9	12	-1.3513148348683874
9	13	0.7329984530355865
9	14	-2.8616156011976446
9	15	-1.780838636352254
9	16	-2.3784511943722197
9	17	2.4187538686743535
9	18	-2.5291274903768577
9	19	-1.9166088600588194
9	20	1.9934286153989142
9	21	0.7892661229234523
9	22	-1.8597142190105205
9	23	-1.1943506304733402
9	24	2.310970437872197
9	25	-3.7886238695645766
9	26	0.012154163234230542
9	27	0.5726050489540505
9	28	-2.7983313257734412
9	29	-1.678468222699095
9	30	-1.098791976640188
9	31	-2.5664915970855104
9	32	-4.645957730403795
9	33	1.2707215310028388
9	34	-2.0625148381089575
9	35	2.722237540917968
9	36	1.9346122211034151
9	37	4.351694578007448
9	38	2.1072949178009117
9	39	-2.076392309969021
9	40	9.833955330961421
9	41	-0.5849484788769531
9	42	2.1960556925513597
9	43	-1.2320710230059049
9	44	12.444112307824806
9	45	-2.2036686630916593
9	46	-1.511901489330907
9	47	0.4681107481099714
9	48	-3.9980708642106784
9	49	1.5166809013296616
9	50	-0.8981206061128639
9	51	-4.100985221306214
9	52	1.8334734157095183
9	53	2.8997373901842938
9	54	-3.40918381667589
9	55	2.860115385477589
9	56	2.5904930241142674
9	57	0.7115746200504149
9	58	-2.8239391040137063
9	59	-0.43570535947432704
9	60	-3.683511607755352
9	61	-2.354866675426816
9	62	-2.219948798676936
9	63	0.9418641831808416
9	64	-2.603539598967882
9	65	-0.06187549422300224
9	66	-1.783929096617204
9	67	1.0574655743813923
9	68	-2.428527961994587
9	69	-1.4241587989800908
10	10	NaN
10	11	0.9941181384330586
10	12	0.5731534547304024
10	13	-1.1883484582863928
10	14	-1.6815974315635411
10	15	0.393247680480736
10	16	-0.3274027238100009
10	17	14.669620039606274
10	18	-2.5490632473489256
10	19	-3.489294926769863
10	20	0.6957020814264177
10	21	1.6713039828268066
10	22	0.5323766109195738
10	23	-3.027761850686034
10	24	1.9262256914459603
10	25	-0.35544084012574834
10	26	-3.5351804000485503
10	27	0.7029141073009447
10	28	-2.679629035408009
10	29	-0.5082407971567098
10	30	-1.1326759291573392
10	31	-1.4970394258610629
10	32	-1.3803662238366436
10	33	-1.838295838633586
10	34	-3.9607175452651253
10	35	3.205842524025842
10	36	-1.977132502259083
10	37	2.529755416173545
10	38	2.0976767787752926
10	39	0.42979448124829495
10	40	4.623803122396183
10	41	-1.66025703568738
10	42	-2.7122306476262374
10	43	-1.5663520581864143
10	44	0.8701416904995175
10	45	-1.9412773613276293
10	46	-0.5330673085668217
10	47	1.2920083481705762
10	48	-0.888674281400417
10	49	3.357582797221533
10	50	-2.5419761951950113
10	51	-2.1028890349231246
10	52	2.517355576028293
10	53	1.2073901667801732
10	54	-1.004717574296401
10	55	4.003150708018672
10	56	2.9812144104285405
10	57	0.7030873014409056
10	58	-3.386542915755191
10	59	1.533624508091922
10	60	-4.227074020863067
10	61	-1.6530199348604668
10	62	-1.3129500628055617
10	63	4.001172099002722
10	64	-2.6155464150267664
10	65	-1.1548446291852505
10	66	-2.872060678097417
10	67	0.4367117432320516
10	68	-1.312836196497916
10	69	-1.0362179816959138
11	11	NaN
11	12	-0.5139579435425069
11	13	2.2308910838414175
11	14	0.49166505845689346
11	15	2.130499287012797
11	16	1.290615880221258
11	17	-1.733691407417205
11	18	-1.8970475269325748
11	19	-1.7625823782140861
11	20	-4.033530401317241
11	21	-0.2740997471366498
11	22	0.03214083741385298
11	23	-0.6715679203981777
11	24	-0.48229779350666924
11	25	5.3669062454114025
11	26	1.9887719055253776
11	27	-0.8412934177051146
11	28	-1.1502385652155434
11	29	-2.14911617252263
11	30	1.234911763485995
11	31	0.3327987761589457
11	32	3.8392167441793927
11	33	0.03445584528653318
11	34	1.3717970038998115
11	35	-0.6331180306888029
11	36	3.4873399074529328
11	37	-0.133022926354004
11	38	-1.5872399697887518
11	39	-0.3433134054346832
11	40	-3.48113673672521
11	41	11.044822381144966
11	42	-0.6276817217876092
11	43	0.43041984916009507
11	44	-3.790615448349151
11	45	-1.294957885263462
11	46	-0.1265166566826882
11	47	-0.4369305574795008
11	48	0.7711559844781117
11	49	-3.6184145651632016
11	50	-0.8263337811156687
11	51	-2.8341856933248013
11	52	-2.1972017442850302
11	53	0.17016610512225025
11	54	0.5724609245043453
11	55	-0.08282685118812554
11	56	-3.423526706081962
11	57	-2.184243171326751
11	58	-2.5057453041025437
11	59	4.155436576875743
11	60	2.0895911729281904
11	61	1.710863142716122
11	62	0.8995009386501506
11	63	1.0476810651494968
11	64	1.467341126413807
11	65	0.5472310992960288
11	66	-3.0196949564081517
11	67	1.0721868234486605
11	68	1.822335766899797
11	69	3.3761156378734363
12	12	NaN
12	13	0.4039276778764049
12	14	-0.9876717419931441
12	15	3.7203488120840915
12	16	-0.9691934562871493
12	17	-0.8366327232732301
12	18	1.8843523811233345
12	19	-1.402861814635423
12	20	-2.128920349123828
12	21	-1.5733259278165435
12	22	-1.4848111772117332
12	23	2.396284456576095
12	24	-0.780286544202188
12	25	-3.336538252355046
12	26	-3.6160819816293746
12	27	-1.554926664560148
12	28	0.7580012098426795
12	29	0.3974625055340285
12	30	0.3566297536260164
12	31	-0.8936370847791687
12	32	0.9331474858369905
12	33	-1.562592565695407
12	34	-1.2944023270731104
12	35	-3.1314259358506895
12	36	2.478699103960505
12	37	-3.435769634396466
12	38	-1.0568497156684813
12	39	32.55655753203916
12	40	-1.3791440511269362
12	41	6.890552893735823
12	42	0.7291813527792184
12	43	-0.8101213850254719
12	44	-1.8082836819939014
12	45	1.3597060859323962
12	46	1.3238591700996465
12	47	2.051943261088838
12	48	0.7520650313388529
12	49	-3.375525638471361
12	50	-0.36973245601818366
12	51	-0.5710332780663236
12	52	-1.7541465262653766
12	53	-3.630964503795015
12	54	-1.3905023954880047
12	55	-1.5549481789588075
12	56	-2.4621661299854596
12	57	-1.3814421126817324
12	58	3.6136494954674587
12	59	-4.133059830056283
12	60	-1.4381255807506546
12	61	0.4939091147422037
12	62	-0.7413180290550013
12	63	0.9886441394328799
12	64	-1.2787427364447315
12	65	-0.6098831115450812
12	66	-3.1611944956807867
12	67	-0.5078797719100144
12	68	2.026810691344538
12	69	-0.3287501712731104
13	13	NaN
13	14	0.9130478552269473
13	15	-1.0384372534144546
13	16	-2.843437276697097
13	17	-1.6473018663440762
13	18	-2.484188632178867
13	19	1.2823964084384396
13	20	-1.4095907964970258
13	21	-0.700740886253873
13	22	0.7948618483155836
13	23	2.984299310869528
13	24	0.11888364598204372
13	25	-2.9018058255662362
13	26	-0.7770469142659902
13	27	-0.7498568149604835
13	28	-0.019057830588687413
13	29	-1.7828906967394238
13	30	1.6661299480840486
13	31	3.0907713263282344
13	32	0.97283525736468
13	33	1.7483229610164073
13	34	3.0952474807549937
13	35	-0.8843689867231281
13	36	-1.786403990388363
13	37	-0.8419278077081075
13	38	0.09555352852517343
13	39	-1.1543182567941985
13	40	-3.553438162535688
13	41	2.9326666803578085
13	42	1.5228940202671073
13	43	1.8155111840348774
13	44	-3.699985324022627
13	45	1.4614327234621733
13	46	3.004287951731245
13	47	-1.9415108289886163
13	48	-0.6891153801717864
13	49	-2.0949266753859
13	50	0.4597303674421867
13	51	-2.6042864013911755
13	52	1.7613205771978075
13	53	2.787432574621099
13	54	-5.419039805614967
13	55	-0.8850207672046061
13	56	-1.0571906819921737
13	57	-0.6403406149851099
13	58	3.9819801327764446
13	59	4.69548793525637
13	60	-2.0887056486240665
13	61	3.6329242766170173
13	62	-0.3817615361024649
13	63	1.163134916096609
13	64	1.728930712418311
13	65	-1.9785553121611568
13	66	0.9389172567520291
13	67	4.554053641369965
13	68	-1.2310736128288753
13	69	2.1601541995790745
14	14	NaN
14	15	-0.020684660603891174
14	16	3.580430606008728
14	17	0.31281390232520967
14	18	-0.358870059136935
14	19	0.05745800067260887
14	20	-1.5315018081452636
14	21	-3.2804161612681235
14	22	1.5697793663136388
14	23	-0.2522190817791908
14	24	0.11139457392823479
14	25	-0.8217645657249888
14	26	0.5022109545803685
14	27	-0.913566891427081
14	28	-1.2692094712972277
14	29	-0.05616430521890325
14	30	-3.574945664485391
14	31	-0.22478295955394267
14	32	0.7902430808040428
14	33	-2.8597498974459334
14	34	-1.7187091395980927
14	35	-3.9434445013876323
14	36	0.412080198042065
14	37	0.1450342635088323
14	38	1.4855052418776569
14	39	-0.7174277192188637
14	40	-1.1481623967519803
14	41	0.4889525314307773
14	42	-1.3731777295859169
14	43	-1.0273647516686488
14	44	-1.2630208549357806
14	45	2.6960842746006977
14	46	3.9017410639354355
14	47	-0.9109741625199026
14	48	1.5780163631767692
14	49	0.7045055571410959
14	50	-1.4994892653045313
14	51	2.4682198077336
14	52	2.842294410088384
14	53	16.971728898607356
14	54	0.2415357766033706
14	55	-1.3861796826498887
14	56	-0.9012364482857352
14	57	0.0891592098439022
14	58	-0.8304692012093362
14	59	-0.009758623145392335
14	60	0.4171325131503381
14	61	1.2718921228781535
14	62	-0.25826202490237565
14	63	0.860437019353423
14	64	-3.998801362943214
14	65	-3.249055647459812
14	66	1.6753316892945858
14	67	1.8250850140324937
14	68	1.739518627894069
14	69	1.7333007661334603
15	15	NaN
15	16	-0.08395886006408795
15	17	0.17834832595946443
15	18	-0.4211889385083052
15	19	26.24618943459449
15	20	-3.241188228732711
15	21	3.5736664188417597
15	22	0.17942698471657192
15	23	3.6692726040355677
15	24	-2.0308528715163696
15	25	0.1004854081176768
15	26	-0.7538843477347257
15	27	1.387579619442717
15	28	2.266829175145628
15	29	0.8814247628519074
15	30	-0.7723700313374978
15	31	3.5796294973463376
15	32	0.1519730354953436
15	33	-1.352030423056245
15	34	-0.5546928357286218
15	35	-2.4634390887111888
15	36	-1.8048012661110577
15	37	-1.7023190558427335
15	38	-3.684799645077588
15	39	-2.952726804590739
15	40	-2.123533694010851
15	41	-1.8774903364335849
15	42	-0.14674331416684125
15	43	1.5507446480845992
15	44	-1.4627766968637888
15	45	-2.1055546001597736
15	46	-0.22310882145502792
15	47	-3.8481099691817944
15	48	0.20507067892303807
15	49	-1.4066615404545
15	50	-0.3605457179599105
15	51	3.787813124301803
15	52	-1.356446844792539
15	53	-3.2187454665478534
15	54	-0.8526533151204102
15	55	-1.2050354933957135
15	56	-3.6709508233124275
15	57	-3.1810909612449354
15	58	-0.5938007626750755
15	59	1.405502313406424
15	60	2.0621610301593547
15	61	1.8890023023809335
15	62	-0.48168643572056835
15	63	-1.4838433291459177
15	64	1.465197224379198
15	65	-2.0062038356577223
15	66	1.0075378961186774
15	67	3.323405223916194
15	68	0.11312826938108003
15	69	-1.6687193397389626
16	16	NaN
16	17	-2.779373825337686
16	18	1.48799774824968
16	19	-1.1554007577301757
16	20	0.06754465042228062
16	21	0.19543932442410622
16	22	3.2983042251926005
16	23	-1.702040246211153
16	24	-1.1016961559398029
16	25	-0.5403497207531223
16	26	-0.8296540569246112
16	27	1.3373760613683563
16	28	-1.0471571031692377
16	29	-1.566946436676473
16	30	3.0629956847270488
16	31	0.19670248828353742
16	32	2.361236591813802
16	33	-2.1179674456533593
16	34	-2.9791153357297624
16	35	-0.5723129252740782
16	36	-0.23920859170220204
16	37	-1.0722997340819764
16	38	-1.897874547926189
16	39	2.9368716720940493
16	40	-3.4637046692353577
16	41	-1.9559826296721903
16	42	1.236786019893889
16	43	-1.5598396056303196
16	44	-2.047821964986437
16	45	1.6556979122198314
16	46	2.734734726484181
16	47	3.0636563188902
16	48	-0.31277605358456556
16	49	0.6855207512087399
16	50	2.017382852861094
16	51	3.2125010461150514
16	52	-2.080268337208111
16	53	7.38756124872227
16	54	5.461664667405102
16	55	-1.8080950736037698
16	56	-4.134205412581286
16	57	-1.6718860968404992
16	58	-0.7019390232782203
16	59	1.6644242522710304
16	60	1.0089012768932695
16	61	0.9545715562563519
16	62	-0.014535612641162932
16	63	-1.4362863878488
16	64	3.7007058010611384
16	65	0.3977226626805219
16	66	0.9655834723603514
16	67	-0.17453734977744423
16	68	1.548564829099088
16	69	3.5075181781236426
17	17	NaN
17	18	-0.2141962233263926
17	19	-0.2940720583290235
17	20	2.1451472399499028
17	21	0.6934670213292982
17	22	-3.067933820972276
17	23	-1.2222376162439135
17	24	3.5492383071978932
17	25	-1.8295563886868458
17	26	-3.257287498854212
17	27	2.309666359189975
17	28	-0.943254445823304
17	29	0.41305071164416446
17	30	-3.017834356832995
17	31	-1.8892636255377673
17	32	-1.8435259197892298
17	33	-1.3946535230707824
17	34	-0.5476477677318158
17	35	1.269616699148032
17	36	-0.12360403189058457
17	37	2.2651239661125997
17	38	2.4323028305973593
17	39	-0.988193588848297
17	40	2.3346880250241173
17	41	-0.4002666619466872
17	42	-2.2168049207300715
17	43	-1.7732761564366266
17	44	2.894498545118916
17	45	-1.8723780501215017
17	46	-1.7294445353400962
17	47	0.3260095601862325
17	48	-1.0710708867136887
17	49	3.0096189590573226
17	50	-0.14562820195081247
17	51	-1.717082795620209
17	52	4.403501745923508
17	53	3.094720982610433
17	54	0.725244959735275
17	55	0.7684564610992772
17	56	2.2780933871565607
17	57	1.946564804154303
17	58	-0.2004314707627973
17	59	-1.7973893294262953
17	60	-2.965544206506076
17	61	-2.657726947116154
17	62	-1.431542453978945
17	63	-2.458712668676329
17	64	-2.1966177108874674
17	65	-2.062153693601247
17	66	-2.2740435214958494
17	67	-1.7800394633589114
17	68	0.8424211513326169
17	69	0.020804966890299807
18	18	NaN
18	19	2.7179418640530844
18	20	0.5519298613259513
18	21	4.324009597142892
18	22	-0.16257586276565034
18	23	4.886151226298055
18	24	-3.299816843160911
18	25	3.866307261908446
18	26	3.290227599891538
18	27	1.3081549484770318
18	28	-1.0028517931583663
18	29	3.435145654526356
18	30	4.117289576520664
18	31	2.854267209772575
18	32	-0.37466031447586823
18	33	0.5329336140698389
18	34	1.6436640507089209
18	35	-1.1393188409389674
18	36	0.7267602431873259
18	37	-0.48481194361132524
18	38	-1.8515171828505657
18	39	-1.5156242251889194
18	40	-2.722103598434052
18	41	2.2368009834145175
18	42	-0.3150756640623356
18	43	0.35990843854877125
18	44	-3.142127714467771
18	45	1.2749951291842991
18	46	0.9773344296046137
18	47	-0.025907862721245838
18	48	3.0092986733879346
18	49	-4.310016072495589
18	50	0.3099354016257777
18	51	4.86503362255109
18	52	-2.575882575714079
18	53	-0.231451587342783
18	54	0.8531146585994872
18	55	-3.3001258226776784
18	56	-2.8896768688081504
18	57	-1.2510036542053098
18	58	0.7704355410140374
18	59	1.5819917426230359
18	60	-0.44272974666692977
18	61	1.5420260280159932
18	62	0.8207374399892456
18	63	1.6770419623332613
18	64	-2.0167365892178406
18	65	1.8577351093687806
18	66	-0.5609049212541194
18	67	2.687988561457156
18	68	1.1919782951714457
18	69	0.37838597291144915
19	19	NaN
19	20	-0.5669985645663103
19	21	-4.449540691268393
19	22	3.689788868622007
19	23	-0.023751221281409135
19	24	-3.5989229053325267
19	25	-5.54747127508102
19	26	-1.017347743128395
19	27	0.24861663007696136
19	28	-0.22419298771057447
19	29	0.130061792757478
19	30	3.5468668198564477
19	31	-1.7637336283999967
19	32	4.274748570778274
19	33	0.4558350547804035
19	34	-1.2750198885998156
19	35	-2.1100353660680047
19	36	2.136879316745581
19	37	-1.2637816960269412
19	38	-2.609282673787125
19	39	-0.28930115044482735
19	40	-2.2864710129771195
19	41	-0.8297404645152138
19	42	1.7429320792199263
19	43	0.6277993945710968
19	44	-2.8232246050443806
19	45	-2.271419841467219
19	46	1.7493178518557242
19	47	-2.046653077745188
19	48	0.5530360932188889
19	49	-0.8246263368709758
19	50	1.1080395243915857
19	51	1.05071200708049
19	52	-1.5551811143945593
19	53	-1.579881484209111
19	54	-0.7553254774446112
19	55	-2.5995562335262212
19	56	-0.4833425643108666
19	57	-1.9408267124569307
19	58	1.8655588736249422
19	59	6.342853491599448
19	60	1.1668066323770283
19	61	-2.2889577481398535
19	62	-1.1370069002475818
19	63	-0.8720773251642063
19	64	3.3624471229919566
19	65	1.2769720661176296
19	66	2.428551406617522
19	67	2.0303576570920705
19	68	-0.6063949491629448
19	69	-1.7775615606507964
20	20	NaN
20	21	2.1756609613882287
20	22	0.27912843635579626
20	23	-0.06411253183969992
20	24	5.6901808348437
20	25	-2.402696507861796
20	26	-4.222993295917582
20	27	0.13457620662396505
20	28	-0.47372913328280647
20	29	-2.6734950490505507
20	30	-0.9189741490068305
20	31	-1.249396020361271
20	32	-0.1421552340531626
20	33	1.0542617276406685
20	34	1.820745889751584
20	35	2.167251537087854
20	36	-2.0930601563140234
20	37	3.602029914965488
20	38	2.444727767223
20	39	0.6311944984588163
20	40	1.4944291120698852
20	41	-0.371748097085233
20	42	0.47312045687548193
20	43	-3.098616545182147
20	44	1.6665396257161575
20	45	-0.35185325628332687
20	46	-1.6626037355264751
20	47	-0.10856746491418134
20	48	-0.2501728663005334
20	49	2.3194352274162986
20	50	-0.3372277073631478
20	51	-1.4908160113573097
20	52	3.1749103852916725
20	53	6.7180561650636905
20	54	0.5329036371167604
20	55	1.2329237711978218
20	56	3.361466382746304
20	57	3.0409207669426466
20	58	0.14019372646295172
20	59	-0.9318141717997562
20	60	-1.8188936627190055
20	61	-2.006244907527318
20	62	-2.2939356486715607
20	63	-2.1240133454344434
20	64	-0.42922322666935386
20	65	-1.2672634199185573
20	66	-0.626283346597565
20	67	-1.2393524507872302
20	68	-2.2845363304709436
20	69	-1.7340639969405203
21	21	NaN
21	22	1.1864516265120275
21	23	-1.901830969645791
21	24	-1.5580147013917274
21	25	-2.160765859635409
21	26	1.9178944192746463
21	27	1.1269494031977214
21	28	0.3685219117394664
21	29	0.16072013829611556
21	30	-0.7026542376189505
21	31	-2.3698067231474633
21	32	-1.8751521355008633
21	33	-1.7830415672901105
21	34	-2.7152721714924
21	35	2.248956882800964
21	36	0.09486287403906304
21	37	7.215773362747864
21	38	1.6742628164609472
21	39	-2.5885308875692488
21	40	0.046152260691897984
21	41	0.17434045030587234
21	42	1.2879430561381027
21	43	0.35938326158478484
21	44	0.35446884303196274
21	45	-0.5207241860269991
21	46	0.4485811090363231
21	47	-0.16713055932121235
21	48	0.17016322282474483
21	49	-1.1669586276586403
21	50	-0.7381011575264169
21	51	-2.7558213460747845
21	52	0.6047929500819339
21	53	0.7209316999407497
21	54	0.1447685883131329
21	55	-0.07613969610359755
21	56	0.11428763273675373
21	57	-0.17466202209868933
21	58	-0.5310218365485143
21	59	-1.8010367006809984
21	60	0.9646955973273704
21	61	-1.3872661130568014
21	62	2.1174662928680124
21	63	2.464805733680001
21	64	-0.17593353299392658
21	65	-0.6706386582788781
21	66	-0.7628193497643072
21	67	-0.45536528640191093
21	68	2.4459696331049465
21	69	-1.0781550961745707
22	22	NaN
22	23	-0.5437741703605032
22	24	0.07793802340103168
22	25	0.033323111705089885
22	26	-0.04376730128941021
22	27	-1.2568278146921503
22	28	2.2395784664961753
22	29	2.717804254319081
22	30	-0.012967791980434846
22	31	-3.765692318755748
22	32	-1.0499605577605833
22	33	0.43642594396155004
22	34	2.3846311499179444
22	35	-3.6454589441063754
22	36	-0.6262741190767416
22	37	-2.815924334632023
22	38	-1.5247938537434658
22	39	0.4344986622657929
22	40	-2.0071666466602887
22	41	-0.24634533178201448
22	42	-1.480059646623033
22	43	-1.6718618154383158
22	44	-2.2215635049073246
22	45	-0.3075316664935283
22	46	0.07528744029493674
22	47	-0.5839530595246974
22	48	2.550240614337729
22	49	2.814866498446069
22	50	-1.6977951524026327
22	51	4.108410627336244
22	52	1.8971816394153218
22	53	-2.2806245731484185
22	54	-2.6695093024552254
22	55	-2.418610535923504
22	56	-1.6110802051277424
22	57	-0.373762139482383
22	58	-1.6205109032913758
22	59	-0.29714315913597833
22	60	-3.7262489664807106
22	61	0.9432388111688319
22	62	0.304695349058122
22	63	2.739319797490723
22	64	-0.4355881977640975
22	65	2.263645657678538
22	66	0.9800374072922525
22	67	1.318307297221114
22	68	0.8531183410306435
22	69	0.03551224597166036
23	23	NaN
23	24	-1.4800494117846943
23	25	1.4277485031373096
23	26	3.308876605272831
23	27	-0.7452128690651454
23	28	0.5992618349833004
23	29	-0.9078472617090964
23	30	2.6213018826064203
23	31	-0.4483280280031597
23	32	1.9049241089085427
23	33	-1.5788693561155043
23	34	1.462729227417181
23	35	-1.5890556030789735
23	36	-1.0344382481936674
23	37	-2.150935595585083
23	38	-1.1513024402329755
23	39	1.9166449524949374
23	40	-2.846108347916686
23	41	2.880201336346181
23	42	-3.616034139536428
23	43	0.6995726821242444
23	44	-2.7591267000096944
23	45	-0.5345882112300416
23	46	-1.2252028739189005
23	47	1.2401062569691224
23	48	3.6546798494152424
23	49	-0.021944105951814865
23	50	0.1837735989667503
23	51	1.2440810962141844
23	52	-0.7674321319793581
23	53	-1.5274180900571024
23	54	1.0452056184778136
23	55	0.3976013082609809
23	56	-1.4398496189794359
23	57	2.874550061293674
23	58	0.5792568579283264
23	59	2.671345621285127
23	60	-0.26316042077915675
23	61	0.04908551133198534
23	62	4.129195789616368
23	63	-1.455989614044012
23	64	2.2046890924457974
23	65	1.7122922904092297
23	66	0.9510941963634504
23	67	-2.80093839068583
23	68	1.168165383750422
23	69	-2.5040765179457343
24	24	NaN
24	25	0.9240833759016084
24	26	-0.7033566088982725
24	27	1.734103975743584
24	28	-0.18347190379860817
24	29	-3.078962833796863
24	30	-2.941024502345397
24	31	-0.6281797723622692
24	32	-3.007835740565843
24	33	-1.5781716163293484
24	34	-1.1571333586524122
24	35	5.611326457948484
24	36	0.749079801163098
24	37	4.126442589508433
24	38	1.867440946276696
24	39	0.472507188726238
24	40	3.9834082397339343
24	41	-0.5147382815417464
24	42	-1.5674852895906863
24	43	0.2833555446643973
24	44	2.894329567615594
24	45	-0.3930895543147695
24	46	-2.0088769871680072
24	47	-0.7126993306952443
24	48	-1.531047099444163
24	49	2.6552667995779107
24	50	-1.3146496053948646
24	51	-2.495644003376436
24	52	2.7431419140179916
24	53	1.2512365731153545
24	54	-0.030056185370359815
24	55	6.34636286502953
24	56	5.548001949092508
24	57	0.9898038693226691
24	58	-3.9314047180240266
24	59	-2.1889188775262594
24	60	-1.8650540190950136
24	61	-2.8860183271130873
24	62	-3.273749779422173
24	63	-2.5699276430105935
24	64	-3.0093638138596646
24	65	-1.131124011070126
24	66	-0.4639682825758441
24	67	-1.9285683585992364
24	68	-3.006596692053132
24	69	-2.1560384121544285
25	25	NaN
25	26	1.6488854310920662
25	27	0.0060426556951478135
25	28	-0.8360569733117936
25	29	2.1111820533634216
25	30	0.27507566705449893
25	31	3.076806599743155
25	32	1.1487042170924435
25	33	3.2233979895207403
25	34	6.69852097362588
25	35	-1.5204285667561968
25	36	-3.302901742562626
25	37	-0.7571273918392599
25	38	-1.4718693864938865
25	39	0.8161599908941664
25	40	-2.353870271215757
25	41	-1.6561734478209211
25	42	3.2135871927436006
25	43	-0.4244547526432544
25	44	-2.6658285871106693
25	45	2.387550455094501
25	46	-0.7706174092689448
25	47	3.57071373369616
25	48	-3.3205376048887425
25	49	-1.409588663596996
25	50	2.3761300701119894
25	51	2.547492176023373
25	52	-1.1658005951185282
25	53	-1.3368038227962877
25	54	0.3258323772233191
25	55	-1.5464174168865898
25	56	-2.2695397672459583
25	57	0.09840454903536554
25	58	-1.1568559637157225
25	59	-0.32044744154355637
25	60	2.073101741052319
25	61	-1.7158848276238117
25	62	-0.15672976312141326
25	63	2.544393918496006
25	64	1.3908643908287295
25	65	0.705724271054989
25	66	1.380378826397038
25	67	4.230431627731633
25	68	2.1442740684649904
25	69	-0.7392245035890818
26	26	NaN
26	27	1.1672152523807107
26	28	2.06872510193148
26	29	-1.2363099132320108
26	30	-0.2711213060187794
26	31	-0.9935508492188754
26	32	0.9462354806079959
26	33	-0.8312628754743618
26	34	1.1075907294998992
26	35	1.0418986776306827
26	36	-1.4263176071392103
26	37	-2.8056509639689797
26	38	-2.60174175793706
26	39	-2.7955078217014395
26	40	-4.593167926980773
26	41	-0.6545221112998301
26	42	-3.680096880836318
26	43	2.733253258363292
26	44	-3.265054834542884
26	45	0.9604776500363946
26	46	-0.28815777005365456
26	47	5.037226373299857
26	48	2.3928840983905633
26	49	-0.4957730212054263
26	50	0.5548480921347053
26	51	-0.8699310332895489
26	52	-1.730303084824371
26	53	-2.7612483055697785
26	54	0.8547459759991453
26	55	-2.154628723500215
26	56	-1.822802651271572
26	57	0.5612927134334317
26	58	1.2078015786756076
26	59	0.9092377068560673
26	60	1.5328276067694306
26	61	4.268675211722007
26	62	1.5560381796891025
26	63	3.8133822485278963
26	64	5.031626480707237
26	65	0.616936168967976
26	66	2.2191254902039588
26	67	0.04349971296275995
26	68	-0.623101733506997
26	69	4.733933699363176
27	27	NaN
27	28	0.6039924933949812
27	29	-2.8762783369053913
27	30	-0.23268520205081994
27	31	10.978643020451237
27	32	-2.941286039334133
27	33	-2.1310078601691322
27	34	0.12728022761414026
27	35	0.539713054393147
27	36	-0.3029223734084878
27	37	1.189281981321946
27	38	1.4320348787249964
27	39	-0.5137797618706496
27	40	-0.20128684538455302
27	41	-0.701803094708421
27	42	1.3659369381282351
27	43	0.42679510786092756
27	44	-1.3883785816746812
27	45	0.6779607919420544
27	46	0.4840335899218126
27	47	-1.652659195454093
27	48	-0.705121472711436
27	49	0.69136008794801
27	50	-1.6033583326413023
27	51	-1.2169581160148293
27	52	0.3853689522884948
27	53	0.4614200911602976
27	54	-1.275251048384976
27	55	-0.003406427769318969
27	56	-0.634341821394857
27	57	-0.11939465918846777
27	58	1.05679525228741
27	59	0.12396888287145982
27	60	0.22214289920432095
27	61	0.9248096116455824
27	62	-0.9100496347916146
27	63	2.8736660740747566
27	64	-0.38674787998342564
27	65	-3.527965538919278
27	66	-0.2354733802101611
27	67	-4.052981330906226
27	68	-0.6129359648804485
27	69	-1.4998692918137042
28	28	NaN
28	29	3.8378656490841907
28	30	-0.41257483864773176
28	31	1.0054184037850977
28	32	8.67408923469198
28	33	-1.0877890565271713
28	34	-0.7678827022835223
28	35	0.7881979364157194
28	36	-3.106323497908417
28	37	0.7805897588912886
28	38	-0.2847376954337724
28	39	-2.567462985517001
28	40	-2.86790299529507
28	41	-1.3556062358177492
28	42	-1.5955646948702515
28	43	-1.419641703427567
28	44	-4.037411691392153
28	45	0.8563291643098766
28	46	1.0173424919142946
28	47	-0.7252559577179193
28	48	-2.3150411344623696
28	49	-1.4358014545997777
28	50	1.5036103375953809
28	51	2.552131114291949
28	52	-1.1944679573327106
28	53	-0.9660163222000968
28	54	-0.7804562642253251
28	55	-1.3118716380651345
28	56	-1.264908226950044
28	57	-2.471180464039868
28	58	2.4238875827726685
28	59	2.495812497585779
28	60	3.0515104097199406
28	61	0.8380892610624737
28	62	2.4294918968270434
28	63	-0.10381911912368451
28	64	-2.4213669523055916
28	65	-2.6764420499498947
28	66	3.449173551065565
28	67	0.7275295490506132
28	68	3.446366369066421
28	69	2.715298138697036
29	29	NaN
29	30	4.559648171693646
29	31	0.38686963251565104
29	32	-0.14237517163025942
29	33	1.6731917683609077
29	34	4.613993456767817
29	35	-3.3928370814875564
29	36	2.982544158614552
29	37	-3.162769949830081
29	38	-0.9380196549893682
29	39	2.831946569987774
29	40	-3.987394292758723
29	41	1.3336343376001238
29	42	0.340465156050113
29	43	1.3961472003575814
29	44	-3.7970513673964223
29	45	1.4384626662064142
29	46	-1.2041457424367439
29	47	-0.85496096177183
29	48	0.5911832645874688
29	49	-0.09907569261193036
29	50	-0.06877506713714934
29	51	0.7076447274800187
29	52	-3.8760111891799998
29	53	-0.08742651836664345
29	54	1.2919176489714004
29	55	-2.8970128290192783
29	56	-0.868539676956021
29	57	0.129543580624282
29	58	1.289104721137648
29	59	-1.2611056763873065
29	60	1.0187917700847762
29	61	1.7660687805957036
29	62	0.0068894026607708506
29	63	2.070094347777859
29	64	0.36037978538303234
29	65	5.816410078600629
29	66	0.6484447237887063
29	67	3.3459925458104425
29	68	0.7764945720337334
29	69	6.000807808778125
30	30	NaN
30	31	-1.2921210668274365
30	32	5.556984557761418
30	33	-1.9113777986125646
30	34	-2.616857726031214
30	35	-1.9035418279221135
30	36	-2.0908844745815833
30	37	-3.257315251971044
30	38	-2.8563389251716504
30	39	-1.4362647897852459
30	40	-3.5985760493822667
30	41	1.5068309646114708
30	42	1.2464553766675006
30	43	1.2780676837279532
30	44	-5.148871573510191
30	45	-0.46642925898791
30	46	1.9436749582544481
30	47	-2.1288312094232054
30	48	4.0173255938028145
30	49	-2.7692283399843753
30	50	-0.9802457115758665
30	51	2.3390463252646088
30	52	-2.251914249465412
30	53	-2.923942600212517
30	54	0.33968510739499647
30	55	-1.3008090634394178
30	56	-1.6225139135104398
30	57	-0.39944406990693204
30	58	1.3030699419334586
30	59	-0.9409163660862738
30	60	3.1780403966671313
30	61	-0.3522118620382675
30	62	3.243735896984212
30	63	3.668368641924215
30	64	1.3156722966761107
30	65	1.4323012999551508
30	66	0.9491459076270895
30	67	3.932129222571386
30	68	0.1143451113101239
30	69	1.1024205785002545
31	31	NaN
31	32	-1.6005483356732695
31	33	0.030643138997200486
31	34	-1.3302432432014497
31	35	3.3976830483791898
31	36	-0.7763627348934411
31	37	-0.5568131977229578
31	38	-0.28941733955248544
31	39	0.23808031480508882
31	40	-0.8010858303263777
31	41	0.21029621261875775
31	42	-0.5639364189316569
31	43	2.4615802560767386
31	44	-2.393250809235211
31	45	2.5117136890853264
31	46	0.060840571591583
31	47	-1.534393384755756
31	48	1.6576998675984689
31	49	-1.087045704619651
31	50	-0.28601762239762857
31	51	0.0510383034596847
31	52	-0.5268926483294278
31	53	-3.0268149456009255
31	54	-1.9281698435306005
31	55	0.2624555905510237
31	56	-0.8250528248232871
31	57	-0.7179728934817705
31	58	-2.0055632411118878
31	59	-2.4311574665060354
31	60	0.5981658469257951
31	61	3.262057037782223
31	62	-0.6818495184041096
31	63	1.64797180794803
31	64	2.0373262124205787
31	65	-1.9732998615755228
31	66	-1.222457304315783
31	67	1.8824671311405263
31	68	3.1532287691202345
31	69	1.2037805301533642
32	32	NaN
32	33	2.1539382235719247
32	34	1.738113690854004
32	35	-1.1399908561791714
32	36	1.2201128078412662
32	37	-2.7129442515626585
32	38	-1.1701603384592525
32	39	-1.034419747334192
32	40	-4.005431098831742
32	41	0.23436467095750563
32	42	1.7892174981007152
32	43	2.177163252604969
32	44	-1.3582910110201996
32	45	0.8222411370331878
32	46	1.020577546257385
32	47	4.33354716294091
32	48	2.684107559022823
32	49	-2.3579468501298204
32	50	-1.7197629698911212
32	51	1.0162875813926573
32	52	-1.0018428068449234
32	53	0.19414116543691654
32	54	0.09152123194198981
32	55	-1.9120091405370225
32	56	-2.0741318176281154
32	57	-2.5503132682774137
32	58	-1.2396526144584425
32	59	3.0272628246662907
32	60	-1.4973944660412077
32	61	-1.784256303740614
32	62	-1.2187551553730505
32	63	3.036310494925989
32	64	-1.5938117035171766
32	65	-0.2448393358645618
32	66	-0.7763144803138312
32	67	1.8975585727552922
32	68	-0.5440410819560928
32	69	4.472550050174256
33	33	NaN
33	34	-0.04709647074437393
33	35	-1.5814149123088623
33	36	-0.5323493096274652
33	37	0.4467924348449279
33	38	-1.6225452217538758
33	39	-1.3822920317177934
33	40	-0.1539228077677317
33	41	2.4293182250623864
33	42	1.064400192100789
33	43	1.6646706335376447
33	44	-1.7128119810997888
33	45	2.5969469405693277
33	46	0.9968946017885728
33	47	-1.219419793074406
33	48	0.49612257278799143
33	49	-1.3078293747128855
33	50	0.4572332777008598
33	51	1.538128001499594
33	52	-0.1847783599023937
33	53	-1.8188044529446077
33	54	-3.5125809739651466
33	55	0.646513857607761
33	56	0.695053908674704
33	57	2.864476371474255
33	58	-1.2748423474275057
33	59	-0.15334081458938084
33	60	-0.9832088266740118
33	61	2.1221195466671947
33	62	-1.3829345687217154
33	63	0.8791013939220401
33	64	-1.891721723818275
33	65	-3.8300805246969767
33	66	-1.8841934804911795
33	67	-0.2757613260940232
33	68	-0.4000337949246961
33	69	0.1958130586117611
34	34	NaN
34	35	-1.6366009259141039
34	36	-0.7056112117470895
34	37	-3.570000203099018
34	38	-0.9988156379395609
34	39	-3.9934904848732082
34	40	-1.1102944570128965
34	41	-0.18092229096461035
34	42	0.35246906671628536
34	43	6.922802176623993
34	44	-3.4231924892734757
34	45	-1.1275096187192513
34	46	0.09187174009112037
34	47	1.5377109762803818
34	48	1.0533520844557882
34	49	1.3685208973861311
34	50	-1.7410470484364395
34	51	-0.5562814153277419
34	52	-0.05376688325175548
34	53	0.7253354349255929
34	54	-0.9566778591826232
34	55	-1.9783154364919409
34	56	-2.668789222833464
34	57	0.493997458765272
34	58	-0.2788601935659957
34	59	3.2149051374828685
34	60	2.897861211991365
34	61	0.9859219370865163
34	62	2.558793690382688
34	63	3.4298675468305455
34	64	3.7795242558428406
34	65	-0.9445151296552778
34	66	-0.8738032878360102
34	67	0.8571041542236386
34	68	3.3594392811772322
34	69	0.6369944372132131
35	35	NaN
35	36	0.17956305389845714
35	37	2.4233802854294737
35	38	5.653772012748646
35	39	-2.064484516216011
35	40	4.005350096700448
35	41	-0.7837448663305405
35	42	-2.111591972423074
35	43	-2.292328512939428
35	44	3.6468596591377773
35	45	-0.4956399867179956
35	46	-0.7463235256523888
35	47	-2.463269250914854
35	48	-1.1693561648297504
35	49	0.7549405258450889
35	50	-2.0778032984957666
35	51	-1.586253008746762
35	52	3.2130497165971477
35	53	1.8230616961221113
35	54	-0.5805637587574912
35	55	1.6139043505312505
35	56	3.0574804196977627
35	57	0.8202534217878542
35	58	-2.1227561905419137
35	59	0.06268252885134801
35	60	-1.211046327713357
35	61	0.7983394351189261
35	62	-1.0473637758510181
35	63	-1.4772831159919186
35	64	-1.465374079729246
35	65	-0.8429741479281141
35	66	-0.8458385033997939
35	67	-3.1866756178624027
35	68	-3.793614506888162
35	69	-1.5305577479554693
36	36	NaN
36	37	-0.16918170899019466
36	38	-1.0191715501464513
36	39	0.4963294575180267
36	40	0.4656680215835798
36	41	-0.05090623211154808
36	42	0.0796977693457597
36	43	0.16131529110873044
36	44	-1.1016527495347905
36	45	0.806869726919595
36	46	1.6938067707161968
36	47	0.011964996350484102
36	48	1.6051973256082643
36	49	0.12660690418672849
36	50	0.1704396871420018
36	51	2.594644740554805
36	52	-0.38020772622880644
36	53	-1.1403907159867996
36	54	-1.0926122625891406
36	55	-1.5770758269657132
36	56	-0.3365391311219669
36	57	0.4413010249003273
36	58	-3.3175166208448013
36	59	-1.832201524076796
36	60	1.4368976524050616
36	61	1.9376992898239103
36	62	-1.9165224881915985
36	63	-0.6094088627549611
36	64	-2.506755442438967
36	65	0.9509127139767133
36	66	0.33546605488919506
36	67	0.6233020591424088
36	68	2.369819133159584
36	69	-0.6727511146300631
37	37	NaN
37	38	3.4655861058084496
37	39	-0.9653194808036473
37	40	4.184921149076389
37	41	-0.04232249199512813
37	42	-1.951347707614737
37	43	-1.7147065009536455
37	44	4.313585673911652
37	45	-1.3750026829863862
37	46	-1.9565870638850427
37	47	0.1628744318106667
37	48	-3.3441655154338337
37	49	4.031338612223162
37	50	-1.7899510429580878
37	51	-1.2324479073419106
37	52	4.059981680887463
37	53	2.649330824613058
37	54	-0.3842168651667221
37	55	3.11741975932788
37	56	5.480106830529578
37	57	1.3808468181196707
37	58	-2.919850022200095
37	59	-1.5019967781989796
37	60	-2.309818811908213
37	61	-1.6542934137941456
37	62	-1.407920055078759
37	63	-2.3594347059042318
37	64	-0.884654683437637
37	65	-0.9982829323668316
37	66	-0.5306002499200567
37	67	-4.149313341480412
37	68	-1.9668481748252657
37	69	-2.275115473220252
38	38	NaN
38	39	-0.20035687737372024
38	40	3.013251959252125
38	41	-1.3240672796716488
38	42	-4.097483285758902
38	43	-0.4742287448600495
38	44	4.166979473950042
38	45	-1.3656172085279825
38	46	-2.123607158565711
38	47	1.954998680851565
38	48	-1.325398536033386
38	49	2.9989760921419046
38	50	-0.9568125552441991
38	51	-2.557866790626645
38	52	1.6443740867529004
38	53	1.7544090889940387
38	54	-0.6636888474983643
38	55	4.524225475301926
38	56	3.4614544729922
38	57	-0.2622061535337712
38	58	0.757937784946371
38	59	-1.6544899730167424
38	60	-1.7108341469171422
38	61	-0.2756207112559493
38	62	-1.7404237117240884
38	63	-2.5717997051447403
38	64	-1.3264820785159122
38	65	0.005098812266297612
38	66	-2.2214738171126753
38	67	-1.7845248195891317
38	68	0.6613355822581573
38	69	-1.7214207957762333
39	39	NaN
39	40	-2.1664728135644014
39	41	-1.660941360658921
39	42	1.7524737611401424
39	43	1.4144686669920923
39	44	-4.371450769416865
39	45	0.24518355882732712
39	46	0.44121626967826905
39	47	2.2780277575542263
39	48	-0.9159528156372229
39	49	1.2219656327080106
39	50	4.725432606364806
39	51	-0.10509823610707111
39	52	-0.9125893856883573
39	53	-0.4122011030336625
39	54	-1.3400572875676726
39	55	-1.4796946486265947
39	56	-2.192541497969875
39	57	1.0087149845859196
39	58	-3.3228578825176154
39	59	-1.4199366781277574
39	60	0.3813955447204585
39	61	-2.491449566590521
39	62	3.6381576381921312
39	63	0.09540463457643368
39	64	-0.43355760488943496
39	65	-3.5903932674151258
39	66	-2.866284793973764
39	67	1.1050580071353666
39	68	0.651485749278317
39	69	-1.2429644969191054
40	40	NaN
40	41	-1.6802636500733326
40	42	-3.0866451528586487
40	43	-2.9985906253295096
40	44	48.06616029680239
40	45	-2.2903602820340985
40	46	-2.0999562268391854
40	47	-1.857270385522637
40	48	-1.4909669213823369
40	49	6.317590313710481
40	50	-1.8979816360442114
40	51	-3.5132346662200753
40	52	2.9723006793580815
40	53	1.2965615663624532
40	54	0.3495467713798684
40	55	2.601308270227173
40	56	3.8869737280686993
40	57	-0.03059782960893573
40	58	-3.6018884947659298
40	59	-1.405668184742437
40	60	-2.985577657723033
40	61	-1.6548398805115507
40	62	-3.1806500712912795
40	63	-2.3153077241587248
40	64	-2.652143121600089
40	65	-0.7388039641158497
40	66	-1.5581513867139094
40	67	-2.1319106832546932
40	68	-3.0298535794332055
40	69	-2.3015965558871345
41	41	NaN
41	42	6.848005549431314
41	43	-0.03154860996778965
41	44	-0.7022512051846292
41	45	-0.9695105937080052
41	46	-0.9760615238206153
41	47	-3.068516944452605
41	48	-0.9857877945567812
41	49	0.7204964641844084
41	50	2.0165343188917166
41	51	1.206465742937439
41	52	-1.4548319801136926
41	53	2.3003135848716734
41	54	1.139796054450178
41	55	-0.6857306802328116
41	56	0.09210682135551337
41	57	-0.8972340160199598
41	58	-1.431642080312657
41	59	-2.007515662959337
41	60	-0.2981945704187098
41	61	-0.07752505835873787
41	62	-0.6181924433837426
41	63	-1.6920065306171244
41	64	-0.12320798476953015
41	65	-4.6643017994102225
41	66	-0.08346180372890236
41	67	-0.4532991981341826
41	68	-1.5995736314912583
41	69	0.031955185393229786
42	42	NaN
42	43	2.2255105952677923
42	44	-1.8770602552181308
42	45	2.596619303722623
42	46	0.5143998628275749
42	47	-1.217625238493921
42	48	0.384298902764905
42	49	0.68239823271437
42	50	1.5925226882042207
42	51	3.489069473987088
42	52	-0.9470417359889555
42	53	-2.385589630104696
42	54	2.7051517967738534
42	55	-0.6748705824066852
42	56	-1.4689892415287982
42	57	-1.7422965767753202
42	58	2.709272297541768
42	59	1.1148295135658963
42	60	2.3177255258930476
42	61	0.29683404964484705
42	62	-3.0084293883152955
42	63	2.497716755973546
42	64	0.0133772409317445
42	65	-0.19476908023323614
42	66	3.3528192242535337
42	67	1.5568723364561958
42	68	1.071618455656349
42	69	0.5580618559181149
43	43	NaN
43	44	-1.7724309942163614
43	45	2.2491821931800327
43	46	-0.4316902901105079
43	47	0.9295904349678378
43	48	-0.0780369697861083
43	49	0.8688587437694746
43	50	-1.5505507371400926
43	51	0.12984955005640522
43	52	-0.8900425470822606
43	53	-1.797038606418494
43	54	1.3760975639147486
43	55	-4.0862240161315375
43	56	-1.656752583154328
43	57	-1.2454327297464147
43	58	4.341496177385646
43	59	3.2501087836104317
43	60	-0.3070063572258163
43	61	3.667513139888931
43	62	1.0261826433246233
43	63	0.8694636744226087
43	64	-4.308496017415891
43	65	-1.531543106531927
43	66	2.361938867860764
43	67	-0.35396443485295515
43	68	-1.6487311180105666
43	69	-0.9213135534592687
44	44	NaN
44	45	-2.065142209999486
44	46	-1.9728877174394956
44	47	-2.589728885129747
44	48	-1.7769777993633182
44	49	4.033927694864563
44	50	-1.2428391655081057
44	51	-1.5505664043226224
44	52	3.608849787183548
44	53	0.7451793509569232
44	54	1.180222406554018
44	55	3.275989007330691
44	56	4.731197096253293
44	57	1.1015554124853417
44	58	-3.984283563445007
44	59	-3.0961808056188684
44	60	-1.9744203403045595
44	61	-2.26601291731244
44	62	-1.8287997342611717
44	63	-2.491731232923938
44	64	-2.32319535707507
44	65	-2.6389564955034106
44	66	-0.2759963761907584
44	67	-3.2897315114580015
44	68	-1.056328340440132
44	69	-2.2694687822343593
45	45	NaN
45	46	2.406668670901691
45	47	-3.205639411606481
45	48	-0.21074818389005417
45	49	-2.4613054535503167
45	50	0.962558017824274
45	51	1.2055611012597705
45	52	0.7732437632331843
45	53	-1.0180171929081112
45	54	2.877525004947723
45	55	0.6613813162709704
45	56	-1.9855990184930514
45	57	0.028233866102540167
45	58	-0.2088000501191275
45	59	3.517049199277674
45	60	1.1075994303909593
45	61	1.6218601074411074
45	62	-1.4852821929115594
45	63	-2.0029525983495167
45	64	-0.8799830095415594
45	65	1.7221420288013116
45	66	0.9157592269519318
45	67	-0.8028431162133204
45	68	-0.1350984717009929
45	69	-2.2320629062202277
46	46	NaN
46	47	1.6611236881099078
46	48	0.15968199695730148
46	49	-1.010842986069353
46	50	0.06818388243105829
46	51	-1.8806462668442927
46	52	0.5265785068363503
46	53	-2.0317934927476786
46	54	2.041670722967448
46	55	-1.5646678993126162
46	56	-0.5681444015570134
46	57	-0.935475915060746
46	58	-1.6862127419861783
46	59	1.0233616736009155
46	60	1.489029730096993
46	61	1.1071863821148056
46	62	-2.5444046983798314
46	63	-0.408604368566638
46	64	-1.3342080784837613
46	65	0.3401480127180263
46	66	1.751944886096544
46	67	-0.09769921022257234
46	68	2.133507865505649
46	69	3.901386975873381
47	47	NaN
47	48	1.631693839794001
47	49	-0.24203766671463392
47	50	0.6139045440846137
47	51	1.1759096219010898
47	52	-0.7030336210541724
47	53	0.2831465785108448
47	54	-1.0062291302880004
47	55	0.1106334943001351
47	56	2.1588639902549187
47	57	-1.2141468350252145
47	58	2.3782369200873057
47	59	-0.9639190366471346
47	60	-0.22221731018132834
47	61	-0.5987176080334837
47	62	1.5786029167375233
47	63	-1.4741873350224397
47	64	2.041218188091966
47	65	1.3642043050437345
47	66	-3.4762940076299937
47	67	1.2302700782320029
47	68	-0.8677091303051468
47	69	0.027192932664276234
48	48	NaN
48	49	-1.8034657776342162
48	50	2.366234551956276
48	51	1.6203004808961943
48	52	-1.6249037414647007
48	53	-1.3203384154593412
48	54	-0.5135643816490566
48	55	-0.32732050847337496
48	56	-2.889463001173587
48	57	-1.4161881557224947
48	58	-0.7933770306075679
48	59	1.8616438663559693
48	60	-0.8548090472788707
48	61	1.140956986561879
48	62	-0.1586507194790987
48	63	1.456230336268438
48	64	0.0667068160999407
48	65	4.809044119273547
48	66	-1.0660151552244168
48	67	1.703407321666899
48	68	4.505801337283929
48	69	2.9047656982327523
49	49	NaN
49	50	-0.4562373007221812
49	51	0.8058800122217197
49	52	1.284923479347032
49	53	1.589025933959035
49	54	1.5618268283238863
49	55	2.6173148156594523
49	56	2.44262649290394
49	57	-0.6875248675941072
49	58	-1.5428956496141497
49	59	-1.7058044027415613
49	60	-1.1669381951592983
49	61	-2.4409363263992683
49	62	-1.6099712332945821
49	63	-3.4914008325007644
49	64	-3.8585797613205233
49	65	-1.0011879748078898
49	66	-1.8150734054027111
49	67	-1.0879926967600824
49	68	-1.0090000732909281
49	69	-1.9485522740093135
50	50	NaN
50	51	3.6121635281818123
50	52	-0.7487350167977821
50	53	0.26182433706230573
50	54	1.4474070732180122
50	55	-1.6244423847165808
50	56	-1.3534371443453856
50	57	2.953867174411018
50	58	-1.9262507343185986
50	59	0.00937086448084081
50	60	3.3462390179999137
50	61	0.8050227567940802
50	62	-1.6868974015762712
50	63	1.1042085561613473
50	64	-2.898755618738333
50	65	0.17502828325175065
50	66	2.069684789687927
50	67	0.26638656997196086
50	68	2.085369174593097
50	69	-3.25450067433888
51	51	NaN
51	52	-2.3079325441967473
51	53	0.3694678381221383
51	54	-0.24754467200902888
51	55	-1.6422823489829312
51	56	-1.3270087882887354
51	57	-1.5311979847148647
51	58	-0.9168733017104695
51	59	-0.6590217703716418
51	60	0.14415265658190915
51	61	-2.6510795223983443
51	62	2.533389869690595
51	63	1.5416844457713543
51	64	1.2234891007773978
51	65	-1.4809291559501714
51	66	-2.3017167677468082
51	67	-1.9832272129503778
51	68	3.210505308136786
51	69	-0.49330188419685517
52	52	NaN
52	53	0.8195766715492159
52	54	1.0824393673910722
52	55	3.228589563375013
52	56	3.8525263213087135
52	57	0.4537427848191598
52	58	-3.9444372051759444
52	59	-3.7092064745298403
52	60	-0.025553215897691623
52	61	-0.08934568149452123
52	62	-1.7376482749669957
52	63	-2.0932688717233225
52	64	-3.1007074742262444
52	65	-1.1383076626883222
52	66	-0.47122660412335016
52	67	-2.2655056496064914
52	68	-0.12695295851181737
52	69	-1.855874224894508
53	53	NaN
53	54	0.3973941134582112
53	55	1.2172774463923008
53	56	2.6200757055174746
53	57	-0.28671684388946733
53	58	-2.9590998618175655
53	59	-2.627094474883091
53	60	-2.2810203394014876
53	61	-4.058246459920872
53	62	-0.8857753265478004
53	63	-1.665905422461569
53	64	-4.845310983225871
53	65	-2.02293500226801
53	66	-0.3327416537716602
53	67	-3.4604469960236726
53	68	0.45844552754975326
53	69	-1.3557020261494883
54	54	NaN
54	55	-0.43429773090422197
54	56	-0.41926719954255914
54	57	0.857479811405535
54	58	0.5246578070976268
54	59	-1.4107967121824003
54	60	-2.0912223701196577
54	61	-1.2566996987982457
54	62	6.027903937373942
54	63	0.16845017871871024
54	64	0.7197315987288829
54	65	-2.38460557391973
54	66	-1.8587222249090904
54	67	-1.0000118828153037
54	68	-0.9587974590074603
54	69	-0.4280913361577423
55	55	NaN
55	56	3.6593790007288196
55	57	0.8418041287662191
55	58	-1.8872624364879609
55	59	-2.3957447336219126
55	60	0.020369126748530603
55	61	-3.065155899414562
55	62	-0.5994643002116397
55	63	-1.8917625789473955
55	64	-0.2557120702214571
55	65	1.3059140941740857
55	66	2.507707809859375
55	67	-0.7879140889184867
55	68	-0.6121267664164052
55	69	-1.1352680300091966
56	56	NaN
56	57	1.9300955227091416
56	58	-1.2889543590907913
56	59	-2.5688135160862733
56	60	-2.1894546574594878
56	61	-2.2895710123159425
56	62	-1.9249548919113593
56	63	-2.296584039832337
56	64	-0.2810369172251608
56	65	8.671358744453276
56	66	-1.5973488134717324
56	67	-2.240516753198965
56	68	-1.6264182040815072
56	69	-3.169572350133444
57	57	NaN
57	58	0.12015319529948536
57	59	0.2790140364013834
57	60	3.6483375052420373
57	61	0.3345587472360325
57	62	0.6658303191019568
57	63	0.19064363799136788
57	64	-0.936204256432398
57	65	-1.0704314626184406
57	66	1.4020244094162508
57	67	-0.9415436748341177
57	68	0.7747281702467055
57	69	-0.486633326536019
58	58	NaN
58	59	-3.2370144930382314
58	60	2.7580205933835944
58	61	-3.2494185073674693
58	62	-2.7988671469431243
58	63	-1.5694247166568458
58	64	25.456451626749303
58	65	-1.2256918306263385
58	66	1.2458051300545874
58	67	3.645517231915935
58	68	-0.503836603603589
58	69	-1.514927340385926
59	59	NaN
59	60	-2.039475872834912
59	61	1.6843628994425408
59	62	4.030614666823171
59	63	-0.5852891288579972
59	64	-2.620628448006493
59	65	1.245510711232845
59	66	-2.888968767552856
59	67	-0.018422271958990943
59	68	2.595574576749266
59	69	-0.05930706649163145
60	60	NaN
60	61	-4.299542830486695
60	62	0.33918506861395403
60	63	1.1383283230730972
60	64	-1.0047709179010298
60	65	-0.3399645558868937
60	66	1.9489678656419387
60	67	-4.965628328386681
60	68	-1.6236378648600707
60	69	3.2842948554202485
61	61	NaN
61	62	2.6831957070509778
61	63	-0.5443582540900089
61	64	-0.5358165058172161
61	65	2.2933421166735393
61	66	2.060921388760643
61	67	0.029244567470322603
61	68	-1.3763103768290978
61	69	2.4023760478353524
62	62	NaN
62	63	3.814223638028584
62	64	4.9895438792945335
62	65	-0.647736786509394
62	66	1.4674036353743132
62	67	-0.9259128105964136
62	68	-0.2806818697478108
62	69	-1.1195573421842142
63	63	NaN
63	64	0.9624163157766625
63	65	-1.0905512604969134
63	66	-1.0621570498379185
63	67	2.0271865171166983
63	68	0.1373155416322036
63	69	0.44306511939121984
64	64	NaN
64	65	2.6603453206566368
64	66	0.7715382266730452
64	67	0.019033320863467436
64	68	-1.590762595989675
64	69	1.9935957898252712
65	65	NaN
65	66	-1.7111739515852726
65	67	1.247985070692752
65	68	4.684292332357394
65	69	0.47201339323041713
66	66	NaN
66	67	2.3409103969866507
66	68	-0.8169840561372254
66	69	1.3335305792080814
67	67	NaN
67	68	4.505828742034052
67	69	3.5653004807851976
68	68	NaN
68	69	-0.9146180322167963
69	69	NaN
