1	1	NaN
1	2	-0.5699757334909352
1	3	-0.2758519790644515
1	4	-1.8381135082678008
1	5	0.5502204273203514
1	6	0.6032509643761443
1	7	2.246647738161857
1	8	1.3293416765603845
1	9	2.9471584110137394
1	10	4.176605613581167
1	11	-2.3121151259682167
1	12	-1.7648075723057217
1	13	-0.29646091001493413
1	14	0.09084137824059768
1	15	0.3789375563254244
1	16	1.1084607951183192
1	17	1.5208586532498525
1	18	2.025622362849029
1	19	-0.961965472661055
1	20	1.7502549545584338
1	21	-2.194353819076618
1	22	0.7912315612110059
1	23	-1.59384890908289
1	24	0.6419113441473612
1	25	-0.4980575285940785
1	26	-0.45248870704173955
1	27	-1.605011626932682
1	28	-1.37672066081068
1	29	-1.6886454181066581
1	30	-0.5917435640701845
1	31	-2.2357553995227746
1	32	-2.8381987834768423
1	33	3.1404157568504676
1	34	1.0314581374549192
1	35	1.674834972658174
1	36	0.3144823057968706
1	37	-0.24756979626197204
1	38	-0.17291380882048393
1	39	3.1072368051406007
1	40	2.7785797168119237
1	41	-1.6554187311050732
1	42	-1.786307269767015
1	43	-0.12956039271075503
1	44	1.018929535194531
1	45	-1.8676020927606316
1	46	0.525476266341409
1	47	2.198933540336288
1	48	-0.33399843087381004
1	49	3.0911443563694863
1	50	-3.9583048078823087
1	51	-2.8089763894594832
1	52	3.468265353513653
1	53	2.0454586185911183
1	54	-0.3495679932958442
1	55	3.037886474046722
1	56	-0.6911935372132967
1	57	0.878128267743906
1	58	0.1797196136530455
1	59	-0.7989935328847787
1	60	-1.1910817697130867
1	61	-1.7135581186990305
1	62	-0.20189516558995263
1	63	-2.3385512942371154
1	64	-0.8266484882577834
1	65	-3.093806943340457
1	66	-0.2340497716114782
1	67	-0.5140868551642661
1	68	-1.9734906878148495
1	69	0.7149799451417411
2	2	NaN
2	3	-2.4982004519184797
2	4	-1.089805296407408
2	5	1.09253590849592
2	6	-0.9533462608185203
2	7	1.8845811116680011
2	8	-0.502203132126067
2	9	-0.8264562401032305
2	10	-2.9597710909680273
2	11	-0.463098938771923
2	12	0.7017625049176894
2	13	1.6325203409050204
2	14	0.5414032219290345
2	15	1.9435496500229188
2	16	-0.7653427833282762
2	17	-2.1582435948937233
2	18	4.906490637153991
2	19	0.09905328667430378
2	20	0.4084755249697491
2	21	-1.2823099899915091
2	22	0.5292938869553361
2	23	0.6685525743484896
2	24	0.003066553019109551
2	25	-1.5047532401454375
2	26	-0.5202013141738678
2	27	-1.7173318006049116
2	28	0.4882591425501846
2	29	-0.9977521075494576
2	30	-0.27930780944126515
2	31	1.05844899866135
2	32	-0.007680585032885573
2	33	-0.735948832802954
2	34	-0.7287402474450887
2	35	0.08947610546854856
2	36	1.6185175979676731
2	37	-0.6427725322361342
2	38	0.7032517706791811
2	39	-1.7968367463440376
2	40	-0.9895557765881295
2	41	-1.0994233946989576
2	42	0.04087467014028645
2	43	-0.050736705914648725
2	44	-1.6641949105078377
2	45	-1.2917576294300466
2	46	3.1029736485952983
2	47	0.4328230917944918
2	48	0.08043596631671399
2	49	-0.8079940456215045
2	50	2.117066043365792
2	51	1.0716678775323265
2	52	0.5734758977511801
2	53	0.047717218383244844
2	54	-0.749474580749931
2	55	-0.8601351517822445
2	56	-0.5496233643266851
2	57	-0.6801773082709838
2	58	-1.5981731446735767
2	59	-0.2969129927597595
2	60	7.436510360622853
2	61	3.540018983980999
2	62	0.7763577530757888
2	63	-3.0912044940866656
2	64	-0.014358722216117937
2	65	0.4802921803864638
2	66	0.42926835090062804
2	67	-1.5611749672103035
2	68	-0.8419087243622881
2	69	-1.2331494269187975
3	3	NaN
3	4	4.120142715353548
3	5	2.1543801439507666
3	6	-1.5972574151288872
3	7	-2.366849392701549
3	8	-2.585649741402119
3	9	-0.6404399309635098
3	10	-1.7568332087146468
3	11	-3.3182309010309945
3	12	1.9886243106232553
3	13	0.2592396289253954
3	14	-1.4300993658768184
3	15	0.08841872886475693
3	16	2.0507252748228697
3	17	-1.865856697007402
3	18	2.8318010869245853
3	19	-0.574150230382976
3	20	0.17778293524893032
3	21	0.33275315684991585
3	22	2.2959376482156735
3	23	1.6407052524181114
3	24	0.7703041805335807
3	25	3.696322133630144
3	26	-3.3282142342772643
3	27	3.602796864127471
3	28	3.3721721162203857
3	29	5.3485842998866175
3	30	2.6013043460316214
3	31	2.646930262126426
3	32	-0.6626799877923584
3	33	-1.4215766082944596
3	34	1.870389869954713
3	35	-0.11598722211884982
3	36	-0.11073293336910142
3	37	-2.600432519132006
3	38	-0.5123449888777953
3	39	1.5881391607119029
3	40	-1.4022552665695647
3	41	-1.5349638955742617
3	42	0.17375815532685307
3	43	-0.24939362068281792
3	44	-0.8896605671931859
3	45	-0.20534538299664243
3	46	3.265599824339628
3	47	-2.9175532158033968
3	48	0.2740045280150294
3	49	-3.6370085472312046
3	50	2.791966426961246
3	51	1.8527124049853316
3	52	-0.5881012912880287
3	53	-2.0900611026598477
3	54	2.5123785519982857
3	55	-0.5469846414171454
3	56	-0.23988847642896324
3	57	-2.853326109576938
3	58	-0.705278201267943
3	59	3.0798246887805063
3	60	-1.8716581883312673
3	61	0.13486084451374283
3	62	-0.10779745155026058
3	63	2.8814649933660212
3	64	0.5805088086880056
3	65	1.1474984337161744
3	66	-0.57619050714051
3	67	-0.6835353606794881
3	68	-1.9019997834748332
3	69	-3.7207729282221633
4	4	NaN
4	5	-0.6627877606733443
4	6	1.53900375100168
4	7	0.12167554601242721
4	8	-2.292046149956842
4	9	0.36744493130596023
4	10	2.1141400512020083
4	11	-2.018544282486426
4	12	0.16648060566710443
4	13	-0.9886277666974986
4	14	0.652076639403936
4	15	3.1754959556944535
4	16	0.24788986945208785
4	17	0.11632240886924429
4	18	0.27128287007810914
4	19	-1.8707165224290563
4	20	1.9950348062011285
4	21	-1.5579679099918227
4	22	2.331557433778434
4	23	-2.305645674002129
4	24	-0.831757893911887
4	25	-1.2734268223642864
4	26	-1.1014510754990527
4	27	-1.3422757140168036
4	28	-1.1051354685790167
4	29	-3.6722016423766015
4	30	1.9133607486901123
4	31	0.5246147611507177
4	32	1.277513515200354
4	33	4.202131018724361
4	34	2.114795408748433
4	35	-3.3623922909871857
4	36	-1.178776753277386
4	37	-3.61303384400373
4	38	-0.6406010477856394
4	39	-2.5307276775374103
4	40	-4.204158283085312
4	41	-0.6453664521969683
4	42	-0.3257283613766182
4	43	0.4726384715466377
4	44	1.4860797046295298
4	45	2.8189976370955567
4	46	-1.188834788122242
4	47	-2.058421707665701
4	48	2.5010620699010753
4	49	-0.9286686291852767
4	50	2.3818245217858713
4	51	2.890058787954692
4	52	-3.143384481847821
4	53	-0.7532235806018706
4	54	-1.6180821784527428
4	55	-3.670336586480336
4	56	-1.263050270376668
4	57	-0.3478035743167904
4	58	-3.0608207990637655
4	59	25.403403697728578
4	60	0.5677956776246471
4	61	1.452692535765649
4	62	4.662422940197708
4	63	-3.8704422448750373
4	64	-2.6491825882623012
4	65	3.0547586002206084
4	66	-2.6970645656399546
4	67	-3.5905422582432815
4	68	-0.3810228360859117
4	69	-1.2995096704292417
5	5	NaN
5	6	-1.5920595719162531
5	7	0.8378896033943135
5	8	-0.6086167467270399
5	9	-1.1518711798593722
5	10	-4.552321030093135
5	11	-2.437653557515501
5	12	-0.6532350418142437
5	13	-0.48295211683254463
5	14	-3.302475377214472
5	15	-1.6796656176573574
5	16	1.5901283529027017
5	17	-1.7630709931988509
5	18	-0.569235431036603
5	19	1.3148807417597186
5	20	-1.4957771224316225
5	21	-0.139351240528712
5	22	4.98483513994373
5	23	0.6675164556797976
5	24	-1.5702493405159295
5	25	1.6817923775108403
5	26	1.5993197965595274
5	27	-2.2723658503467625
5	28	2.070457381815533
5	29	-1.353248128078102
5	30	0.9056457804521773
5	31	-1.164292224900539
5	32	-1.891511233185492
5	33	1.9486745063828943
5	34	34.65648370065315
5	35	-3.7024376010960838
5	36	5.077435298665405
5	37	0.7301339535929483
5	38	-3.6499879104048367
5	39	-1.438498513370625
5	40	-1.9870125888924017
5	41	-1.4936746171780224
5	42	2.588565271652945
5	43	-2.285205636738638
5	44	-2.0173279656459613
5	45	-1.8234503095404975
5	46	-2.1743551040526428
5	47	-2.119983717791757
5	48	1.6614655661363515
5	49	-2.1814743141786685
5	50	1.7425421793400864
5	51	0.6479584419838975
5	52	-0.1501737230260772
5	53	-2.1009552121853674
5	54	-0.31289664939362516
5	55	-0.07937793841884638
5	56	-0.04000378751766936
5	57	-0.05708660037984473
5	58	-1.1629560477363383
5	59	0.5455130739045684
5	60	-0.9104937876803724
5	61	-1.1642337894230297
5	62	-2.8666966933366966
5	63	0.06992200317958407
5	64	-3.5939586855409136
5	65	3.5338374569258177
5	66	0.24077691199684295
5	67	0.19490612775575475
5	68	-0.4411821144206286
5	69	-2.82246415392236
6	6	NaN
6	7	-0.29706452647560383
6	8	2.6584374403060576
6	9	5.0757707201770845
6	10	1.6237381198111098
6	11	-0.7056794204047171
6	12	-0.7335825278104252
6	13	1.3388935093681509
6	14	-0.9887079268319137
6	15	0.532948459810364
6	16	-1.4316809199370368
6	17	1.4537533454771958
6	18	1.4840809302677362
6	19	-2.750502463881226
6	20	2.747587074896212
6	21	-1.027762476346286
6	22	-2.6716251949593826
6	23	-0.5429829863977406
6	24	4.565849702935558
6	25	-2.1525981742417177
6	26	-1.5786580679047524
6	27	-1.634971934004351
6	28	-3.245006459300213
6	29	-1.1395535460929225
6	30	-3.6211890116452454
6	31	-3.097595322404178
6	32	-2.912405886603329
6	33	3.0381063675668565
6	34	-3.488094344700125
6	35	3.4304762634076633
6	36	0.4619709194434309
6	37	1.8595617304753518
6	38	1.6520830400477018
6	39	-2.857385996696714
6	40	5.326345544257706
6	41	-2.425019728602703
6	42	-1.9076591836011654
6	43	-3.231168843855367
6	44	0.5603398770219927
6	45	-2.2316210268696435
6	46	-2.6892387740510904
6	47	2.439495505986528
6	48	-3.2333063759512664
6	49	1.5280425650450244
6	50	-0.2676712858226066
6	51	-0.7688173548719162
6	52	2.2697281443758164
6	53	2.6068202479025193
6	54	0.6116094011171861
6	55	5.4033309450058065
6	56	1.0953850791162292
6	57	5.024114986456604
6	58	-0.1464866189431198
6	59	-0.759285600069027
6	60	-1.9037673319177797
6	61	1.0888995891190516
6	62	-1.8227813896027747
6	63	1.000291794839146
6	64	1.6136018048655358
6	65	-0.3070346907055284
6	66	-5.666285165703395
6	67	0.1651821920214073
6	68	-3.2587791539154503
6	69	3.419633215435665
7	7	NaN
7	8	-2.168075565005757
7	9	0.199527199211977
7	10	-0.280989094687305
7	11	4.611020958296981
7	12	-1.5503212533306772
7	13	-1.1393004326666212
7	14	2.8342685123611955
7	15	-1.5112920437691244
7	16	1.1686222478607582
7	17	-1.125465588484111
7	18	-2.3096722484038796
7	19	3.530274829694038
7	20	-0.29068865662145243
7	21	3.951701519122039
7	22	4.824883891988979
7	23	2.849856689078381
7	24	-1.8383160719947358
7	25	1.6090475752000961
7	26	-0.5697128650912406
7	27	1.2682622356317168
7	28	0.25148438021249586
7	29	-0.48733141165824817
7	30	2.2181776542456895
7	31	0.9201492609736526
7	32	1.1738606302773145
7	33	-3.4284411308684577
7	34	-1.086619005437485
7	35	1.0353150522217116
7	36	-0.5979076778368618
7	37	0.47079333909176246
7	38	2.6899742716515838
7	39	0.7295212869200588
7	40	-1.2656734416946895
7	41	-2.1932892668234834
7	42	-1.283561249451524
7	43	1.1253829728994829
7	44	-3.5851230541546513
7	45	4.165782025424067
7	46	-1.9012440534392672
7	47	-0.4528655006520621
7	48	-1.2348841190853648
7	49	-3.0175187022914036
7	50	0.7893122590579342
7	51	1.5022198968908187
7	52	-0.9457975587736296
7	53	-3.4704295637340503
7	54	1.1793753089903491
7	55	-2.0614014349008434
7	56	1.1503884208330135
7	57	-3.148653366644593
7	58	-2.185610086834025
7	59	-2.5012638213659093
7	60	3.0629061359728813
7	61	-0.8303086091365155
7	62	3.607849315031049
7	63	-1.3406985150166582
7	64	-2.616909416534977
7	65	0.02658364067320309
7	66	0.5441266859212891
7	67	1.7430365954023033
7	68	-2.1443912320185956
7	69	1.0625757697330303
8	8	NaN
8	9	1.072050766665448
8	10	1.8352734231407237
8	11	0.7309295479799512
8	12	-0.5180904079064041
8	13	-0.41582413498034054
8	14	-0.19844549462432703
8	15	-1.5551176010681866
8	16	-0.8985281650786836
8	17	7.358661358713537
8	18	-1.27158178173716
8	19	-0.9110880083322543
8	20	3.1532860784127448
8	21	4.503365285387267
8	22	-2.186800727038862
8	23	-1.322773973153956
8	24	3.7859291513341606
8	25	-2.6187490658713735
8	26	1.0974536268473598
8	27	-0.85103872809294
8	28	-0.9695919395970811
8	29	-3.6224593018685147
8	30	-2.1185694352482467
8	31	-3.144441554850617
8	32	-1.70296976732093
8	33	1.6863522325973832
8	34	-2.478361466434969
8	35	2.3207785992072565
8	36	-1.1712909120411406
8	37	2.334112836660354
8	38	1.2147095997455268
8	39	0.3715358324508328
8	40	2.7370560300181737
8	41	-0.97328702355516
8	42	-3.2866731746857862
8	43	-3.6704456277016733
8	44	1.3353139165077608
8	45	-3.0892949657003523
8	46	-0.5194406212062941
8	47	3.3520173632767296
8	48	-2.312937332607522
8	49	3.128970136351129
8	50	-3.4947276494511303
8	51	-2.630744601272808
8	52	2.767371666877508
8	53	5.231752224717224
8	54	1.0237713163825208
8	55	2.339680556929338
8	56	1.9011742936467162
8	57	1.4631322100838293
8	58	-2.4819088153919178
8	59	0.5937672297464328
8	60	-2.9238598839635945
8	61	-0.736253914926702
8	62	-2.414056163085286
8	63	-0.6778902111180709
8	64	1.4132482474315313
8	65	0.0921169824870235
8	66	-0.1243854390199317
8	67	-0.6324751098146542
8	68	-1.9675236797909426
8	69	1.8386846024329286
9	9	NaN
9	10	3.6029466523858695
9	11	-1.7814859812863768
9	12	-3.5087091827789787
9	13	0.7433721247809407
9	14	0.008373531189884579
9	15	-0.6903333546220649
9	16	0.7870098138195548
9	17	2.0341892188484754
9	18	0.9517695743040457
9	19	-0.26347099563582527
9	20	3.8338476269504076
9	21	-1.8647965722130224
9	22	-2.2996904504488778
9	23	-0.44043060513136106
9	24	5.2945756534951
9	25	-3.161659433938189
9	26	-1.7566043167347394
9	27	-2.3703610277420446
9	28	-3.4349334153404274
9	29	-2.3355943877618563
9	30	-0.44758502790228694
9	31	-1.6524300930188476
9	32	-4.352669458139825
9	33	1.574742383638551
9	34	-2.128531117719946
9	35	1.6950686249320575
9	36	-0.32339237237224944
9	37	0.6671516064365886
9	38	0.8594154930126138
9	39	2.25446564577716
9	40	2.1007932349394536
9	41	-3.779012980754993
9	42	-1.5361682987532301
9	43	-3.393771778237976
9	44	2.37466735938064
9	45	0.03417391904672015
9	46	2.069904301843821
9	47	2.2693149217145985
9	48	-1.10556525570985
9	49	5.144442954166252
9	50	-1.8477290605344487
9	51	-2.0712857314878144
9	52	2.492895438910123
9	53	1.846178106317931
9	54	-0.6521241096309625
9	55	3.2554325184910358
9	56	4.746830355954974
9	57	0.7076795668768056
9	58	-2.625581861121659
9	59	-0.05077552263758485
9	60	1.0828520370341006
9	61	-0.9393637709256777
9	62	-2.2112989303174317
9	63	-3.781968595247284
9	64	1.4317704963753675
9	65	-2.8294882050923316
9	66	-2.99271855875516
9	67	-3.5140036951916063
9	68	1.3883003846387354
9	69	1.5099572912378199
10	10	NaN
10	11	0.6609247098572354
10	12	-2.168271031754258
10	13	0.5035182127576524
10	14	-1.7018309300469625
10	15	1.2734026934530285
10	16	-0.5128717558407656
10	17	17.623966877829208
10	18	-3.590965424165004
10	19	-0.6790816767087741
10	20	2.455735161501078
10	21	-1.4462672662418528
10	22	-1.4338069161239293
10	23	-1.6995803903480966
10	24	3.173149287310768
10	25	-0.13719442310216906
10	26	0.5138693246199553
10	27	-1.6553616226028973
10	28	-2.532456807669132
10	29	-3.857344782166606
10	30	0.4613489661005463
10	31	-2.091267056946153
10	32	-1.9657213607595623
10	33	0.3407811653589066
10	34	-1.4964177582524496
10	35	1.8289230354383232
10	36	0.8524601904548503
10	37	0.8769454106828027
10	38	1.2118767676823006
10	39	1.3000945257266527
10	40	2.5232408550791585
10	41	-3.3396183477815593
10	42	-0.4117973885491478
10	43	-2.9566891794347407
10	44	2.5107753552545176
10	45	-2.8189219949437136
10	46	-3.007308451945083
10	47	1.918405957823069
10	48	-2.2624589503578836
10	49	2.496757468659592
10	50	-0.6384823167071998
10	51	-3.9814229299506083
10	52	4.067132216378529
10	53	2.9467768647968198
10	54	-0.8121405264398397
10	55	-0.3089004543841778
10	56	1.0739636930996062
10	57	2.8413645222330874
10	58	-1.6113951656357746
10	59	-0.35928687191179004
10	60	-1.8700506590305888
10	61	0.4975467169935068
10	62	-0.6703714337671309
10	63	-0.5325834330760821
10	64	-1.0119058201515556
10	65	-1.2143848273092772
10	66	-3.061429862932943
10	67	-3.1192532320456405
10	68	1.0580988270025347
10	69	0.12904061625842037
11	11	NaN
11	12	1.554025529737689
11	13	-0.924066012296308
11	14	0.6729435682247669
11	15	0.6513438720316145
11	16	-0.5118447573197917
11	17	0.13486848366165513
11	18	-2.5855112307972137
11	19	-0.07883885863377166
11	20	-0.27872119806009005
11	21	0.9794838826947783
11	22	-0.437196621129041
11	23	-0.4476587752209138
11	24	-1.2941912010227816
11	25	1.4472215299505624
11	26	0.5426602394363541
11	27	2.3378108365388472
11	28	0.8603275581865947
11	29	-0.19362143214937844
11	30	-1.54745687035121
11	31	-1.740824723182581
11	32	1.6034319940358452
11	33	-0.8640116227143645
11	34	-3.360262434016143
11	35	2.653217157896149
11	36	1.8958380789678233
11	37	-0.08964949799015756
11	38	-0.6715756825173409
11	39	5.999710277936527
11	40	2.910224918862046
11	41	1.9811137576480014
11	42	0.3306876254377721
11	43	-2.6314268939555228
11	44	-1.3219548800038714
11	45	-0.7946043518177358
11	46	1.7555918083634072
11	47	0.724635261178641
11	48	-1.9670509230819528
11	49	-0.5597655406343365
11	50	-2.219909944764282
11	51	1.7142673592282787
11	52	1.2675773559035837
11	53	0.8579567539228239
11	54	2.3745121792972794
11	55	-0.2482058722664875
11	56	-1.9897858296300073
11	57	-1.6552213826233615
11	58	1.4821436808034458
11	59	-0.6595457687903576
11	60	-0.12019203333106408
11	61	-1.1255184576935104
11	62	-1.4605330273132986
11	63	-2.219309377213901
11	64	-0.9230050857676501
11	65	3.002766836571625
11	66	0.8125376830942124
11	67	-0.3426788817138961
11	68	2.033228017074362
11	69	-2.9575177982864984
12	12	NaN
12	13	1.0109775491747663
12	14	0.8896440796834438
12	15	4.547856604573606
12	16	-1.5638486179534474
12	17	-1.4760469932907536
12	18	-0.051808590207952934
12	19	0.891650299645381
12	20	-2.429957357811825
12	21	0.9685974194961113
12	22	2.8212690309855732
12	23	1.3165680990588196
12	24	-4.504591976557577
12	25	0.7327655044527795
12	26	1.4169059142498561
12	27	-0.33480177317292587
12	28	1.346216908365688
12	29	0.7683867592820844
12	30	-0.47511302614742207
12	31	-1.4908469300964104
12	32	3.516009840473786
12	33	-2.9648531051664766
12	34	0.7945911338787146
12	35	-0.9907516309115451
12	36	-0.4841399972240798
12	37	0.9033632881209235
12	38	-0.9305522230417415
12	39	-2.3256269965704246
12	40	-1.952402583551335
12	41	-0.06814403712359887
12	42	6.5172229370634644
12	43	1.5732831044936144
12	44	-1.6484799837063668
12	45	-1.8009357462141287
12	46	0.26383734183597235
12	47	-0.8904820861810219
12	48	3.0335830610637307
12	49	-1.1364374759138731
12	50	-0.4667279399626943
12	51	1.0778421281604693
12	52	-4.1236635885362585
12	53	-1.739340873989403
12	54	4.657399696061632
12	55	-1.190585907773262
12	56	-1.473870418777742
12	57	-0.802207359649475
12	58	1.8744273261314017
12	59	-1.12074465298908
12	60	0.2673205775705543
12	61	-0.9417631804846218
12	62	-0.36834174181315255
12	63	3.314459885690203
12	64	1.0993970462649745
12	65	-1.817415717407036
12	66	-0.30227120373711047
12	67	1.7658194344910652
12	68	1.507499805203275
12	69	0.9250838655656263
13	13	NaN
13	14	-1.5752506843821705
13	15	0.8265687449472573
13	16	3.181718161559545
13	17	1.7981256474307525
13	18	-2.533801744333827
13	19	-2.1757966575581404
13	20	-0.20312136358228466
13	21	-1.404465676528395
13	22	-0.20069217424649696
13	23	-0.022958655600897757
13	24	1.4839154647600488
13	25	-1.0528081705481072
13	26	-3.296610772445944
13	27	-0.4399458901015392
13	28	-1.502900800774743
13	29	-4.685095600924379
13	30	-0.5492301455559061
13	31	1.893329304894939
13	32	1.441066671249508
13	33	0.300831185960677
13	34	-2.770185936082147
13	35	2.1880886754729674
13	36	0.5372522377180263
13	37	-0.4781789264141939
13	38	-0.7010221645245471
13	39	0.28148818275714255
13	40	1.3982177518044905
13	41	0.5294006129033751
13	42	1.1465762922209197
13	43	5.84246664712137
13	44	-0.049652862751930926
13	45	1.228096533299628
13	46	-0.14808446260343275
13	47	-0.9837854368552058
13	48	-0.9372888013780242
13	49	0.9001416546186533
13	50	-1.6378255611561365
13	51	0.7514149187016572
13	52	3.218490338466005
13	53	0.7745116035818677
13	54	-1.1864325783740866
13	55	-0.31507729570837173
13	56	-0.6492504613574137
13	57	1.4921489513977586
13	58	0.567368294929951
13	59	-0.6525344552172818
13	60	1.6652559471892794
13	61	0.7642845522641073
13	62	1.4749486384605743
13	63	-2.0442259280129673
13	64	0.9513595792218716
13	65	-0.5592359395100867
13	66	-3.3524840203880237
13	67	-1.4124816303183585
13	68	-1.9079238893911648
13	69	1.227988242990029
14	14	NaN
14	15	3.6086361071240636
14	16	-0.8197261421096065
14	17	-0.8928030903352205
14	18	-0.10834722489869264
14	19	0.3532741928266366
14	20	-1.7180527751339147
14	21	1.6517531238094665
14	22	-1.405327704320572
14	23	0.9365690025326986
14	24	-1.3641354947227526
14	25	1.2636526076535193
14	26	-1.5613850965793665
14	27	1.1580479810772537
14	28	-1.3723158923588403
14	29	2.176988611483
14	30	-0.20785246347288813
14	31	0.8092498083309745
14	32	3.620018639418965
14	33	1.4032588006800406
14	34	-1.9122034097655871
14	35	-0.5357277147447135
14	36	-0.38188062599051675
14	37	-0.6104778771281674
14	38	0.07123777469357187
14	39	0.35340219460548516
14	40	-0.3985349054496896
14	41	-0.21347006018524683
14	42	1.8570955915732303
14	43	-1.017905861743213
14	44	1.1145943287905464
14	45	-0.9216961237017888
14	46	-1.34541965621991
14	47	-0.15207696458818562
14	48	1.1478591212769655
14	49	-1.946839285865276
14	50	1.976585867917317
14	51	-0.9779288663795175
14	52	3.415540736279922
14	53	10.519603060584764
14	54	-0.7067623036526467
14	55	0.4249181538563316
14	56	-2.1619945658186595
14	57	0.8834895829262222
14	58	-2.71600922826288
14	59	-0.14290393449931577
14	60	-1.7574520809845116
14	61	0.8206238827259335
14	62	3.1951483149755195
14	63	-3.479343269702599
14	64	-0.750070701460592
14	65	0.8355588159787478
14	66	-1.2381514984507107
14	67	-3.443034618751052
14	68	-0.6257831459330457
14	69	-2.1813827302266864
15	15	NaN
15	16	3.8351351135009106
15	17	-0.15520185847540124
15	18	1.1230879485485978
15	19	1.9764021590925582
15	20	-1.1383600592690992
15	21	0.659311954297168
15	22	0.673881643816548
15	23	-3.5445735532363174
15	24	-0.9325108319795705
15	25	0.1851926507072853
15	26	1.6508662153598959
15	27	-4.2551313131321935
15	28	0.5224358265378876
15	29	-0.3361094851869096
15	30	-0.8180459600023393
15	31	-3.201943426568688
15	32	0.3128155090254504
15	33	-3.091136709243497
15	34	0.6058983492855398
15	35	-0.5753447903504472
15	36	1.7154247575633892
15	37	-1.8893232124253592
15	38	1.3834686010563455
15	39	-0.37157583096821156
15	40	-2.3153623318474477
15	41	1.4155274538048754
15	42	-1.2065797365652444
15	43	3.593228103705616
15	44	-2.5740563334479933
15	45	-2.009059763136836
15	46	-0.5184530372786916
15	47	-2.6873516046010484
15	48	-1.0295516271998124
15	49	-0.1878210512541432
15	50	3.187616375927247
15	51	1.2645407410943679
15	52	-2.9403973080668395
15	53	-2.851142478216976
15	54	1.123266958464539
15	55	-2.035669173262473
15	56	0.34562472220001556
15	57	-0.548349819893093
15	58	-0.2189206417671767
15	59	-0.6273558259965042
15	60	2.7648563597500475
15	61	2.272797106937862
15	62	-0.2381908001468114
15	63	1.0359958926647106
15	64	1.5552204775092646
15	65	-0.31306567191416873
15	66	2.5060879020984412
15	67	0.00034085610342969043
15	68	1.047034436506916
15	69	-0.6208471012621097
16	16	NaN
16	17	-2.033920766953398
16	18	4.002004924311378
16	19	-1.6561077906516788
16	20	-0.7682891310662529
16	21	3.5707835343983736
16	22	-1.0214177114229703
16	23	1.4360664402579806
16	24	0.1516536738396606
16	25	-0.4231818354551936
16	26	0.07277479288317555
16	27	-3.0281506731658037
16	28	-1.315333489809167
16	29	-2.610902769966024
16	30	-4.097553199655825
16	31	5.305201164290533
16	32	1.0973413791045572
16	33	0.2970161089571776
16	34	-1.7045063697422411
16	35	-3.197030078088897
16	36	-1.3341630995758262
16	37	0.7854050893719847
16	38	0.6632605958401397
16	39	-1.3572602045006092
16	40	0.20894006708657342
16	41	-1.0377614208911319
16	42	0.0380763134827883
16	43	1.452820776705232
16	44	0.9976455884450717
16	45	-0.3939154736974308
16	46	0.8861576922831615
16	47	-2.4178290691679822
16	48	0.2116674722438949
16	49	-0.36956689950837923
16	50	1.1074953230277382
16	51	2.2596693726174886
16	52	-2.2964359861357773
16	53	2.3280001976938314
16	54	-1.3286669084950757
16	55	0.38781041619616324
16	56	-3.395801503604882
16	57	-0.7772559876290569
16	58	1.694889291291307
16	59	1.0715764167267918
16	60	5.124594249260159
16	61	-1.0478043851881027
16	62	1.7683530132144343
16	63	-2.979475795595056
16	64	-0.028423863609710658
16	65	0.7089581924257388
16	66	-0.6804359900629217
16	67	0.44016814516825536
16	68	-1.3838636469452479
16	69	0.42343520906960386
17	17	NaN
17	18	0.4605525276714751
17	19	-0.7544997043747264
17	20	-1.0370125151591791
17	21	1.466171047306969
17	22	-2.898084106581338
17	23	-2.7863365567591867
17	24	1.3356165420864343
17	25	-1.0818013681047054
17	26	-1.4895237865164819
17	27	-1.95268061624484
17	28	-1.9596890513277272
17	29	-5.09898668812993
17	30	-1.795132325722728
17	31	-3.850586248195852
17	32	-2.592207325295844
17	33	2.6584491870851665
17	34	1.6470764396354243
17	35	2.9448303991487204
17	36	-1.8828330940590912
17	37	0.6505999425388163
17	38	1.9207156314130507
17	39	-2.401284810367686
17	40	1.3930872748707188
17	41	-1.3615367838875427
17	42	-1.9404123375313411
17	43	0.9467243934887186
17	44	1.658379680091531
17	45	-5.062550340278725
17	46	1.4767012228292182
17	47	1.2757665148661754
17	48	-1.8829139591959985
17	49	1.8632642840243767
17	50	-1.4056070231174327
17	51	-3.4028623118808006
17	52	5.40638785201944
17	53	3.937694558369773
17	54	-1.2714721389508978
17	55	1.1642851800195066
17	56	0.9843758970407043
17	57	2.141687181327909
17	58	-1.0683649090615768
17	59	-1.309272016320838
17	60	-1.8979800649961573
17	61	-0.8095647155734474
17	62	-1.7628279577128785
17	63	-1.2257901045078925
17	64	2.192968042591871
17	65	-2.349789549197208
17	66	-0.3386452911276253
17	67	-3.4330179410749944
17	68	-0.38755506780391846
17	69	0.6952969528586048
18	18	NaN
18	19	3.8798542433640164
18	20	-1.7954872444098342
18	21	-1.9245024999936522
18	22	0.5417270275287173
18	23	3.503896433000785
18	24	-3.145142920215182
18	25	3.750495278534808
18	26	2.097259521796262
18	27	-1.5846276558827284
18	28	-1.3073711887865433
18	29	5.5709151538629
18	30	-0.8530614193831155
18	31	-1.6908950054132104
18	32	0.09909288787595646
18	33	-1.4391001399483525
18	34	2.3256455818472417
18	35	-1.7702312346858742
18	36	-3.1694972165132693
18	37	-1.8902533283392073
18	38	-2.7534371425577517
18	39	-1.3266696389256798
18	40	-2.5917136662017977
18	41	0.6336684581275337
18	42	4.369768463736536
18	43	1.4690746384148667
18	44	-1.458985951349523
18	45	1.2171123281375824
18	46	-0.5614051872546054
18	47	-0.7662713662050715
18	48	1.8010475717834529
18	49	-2.339702633540277
18	50	2.270147799697053
18	51	1.3195658940289132
18	52	-1.7874150869645642
18	53	-2.802498300738636
18	54	-2.6763034642738526
18	55	-1.8371355318745923
18	56	-1.2455860355965251
18	57	-1.0277819835542148
18	58	-0.8681663338863491
18	59	0.23137949688105858
18	60	1.6210001015053415
18	61	1.879080148503574
18	62	-0.37983586791810536
18	63	1.260359377500762
18	64	1.729699951440035
18	65	-1.930486012948232
18	66	3.3507614695178383
18	67	3.1243694490988974
18	68	-1.763407306659434
18	69	-0.8116071400148902
19	19	NaN
19	20	0.5605680678353089
19	21	2.924506667950354
19	22	0.06536543293797314
19	23	1.0276147150865276
19	24	-0.37599325479967444
19	25	-1.242913515447985
19	26	2.893514793609356
19	27	1.5986176842828068
19	28	1.231293807104806
19	29	1.8366214310989761
19	30	0.384189931199608
19	31	-2.925861321011905
19	32	1.3840704693716526
19	33	0.03825661984295463
19	34	-0.3526280698007772
19	35	-0.235692587461265
19	36	-1.2548245681983863
19	37	-0.564359803777296
19	38	-0.2730098338895442
19	39	0.33868191717032775
19	40	-2.347276162888787
19	41	-0.5912058496805069
19	42	-1.2023654343636554
19	43	0.2843380839678117
19	44	0.7152811344042143
19	45	-3.1924549251906598
19	46	-0.17907481616813803
19	47	-1.5222193409731122
19	48	4.280744576228983
19	49	-0.797358554713085
19	50	-1.0537415293478394
19	51	-2.0814598150689507
19	52	0.5260077213160699
19	53	-2.1981369572939498
19	54	-0.610046223706866
19	55	0.3508612154890832
19	56	-1.5357768370630205
19	57	-0.855387271776057
19	58	1.9204589324684656
19	59	1.9650799312645515
19	60	-1.1687562840021932
19	61	-0.9423220264506555
19	62	3.3118028792280234
19	63	0.3616571636349319
19	64	-0.9001609914640628
19	65	1.563737736043641
19	66	0.03858769666742698
19	67	-0.7435556581237676
19	68	-0.14763137203392193
19	69	1.9094269403497193
20	20	NaN
20	21	-0.8767151837270906
20	22	-1.6714265864392985
20	23	-1.842949581140941
20	24	3.978213112275309
20	25	0.6003907908889282
20	26	-0.7085935754835228
20	27	-0.8166949528915081
20	28	-0.6668025984553662
20	29	-2.7809359606289306
20	30	-2.2833717479764988
20	31	0.21466415050398208
20	32	-2.8692072064690266
20	33	1.474641268232034
20	34	-1.5601726177998563
20	35	1.8151293774311512
20	36	-1.9738047919239021
20	37	0.4585427455424841
20	38	1.951775433778192
20	39	-2.685464370422315
20	40	1.5953358732918532
20	41	-0.3460843807613142
20	42	-1.9391364128376896
20	43	-1.4722573315197824
20	44	2.130121393335261
20	45	0.6637559962144982
20	46	-1.1237307449502132
20	47	0.8755721745515092
20	48	0.10714474107392781
20	49	2.0602055041779375
20	50	0.04567207344155136
20	51	-1.5055609366610176
20	52	2.0108378344400406
20	53	2.000335823193847
20	54	-0.13418298388487818
20	55	2.646064079986947
20	56	-0.3926796560494222
20	57	1.5018065359933093
20	58	-1.7267979182107978
20	59	1.012065804509291
20	60	-2.0806569954780256
20	61	-0.5717035796098167
20	62	-2.370724127803001
20	63	-2.495455682205869
20	64	-0.22207629834874418
20	65	-0.017310605992110092
20	66	-2.2692778035473
20	67	-0.3326905801855812
20	68	-0.19639507468242276
20	69	4.797489910463965
21	21	NaN
21	22	1.659198890805047
21	23	-1.481609624137149
21	24	-2.2431950237469978
21	25	-1.4355925599378287
21	26	-3.230373873550562
21	27	-0.12587633565582199
21	28	-0.21761849451102672
21	29	2.5145762369098645
21	30	-0.6777133754410035
21	31	-1.753461800915352
21	32	-0.16647129378858708
21	33	2.3253542666322455
21	34	3.1245819471453715
21	35	-0.9899951807426776
21	36	1.2122000232227181
21	37	8.65383869797304
21	38	-1.8248157537822285
21	39	-2.7930001631103982
21	40	-1.3600507817825302
21	41	0.20279899031380483
21	42	1.0991588614704741
21	43	1.0664926066817282
21	44	-0.5706882190474063
21	45	0.19747150656848295
21	46	-3.1960139653943425
21	47	1.1061905388725108
21	48	1.4695092259477007
21	49	-0.026288753547990134
21	50	0.5405420018273258
21	51	0.7616076089989228
21	52	-2.8437342369084186
21	53	-1.7926095773350925
21	54	0.0753001596350519
21	55	-0.5379703698542088
21	56	-0.13572407001083345
21	57	-1.3594095652895448
21	58	0.29521701904165626
21	59	-1.4973879948423425
21	60	-2.6255060357660365
21	61	2.7294077830087
21	62	-1.1395402113435575
21	63	0.619497454736522
21	64	-1.5031002863214304
21	65	4.202467107067701
21	66	-1.6485040047643544
21	67	-1.3012724422001885
21	68	-0.2140617953466144
21	69	-2.1662643948924956
22	22	NaN
22	23	1.2564166074977976
22	24	-0.26539668114167553
22	25	0.7580981681227896
22	26	-0.4720746495642045
22	27	0.196540861091457
22	28	2.296593225412288
22	29	0.02745100067325178
22	30	-2.227393597454219
22	31	-0.05174184435484343
22	32	-0.13015261454462285
22	33	-4.983965242100394
22	34	0.4893194094734167
22	35	-1.7977738254858724
22	36	1.3444970471945417
22	37	-1.642913649076959
22	38	-1.2134972316127575
22	39	-1.7164748767075304
22	40	-1.6858347742190232
22	41	3.2794780271792745
22	42	1.0186369183729158
22	43	0.41111721212051305
22	44	1.0055586920378266
22	45	3.387846958101355
22	46	0.06883138040656152
22	47	-3.263224326852199
22	48	-2.1884228723086054
22	49	0.768601538465732
22	50	1.769507087483044
22	51	1.266896608372195
22	52	-2.714287142970627
22	53	-2.884184259570643
22	54	0.31952243301967614
22	55	-0.23338375812834553
22	56	0.5404720380573111
22	57	-2.5704017270273667
22	58	-1.1090891310955773
22	59	0.9405097108078271
22	60	0.40910996897386065
22	61	0.3359365845117991
22	62	3.4281607668644996
22	63	0.12827634869354476
22	64	-0.5642396890168565
22	65	1.023741056798236
22	66	1.7279320261931417
22	67	2.685417992099487
22	68	2.388488073166235
22	69	-2.262279878895884
23	23	NaN
23	24	-1.0650969291003791
23	25	0.946078591586642
23	26	-0.35227606936807054
23	27	2.820869727555701
23	28	0.3316672594567947
23	29	0.8640777640947445
23	30	-1.3271888879015006
23	31	2.151215277855027
23	32	3.3741949576730716
23	33	0.027526195741446487
23	34	1.8493434209091983
23	35	0.1314457047526168
23	36	1.7335432723145485
23	37	-1.2502627805145412
23	38	1.8544914381159834
23	39	-0.5407712240420773
23	40	-3.396107266200172
23	41	-0.2653677555504383
23	42	-1.4661136224010511
23	43	1.7365275207233835
23	44	-2.401334382728016
23	45	3.6537030767466048
23	46	-0.2011053297605033
23	47	-1.6261651436645939
23	48	-2.313039728801012
23	49	-1.2328681423700965
23	50	3.193100189272274
23	51	-0.7518166664389588
23	52	-2.8709500637216574
23	53	1.002227947374671
23	54	1.3964995596291288
23	55	-2.31459731172032
23	56	-1.209275323159083
23	57	-0.6607734829602939
23	58	-1.4649535191921368
23	59	-0.308078980590497
23	60	1.8885933190652149
23	61	2.616659082900748
23	62	0.15078028374757185
23	63	2.3118626644247704
23	64	-0.37603159934685576
23	65	-0.35838780058722297
23	66	1.959652366853445
23	67	0.2263747705903113
23	68	-0.5125120204868465
23	69	-1.550382389886389
24	24	NaN
24	25	0.65262096691633
24	26	-1.7056012602051809
24	27	0.11292187764041095
24	28	-2.6569083087123286
24	29	-0.6168211722177848
24	30	-2.3372627838052593
24	31	-1.5609078364549973
24	32	-0.5539726709675662
24	33	1.9270348244429094
24	34	-0.8245425167515907
24	35	2.9624216128247554
24	36	-1.6865110316223568
24	37	0.2056893822290764
24	38	1.022372188837153
24	39	-1.5006927380837802
24	40	3.5891301545055034
24	41	-1.3946789632401673
24	42	-1.8736783599017985
24	43	-2.60202745667059
24	44	2.903445624992894
24	45	-0.44743746463250217
24	46	-1.3659446641939192
24	47	1.2249774584262911
24	48	-1.1245921254058737
24	49	3.4745230640610294
24	50	-0.2183639974905277
24	51	-0.9479755113224351
24	52	2.2959078646489237
24	53	2.4165662442633704
24	54	-2.343394026522366
24	55	4.488611145579601
24	56	0.8389691815974639
24	57	0.7522378292943025
24	58	-2.8796578555360353
24	59	0.9431205113676561
24	60	-1.432779786345161
24	61	-0.7853209282530175
24	62	-0.9032485586239378
24	63	-1.4687687949393997
24	64	2.3347734967920704
24	65	-2.745876378086809
24	66	-1.8962161066817815
24	67	-1.6729633643763837
24	68	-1.2269853656642677
24	69	1.2911989813586247
25	25	NaN
25	26	7.547379895233408
25	27	3.6816004292238027
25	28	2.637489846024665
25	29	-0.4521777653106939
25	30	2.514956262166111
25	31	3.646907692797766
25	32	0.03102207780999941
25	33	-2.4648041330008064
25	34	0.06276190822818149
25	35	-0.7417914689948897
25	36	0.13765068908316647
25	37	-0.7152001229548376
25	38	-3.1668989458257606
25	39	-2.7405083235618233
25	40	-0.8847048298731635
25	41	-0.3843179990258823
25	42	2.859240666410982
25	43	-2.5071162896162917
25	44	1.4086003212586762
25	45	4.906722479891291
25	46	0.7066744596587899
25	47	-1.9057454838784509
25	48	-1.4815787974125856
25	49	-1.5918194012065925
25	50	2.2376315611041613
25	51	-0.35998177413420024
25	52	-3.766762988220354
25	53	-0.2705395301581163
25	54	1.5563460203026187
25	55	-1.3483115682815334
25	56	0.20508159721545405
25	57	-2.735320995048248
25	58	-1.395112167198669
25	59	-5.439085708004705
25	60	2.5263483167062137
25	61	0.277327130378259
25	62	4.1257009123476225
25	63	0.19543796712094783
25	64	1.564656351278781
25	65	0.4569049808595732
25	66	-0.40805476328859075
25	67	0.34152022494802736
25	68	0.8638253255579615
25	69	-2.531293892653197
26	26	NaN
26	27	-1.0510065516515874
26	28	4.624226038148046
26	29	-0.034054502186827866
26	30	33.665835961218
26	31	-4.1862061758472215
26	32	0.26071022758492063
26	33	-1.1165861246582973
26	34	2.5949755633412117
26	35	-0.32972510846309017
26	36	-0.8710429922562053
26	37	0.814198023117206
26	38	-2.5641214682159
26	39	-2.393333987616659
26	40	-4.5688123975193236
26	41	1.746683724690228
26	42	-2.551149833046332
26	43	2.608654193397703
26	44	-2.5767303363398653
26	45	-2.338702492443572
26	46	0.8972352430065625
26	47	-0.1641447848895187
26	48	-0.8760955989194816
26	49	-2.3568388464319034
26	50	0.49793221085649486
26	51	-1.8650524541116102
26	52	-2.9274668299973303
26	53	-2.065173177531715
26	54	1.1550824869823193
26	55	-3.919355168670259
26	56	-2.423610971888682
26	57	-0.23029702534921645
26	58	0.36565643213549404
26	59	-1.3186616219892948
26	60	1.789264876110956
26	61	0.5062222462438387
26	62	2.9906534942508873
26	63	1.0670944951724914
26	64	-0.9726321463588953
26	65	-0.31283356443830235
26	66	-3.053919809865085
26	67	0.2247355938358714
26	68	-0.6566278000515566
26	69	-1.8840404132563189
27	27	NaN
27	28	0.904992064273626
27	29	1.7933345702564467
27	30	2.214814946536086
27	31	21.804996868786652
27	32	0.06927845078728052
27	33	-0.6160104599805107
27	34	-1.5676977138950594
27	35	-1.0775607703141814
27	36	-0.20330312896345637
27	37	0.42084026550806597
27	38	-1.3082603152584893
27	39	-2.5935937003216853
27	40	-2.7733262794295617
27	41	0.46578376074770966
27	42	0.25587153206161417
27	43	-0.690591542151521
27	44	-3.0491127327369676
27	45	5.9221853189625815
27	46	0.2975290257203556
27	47	0.34352192868204023
27	48	4.170832767524751
27	49	-0.8404849115519513
27	50	2.070691802502141
27	51	-1.4590424589945044
27	52	-2.855129546263312
27	53	-0.5649287325761508
27	54	1.9812393345150616
27	55	-3.4947204941011094
27	56	-3.37757620891508
27	57	-1.6105226747302
27	58	-2.239036278893167
27	59	2.1551316801490494
27	60	-2.482296645638338
27	61	-2.2315819711596894
27	62	1.7252519164241662
27	63	-2.18111004236765
27	64	0.25191789186613267
27	65	1.1186230303810814
27	66	-1.0258446877315748
27	67	1.7326429268121042
27	68	1.19617909738993
27	69	0.620106038993518
28	28	NaN
28	29	3.6600491574637726
28	30	-0.7308504299265526
28	31	5.00564670799129
28	32	0.4435408354364376
28	33	-1.6970257957688808
28	34	0.9018729058062016
28	35	3.3488097590253556
28	36	-0.3348009158168604
28	37	-1.981856083427418
28	38	-2.1552678670241368
28	39	-2.3835691228068967
28	40	-2.055183050466914
28	41	2.717794755447617
28	42	3.488219054564759
28	43	-1.4774978150759785
28	44	-2.5935969433836066
28	45	0.16109987905075407
28	46	1.8879009902075705
28	47	-1.6704453842588964
28	48	-1.9259228666882013
28	49	-1.9135279203879605
28	50	2.3871853269465158
28	51	1.2895640415242313
28	52	-1.6463309272644784
28	53	-3.977586902651189
28	54	1.7452089451803057
28	55	-1.0095445163084984
28	56	-1.2866092772069369
28	57	-0.8091402800905793
28	58	-0.24475818913609584
28	59	-1.4206953120931642
28	60	-1.0732250626353141
28	61	2.8144899151262774
28	62	0.4208196639025019
28	63	-0.35283638620392466
28	64	-0.9201062381815697
28	65	3.776144050955065
28	66	1.5592543909951466
28	67	1.0998244683737
28	68	2.48022569757844
28	69	-0.26940907401593406
29	29	NaN
29	30	1.3442763679481815
29	31	5.441708802356282
29	32	1.1615249416390867
29	33	-1.5652424262208242
29	34	4.249424028324877
29	35	0.5011225513344676
29	36	0.39174630013685147
29	37	-0.8936509619519512
29	38	0.24923747758678833
29	39	0.6836296740299886
29	40	-2.8938947967446014
29	41	3.541857851584672
29	42	3.72495570982215
29	43	-2.898811710794001
29	44	-0.04249870955547397
29	45	5.040140738380651
29	46	-0.5915697499467983
29	47	-1.1257844931799985
29	48	0.1398794737449576
29	49	0.48530320019912787
29	50	1.4693000052984106
29	51	0.42613485722502176
29	52	-0.04853291743458803
29	53	-0.8539266314482242
29	54	-0.7072745020298649
29	55	-1.445564462692679
29	56	-2.6967529592732875
29	57	1.797423150148797
29	58	2.660929303801372
29	59	-0.8952022865472132
29	60	2.6905455071109152
29	61	2.883695348045499
29	62	2.5493192019817443
29	63	-1.1113437699205095
29	64	-1.8864043570235378
29	65	-1.6118554619263696
29	66	1.9790632132032808
29	67	-1.4189077439985058
29	68	-2.248887915518573
29	69	-1.1568985227662005
30	30	NaN
30	31	2.4581842154447364
30	32	-0.12365585676291675
30	33	0.35525207948632126
30	34	-3.6376116383602013
30	35	-1.5363452268301732
30	36	0.18582543304990018
30	37	1.1744036015753443
30	38	-2.1568185690383688
30	39	-1.1841901789611318
30	40	-2.849063760577849
30	41	2.0767022784213878
30	42	-2.2739294582079213
30	43	0.8151737412828424
30	44	-1.9364205139605382
30	45	0.939543380270895
30	46	-1.1585086263993347
30	47	-1.5666175470564758
30	48	3.732167191030142
30	49	0.015785190033115102
30	50	-0.44564957055390036
30	51	-2.7325518255838
30	52	-0.44422457817156114
30	53	-0.8882619721181475
30	54	-0.25810862027519027
30	55	-3.2859942443590544
30	56	0.6929246393477472
30	57	-2.0571919694710554
30	58	1.223155093535611
30	59	-2.1700503809881835
30	60	-0.936953338594704
30	61	0.02891353127678032
30	62	1.7617413675317362
30	63	0.5644399085625849
30	64	-3.1529070697698622
30	65	-0.4969613247783859
30	66	-2.7354826647726918
30	67	-0.7957404156306366
30	68	4.460842752313793
30	69	0.6757710889477855
31	31	NaN
31	32	-0.4960139208455417
31	33	0.2573476186761438
31	34	-1.2453940874853087
31	35	-3.2832557410814927
31	36	1.2335598944640127
31	37	-0.4408297933189313
31	38	-1.0917714056189798
31	39	-1.8255144844749724
31	40	-2.158415100259537
31	41	-0.8120025969011969
31	42	2.252505725764231
31	43	-2.0612619797695455
31	44	0.8850303875815844
31	45	2.2242296004789064
31	46	0.1807948039972934
31	47	-2.0635243087468083
31	48	7.836830425478419
31	49	-2.393176640030476
31	50	-0.4997781997559726
31	51	3.0553673137787545
31	52	0.6485898239440876
31	53	-3.3019507289437917
31	54	-3.46278478301194
31	55	0.377350881102602
31	56	-2.061918402812151
31	57	-3.0940412488270828
31	58	1.2950463701509953
31	59	-1.5006557809886125
31	60	1.6711071647701505
31	61	-2.6198807469929877
31	62	0.9385360735705024
31	63	-0.48699111061229516
31	64	-1.9410170616937614
31	65	-0.8780879144386529
31	66	1.5970359988714071
31	67	0.35537812026576726
31	68	7.414158370563049
31	69	-3.2250041110362093
32	32	NaN
32	33	-0.2572994602684644
32	34	2.457685834143037
32	35	1.036113812768186
32	36	1.9814124839833835
32	37	-0.2833281993745123
32	38	-1.1400512617712568
32	39	3.311193613923185
32	40	-2.0211228643329107
32	41	3.894763766293765
32	42	-1.422779909631609
32	43	-2.8665979832420962
32	44	-0.5697362189053691
32	45	1.7466991517824144
32	46	-0.06990149322049759
32	47	0.42562788972767673
32	48	4.10706742211349
32	49	-2.3224686418301568
32	50	2.1914672642766813
32	51	0.9069230243252981
32	52	-3.8632569393866465
32	53	0.0994618881220153
32	54	1.710070074623097
32	55	-3.2738897460435896
32	56	-1.9442350823338608
32	57	-0.2985893188478411
32	58	-1.9820942087219555
32	59	-0.5343049966111796
32	60	-0.3232301013769841
32	61	-0.21648518434183006
32	62	-0.19507565475549424
32	63	-0.3164489747900167
32	64	-0.8071175162093002
32	65	-0.4496956498820496
32	66	3.619218458359287
32	67	2.444317627824448
32	68	-1.5063061006169753
32	69	-1.0471053802453392
33	33	NaN
33	34	-0.169782127379146
33	35	0.7101609280151103
33	36	-1.8993857467436885
33	37	2.3675841332752237
33	38	-0.260665841749917
33	39	2.8587153460943626
33	40	1.6141429586550575
33	41	-1.7382503509535874
33	42	-2.773351255439134
33	43	-0.536325652887684
33	44	0.5481671790025782
33	45	-0.478473087391555
33	46	-1.1189978362679986
33	47	1.9133172031513612
33	48	-0.5455031371449942
33	49	0.636351683028578
33	50	-2.9864246768479794
33	51	-0.2085270279197156
33	52	1.780735245402662
33	53	1.9894486863119833
33	54	-0.5210872378745007
33	55	1.7953946366768652
33	56	0.043454968924888746
33	57	1.8322536440615371
33	58	-3.5927524925697916
33	59	-1.2101743835261838
33	60	-1.662878991334074
33	61	0.6085415231131076
33	62	-1.7076348176075857
33	63	-0.19407032048275966
33	64	0.8237229097818028
33	65	-2.4849457649801656
33	66	0.34008103674748574
33	67	-0.010563025774736636
33	68	-1.354409873464988
33	69	2.1344014083195235
34	34	NaN
34	35	-0.42480067529502447
34	36	2.9687540080492063
34	37	0.2933754559326867
34	38	-1.7389883113377789
34	39	-0.9052355344161483
34	40	-2.4700615388244227
34	41	1.7278675473509275
34	42	1.5822460079391643
34	43	-3.3178759966169324
34	44	-0.48444548093924916
34	45	1.2706949588057088
34	46	0.3943332427397896
34	47	-1.174192343432509
34	48	5.958971395964436
34	49	-2.3435472299876468
34	50	0.5505527254216064
34	51	0.8206715715506777
34	52	-2.2047026674422763
34	53	-1.8441148461489751
34	54	-3.7208938796412148
34	55	-0.25121919303095763
34	56	-2.3242368431820837
34	57	-3.1140883087286846
34	58	-2.0984881241587625
34	59	-2.6194172157830518
34	60	0.8638679040415244
34	61	-1.4737786676700309
34	62	-1.9808987905773583
34	63	-1.980073500035328
34	64	-3.978316242005332
34	65	-1.605854148397071
34	66	2.5511417148614437
34	67	0.7764159029500628
34	68	2.367421259277058
34	69	-2.753038110612852
35	35	NaN
35	36	-0.4303078233231663
35	37	0.653597434973352
35	38	1.0561414817820907
35	39	-0.008123181335339501
35	40	2.0153003921496295
35	41	-1.48754639791277
35	42	-1.289133332098433
35	43	-2.0968888061403477
35	44	0.34286228807279306
35	45	-2.2065907848980646
35	46	0.46875837061301595
35	47	3.1904897568906936
35	48	0.29545399241889553
35	49	3.248351883549322
35	50	-3.660231448688673
35	51	-1.8904218317678225
35	52	1.8910111253632016
35	53	2.425538034106411
35	54	-1.9739738243710674
35	55	0.9103741950873998
35	56	0.0907243970699913
35	57	1.714707951141624
35	58	-2.587134557700507
35	59	0.3259244275572363
35	60	-1.6839031887686438
35	61	-2.59446536980002
35	62	-1.4179158737828264
35	63	-2.5069521959692898
35	64	0.824853788627295
35	65	-0.861769717179375
35	66	-0.8592493244771062
35	67	1.8761903891521254
35	68	-2.8608543973583984
35	69	0.4111899430130698
36	36	NaN
36	37	-2.1195647808028224
36	38	-3.223158031561747
36	39	-2.9262983356785544
36	40	-0.7813741805511645
36	41	1.7252208999497078
36	42	1.669147359718777
36	43	-0.6203613519409041
36	44	-0.7958358795854338
36	45	-0.30624539361780456
36	46	1.6166064329066918
36	47	-1.9555613092628767
36	48	3.3096400562380723
36	49	-2.1036732956615882
36	50	0.2583037318631488
36	51	4.537128266743017
36	52	-1.2315121970787015
36	53	-2.608486717994915
36	54	-0.3043275613736019
36	55	-1.894310292973868
36	56	-0.8167001379432356
36	57	-0.7032715681777825
36	58	-1.293743650113854
36	59	1.683859457716647
36	60	3.5006170415830637
36	61	0.175543493709808
36	62	3.1155350267818287
36	63	1.005585826161166
36	64	0.8785583790421732
36	65	2.3768374959732745
36	66	1.3282094581970503
36	67	-3.8782304523600253
36	68	0.7843130653080832
36	69	-2.5495820055477507
37	37	NaN
37	38	-0.015314956363469339
37	39	1.312171850819111
37	40	0.6574897034165156
37	41	0.06204185187582328
37	42	-1.0901816062763479
37	43	-0.6926778106930449
37	44	-0.10877674811677353
37	45	0.8597739906913003
37	46	-2.9745705432496115
37	47	1.779130347720441
37	48	-1.6007559414243462
37	49	0.4479528789180141
37	50	0.4905805030560199
37	51	1.774943076339522
37	52	1.8084298313164204
37	53	0.7338510952403373
37	54	0.07675902394682599
37	55	0.44415913655716593
37	56	1.1228239559518507
37	57	0.9321503613257336
37	58	-0.47104909438730336
37	59	-1.2598401479149377
37	60	-1.5904204599759055
37	61	-0.5038385758157816
37	62	-1.2389577571975816
37	63	-0.7176835138270585
37	64	1.002433436782968
37	65	-0.47516121205804146
37	66	-1.6629810758515624
37	67	-3.563468590139911
37	68	-2.2515760151889146
37	69	-0.2815425587259752
38	38	NaN
38	39	4.302312172824128
38	40	3.197865784953015
38	41	-2.1966813956885027
38	42	-3.317845142325945
38	43	3.4300982400895865
38	44	0.48665167371506385
38	45	-1.210917315563673
38	46	-2.3283570634020996
38	47	1.1685709851322366
38	48	-1.0407354790627392
38	49	-0.04726407668477305
38	50	-3.0934282129734125
38	51	-2.655531936694237
38	52	3.63474814650458
38	53	1.665216641654069
38	54	1.1261075532119822
38	55	3.665945153479175
38	56	0.5783892835700596
38	57	0.8316093422123558
38	58	-1.4780741861049431
38	59	0.29944318521288293
38	60	0.6143634254335378
38	61	-1.5400311722829245
38	62	-2.035746237041025
38	63	-0.7897627038531974
38	64	1.4927600811444466
38	65	0.6204507123368627
38	66	0.9172046337018642
38	67	1.0857470685863795
38	68	-1.6701104326718328
38	69	3.560705240124251
39	39	NaN
39	40	2.523382993825825
39	41	-1.2289778374865494
39	42	-0.6547067034026645
39	43	36.883018093432206
39	44	0.23965525910031146
39	45	-3.26569037843656
39	46	-1.6931790049551039
39	47	-1.364867741516118
39	48	-2.0930163315089607
39	49	0.26914821821747636
39	50	-0.37292929497318394
39	51	-2.2722889790026897
39	52	-0.8291372898607139
39	53	0.4324951111379979
39	54	-3.6673658472573294
39	55	0.5662721869335137
39	56	-0.7021893380932869
39	57	0.9507970634755156
39	58	-4.273199612593742
39	59	-1.6691958015382145
39	60	0.43081029651015684
39	61	0.9975635366341034
39	62	-3.6334398079834953
39	63	3.9676282282963173
39	64	-0.8067411761592698
39	65	-1.3840373594709185
39	66	1.3410253402122
39	67	-4.216846884841423
39	68	-1.5982759292333957
39	69	-1.048022550904967
40	40	NaN
40	41	-1.98179085743994
40	42	-0.5913660296275854
40	43	-1.3298842630451213
40	44	2.535595983095462
40	45	-1.8751672712506924
40	46	0.494125963317109
40	47	4.191994054335762
40	48	-0.46976006652943814
40	49	2.103731486729429
40	50	-2.222086199404636
40	51	0.30377409395786387
40	52	3.8258761042466554
40	53	1.3740760264116283
40	54	-2.3749422371168802
40	55	3.973481249704895
40	56	1.8253004290361088
40	57	2.147737579478493
40	58	-0.3354546463298491
40	59	0.19187333854130767
40	60	0.5601192773486245
40	61	-1.4067234786883225
40	62	-2.8252966382344735
40	63	1.424929377524239
40	64	0.8633636598465291
40	65	-0.0965890866491538
40	66	-1.290771992916048
40	67	-1.3802027980648859
40	68	-0.17671300994884698
40	69	1.916610722074259
41	41	NaN
41	42	4.510917670198604
41	43	-2.2644299022313414
41	44	-1.5835381622501277
41	45	1.3376648160398386
41	46	2.199382364361898
41	47	-0.22015824840885811
41	48	0.6326916314152969
41	49	-2.1280676849312927
41	50	3.891410204125082
41	51	5.660957330341668
41	52	0.10188082681274045
41	53	-0.7745520830987742
41	54	-0.5849141944229902
41	55	0.9431863581009774
41	56	-2.095971466185658
41	57	-0.516700976439136
41	58	1.234699692922356
41	59	-0.48400842714329595
41	60	1.5363594084587198
41	61	-1.5611468175987464
41	62	4.0284880506709975
41	63	2.1809442631020697
41	64	-0.5813686147982158
41	65	-0.6441465160562465
41	66	3.014257975046281
41	67	-1.0473797548767882
41	68	-0.9818197850639849
41	69	-1.4505715342804675
42	42	NaN
42	43	4.22249938230566
42	44	-0.6240752132907229
42	45	-0.06777073771446827
42	46	2.335156650078501
42	47	-2.704789959320179
42	48	0.7024362975053887
42	49	-3.57529697867577
42	50	0.39387157186841576
42	51	1.0824871219971197
42	52	-3.937799507567895
42	53	-2.959635671343933
42	54	0.22834380273939225
42	55	-2.6553473498848654
42	56	-2.8733897685377117
42	57	0.6602424572982936
42	58	1.1422940624083702
42	59	1.0647982742994568
42	60	3.547850353785293
42	61	-2.809235389190528
42	62	0.6509721121503667
42	63	1.7884682921902637
42	64	-2.050904754863269
42	65	0.20784964543374015
42	66	3.374781182901259
42	67	4.917523198051042
42	68	-1.740835295132861
42	69	0.4504125224604245
43	43	NaN
43	44	0.2397315750355406
43	45	-0.7058541966100663
43	46	-3.9188810066101074
43	47	-1.2304124561911733
43	48	1.9511915973770186
43	49	-1.7468383537938201
43	50	1.9542193842303306
43	51	-1.6934817421526673
43	52	-0.5640680623681702
43	53	-2.7444864575605523
43	54	-0.0549849848784443
43	55	-1.594687438362242
43	56	-1.1123458409691722
43	57	-1.4435303085805762
43	58	-0.49284587987264933
43	59	-3.3916660472716598
43	60	-0.8980718996027426
43	61	-0.058960567921793064
43	62	-0.10260760266844657
43	63	-0.07983139559376078
43	64	-2.2385833296624513
43	65	2.614428574168934
43	66	0.8309157529166885
43	67	-1.2174071722160233
43	68	2.962059499392835
43	69	-0.7380215719198855
44	44	NaN
44	45	0.7925817709693898
44	46	-0.8226775969664628
44	47	1.911858528734271
44	48	-1.3778360805529692
44	49	3.723627936295184
44	50	-3.19521810599492
44	51	-0.44043077072039316
44	52	1.5627639021523152
44	53	0.4728085292377145
44	54	-0.12576740860460614
44	55	1.2673433075701819
44	56	4.17950634553145
44	57	0.8320317348004959
44	58	-1.1943883177095787
44	59	-0.19948051310477444
44	60	-0.360696886582669
44	61	-3.522121847580032
44	62	-1.6740394950869895
44	63	1.0034045573367407
44	64	1.0138820364021168
44	65	-0.2068197387618396
44	66	-0.4638163803879959
44	67	-0.3062357621081368
44	68	-0.5097761588796181
44	69	-0.5872890292280163
45	45	NaN
45	46	2.8468737965547217
45	47	0.10236310508022016
45	48	3.2019303305103826
45	49	-1.4344293990649235
45	50	1.4663967193495666
45	51	-1.725467786187381
45	52	-2.3054341877331583
45	53	-0.6630084267116907
45	54	-0.43034257571844325
45	55	-0.8856348639937595
45	56	-4.7156683936765065
45	57	-0.33156628627892903
45	58	1.1866278609879033
45	59	-0.7394397030056796
45	60	1.3777539307779079
45	61	3.7559533239788605
45	62	-1.4061119787780267
45	63	-1.9477675637649152
45	64	-1.7729476805904743
45	65	0.5714672435482371
45	66	1.6421568888817393
45	67	6.091895199014688
45	68	2.369582412171028
45	69	-1.7175641655894571
46	46	NaN
46	47	-0.6318795591615964
46	48	1.0036315987149238
46	49	0.5737494008664287
46	50	3.1308996148656054
46	51	1.1196710392478462
46	52	-0.7168651009039019
46	53	-2.725373594653351
46	54	-0.2171860619278978
46	55	-1.8020280096810966
46	56	-0.21233190776342045
46	57	0.3745548699450767
46	58	0.5511878199011329
46	59	-3.988715785976465
46	60	0.19214583686327133
46	61	11.060906271392774
46	62	1.557840904642352
46	63	-1.0717576762398489
46	64	0.9372275350932099
46	65	-0.30229735222119364
46	66	-0.833622967114167
46	67	-0.253703823923696
46	68	0.9187077955799217
46	69	-0.734669688559154
47	47	NaN
47	48	-2.0825723015633684
47	49	1.4628261013817643
47	50	-3.1142942901196586
47	51	-0.44015065725022984
47	52	1.183302935814315
47	53	0.7744110928289134
47	54	-0.07395652675660754
47	55	2.0068490561133667
47	56	2.9476510085202876
47	57	0.8730351169247929
47	58	10.775211095077642
47	59	-1.456149891819981
47	60	-1.3341206536500652
47	61	-3.090688735463163
47	62	-3.8263107859152115
47	63	1.3504172304111242
47	64	-0.6940652021001444
47	65	-1.4213154343470769
47	66	-0.7279020221503578
47	67	-0.8141200273104787
47	68	-1.5588353113760929
47	69	1.1660721632022706
48	48	NaN
48	49	-2.86464471302173
48	50	3.6373774036509547
48	51	2.894008247603983
48	52	-2.3519059989661506
48	53	-4.145866855197256
48	54	0.012661462967593531
48	55	-3.2263480569364282
48	56	-1.4499484578977502
48	57	1.776141190271494
48	58	2.5401469350820434
48	59	-2.1174252415952894
48	60	1.886876874539292
48	61	-2.4617173394208085
48	62	0.5858849498594896
48	63	-1.6073203309848392
48	64	-2.419709211114879
48	65	-1.0521619624851883
48	66	-0.10983780256988666
48	67	1.7218385413200694
48	68	3.082978982202008
48	69	-1.6321099861629684
49	49	NaN
49	50	-0.5499455497206447
49	51	-0.49332869202082574
49	52	3.448517176957269
49	53	1.493000108052623
49	54	2.7347724967916873
49	55	2.089113816557681
49	56	4.747735779532998
49	57	1.351718778637933
49	58	-1.286067764188653
49	59	-1.5992593539465763
49	60	-1.9459414091814595
49	61	-2.831548006827437
49	62	-2.6531612194754683
49	63	-1.5548520676171846
49	64	-0.030869977276863785
49	65	-1.1261107086403606
49	66	0.22621664691330584
49	67	0.4888239723642598
49	68	-0.864074207974019
49	69	2.883031070720381
50	50	NaN
50	51	2.329447900687904
50	52	-1.0523910882192968
50	53	-2.4059142167894527
50	54	1.214096377747554
50	55	-2.267089109058278
50	56	-1.194741292696265
50	57	-2.452210230551112
50	58	-0.9912705172673347
50	59	2.793520115680856
50	60	-0.22132389085021156
50	61	0.04409474985302856
50	62	-1.4957266250949337
50	63	0.380417852692176
50	64	-0.4889023910325867
50	65	-0.4421716333144302
50	66	-0.9982238905049702
50	67	2.0457805850195245
50	68	2.9401667649539327
50	69	-1.5235377484375807
51	51	NaN
51	52	-1.6582217565673805
51	53	1.2996184768791808
51	54	-0.22143492392132222
51	55	-2.8271821794658405
51	56	0.09294865760340534
51	57	-3.007407690665884
51	58	-1.6961430686704158
51	59	0.9841559015785499
51	60	1.9120830507377642
51	61	1.3761556945202198
51	62	0.6988257906970048
51	63	-0.9831893901531217
51	64	1.5282636305165445
51	65	-2.0163704365389163
51	66	0.8819393380848187
51	67	6.628386906509439
51	68	1.022645698530026
51	69	-2.045839318234402
52	52	NaN
52	53	1.6839454242573464
52	54	-1.7203008695311415
52	55	3.8857835607104336
52	56	3.4875355194583086
52	57	1.8764135644905398
52	58	-2.606449431095542
52	59	-0.20027727908334422
52	60	0.0744452082695496
52	61	-1.3637418168442026
52	62	-1.5695144257688396
52	63	-2.072611095718634
52	64	1.7176633925248679
52	65	-2.0541166861059423
52	66	-0.05259197690555344
52	67	-1.2367637454099907
52	68	-3.3294706679189088
52	69	2.871366749201417
53	53	NaN
53	54	-1.3275711424074312
53	55	4.442795972762606
53	56	1.168398115555038
53	57	1.6001241325217983
53	58	-0.15624923950303257
53	59	-0.6852380219088129
53	60	-1.6361676541799826
53	61	-3.4310753734651973
53	62	-1.782856587829871
53	63	-2.108887538000644
53	64	0.9029586372660305
53	65	-2.284658717395368
53	66	-0.37120610552102723
53	67	-0.4174597966278104
53	68	2.34876709764522
53	69	4.290357098119001
54	54	NaN
54	55	-0.2402828153017572
54	56	1.0901153945944162
54	57	-1.8780287618252551
54	58	0.6815221913871897
54	59	-3.3113607587599283
54	60	-1.5470327997433366
54	61	-1.6712828501736654
54	62	-0.9091639469417728
54	63	-3.2629109933736364
54	64	-1.7817702523007843
54	65	2.7307210299951024
54	66	1.8132168912268218
54	67	12.473616978923987
54	68	0.3569868961351392
54	69	-0.24440801389611708
55	55	NaN
55	56	2.2873128855908726
55	57	2.7542658732810006
55	58	-1.2747802013017402
55	59	1.118521272666692
55	60	-2.281726400730845
55	61	-2.3865305265070633
55	62	-3.9083716241680193
55	63	-1.927194909098454
55	64	0.9425801097663287
55	65	-0.459339744464388
55	66	1.297032850318967
55	67	-0.4880678982763058
55	68	0.8655867846359947
55	69	2.9617566423553874
56	56	NaN
56	57	0.6647485302095574
56	58	-0.7031299463886436
56	59	-1.4890796823676284
56	60	-2.4521780116019984
56	61	-0.8476097714178887
56	62	-2.278663767358826
56	63	2.1584145637653847
56	64	0.8224810424105914
56	65	1.8358959525181802
56	66	0.8500465636216072
56	67	11.179865098872169
56	68	-1.3722243078287015
56	69	0.3848510144849224
57	57	NaN
57	58	0.6231813086958942
57	59	0.42536956896790795
57	60	-0.8326882084391013
57	61	1.7450883961753179
57	62	-1.5844827791262512
57	63	2.1973992032365386
57	64	2.0948863355636904
57	65	-1.439046003680293
57	66	-2.8327133816727144
57	67	-2.7083810292477213
57	68	-3.1735758559650695
57	69	2.5507044296512125
58	58	NaN
58	59	-2.0800603608309465
58	60	3.1177912986279437
58	61	1.8055326645376415
58	62	0.8934004366595145
58	63	20.921082752138158
58	64	3.9836049006938903
58	65	2.58592218855449
58	66	1.0251434580354608
58	67	-3.935199239540177
58	68	2.6872297514828314
58	69	-0.8574860568610146
59	59	NaN
59	60	-0.42797347259868773
59	61	-1.077142844273994
59	62	0.7966754591363454
59	63	3.618246631646574
59	64	5.156830533255008
59	65	-2.3866346038944104
59	66	-0.903028787296129
59	67	-0.9434648111520143
59	68	-0.30126489437761467
59	69	-0.8837901368201077
60	60	NaN
60	61	4.573748762314362
60	62	1.5391185099438405
60	63	-2.725435462033012
60	64	1.1396129045160936
60	65	-2.729166656466439
60	66	-3.399217857503696
60	67	-3.207743383477904
60	68	0.8423535650146692
60	69	1.3999511184892695
61	61	NaN
61	62	0.633277364452317
61	63	1.0279198389103397
61	64	-0.1694307526070671
61	65	1.5089823652716132
61	66	-0.10937386813338215
61	67	-0.19947234150122586
61	68	1.1051083404196955
61	69	1.094004042264003
62	62	NaN
62	63	2.2705768913099917
62	64	1.048033875167545
62	65	3.0744967604680453
62	66	4.6178625665536
62	67	-2.74378389681174
62	68	3.7467862783676518
62	69	-0.0797671672329669
63	63	NaN
63	64	0.2976463639694688
63	65	1.6320529055693167
63	66	2.173879444218571
63	67	-0.67181541615231
63	68	0.21858664995815444
63	69	-2.02650018977942
64	64	NaN
64	65	0.028856266527772984
64	66	-1.8281567474306784
64	67	-2.6024291474070145
64	68	-0.5399617695396646
64	69	1.5048834892015779
65	65	NaN
65	66	1.7197845859880738
65	67	2.0016277671544516
65	68	-1.558663114246891
65	69	-0.7202230658265254
66	66	NaN
66	67	1.9092454678666542
66	68	4.039840482827097
66	69	-0.5627360024326357
67	67	NaN
67	68	0.005059632000917987
67	69	-0.6873675064630762
68	68	NaN
68	69	0.47025683812751407
69	69	NaN
