1	1	NaN
1	2	-2.3257649387946038
1	3	1.9103556221610314
1	4	-3.124160222606485
1	5	-0.7063463915801845
1	6	-0.6325997960196268
1	7	2.212303849250685
1	8	0.3886753692360375
1	9	5.4767853351648945
1	10	0.1990255821403594
1	11	-1.3399469215491864
1	12	0.27225840135760404
1	13	-0.6928808874541472
1	14	-1.8284614338878604
1	15	-2.2304260316878524
1	16	1.2311452366862514
1	17	0.6316365582343725
1	18	0.36002444396685124
1	19	0.3307989793468126
1	20	3.257764896678144
1	21	0.6295772563091302
1	22	-0.8126860554241576
1	23	-0.7846465575060854
1	24	3.1511630840303573
1	25	-1.642909382971815
1	26	-0.38581097372757184
1	27	2.140221861239043
1	28	1.3745273966770406
1	29	1.2146776304269538
1	30	-2.419184511318672
1	31	-0.8815160328206901
1	32	-0.9158522216146481
1	33	-0.6266553988889639
1	34	-0.2865460724891177
1	35	1.4049520791954426
1	36	2.9879479673071474
1	37	-0.41246619040327975
1	38	0.7517921543257566
1	39	-0.8541591666145882
1	40	-0.38312848183916565
1	41	-0.16638818687817242
1	42	-0.8825777439008946
1	43	1.6256358208309654
1	44	-0.641157256496653
1	45	-1.8248365882588464
1	46	-1.3884543748853821
1	47	-0.35747345808513253
1	48	-0.630471204013752
1	49	1.5417441545217752
1	50	-0.881004115884848
1	51	-0.38017654422596125
1	52	3.9409650511938175
1	53	-0.15063895972994873
1	54	-2.071154534974297
1	55	2.6816834490357397
1	56	2.1618538129697615
1	57	-1.2864533986967677
1	58	3.442655330855835
1	59	0.5151756073088202
1	60	-2.214225028740384
1	61	-1.5483491068614847
1	62	-1.3323794292633886
1	63	-0.2797257177455977
1	64	-2.0186488575394383
1	65	-2.0083203564091083
1	66	-0.5526961877943737
1	67	-3.5182755739394063
1	68	-1.6680507962499962
1	69	0.664626509980656
2	2	NaN
2	3	-1.3327052879184462
2	4	5.272172443213306
2	5	-0.5809665218943918
2	6	-1.0017033742661785
2	7	0.08843508304814682
2	8	-0.6747917093277964
2	9	-3.059305443639373
2	10	-2.0428132206428793
2	11	2.0972029890568877
2	12	1.0246616246147402
2	13	-3.182926536678771
2	14	-2.8285780940653673
2	15	-3.041290179403407
2	16	-1.1149221008584278
2	17	0.4306665275290553
2	18	4.109855747664346
2	19	-1.7407629146771493
2	20	-1.115848976324616
2	21	3.0691895555816546
2	22	0.9041852470123501
2	23	2.2772160878304915
2	24	-1.7694376238864855
2	25	1.409886567620331
2	26	0.515930794425515
2	27	-1.5124023037992604
2	28	-0.2237338013889659
2	29	0.3172050676370982
2	30	-1.9344800984054948
2	31	1.42637118282867
2	32	1.2247957220478738
2	33	-1.4288414369409002
2	34	2.0318937388337637
2	35	-0.9583140760692995
2	36	-1.1969149031655875
2	37	-0.9163124247591462
2	38	-2.548620214309727
2	39	-1.8312963902258144
2	40	-4.009567349229833
2	41	0.015653633735560463
2	42	0.4315773785517961
2	43	4.276238196102628
2	44	0.338976381064599
2	45	0.8660515242911302
2	46	-0.20235765153032587
2	47	-0.2785370240147808
2	48	1.2302587427628728
2	49	-2.774598516671269
2	50	0.12270578470996316
2	51	1.8545345149933656
2	52	0.286102656242724
2	53	-3.461922843273577
2	54	1.475831616171627
2	55	-2.079094817362992
2	56	-1.729867212414903
2	57	0.27153925384236177
2	58	-0.3168022829213987
2	59	-0.042542019823919926
2	60	0.4084185939950465
2	61	18.201078021764765
2	62	-0.4914569329245433
2	63	-2.230904990368779
2	64	-0.6694921163435563
2	65	-0.5722599536204035
2	66	1.4111576833125306
2	67	1.17015618954379
2	68	1.8788089934590104
2	69	-0.6945136478660159
3	3	NaN
3	4	2.8141836910590357
3	5	3.669383340056531
3	6	-1.9492118168753694
3	7	-0.5493930552308557
3	8	2.587201348260857
3	9	-1.1050893233453605
3	10	-1.656122058594162
3	11	-1.7092038197073023
3	12	0.5717712482279733
3	13	-0.5639597615811726
3	14	2.2631260187526325
3	15	-0.5060144155515348
3	16	1.8827923747355153
3	17	-0.4388853231042992
3	18	2.113886773309897
3	19	1.7722660581374932
3	20	-1.5335236069255704
3	21	2.540411773744425
3	22	-2.119420613524997
3	23	-0.4026039597163257
3	24	-2.8764610213756234
3	25	-0.6851743540837038
3	26	-2.3367893442015455
3	27	-1.6493511738436584
3	28	-2.322977476557513
3	29	3.7091793439527514
3	30	-3.598652373237605
3	31	2.1930112544218043
3	32	1.4411530905212029
3	33	-1.857998052236582
3	34	2.125443557647837
3	35	-2.746931867846193
3	36	-0.992590142739238
3	37	-3.7366492077851365
3	38	-1.9498175626196785
3	39	-2.163272611323747
3	40	0.102736772907079
3	41	-1.2986838254424213
3	42	5.558124600824157
3	43	3.152597179196993
3	44	0.37631655748136167
3	45	2.837931713070841
3	46	0.8165432045383603
3	47	-0.2628401398526351
3	48	-2.0958068606195273
3	49	-3.5634574979388574
3	50	4.0403893646423255
3	51	3.0533822463958424
3	52	-2.6116239977833002
3	53	1.926426230327589
3	54	-2.1440689502834345
3	55	-0.5581146572185468
3	56	-2.747601096929383
3	57	-1.0752976914951369
3	58	0.8305806063664961
3	59	-0.3083474949856856
3	60	-1.188517590353008
3	61	1.5872841160586824
3	62	-0.7776539991945671
3	63	2.229598559217085
3	64	0.4079295762947751
3	65	3.2825607639440286
3	66	1.4147511575334522
3	67	2.201546994252485
3	68	-0.3025029187665564
3	69	1.59865107563075
4	4	NaN
4	5	1.938728576403097
4	6	-2.5915793690523317
4	7	-0.694917629879452
4	8	-2.143021039611208
4	9	-2.7961543033905487
4	10	-0.2523178842864491
4	11	-1.7656714365719948
4	12	-0.08956334015606345
4	13	-0.4984630429634687
4	14	-0.40304287056798904
4	15	0.4500161598895681
4	16	-4.42335758873024
4	17	-0.24900666049812356
4	18	-0.8675560726500168
4	19	-1.6732083302510745
4	20	-2.647612532306902
4	21	1.6315113526342808
4	22	1.3900195429295772
4	23	-1.8331758898404418
4	24	0.18682333306742033
4	25	-3.025495980485025
4	26	0.32942358573577646
4	27	0.9040416403242791
4	28	1.0527913007480816
4	29	-0.2800629112348824
4	30	-0.0916713798001895
4	31	-1.024523717924164
4	32	-0.5782704612102986
4	33	2.4320771402098362
4	34	-0.710504252738745
4	35	-0.011205853644434088
4	36	3.5342658639072875
4	37	-0.4449496751712255
4	38	-0.5619546103747671
4	39	-0.9202587061432836
4	40	-0.7829696473427458
4	41	-3.0255893927082966
4	42	1.297130005613783
4	43	0.00041619133892741836
4	44	-2.0550481255399418
4	45	-1.762485487281581
4	46	1.7976899883893127
4	47	-1.6511029176655723
4	48	-1.233755780923954
4	49	-0.642488821159185
4	50	0.5184933755845317
4	51	1.9021371068741102
4	52	-2.9749389662285846
4	53	-2.7385160508856004
4	54	0.14255187286738843
4	55	-2.544167984219911
4	56	0.9575328110821946
4	57	1.005560597061176
4	58	-0.539165324689252
4	59	26.694632447539654
4	60	-0.9404986213050621
4	61	0.2140895325450323
4	62	0.026672103703124977
4	63	2.9086522984305567
4	64	-1.1709380627533732
4	65	-0.19697420183258776
4	66	2.4951303739373096
4	67	-1.331183753897665
4	68	-0.05096374978732278
4	69	-1.946813604596959
5	5	NaN
5	6	-2.9628634861210594
5	7	0.4690495609706549
5	8	-1.796389534047117
5	9	-3.1868270644474292
5	10	0.3902327779495431
5	11	0.20980729413174212
5	12	-0.4938607106682289
5	13	0.9902171602240183
5	14	0.021093800116109108
5	15	1.2212238367580532
5	16	-1.1510745342260922
5	17	-2.476322141529919
5	18	0.6950823319068129
5	19	-1.2110284252464676
5	20	-1.6998387979154455
5	21	1.2263890362413834
5	22	0.11357045587788502
5	23	1.0971647256187564
5	24	-2.923044117025322
5	25	1.4458052232073475
5	26	-1.9770928658983562
5	27	-0.20855006078838384
5	28	-2.02951615120552
5	29	1.2285998683131134
5	30	-1.7818235295656255
5	31	-1.229649402911424
5	32	0.823812787742821
5	33	0.7542861783889931
5	34	13.72782014421784
5	35	-0.43448423294030564
5	36	1.799779058477761
5	37	-0.30242917481369946
5	38	1.6601767237651266
5	39	6.300881817006321
5	40	-2.1286319469230834
5	41	4.739661888612599
5	42	-3.409825815648041
5	43	-1.3573514160518478
5	44	-0.3397241298723243
5	45	1.8851978196025667
5	46	-1.490105034083329
5	47	-0.6116226389624891
5	48	-0.871006790930295
5	49	-0.7090880511304315
5	50	0.04443316831482343
5	51	-3.5821178316634406
5	52	-1.9527151274895156
5	53	-2.158868759269871
5	54	1.619860453815893
5	55	-2.1991840582332953
5	56	-1.7970314126933098
5	57	3.087347413211376
5	58	2.340397599321892
5	59	0.5211578428625898
5	60	1.245539345596104
5	61	2.1944775749657772
5	62	-2.6041109438399683
5	63	-0.4505025110758547
5	64	-0.4793678039722152
5	65	-0.1791218952757655
5	66	-0.874824489020524
5	67	2.352235147436831
5	68	-0.9004083307710016
5	69	-0.8143019668739996
6	6	NaN
6	7	-1.8467454213781715
6	8	0.34998478081301987
6	9	4.626575365685785
6	10	3.6264487976048594
6	11	-0.65907448374338
6	12	-2.346192249047317
6	13	2.479046550686136
6	14	0.5305324707941619
6	15	-1.897762018735671
6	16	-0.04492245951452389
6	17	1.0774007371420817
6	18	-2.3619601445321825
6	19	-1.774730245421847
6	20	2.929371945939022
6	21	-1.8822740531259317
6	22	-1.6305885509319336
6	23	1.7226245242913998
6	24	5.507487878423343
6	25	-1.4325139345787772
6	26	-2.4739048906385053
6	27	-0.16349743633292968
6	28	3.1129401843714586
6	29	-1.222562826866467
6	30	-1.175431828558283
6	31	-0.6705109492364895
6	32	-2.2658377525144324
6	33	4.916815441139627
6	34	-0.23447205813998745
6	35	4.0168708078547395
6	36	-1.5342313593149841
6	37	-0.8474606421461245
6	38	1.8343510584769798
6	39	-1.8349530852970524
6	40	3.0311381416198664
6	41	-2.01801875415224
6	42	-2.9320839080410015
6	43	-5.234291935033762
6	44	0.7122829047598859
6	45	-2.3706323816923827
6	46	-1.7725323099321004
6	47	2.2150143331817405
6	48	-1.9138507142821268
6	49	2.2539885238495407
6	50	-1.8017162453883027
6	51	-0.5268290296779049
6	52	2.9292924710954296
6	53	3.4975346371902796
6	54	0.024295751435926695
6	55	5.185985168494358
6	56	1.7788024570779954
6	57	-0.21611380412310544
6	58	-2.5676873013951673
6	59	0.45937518843043246
6	60	-0.6020934746004306
6	61	0.8652202073278733
6	62	-1.1588066650687068
6	63	0.6168080205138226
6	64	-1.4281160736171932
6	65	-1.5882431049883223
6	66	-0.1516377639021484
6	67	-2.58125979258963
6	68	-1.6020266958738012
6	69	1.7566857126965165
7	7	NaN
7	8	-3.5832374358364225
7	9	-1.071643485331942
7	10	-2.8537816561127283
7	11	-0.36774634116757443
7	12	0.5347105771503167
7	13	-2.573387669411337
7	14	0.9622098729342101
7	15	-2.22633469427062
7	16	1.739897262740777
7	17	2.2767036106906304
7	18	2.392486012690622
7	19	0.36991927194765695
7	20	-2.2048442384376084
7	21	-0.35262960199487486
7	22	-0.7286874785535684
7	23	0.26273339134292795
7	24	-1.0577445540577708
7	25	3.5688294163145837
7	26	1.2698269765610282
7	27	1.711891452089132
7	28	-0.20634788280675306
7	29	0.277974657359564
7	30	-1.2379277157457877
7	31	1.3131368822842882
7	32	2.088995384465498
7	33	-2.3296248228595258
7	34	2.8310620611714143
7	35	-1.1982779822132612
7	36	0.5668729956155372
7	37	0.07500837413008274
7	38	1.9889059729958658
7	39	-2.5885372402616635
7	40	-1.9409292981260322
7	41	-1.4978343526598696
7	42	1.1818661343076213
7	43	0.12323669030957848
7	44	0.5387044200828319
7	45	-1.4157037036912796
7	46	-0.5537762229761903
7	47	-0.21571170426231456
7	48	4.292515899018382
7	49	-2.679459209403305
7	50	1.5831134600444783
7	51	2.921627581354368
7	52	-0.9596391700200017
7	53	-0.2254643165942847
7	54	-2.064972585360419
7	55	-3.93471701164063
7	56	-1.8117908622245291
7	57	1.230325567036412
7	58	1.9109718658388084
7	59	1.1048515639406589
7	60	2.2822895478282454
7	61	2.578115808790336
7	62	-0.26547489758757753
7	63	-0.3066783216898109
7	64	-0.8961876032373137
7	65	2.937086983566315
7	66	-0.05749326628599951
7	67	0.2372403132126252
7	68	0.8772651208382949
7	69	0.06634121294926679
8	8	NaN
8	9	0.9274504630092973
8	10	0.5988071694471532
8	11	-3.0744783770239943
8	12	-2.5491088856649826
8	13	1.9760214637078468
8	14	-0.8654431645587263
8	15	0.2606875232780589
8	16	1.1847474199515051
8	17	-0.21671779379673822
8	18	-1.8363547170576335
8	19	1.7071843757659007
8	20	0.9764399772183534
8	21	7.813997308095636
8	22	0.2044388280434214
8	23	-0.5090715151628638
8	24	2.4447069430263104
8	25	-2.2916925057708517
8	26	-5.198221902206444
8	27	-1.7634463973559154
8	28	1.7949474746221725
8	29	0.4443677497938658
8	30	-2.3178474598667247
8	31	-0.0650840591426645
8	32	-2.5043571318656697
8	33	1.285341227510901
8	34	0.7628326279715884
8	35	-1.0970618429289543
8	36	-1.3725917183771674
8	37	15.701293654895053
8	38	1.341911750997991
8	39	-1.939575117926236
8	40	0.7434093236335367
8	41	2.094458991046867
8	42	-2.241170872844752
8	43	-3.8539956351694156
8	44	0.7188407122634656
8	45	-1.6853084381189132
8	46	-2.0653729950722237
8	47	-0.9808021347294358
8	48	3.464717524172642
8	49	1.234069120279808
8	50	-3.6440820646354948
8	51	-3.24863439579409
8	52	0.9628456913633509
8	53	1.3893082736981879
8	54	-0.08091242581711951
8	55	0.8036031873904182
8	56	1.2696313581575227
8	57	-0.15000419016512084
8	58	-2.0762416356804057
8	59	-0.08813230317912484
8	60	-2.294976970155254
8	61	-1.6589492457123387
8	62	-0.629984199893198
8	63	-1.5283108683160296
8	64	-3.1718179628592233
8	65	-0.27970970027207526
8	66	2.389100762502656
8	67	1.5723576267688146
8	68	-1.0360964717426018
8	69	2.41776086874781
9	9	NaN
9	10	2.1181753262446796
9	11	-1.4998777445066374
9	12	-3.0163530702635537
9	13	-0.2078091773794
9	14	-0.643892790179208
9	15	-1.8702498730472792
9	16	-0.4592654799814433
9	17	2.1531266403205733
9	18	0.8015001089889238
9	19	1.2530840306186055
9	20	3.0844861747917136
9	21	0.4296005251444417
9	22	-0.5479336684018467
9	23	0.8085041864203039
9	24	3.0820727808043635
9	25	0.5630095529309836
9	26	-0.7431392326167824
9	27	-1.7245658642409947
9	28	3.384517531237959
9	29	-2.1259869227824635
9	30	-1.2479514634326647
9	31	-1.7430677047186593
9	32	0.33101541504081833
9	33	-0.018466789233217065
9	34	2.0966999334185696
9	35	2.897997126981658
9	36	-4.574926885059105
9	37	-2.0097968199093903
9	38	3.223636634670128
9	39	0.8539179417610088
9	40	2.1123082590894224
9	41	0.020470675667474594
9	42	-1.4697732480026937
9	43	-2.022936466315799
9	44	0.6151803862003751
9	45	-0.49194925155430885
9	46	-2.1328292720796904
9	47	1.2188351716236991
9	48	-4.020664036014235
9	49	0.8370563835518384
9	50	-3.8257003110922962
9	51	-2.2717195837633253
9	52	2.501961205176558
9	53	4.837101183850334
9	54	0.17913768655887355
9	55	1.7874279950648126
9	56	2.5405726027176976
9	57	-2.309615782958687
9	58	-0.8389202869145282
9	59	-1.7558521802740574
9	60	-3.4244734730184043
9	61	0.08787454098379224
9	62	-1.207690002238309
9	63	1.8455312106117154
9	64	-2.4451857173800793
9	65	-1.6182743784685882
9	66	3.1296300505353383
9	67	-1.536601726522095
9	68	-0.28138130469599193
9	69	4.268176408958535
10	10	NaN
10	11	1.8452914509579688
10	12	-1.1232228084657678
10	13	0.7567077016661118
10	14	-0.9207133839658809
10	15	-0.43517212610650763
10	16	-3.6769684630009967
10	17	3.474732666119003
10	18	-2.943634274051548
10	19	-0.4002024952500128
10	20	1.051583459129196
10	21	-0.984476935572862
10	22	-1.2154541280739934
10	23	-0.15559610132035825
10	24	1.8217755470494372
10	25	-4.296136230522116
10	26	-3.789972186437529
10	27	-3.0679261114003955
10	28	0.6987182242406081
10	29	-2.043462063635501
10	30	-0.41576513542139704
10	31	-2.5231802216772325
10	32	-2.711189963824482
10	33	1.8378538233841153
10	34	-1.4974429921941332
10	35	2.801509698372981
10	36	-2.852498394159141
10	37	10.730407063736868
10	38	1.619438104887711
10	39	11.127552508458614
10	40	1.2950602679765035
10	41	0.7605699873709612
10	42	-1.226603610921114
10	43	-2.6516142868554327
10	44	1.675845618073214
10	45	1.4648200013394563
10	46	-0.22309652924709975
10	47	0.8500303468327769
10	48	-2.0938713925603603
10	49	1.633935858815238
10	50	-0.5550456597878943
10	51	-0.5194249262137257
10	52	3.0756318791079993
10	53	1.1585773247258644
10	54	0.07128030228164836
10	55	1.9172900322525563
10	56	2.1800559058616518
10	57	-0.9689856481395374
10	58	-4.51708309899689
10	59	-1.335677666543149
10	60	-2.446233900315032
10	61	-0.24423484012723987
10	62	0.09334936053708126
10	63	0.4172041203693605
10	64	-2.051704820892895
10	65	-1.7655873865372806
10	66	-2.0406640864869816
10	67	-4.601103379476787
10	68	0.6691760836672735
10	69	0.08803811730257548
11	11	NaN
11	12	2.500607648831739
11	13	0.26622417190357395
11	14	1.4697627048340176
11	15	-1.3293177431356578
11	16	-2.797379005819695
11	17	-1.4358200757831021
11	18	1.8924423314846364
11	19	2.2290688663087086
11	20	0.7976562130285754
11	21	1.5610167869615312
11	22	-0.5855693632400908
11	23	1.0404747329449413
11	24	-1.2897571370414014
11	25	0.6518342320619295
11	26	-3.371185132135859
11	27	-0.7208238221375055
11	28	-1.3605382733559106
11	29	1.758652537120802
11	30	-1.6256714353841595
11	31	-1.5552176278542944
11	32	0.9952948833307428
11	33	0.4216922478201414
11	34	0.6048807718366633
11	35	1.7072334351683904
11	36	-0.4342370891017216
11	37	-1.3840383451527016
11	38	-0.501826243344805
11	39	-2.6378878866073987
11	40	2.450416009721148
11	41	4.372471503575057
11	42	0.7538761988880129
11	43	-0.6699957235291978
11	44	1.3359254428670708
11	45	0.7126894219029071
11	46	1.6183859461090742
11	47	-0.17565922806033646
11	48	-1.4051798496192136
11	49	-1.4807074794653896
11	50	1.2000702177874416
11	51	0.7147989256470061
11	52	0.7719416212708476
11	53	0.2236342603100575
11	54	-0.7077960205364887
11	55	-0.5011024267172937
11	56	-0.6064816069833838
11	57	0.022684642885803578
11	58	-0.47878878378451556
11	59	-1.2249123891901617
11	60	1.810923031043841
11	61	0.5873964142572515
11	62	3.5212797554058515
11	63	-4.1250308597521785
11	64	-0.44411857442290575
11	65	-1.8732104720433396
11	66	-1.0308172070701949
11	67	-1.3037948582424692
11	68	1.0715135255930859
11	69	0.274666882957054
12	12	NaN
12	13	1.875227689311517
12	14	0.6341396804603471
12	15	0.9557851599022832
12	16	1.884708366662467
12	17	0.2132879547488706
12	18	3.0904992014194543
12	19	0.6486161270896663
12	20	0.4107242884966617
12	21	0.016783836897886616
12	22	-0.00015795591192261423
12	23	-1.7609212537867625
12	24	-1.9895720499705334
12	25	1.948534087102135
12	26	1.469480169403657
12	27	5.6529720326282
12	28	-1.1825270127835543
12	29	1.4742801753362227
12	30	1.286449818798972
12	31	3.1834153829044247
12	32	0.8214679878876993
12	33	-2.586788569003173
12	34	-0.8491830468377126
12	35	-3.590968669670483
12	36	-0.82392936539314
12	37	0.5568217533829158
12	38	-2.346164702900057
12	39	-1.0012022173240138
12	40	-0.08250219861169952
12	41	1.4246001452658092
12	42	0.6354481110750245
12	43	3.261200252896943
12	44	0.5757554226515076
12	45	1.643374212981875
12	46	-0.5892852271831236
12	47	-3.5654075554740055
12	48	3.142784381371109
12	49	-0.8475041368455154
12	50	-0.6335819160327429
12	51	-0.5846897721315378
12	52	-1.1296025200561575
12	53	-2.09785603882248
12	54	-1.1702053677511777
12	55	-1.6521261155132358
12	56	-2.2759729686210894
12	57	0.6954465887727106
12	58	-0.16266732098279912
12	59	-0.9976722448859313
12	60	1.3533220123683691
12	61	0.00196076524394194
12	62	2.771723343374865
12	63	-0.9439886021530753
12	64	-0.31543618781666827
12	65	1.8541960114958047
12	66	-2.311747171336965
12	67	1.8857436556417737
12	68	2.533442494822294
12	69	-0.1464878666809611
13	13	NaN
13	14	-1.71905005783747
13	15	-0.6988115730726209
13	16	2.384452301885828
13	17	0.29832211339422826
13	18	-1.3180790313074362
13	19	0.4905416288490352
13	20	3.8468674593644727
13	21	-2.2821374664928986
13	22	0.028485789934115793
13	23	-0.022501777396648513
13	24	1.5639853464993747
13	25	-2.2595709944441564
13	26	-1.5688451588288501
13	27	-0.1527245220267027
13	28	-0.14258550711272072
13	29	0.4228176621527147
13	30	-4.1436396339399675
13	31	0.4553818178153214
13	32	1.0381181160910888
13	33	0.530964411714224
13	34	-2.150272391495085
13	35	-1.4710581998624408
13	36	0.21443525440222508
13	37	-0.33217680737541866
13	38	-0.34025435710179625
13	39	0.7285225101740952
13	40	0.343299349508006
13	41	2.0752535625699036
13	42	0.14561049114213206
13	43	-1.254571064296651
13	44	-1.0477393312346026
13	45	-1.3694267883395688
13	46	-0.23209335868714395
13	47	-2.1055391859449415
13	48	-1.0491917041254586
13	49	2.2437229842092123
13	50	-0.2382638282521965
13	51	0.6037949722939443
13	52	1.6343042932987255
13	53	0.5168601096514668
13	54	-1.2519772334770045
13	55	1.1302268657296368
13	56	2.213631669146675
13	57	0.532202761425948
13	58	0.2900497693105663
13	59	-2.2014409607273193
13	60	1.4093915196662699
13	61	-0.612435589383797
13	62	2.0373623301884454
13	63	0.039018722611619816
13	64	-0.4142880102072103
13	65	0.9585973059982102
13	66	1.223159404395048
13	67	-2.000516870397326
13	68	1.0907336990537693
13	69	-0.44729959768722183
14	14	NaN
14	15	-0.009310345389777023
14	16	2.2538031941075793
14	17	-1.267686399887854
14	18	-1.2766983129460125
14	19	-2.2414058406852018
14	20	1.5080887040838447
14	21	1.0343943894845835
14	22	-2.527081755006632
14	23	-0.06754499568911827
14	24	0.6591487338497574
14	25	0.24188319167017594
14	26	-1.676075605544829
14	27	2.483326923450138
14	28	-1.0131860434945248
14	29	1.1466525444120428
14	30	-2.773817419718105
14	31	-1.3535442495646013
14	32	1.1773951983470863
14	33	-0.429912418693066
14	34	-0.9767785396353884
14	35	1.3348645803006713
14	36	-1.1888679840330614
14	37	-3.214304652884082
14	38	-1.5241688772804658
14	39	-1.4661508767758173
14	40	0.7240813703124641
14	41	-0.18946373321302412
14	42	3.553065453918395
14	43	-0.6234758367861157
14	44	1.1026981100758304
14	45	-1.5687511468586581
14	46	3.1093541768928854
14	47	-0.1674861077780647
14	48	0.6607087715442143
14	49	0.39642102160214443
14	50	-1.137023608042257
14	51	-0.015829872736201612
14	52	1.7442452166161007
14	53	9.212697690828705
14	54	0.5392264660608403
14	55	-1.735088202061775
14	56	1.3553965068628928
14	57	1.5280138763568767
14	58	1.6533009259291382
14	59	-4.1579531419513875
14	60	0.9874120663460866
14	61	-1.0105509989729535
14	62	-2.5195672692196402
14	63	0.8201765785788854
14	64	-1.4011746473018112
14	65	1.591734033653872
14	66	-0.34469161911124596
14	67	-0.8616370055062597
14	68	-0.056342750324084034
14	69	-0.4438952737430775
15	15	NaN
15	16	0.5326102706499045
15	17	1.4388011119064592
15	18	2.732724698296414
15	19	-0.24010138780229962
15	20	0.7492501778980114
15	21	-2.102182597179376
15	22	-1.1724453718732475
15	23	-1.077050317600635
15	24	-2.6050926188629764
15	25	-0.32575916674452593
15	26	1.5729504400147534
15	27	2.6383997192990543
15	28	-0.9450609488959085
15	29	-1.3450235987197652
15	30	-1.3815522392618877
15	31	-0.12864749829160801
15	32	1.698075702410415
15	33	-1.2391886223437223
15	34	2.595251821055113
15	35	-1.7692389773302994
15	36	0.5301293976511877
15	37	0.33519854315239467
15	38	-0.17179428772847655
15	39	1.5186168504042201
15	40	-2.449912794782005
15	41	2.5829796791332713
15	42	-0.5394049461824791
15	43	-1.2338080495379584
15	44	-1.2661022707475933
15	45	6.271030401059146
15	46	2.9031839994287947
15	47	-0.13192730987789747
15	48	0.7903563522957471
15	49	-1.835129491833559
15	50	-0.6472754784446779
15	51	-2.5208643229007763
15	52	-1.1942250528697225
15	53	2.0789275082594805
15	54	1.1284128049094804
15	55	-0.1399932370779687
15	56	-3.5576426756423642
15	57	1.575328115361767
15	58	-0.24533347834323435
15	59	-0.304646210754601
15	60	5.424612127360505
15	61	0.2538621762412222
15	62	0.7882931834497711
15	63	4.1791456857295115
15	64	1.0742222180727188
15	65	0.6727397811096322
15	66	-0.39158095090993145
15	67	1.3007445676203662
15	68	-1.755062788050982
15	69	1.670900364006316
16	16	NaN
16	17	0.4176089606188728
16	18	1.9478590975891885
16	19	1.499428157208571
16	20	-0.37896435381143684
16	21	-0.9168313403847481
16	22	1.578542587644954
16	23	4.115438601434612
16	24	1.001384328521447
16	25	-1.516901933701728
16	26	-0.30821374810767793
16	27	-3.6671606454663968
16	28	0.8549975291925426
16	29	0.30823978755012177
16	30	1.0237044249237306
16	31	-0.04115011118804059
16	32	0.6962594308030584
16	33	-2.1636011563370134
16	34	-1.1675513648254834
16	35	0.17336271075309911
16	36	-1.4805906944966087
16	37	-0.5410716119636836
16	38	-2.015475869941223
16	39	-0.4472387662374994
16	40	-0.18552057677660608
16	41	0.5626092962970465
16	42	0.08993774125041339
16	43	3.196304422169439
16	44	-4.1481554252662045
16	45	4.227566422242991
16	46	3.2841959514380963
16	47	-1.1446810836197667
16	48	3.5743883507846776
16	49	-3.1309380204572475
16	50	1.601058812710616
16	51	-1.4222544246852424
16	52	-0.4162310792825169
16	53	1.2284771543797657
16	54	-1.9865533949518153
16	55	-1.4859623227583376
16	56	-0.3387378014229808
16	57	0.7317464359985985
16	58	-1.2546323406713622
16	59	2.2512154457303972
16	60	-0.9103231838021026
16	61	0.41318677044392293
16	62	1.4512498800722498
16	63	0.2573106489438141
16	64	-0.28184977373899717
16	65	0.7735685178460692
16	66	-2.438404912570276
16	67	-1.6474189261044578
16	68	0.5060827080486463
16	69	0.3445551088836061
17	17	NaN
17	18	-2.8668157466358317
17	19	1.0821242742836472
17	20	0.45749505149640163
17	21	-2.302007357067932
17	22	0.7067270710844783
17	23	0.38482140503880186
17	24	1.9422717213994711
17	25	-0.03004214029629931
17	26	-2.509423714818111
17	27	1.1183707259538584
17	28	-0.6594969053304681
17	29	1.6674515641354342
17	30	-3.8347201674284914
17	31	-0.2120617441010539
17	32	-2.5759194807160175
17	33	0.47687572029812986
17	34	-2.692329370163802
17	35	1.1470880767029434
17	36	-0.4335830930568344
17	37	-2.770360261356448
17	38	0.21494331542515072
17	39	-1.1083240249501587
17	40	2.182945206643238
17	41	-1.1072930303435973
17	42	0.14559088228281994
17	43	-1.565591217656734
17	44	0.8906642140297601
17	45	0.2543596534998982
17	46	3.0756811341723522
17	47	1.710491602146118
17	48	-1.8713805896381617
17	49	2.498102003958923
17	50	0.5501995291044334
17	51	-0.5849617097488772
17	52	3.60585815943417
17	53	6.225804639708139
17	54	-0.6092875289785726
17	55	-0.07327476374101762
17	56	0.920412741224614
17	57	-1.0350426515633353
17	58	0.22508467891440848
17	59	-1.8814131621562182
17	60	-6.23913485242408
17	61	-0.8876651436807987
17	62	1.2051826368797958
17	63	0.5768688839233241
17	64	-1.892245036672352
17	65	-1.039718545960354
17	66	-0.1535727608955916
17	67	-2.2493565634329333
17	68	-1.3147402531802979
17	69	1.570783952013021
18	18	NaN
18	19	0.8567268095287434
18	20	-1.8941831754414196
18	21	3.4581504051742393
18	22	0.21309753264638914
18	23	-2.5601517594510566
18	24	-3.39399272763239
18	25	1.4229412441838103
18	26	2.7962681901146627
18	27	0.5547728358900567
18	28	-2.8379864380984983
18	29	0.05332741606746781
18	30	-0.008597570139216797
18	31	4.4354721027723345
18	32	0.5338441173820923
18	33	-0.6487424137224469
18	34	-0.3516137621544656
18	35	-2.0103545964582135
18	36	2.1091090285883327
18	37	1.4762965904792946
18	38	-0.02912366179921372
18	39	1.7928069916150162
18	40	-1.9884756345690204
18	41	1.263862170493905
18	42	1.661423888876333
18	43	1.146378835510955
18	44	-0.9527136546028644
18	45	-2.478556768814289
18	46	0.9824353251729652
18	47	-3.5375252862476914
18	48	1.216612009155097
18	49	-1.2244133465428553
18	50	-0.27227164593053194
18	51	-2.721142760752692
18	52	-0.9017984320212792
18	53	-1.6109353934218014
18	54	0.2390670059408487
18	55	-0.36653235144572816
18	56	-2.4112343662044755
18	57	-0.05184284232587661
18	58	2.428156900466632
18	59	0.24594894270460774
18	60	0.2998102703704469
18	61	2.679065289572753
18	62	5.047738213946356
18	63	-1.7478429560761308
18	64	-1.8171143049331206
18	65	3.6661677205321705
18	66	-2.5260032457021313
18	67	1.035277317962922
18	68	-1.2368769175261618
18	69	-1.0219660303889502
19	19	NaN
19	20	-0.991325750618346
19	21	0.9071612838039363
19	22	1.6703814457040043
19	23	3.4977511933943366
19	24	-0.060957624374815715
19	25	-0.5084852504770279
19	26	2.1436948580386717
19	27	1.475432405057759
19	28	1.6287347355788702
19	29	-0.37810361614566507
19	30	-2.907789709642596
19	31	1.3187665263270048
19	32	1.1453350137986842
19	33	-1.2677928652876527
19	34	1.3060897398348799
19	35	0.6516065763190794
19	36	2.3709063176178597
19	37	1.171194801881495
19	38	-1.908326663085718
19	39	-2.1034982782475744
19	40	-0.8516681241559096
19	41	-3.029981053789388
19	42	0.6568670393979248
19	43	-1.2541952726188184
19	44	-1.5483609358611614
19	45	2.625567425350393
19	46	0.5142697033919901
19	47	-0.2785650352007044
19	48	2.0471651910420303
19	49	-1.1414817116851637
19	50	0.158386612899595
19	51	-1.106100011056962
19	52	0.30332409322131043
19	53	-2.7962648817318523
19	54	-2.7458346517797656
19	55	1.8838566495157816
19	56	1.1921372897817897
19	57	-2.357047188001205
19	58	-0.8068739640911735
19	59	-2.118274113063389
19	60	0.7946404650230672
19	61	-0.4614670295081282
19	62	-0.684480083247822
19	63	-0.9062953966651001
19	64	-0.9356971620283115
19	65	-0.566506207689982
19	66	0.6033759862312398
19	67	-2.0454061888736077
19	68	-0.16316007377101768
19	69	1.7483613017623358
20	20	NaN
20	21	-2.559227757853576
20	22	-3.72099585381818
20	23	0.22624364466176086
20	24	4.157510139708499
20	25	-3.2342546063975743
20	26	-1.4186722357999417
20	27	-1.2418751382634592
20	28	2.497982919945092
20	29	-2.658143970835267
20	30	1.1943993447273753
20	31	-0.826026061904383
20	32	-0.5800338508649202
20	33	1.2731896419219608
20	34	-0.3362909509690195
20	35	3.6488402330288507
20	36	-2.1691375549225245
20	37	-0.014639688201569846
20	38	2.5978400538537803
20	39	-0.5766547932241501
20	40	2.3011350215833355
20	41	-2.849450734219188
20	42	-3.216507893305121
20	43	-1.5424589074051873
20	44	0.09143465535864015
20	45	-2.5490446534349407
20	46	-2.2948606804717104
20	47	1.2661131450612404
20	48	-4.085748988395312
20	49	0.31239095857834664
20	50	-1.922736517020419
20	51	-1.5841784964701118
20	52	5.2817533797408815
20	53	1.8945253384816427
20	54	1.5774291576992474
20	55	3.959654224595102
20	56	3.2826809971155315
20	57	-1.9829110257510487
20	58	-2.5135235110611465
20	59	-1.2660103041396993
20	60	0.47112679536296664
20	61	-1.34582365594674
20	62	-1.5596268426522524
20	63	0.9991702693981112
20	64	-0.9410187889126921
20	65	-2.7596438684936766
20	66	3.486812347679022
20	67	0.5924677586984095
20	68	-3.996164077039309
20	69	4.648453079742478
21	21	NaN
21	22	4.214977823499181
21	23	-1.7534484516551418
21	24	-0.8798166656391536
21	25	3.3767472871534685
21	26	1.1020889949021255
21	27	-0.9543343866261249
21	28	-1.9353839756905125
21	29	0.9947826134381795
21	30	-1.0668312926504644
21	31	1.5500277664875872
21	32	-4.507989144210236
21	33	-1.8006208331556468
21	34	-1.2217134865090178
21	35	2.9825465677918666
21	36	-2.782166181017158
21	37	-0.42212962020015904
21	38	-1.0532223917770385
21	39	0.23545312936820897
21	40	-1.388597923089762
21	41	1.248961691828357
21	42	1.5150302632615475
21	43	1.219063747830827
21	44	0.8326575461096377
21	45	3.15904156451515
21	46	6.065949631516302
21	47	-0.6934113858186359
21	48	-0.3158212372960258
21	49	-1.2049225062625641
21	50	0.22922359931840572
21	51	-1.3896325595142849
21	52	-2.8556110591214146
21	53	-2.6738038840312943
21	54	-0.392794936654191
21	55	-0.7274058993274232
21	56	-0.9885446057152267
21	57	1.3041123931892011
21	58	2.0775882721030414
21	59	-1.0587717598484527
21	60	0.13132476085373687
21	61	-1.504561978826757
21	62	-0.5783072428700002
21	63	-0.0953656146468711
21	64	-2.2780214102579173
21	65	-1.4638664772450871
21	66	-1.745072763076036
21	67	-1.2588590808558122
21	68	1.9877838797561884
21	69	-1.4316707229246857
22	22	NaN
22	23	1.2839912060649454
22	24	-1.4327504265501043
22	25	1.5042905466061214
22	26	-0.42760933462465034
22	27	0.5742610653562208
22	28	-2.3942499075019876
22	29	-1.5043962976260785
22	30	-1.062617184042902
22	31	0.9521352760716325
22	32	-2.282645564662414
22	33	-2.106960883162934
22	34	-0.0337467262604348
22	35	-1.0747260117487478
22	36	-0.2384981431936612
22	37	-0.5487176914867917
22	38	-1.6556575168204073
22	39	1.8616179027650792
22	40	-3.539736544047844
22	41	1.7982941481898786
22	42	1.8002121089234981
22	43	2.3261370955580056
22	44	1.886265062893362
22	45	-2.5552146794870043
22	46	2.7070578162700407
22	47	-2.5683816419310435
22	48	0.8801940698316524
22	49	-1.7816317339123584
22	50	1.9967273301914628
22	51	1.8202013490580802
22	52	-1.49072272657691
22	53	-2.637018561206193
22	54	-1.2139862883631662
22	55	-1.4466567036117641
22	56	0.4127385758443333
22	57	0.16819318414021162
22	58	3.142436831544641
22	59	0.1421141954599233
22	60	-0.7375315983511241
22	61	-0.1408345093879844
22	62	1.3288353064016378
22	63	0.75624771722901
22	64	3.9850224166270767
22	65	5.6763694524425246
22	66	-0.8059408063737581
22	67	1.5031511438112648
22	68	5.618374616667904
22	69	-2.1034785164832606
23	23	NaN
23	24	0.12216744436055849
23	25	-1.731998019612692
23	26	0.7601469273488327
23	27	4.463775960930376
23	28	-0.5976859681778851
23	29	-0.4070415973791594
23	30	-1.738163058069542
23	31	-0.6281183764031939
23	32	-0.5652907847969584
23	33	2.5205870725950947
23	34	-0.48658596270152665
23	35	-0.7759407767908993
23	36	-1.085103142470566
23	37	-0.018251135562116827
23	38	-2.605385955347799
23	39	0.8212958113631894
23	40	-1.14615211195127
23	41	0.5997958107011954
23	42	-3.290734018938078
23	43	-3.176730294981266
23	44	0.6758896670163205
23	45	0.7863378541197849
23	46	1.4869515965208187
23	47	0.8083787618459626
23	48	1.0909852250393475
23	49	0.31189153531538416
23	50	-2.505146687030026
23	51	0.6954836139617115
23	52	0.7358859598900566
23	53	-1.3317533042269118
23	54	-1.1267153425357732
23	55	-0.06793884294177126
23	56	1.860872862312706
23	57	0.5178667245487407
23	58	-0.6000649276169303
23	59	-0.1930706511423621
23	60	-0.4599046781026295
23	61	-1.4738806597522287
23	62	-0.7260899065531741
23	63	-0.8676633856282456
23	64	0.6092853871244653
23	65	0.006992812896506693
23	66	-1.0198734547659791
23	67	-0.6707559165671536
23	68	-1.6284368792782151
23	69	3.88034980368708
24	24	NaN
24	25	1.9151197101297142
24	26	-1.7922414929660913
24	27	-2.489757710852487
24	28	4.362137131534319
24	29	-4.375088143675764
24	30	-2.48941876072573
24	31	-1.899532812241027
24	32	-1.081384864326724
24	33	1.9977874116145515
24	34	-0.48718142349904126
24	35	2.8537373994462882
24	36	-2.6164177318595354
24	37	-2.6253028893814427
24	38	3.5681523912536925
24	39	-2.533638631866764
24	40	5.572419180463644
24	41	-0.6871656248097426
24	42	-2.1994286001401693
24	43	-1.7422037016339298
24	44	0.9208423891000318
24	45	-1.7693358719367704
24	46	-2.4736352371618935
24	47	1.9647817296716599
24	48	-1.0255387249761039
24	49	3.140359398458514
24	50	-0.8761800892485897
24	51	-0.5785211237611477
24	52	2.3546432256821195
24	53	0.9811499983492286
24	54	1.0443476599625217
24	55	3.25367337541484
24	56	1.3858020655848238
24	57	-2.8004777993370733
24	58	-3.2001174307950317
24	59	0.45937913579182676
24	60	-2.7267566867840647
24	61	-1.1906269146565025
24	62	-0.6501364376379962
24	63	2.2368034588292236
24	64	1.1398316609716899
24	65	-0.12718314752814197
24	66	0.21880625835186546
24	67	-1.75187407544078
24	68	-4.731437558051509
24	69	2.133342205322273
25	25	NaN
25	26	1.4861423430707543
25	27	3.1373545300319274
25	28	-0.1374381282392466
25	29	-2.1872197657837873
25	30	-0.5495563004256971
25	31	3.350357781086647
25	32	1.938600784711981
25	33	-0.43090968210420744
25	34	-0.057013352738043276
25	35	6.804408019466518
25	36	1.109922949254701
25	37	18.225535037570726
25	38	-0.22749538926016175
25	39	-3.11909464067386
25	40	0.9170992634342304
25	41	1.3363693705770576
25	42	3.0985143495419147
25	43	-2.1610408555943863
25	44	-1.3672356953187512
25	45	-0.9429173580073709
25	46	-0.954093647017238
25	47	-3.03610958131015
25	48	-0.2699335418545125
25	49	-1.123460971941463
25	50	-1.3245585287443178
25	51	-2.491322443796185
25	52	0.29722641879682155
25	53	-0.8797509010415143
25	54	0.10534948448965029
25	55	0.11775397577510428
25	56	0.328978996607873
25	57	-2.7226788459228577
25	58	1.2420100723176943
25	59	-0.37804170406943216
25	60	2.626825075348268
25	61	-2.5217072590653773
25	62	-1.971917761644859
25	63	-0.10767267672017165
25	64	0.8865925861309898
25	65	-1.6058169823870303
25	66	-0.6301377366567921
25	67	-3.2163803382800245
25	68	1.6021137578191682
25	69	-4.653753485862548
26	26	NaN
26	27	2.323038132292845
26	28	-1.5963174239363491
26	29	-1.6891022639425008
26	30	75.51667420217358
26	31	0.49038929753541033
26	32	-2.693324653437535
26	33	0.26480951429485355
26	34	-2.942546828521166
26	35	-3.6544289886871204
26	36	3.9765697943970872
26	37	0.9625327168070154
26	38	-1.0146504392088038
26	39	-1.2189211792085706
26	40	-1.1318052558010263
26	41	-0.13591497718414908
26	42	3.3342327168315786
26	43	-1.7584537186341611
26	44	-1.2469422243154362
26	45	-2.9679916203647734
26	46	-2.190527470001718
26	47	-2.0385288365402623
26	48	-1.1500643391216292
26	49	-4.018984840716484
26	50	-0.9141560736112321
26	51	-2.1994648191151933
26	52	-1.0050990899358827
26	53	-1.7657835538217805
26	54	-2.575995816825222
26	55	-2.640198351708179
26	56	-2.869803805098714
26	57	-4.451436849434381
26	58	-3.419210376365615
26	59	0.28434751748025067
26	60	-1.1599177551594984
26	61	-2.7602301635622277
26	62	-1.5559280653065446
26	63	-1.975988434640802
26	64	-3.385389788025171
26	65	-2.2125608836069297
26	66	-0.19085190162623497
26	67	-1.3134164902067513
26	68	-1.8446323908523166
26	69	1.3304848879862534
27	27	NaN
27	28	-2.991035765194846
27	29	0.6658535973264563
27	30	-1.6231241346992396
27	31	0.11084632448320426
27	32	4.149132856287359
27	33	-0.4008141980273882
27	34	2.1969463978075754
27	35	1.247999372234268
27	36	-0.16741308147856523
27	37	-2.4579099588228117
27	38	-1.033162111092526
27	39	1.016001380798175
27	40	-1.6979127937540301
27	41	-0.9506212779491591
27	42	1.8552761533248774
27	43	2.582002457335107
27	44	-1.2230287433700628
27	45	-0.2657008717707324
27	46	2.8966008858104684
27	47	-1.907652563147852
27	48	2.8335975072336628
27	49	-2.1378381411660476
27	50	0.7050648305407207
27	51	-0.9296376570693022
27	52	-1.8073161970123148
27	53	-1.360477774404641
27	54	-0.9964061163923236
27	55	-2.1217822972317717
27	56	-0.6340672849272624
27	57	-0.3969452001612841
27	58	0.9512485987296591
27	59	-2.1689114978159494
27	60	1.9212017180984438
27	61	0.2823485886218402
27	62	-0.44432339068181037
27	63	-0.7947259744186209
27	64	-0.09453917383391838
27	65	2.753038136806305
27	66	1.3461203970469595
27	67	-2.7619624549057877
27	68	1.5284345994307573
27	69	0.7900603882953035
28	28	NaN
28	29	-2.0158696161690326
28	30	-3.9211257510809014
28	31	-0.8129926989974307
28	32	-2.982664573251017
28	33	3.294421961199219
28	34	1.11548050864756
28	35	4.912069653979255
28	36	-1.642122626003121
28	37	-0.7834715977890322
28	38	1.0010194392356386
28	39	-1.3082004952976083
28	40	4.189036927016236
28	41	0.8294199277040528
28	42	0.6563990319533688
28	43	-0.5572683569978766
28	44	2.720735950285984
28	45	-3.0289329553420794
28	46	-1.0483208892441627
28	47	1.0471753734561808
28	48	-2.361966389208425
28	49	2.014735624196107
28	50	0.06254287028210405
28	51	-1.3996410294104993
28	52	3.9277248237683002
28	53	2.8503266628853967
28	54	0.6347961950344713
28	55	2.2630493334953763
28	56	4.305706985006254
28	57	-1.9303112080721445
28	58	-1.831444733792606
28	59	-0.47012200646862357
28	60	-2.632946345579058
28	61	-0.4037889386549483
28	62	-3.880944507197113
28	63	1.4789228355197175
28	64	-1.7374945535407
28	65	-3.116177118507539
28	66	0.01997919328848079
28	67	-0.4441020758090459
28	68	-1.7428009383309986
28	69	1.2903995642214021
29	29	NaN
29	30	1.610896750465516
29	31	4.0490962927236644
29	32	-1.1355843358746756
29	33	-2.26593977491576
29	34	0.04315461939573219
29	35	-1.7231184895575613
29	36	2.331893597792876
29	37	2.7807026216163995
29	38	-1.910776005878672
29	39	2.9860519198027893
29	40	0.3062284131805092
29	41	0.6548656566520862
29	42	1.1623449148653848
29	43	1.5336578876765035
29	44	0.3801598774714484
29	45	0.9724935685655078
29	46	1.651618311435399
29	47	0.6673786360677889
29	48	0.9110024501038089
29	49	-1.482613174796822
29	50	1.2544688280303744
29	51	4.191089033367537
29	52	-2.478920470070324
29	53	-1.9282007144216575
29	54	0.3068421060279864
29	55	-2.436627982184606
29	56	-2.3548484410164163
29	57	-0.12969070170773966
29	58	0.20361755616774393
29	59	-0.45124787349690754
29	60	1.1199190183624892
29	61	2.267917177887581
29	62	0.10086279517403753
29	63	-2.0204628990159548
29	64	-1.5871330248184508
29	65	0.8529088122179709
29	66	-1.9084740549576924
29	67	-1.6253515655644286
29	68	0.3376116245620525
29	69	-0.7823711867749413
30	30	NaN
30	31	0.7574193997815744
30	32	3.192239745041783
30	33	-3.080354987304838
30	34	0.2619753472089701
30	35	-2.995481702182982
30	36	1.0063987073906795
30	37	-0.3412412967124542
30	38	-1.9129748623469447
30	39	1.7746806997526483
30	40	-0.8753136966726393
30	41	-3.3851503772929243
30	42	0.1647539196164133
30	43	-2.199546226110232
30	44	0.948842157139414
30	45	1.0050945138094127
30	46	5.954931410770223
30	47	-1.4609857199341374
30	48	-2.082959353075527
30	49	-1.5026685693050175
30	50	-3.4422802359458604
30	51	-4.401056097902986
30	52	-2.944419051952469
30	53	-4.46348426158445
30	54	-3.46311232372757
30	55	-0.37770182717317713
30	56	-2.6260608881263234
30	57	-3.4342693265007793
30	58	0.2709795724354128
30	59	-2.231993424524092
30	60	-1.0479889049373654
30	61	-0.9871638698323768
30	62	2.6572298297545798
30	63	0.3963184108265564
30	64	-1.234671690662801
30	65	1.6126272375977833
30	66	1.610864191505507
30	67	-3.411247004945291
30	68	-0.8635120475596955
30	69	0.692297592980356
31	31	NaN
31	32	3.591950838448743
31	33	-0.35208010270700413
31	34	0.5631655347960307
31	35	-1.1733181012521006
31	36	0.2928097544704149
31	37	-0.8978011320037953
31	38	-0.43909597237156156
31	39	3.300533584041439
31	40	-3.5916276347617453
31	41	1.2459788261750582
31	42	0.32049024828688777
31	43	1.165273573905532
31	44	-1.6924972476449203
31	45	-1.075270395338581
31	46	1.9570181962118742
31	47	-0.50708478213451
31	48	-1.3699230996065639
31	49	-2.08206250907652
31	50	-0.661293828971543
31	51	0.04362184986781032
31	52	-1.8015282828298822
31	53	-3.6094288950933606
31	54	2.13490714942657
31	55	0.40307510802265256
31	56	-2.470489006471262
31	57	-2.7138904976460054
31	58	1.8610820255436027
31	59	-0.4431622496571484
31	60	-0.9471422725687382
31	61	-1.3586447308883276
31	62	5.081450328630845
31	63	-4.391577343844019
31	64	2.104055448862407
31	65	-0.9597164914855671
31	66	2.05500646688703
31	67	3.427821577121144
31	68	1.200960122490829
31	69	-1.491146520941485
32	32	NaN
32	33	-0.5143605011249771
32	34	0.5478784212167495
32	35	-0.4437145307526835
32	36	4.297349929764839
32	37	-0.5774005015343341
32	38	-0.9016701152876557
32	39	-0.9456232701768591
32	40	0.03388463056277759
32	41	-0.2523786086406523
32	42	-0.6269431508891234
32	43	2.879785371097201
32	44	-1.5755895246102365
32	45	2.356619191598621
32	46	-0.5113742861633473
32	47	-0.3423997489518165
32	48	3.4983904652420024
32	49	-0.8120390748308203
32	50	0.963183309023426
32	51	-0.9305017752322826
32	52	-0.9988284809005458
32	53	0.03363485881510412
32	54	4.496548268475264
32	55	-1.7715598943963966
32	56	-3.1324483454905145
32	57	-1.3827300962468636
32	58	0.14788724136510956
32	59	-0.4300749657148262
32	60	2.666959164256799
32	61	1.3549026359446066
32	62	3.602869871417674
32	63	1.2512137808556631
32	64	-0.28940305299948405
32	65	-1.7823795679799541
32	66	0.20204841521946615
32	67	-4.184935030445478
32	68	0.31520570183320973
32	69	-0.813492657612254
33	33	NaN
33	34	0.06345909147560067
33	35	1.7432638974196442
33	36	1.0771396562486972
33	37	-2.9502719474695813
33	38	2.5209072361594598
33	39	-0.9574796324794744
33	40	3.38745196843858
33	41	0.6582443341771013
33	42	-2.0582487847641113
33	43	-2.327421470088009
33	44	1.0197328822040361
33	45	0.03624104493596593
33	46	-1.2384899094929036
33	47	1.096190793105145
33	48	-0.8800074674368117
33	49	2.7569905993557353
33	50	0.24512581876229214
33	51	-2.484710715727077
33	52	2.8102760888713108
33	53	0.5783489645988579
33	54	1.4719335058223666
33	55	3.8653727783896583
33	56	2.899014007032599
33	57	-0.8461958852541418
33	58	1.2373079469702872
33	59	-1.391433280564593
33	60	-2.1719055921787267
33	61	-2.485779916410665
33	62	-1.4721140337771221
33	63	-0.16852105429075598
33	64	-0.640887733992003
33	65	0.9421195784740027
33	66	-2.2608860797136563
33	67	-2.473945489197366
33	68	-2.558586280685361
33	69	0.9945411668934504
34	34	NaN
34	35	0.10739115932799334
34	36	3.7515061811577004
34	37	-1.4468063393321637
34	38	-1.4479898268252736
34	39	-4.139498516818479
34	40	0.1875293821173846
34	41	1.045178658151548
34	42	2.0243155163570865
34	43	-0.6059340214672035
34	44	-0.5203798059014589
34	45	-2.2756955646638066
34	46	2.7086703838327186
34	47	-0.3113494946019697
34	48	-0.22809311699338616
34	49	-0.25372185418563564
34	50	1.4148912297666258
34	51	-0.8168142621735957
34	52	-0.5340657392876454
34	53	-0.9003092833442317
34	54	0.9910992144086141
34	55	-1.548143175023678
34	56	2.6564508148497197
34	57	-1.2787024114612906
34	58	-0.776409359226923
34	59	-0.9249690524659765
34	60	1.8357300106514702
34	61	-2.2249795034112485
34	62	-2.4684508163492636
34	63	-1.8239902229966938
34	64	-1.3707112491659303
34	65	-2.735178419028252
34	66	1.2793151269855678
34	67	-1.1812538054728292
34	68	-3.029475764287078
34	69	-0.8116885259896262
35	35	NaN
35	36	-2.2909262474221572
35	37	-1.508714311112253
35	38	0.8472428655616867
35	39	-0.5415919730471392
35	40	-0.06432292354263937
35	41	-0.7260667271290241
35	42	-2.264352752988398
35	43	-1.6997153943766807
35	44	-0.22656812721459535
35	45	-0.2735240261725337
35	46	-2.6407877570115383
35	47	0.7388582908736375
35	48	-0.699813367948295
35	49	1.423827932515879
35	50	-0.7396802931287073
35	51	-1.0958731879642294
35	52	1.5513489402319187
35	53	-0.287818322042181
35	54	-1.8522781315195407
35	55	2.0702831679894307
35	56	2.7864428227555367
35	57	-0.06692606052525567
35	58	0.09329187450458204
35	59	-0.49379184342262056
35	60	-1.66181862446831
35	61	-1.4837852174050723
35	62	-0.7489793756126132
35	63	1.178646764861252
35	64	-2.0330652269809306
35	65	-2.9552551157929594
35	66	0.7479656938473367
35	67	-2.676688255929943
35	68	0.11440627243181906
35	69	0.6754576397911009
36	36	NaN
36	37	1.2557460702563765
36	38	2.505227447907118
36	39	2.608190185087212
36	40	-3.5464902631805155
36	41	1.6150306232667857
36	42	-0.7483094684828531
36	43	1.4213009357553616
36	44	1.968843492319354
36	45	-0.4689142722418188
36	46	-1.6511924915566007
36	47	-0.9803935830407643
36	48	1.0746549178009672
36	49	-1.8299395822261664
36	50	2.329829173414603
36	51	-1.3851460974569128
36	52	-3.7842023653167574
36	53	-0.338007098623395
36	54	0.055956309537370394
36	55	-1.7132907729424307
36	56	-3.2042279442199386
36	57	-0.5824316286010826
36	58	5.36446674365533
36	59	-1.6334554610229364
36	60	0.6487149746168134
36	61	0.40825114902410353
36	62	-1.6836381770977582
36	63	-1.170520835832649
36	64	2.020058917221396
36	65	0.25128240701019183
36	66	1.8309489025523196
36	67	-1.9038634369920726
36	68	1.9337969430685475
36	69	-0.16947580515393323
37	37	NaN
37	38	-0.44320695606624255
37	39	-1.8152259414665917
37	40	0.5462520487620405
37	41	-0.5714945314046224
37	42	1.1701277119752351
37	43	0.07868370330956778
37	44	1.5178377951884519
37	45	0.8794364956355667
37	46	-0.1749863343405718
37	47	-0.3241936576257211
37	48	1.2631632792166012
37	49	0.06418080425366406
37	50	2.269757463674711
37	51	-0.4836942038011632
37	52	-2.123405413188596
37	53	-3.4478712397637525
37	54	-1.4741543173988363
37	55	-4.461495211489766
37	56	-0.801533102521136
37	57	-1.3605468519404724
37	58	-5.388045741932522
37	59	0.39304142032057754
37	60	1.373819263400945
37	61	-0.7032375776989148
37	62	0.05826461481484225
37	63	-1.384778079910297
37	64	-1.8069833710350487
37	65	-1.0350492372417608
37	66	-1.856352113987061
37	67	-1.3672169470704016
37	68	1.7921621239289274
37	69	0.40405959217531545
38	38	NaN
38	39	-0.3734817210002963
38	40	2.2678405092997607
38	41	0.08153216048850057
38	42	-2.218746921952805
38	43	1.7419898429930987
38	44	-1.1461369926165472
38	45	-3.0279332193142507
38	46	-2.1656855678167095
38	47	-0.8342132307783436
38	48	1.5272321570790495
38	49	3.1203954363800817
38	50	-0.7430970406618285
38	51	-1.0637593512924455
38	52	0.4666127443383
38	53	-0.5130819412015615
38	54	0.8477455105429842
38	55	2.2857768671007883
38	56	1.631707202586976
38	57	-1.4283325976811447
38	58	1.0392664893266408
38	59	2.399728833190473
38	60	-3.185648754145484
38	61	-1.222106017389097
38	62	-0.9512041690515941
38	63	0.1241859078996651
38	64	-0.525792012889145
38	65	0.90512661469126
38	66	-0.9373874572580456
38	67	-0.7321747216989537
38	68	-0.5477650134512897
38	69	1.8773249415275317
39	39	NaN
39	40	-0.6858285018062766
39	41	0.05310169290807776
39	42	4.691768358563549
39	43	29.342077870212968
39	44	-2.894745726575605
39	45	-0.4848988618621178
39	46	0.7327741519069616
39	47	-1.3891444295964313
39	48	2.9555929523037663
39	49	-2.346818573825386
39	50	-2.6248497818018075
39	51	-0.9561033733402068
39	52	-2.6463424605602976
39	53	-1.0715299947502328
39	54	1.0398643502855176
39	55	-1.1857287751937922
39	56	-3.4620269751281487
39	57	-0.3058599932291381
39	58	0.2120416855997478
39	59	0.550175580413255
39	60	0.6266269379222017
39	61	-2.5526005665943527
39	62	-1.3706195191399058
39	63	-1.533462820740598
39	64	1.198381360349442
39	65	-1.813944501783058
39	66	-2.441745492736706
39	67	-2.5272858723714684
39	68	0.6632608533358914
39	69	-2.4830011802624146
40	40	NaN
40	41	1.1407330429349458
40	42	-1.9172131149633986
40	43	-1.577598068841272
40	44	1.2692372600490687
40	45	-1.4883016425923166
40	46	-0.5303074276400981
40	47	1.4239527658779167
40	48	-1.9169463070697466
40	49	5.060902371388934
40	50	-0.8828084663895029
40	51	-1.0181114306634527
40	52	3.9343264296000497
40	53	-0.2459124815378622
40	54	0.3329432873872591
40	55	2.290084459780767
40	56	1.9513386081556447
40	57	-1.6383856741714182
40	58	-4.052033612088794
40	59	-0.18660539128365758
40	60	-2.689287516390142
40	61	-0.9776491662223403
40	62	-1.5728006434948223
40	63	1.060714183828032
40	64	-1.2249890089621798
40	65	-1.436051596778498
40	66	1.2550857382268648
40	67	-0.2792750822020817
40	68	-3.0210996466158635
40	69	1.9765633142944732
41	41	NaN
41	42	2.0267786649293402
41	43	-0.3582235345205301
41	44	-2.5516340223460867
41	45	1.1237980359616984
41	46	2.233548528292799
41	47	-1.6186504767147765
41	48	1.5456748385973185
41	49	-0.63744574797298
41	50	-2.132433282165772
41	51	-1.4228595378187383
41	52	-0.5637267076131219
41	53	0.6636172354100907
41	54	-0.6993727169956285
41	55	-0.4808742114222355
41	56	0.8340688454553058
41	57	0.06696942304668875
41	58	-1.2570756848522633
41	59	-0.0440531262956651
41	60	1.1183195878926555
41	61	2.1830592727000577
41	62	2.7245044594916736
41	63	-1.9008662832072805
41	64	-1.2753190539076236
41	65	-4.723622610628289
41	66	-0.868534361545577
41	67	-1.7787298172292683
41	68	-0.05282677906520519
41	69	-0.104000888982593
42	42	NaN
42	43	0.930426491328437
42	44	0.48454857037582033
42	45	1.9236794350913429
42	46	1.165049472110867
42	47	-1.111753265791844
42	48	0.7893661046327082
42	49	-0.3666456147948554
42	50	0.7968805870489242
42	51	3.1711433530363307
42	52	-0.6389682225456994
42	53	-2.751326585823424
42	54	-2.534402203941211
42	55	0.43619870701100777
42	56	-1.2723152815279024
42	57	-1.6492337492111162
42	58	-3.795886567170198
42	59	-1.4185984087199268
42	60	4.203668840209361
42	61	1.0775532981741225
42	62	-0.5329217641271211
42	63	-2.79602615300324
42	64	0.33238046684676836
42	65	4.522243008697665
42	66	-0.9373958187635738
42	67	0.041550602859840094
42	68	0.6927182891655033
42	69	-1.3807497452484472
43	43	NaN
43	44	2.445253477421106
43	45	1.392633672093813
43	46	-3.9748775019433746
43	47	-2.28665700298641
43	48	3.6463115379830744
43	49	1.4478235492589344
43	50	-2.045054717731878
43	51	0.39210375765557104
43	52	-2.9245905385638125
43	53	-3.9269431236759456
43	54	0.6162976936304413
43	55	-0.9533611821534431
43	56	-3.2964887697053817
43	57	1.0755628539117648
43	58	-0.904607554032793
43	59	-0.955843507039765
43	60	2.666871673383637
43	61	0.32476059789899653
43	62	1.1337849710707597
43	63	0.08069430238626066
43	64	-3.359986191845179
43	65	0.09950708861774828
43	66	-4.79765027741224
43	67	1.6478058969986735
43	68	-1.117415964045525
43	69	-2.058550808149132
44	44	NaN
44	45	1.087814164143125
44	46	-0.04421116635594484
44	47	-0.9044677759481314
44	48	-2.593446146497621
44	49	3.0039042887398852
44	50	1.5267137063623588
44	51	2.211586150368744
44	52	-0.902085869005248
44	53	-0.5100360308697198
44	54	1.188319683527132
44	55	1.4028145468657855
44	56	1.8450710902629888
44	57	-1.2632787582256595
44	58	-0.5905188802906502
44	59	-1.9255288955587704
44	60	-2.1336169373805043
44	61	-3.035465918444047
44	62	-0.6439819780486021
44	63	-0.6787804505610866
44	64	-1.3376158396362166
44	65	-1.6121612026123264
44	66	-0.8964799288351265
44	67	0.6032454601875764
44	68	1.5848433514839335
44	69	0.7491726831274678
45	45	NaN
45	46	4.879052809600703
45	47	-0.997159072834137
45	48	-0.7977579000521607
45	49	0.6321402605396448
45	50	0.09914000632425261
45	51	2.107556131067341
45	52	-0.5511876717049108
45	53	0.8039415303628403
45	54	0.3716600762559702
45	55	-0.4357957004320197
45	56	-3.529398244529952
45	57	-0.20155949843198087
45	58	2.161442053235527
45	59	-0.5753549793416927
45	60	-0.1782427996279944
45	61	-2.5815048263346227
45	62	6.199341123226592
45	63	0.6813880206063814
45	64	0.650055661293821
45	65	2.0155476231479894
45	66	2.438963842183255
45	67	-5.899770792552367
45	68	1.4148018309408454
45	69	-1.3473531778902677
46	46	NaN
46	47	-2.9458469961679494
46	48	3.4981321810552624
46	49	-1.0414591847139167
46	50	4.795695252719715
46	51	-2.6584896308048283
46	52	-3.7859716211971377
46	53	-2.305932296106856
46	54	-0.24438817107490698
46	55	-1.9582767924503608
46	56	-0.9180816079778985
46	57	-0.38650828758251826
46	58	-1.9201358783917069
46	59	1.5449543370240202
46	60	3.9692093726397775
46	61	0.3093368733719297
46	62	0.18239239082483774
46	63	0.19354096705019405
46	64	-1.7049089863008413
46	65	0.6665339981621393
46	66	0.4254523476536664
46	67	-3.1424502003630628
46	68	-0.05348318128541238
46	69	-4.535781120844344
47	47	NaN
47	48	-1.249195267381531
47	49	2.483642133766942
47	50	1.0891403892188187
47	51	-1.5056724190219326
47	52	0.12341410159168067
47	53	-0.6112789470768877
47	54	-1.9461135348078633
47	55	0.4440851958926263
47	56	3.699380979535094
47	57	-0.9928592955358758
47	58	15.808423245379254
47	59	-1.4337181340642073
47	60	-1.0838688991172203
47	61	5.89711646960855
47	62	-3.000083997583664
47	63	5.092839812261205
47	64	-0.07771340397591607
47	65	0.14045288550033047
47	66	-1.9189491417127338
47	67	1.065076121548654
47	68	-0.9149251203088647
47	69	1.8683987098584458
48	48	NaN
48	49	-2.0130744274105896
48	50	-0.6641309093478355
48	51	3.009741273849126
48	52	-3.0270316438748517
48	53	1.1260302601068706
48	54	-1.1671201831685396
48	55	-1.3513505340807979
48	56	-4.893089608904284
48	57	-0.8296189453221191
48	58	3.0752294488744436
48	59	-0.2957483684103836
48	60	-0.1503877583232849
48	61	1.6726034046580882
48	62	3.7073915308350043
48	63	0.7110923949506749
48	64	-2.4522916615045354
48	65	1.2201702080355956
48	66	-0.7617070864828941
48	67	-0.24256268956085053
48	68	4.127977192960399
48	69	-1.2879616070519848
49	49	NaN
49	50	1.4276711509644093
49	51	-1.7372182429834289
49	52	4.736100508749572
49	53	2.171064080804213
49	54	1.9734687789221934
49	55	2.199560147484306
49	56	2.2603055832341177
49	57	-0.500072012355261
49	58	-0.3946483787945943
49	59	1.6576097255989188
49	60	-2.9089877859568234
49	61	-1.084979355890985
49	62	-2.4324797746284883
49	63	0.5498285890897798
49	64	-2.495526716940053
49	65	-3.225052834968742
49	66	0.5870515557057654
49	67	-1.4214776240743177
49	68	-0.8568025057254225
49	69	0.9688570983547434
50	50	NaN
50	51	-0.5489728841396019
50	52	-1.661352390012484
50	53	0.0484653628614775
50	54	1.0179950467198196
50	55	-0.6599943479396666
50	56	-1.9985227282003928
50	57	1.370689774429543
50	58	2.82079685627648
50	59	-2.2776776875784246
50	60	1.2505164209036643
50	61	2.0059149408584265
50	62	-1.7636038358636725
50	63	-0.5493664837277871
50	64	2.377207027850275
50	65	2.410152731929145
50	66	-1.0790921052863174
50	67	1.1027473463239654
50	68	0.8749962890816081
50	69	-2.0162257773836836
51	51	NaN
51	52	-1.3087587204337319
51	53	-0.5623535164018377
51	54	-0.04242838967047314
51	55	-2.07475065324724
51	56	-3.5907386649963655
51	57	-1.3045506799693833
51	58	-0.7497323415178122
51	59	-1.3012965339094147
51	60	1.4142656361442367
51	61	0.10355111721334756
51	62	-2.9336671379675643
51	63	-0.9680729737160567
51	64	-0.8003943727833682
51	65	-0.8040683610616463
51	66	2.388550572416459
51	67	41.40698661913903
51	68	2.0111701815110408
51	69	-1.665250237275931
52	52	NaN
52	53	0.7715705571752555
52	54	2.151414752483896
52	55	1.2393889588024478
52	56	2.017989979696521
52	57	-2.4422021095011783
52	58	-1.6173301542595437
52	59	-0.26944884545400116
52	60	-0.7117588007565366
52	61	0.20384058299524724
52	62	-1.2299881324101871
52	63	1.2078286957845377
52	64	-1.3701058566328155
52	65	0.04827400423259186
52	66	-0.48224681688998156
52	67	-0.3533655873891629
52	68	0.5700103296194337
52	69	0.8731828024569407
53	53	NaN
53	54	-0.5462116276776079
53	55	3.2262280614323853
53	56	2.1352693799157074
53	57	-2.415512980198322
53	58	-0.07300279634238593
53	59	0.1425040709464453
53	60	-1.992607436769553
53	61	-2.905794789204272
53	62	2.711075244379263
53	63	1.5290967812868508
53	64	0.26473294096304334
53	65	2.2925085860129384
53	66	1.3829832332128928
53	67	-3.6288784414775614
53	68	2.7584959009840873
53	69	1.7667523648872434
54	54	NaN
54	55	0.6691045585072128
54	56	0.6557101003811352
54	57	-2.103129042682558
54	58	-4.067082326523195
54	59	-1.8487760220044427
54	60	-0.18523123160382707
54	61	-0.1916392670340309
54	62	2.637985679726352
54	63	-1.6279529970123139
54	64	-1.0486620452759212
54	65	0.7871555985468259
54	66	1.251093600321632
54	67	14.587128307673774
54	68	-0.43413278112973985
54	69	-1.3889887388017885
55	55	NaN
55	56	4.581455445863348
55	57	0.6813860490715229
55	58	1.5131617882488981
55	59	1.5653496162064886
55	60	-3.851168535832679
55	61	-1.2696364836581777
55	62	-0.5452924308860504
55	63	0.6460434760218399
55	64	-3.6660275889307186
55	65	-2.281516030455024
55	66	0.2999928999396198
55	67	-1.9942108212106635
55	68	-3.5327397550234427
55	69	3.2818968110524236
56	56	NaN
56	57	0.2786784792612745
56	58	0.31934387943423215
56	59	1.1118899625302476
56	60	-1.344065851864375
56	61	-1.1275286476135746
56	62	-2.754867687443601
56	63	4.275996697956384
56	64	0.05101925624882646
56	65	-0.4865242957013973
56	66	1.7052676325325455
56	67	-2.001425852523301
56	68	-2.3197200289627222
56	69	0.4344653424282471
57	57	NaN
57	58	0.31284721463362825
57	59	-1.2648093045662527
57	60	1.6378308251609492
57	61	-0.6926850274449687
57	62	-3.158300101926849
57	63	-2.749856760466671
57	64	49.05682852718118
57	65	-4.787709262800643
57	66	-1.210037057517003
57	67	-0.7865570925087375
57	68	0.9234498456738038
57	69	-1.2166063358104262
58	58	NaN
58	59	-1.8840851462827264
58	60	4.686777228329203
58	61	-0.02610087005318953
58	62	-0.5756238987558447
58	63	-0.8339073966059508
58	64	-1.4112346698521852
58	65	1.7814316233942773
58	66	1.8909940125204958
58	67	-0.8221763728413043
58	68	1.0566173067626963
58	69	-0.030728199203198667
59	59	NaN
59	60	4.761779712987255
59	61	-1.6587688586430678
59	62	-1.8764276177318542
59	63	0.14354756019585932
59	64	2.435214580700677
59	65	2.1185542720623447
59	66	-1.6804250779899563
59	67	0.31321769387618353
59	68	0.8528142029547622
59	69	-2.316490766284862
60	60	NaN
60	61	0.5146623777125433
60	62	4.558890493647709
60	63	0.9749819929188502
60	64	0.066567651359651
60	65	1.6922315618498582
60	66	0.6343262173408534
60	67	0.17310984858717898
60	68	-2.005493325140325
60	69	-3.8076993960346237
61	61	NaN
61	62	2.629403644224892
61	63	-1.3445264734000535
61	64	-1.8197020062660625
61	65	1.2247170558846774
61	66	1.3954630388368632
61	67	-0.5268054931351196
61	68	0.2971416867208886
61	69	-0.13250645606138398
62	62	NaN
62	63	-1.263792729486959
62	64	3.520706473624147
62	65	2.741316083498589
62	66	2.2651848766625364
62	67	0.5067058655834499
62	68	1.1595418329458438
62	69	-2.7413717713672017
63	63	NaN
63	64	0.8775508934416827
63	65	-1.4150605658946627
63	66	-0.9191211662336873
63	67	1.0565838203451974
63	68	0.8926995121439152
63	69	1.5026624197090457
64	64	NaN
64	65	0.582017253891324
64	66	-4.086600738810471
64	67	0.05268691892142676
64	68	-1.6119640393662527
64	69	-3.141274819323353
65	65	NaN
65	66	2.818322556093682
65	67	2.8494758844532067
65	68	1.4662816962592315
65	69	-2.408928010931841
66	66	NaN
66	67	-1.9304526958036634
66	68	1.9992070222286675
66	69	2.404643717946927
67	67	NaN
67	68	4.674733197452281
67	69	-1.5606344557219158
68	68	NaN
68	69	-1.8736211862638372
69	69	NaN
