1.441171774980728
1.988163815636709
2.616031729823113
1.9906971261841293
2.5342157155295255
1.2623541519759405
1.2637115130671275
1.577810223709386
1.2030774776950555
.6700890708273677
.5883028338398667
2.397480100057407
1.515803757420607
1.7967924475807402
2.558298984897029
1.9293910436614319
1.0599401283635812
1.9711671553950088
2.4704324617373987
1.5117340438017142
2.5836599959866486
2.4549775588228453
2.610502621575695
1.4634369131017468
2.4295134038345996
2.4998883216677212
1.5724504655007423
1.478764635767903
2.384634504660174
2.478528110514243
1.3178712934725771
2.565830845563296
1.3685906624589186
2.236001118935466
1.3198123638689743
1.487550793452671
1.2356324917468071
1.0721869982721035
2.168752249552641
1.1773312687759279
1.9508348481498545
2.6437339640117785
2.1566120715057875
.3983210122660733
2.4782265139109496
2.5917962827868415
1.0545970964913074
2.487851314194514
1.2422303589782162
2.5353031618606443
1.999325128235386
1.1605858575209311
1.1075524299285073
1.085645646432846
1.4020725555295592
1.226465832086569
1.3908326706529721
1.6502351085166351
1.8899197718080922
2.5507829512967937
2.405137116270241
2.6058544742898886
2.5425012888483844
1.527435975278484
1.236582010506777
1.4127465295118466
1.657216836825358
2.3425915899972893
1.4055897906456876
