2.802571798589628
2.8511799053090816
2.878622505447222
2.789671098819888
2.73497431798396
2.81615399873957
2.802179015013443
2.7523792791573767
2.816925279517675
2.762389353339776
2.7712353631678868
2.7939869407832107
2.755648401946637
2.8440169472362204
2.822922514915034
2.7322880565324503
2.792070301788592
2.796834056892749
2.84401694723622
2.7339711082876996
2.7580751696976664
2.736629804956885
2.813656156728414
2.754918394627039
2.821239463159784
2.8360132924463413
2.8200753988054954
2.859022705440932
2.786984837368378
2.7845856343996735
2.823245882552305
2.703393755859133
2.842593389181451
2.829082263291635
2.765658476129037
2.7554599825062835
2.804837711682629
2.8019905955730895
2.7790781632997366
2.752962140495127
2.7162807469526915
2.809895611320518
2.8235053762527853
2.7693203824944814
2.775739624571563
2.81615399873957
2.7193873567627103
2.7193873567627103
2.73798394707274
2.810414598721478
2.770162737532713
2.7365603890179715
2.847678853601665
2.706691021128801
2.7527302115769716
2.8077559020522935
2.85059704397133
2.7896710988198876
2.8100218151452943
2.8334240117160694
2.681863608182043
2.7866614697311074
2.7601250985679884
2.747454669395191
2.758566592316302
2.7843261406991933
2.82184988927986
2.7999841761805695
2.8440169472362196
2.808472053265749
2.8298259792874148
2.793592498885813
2.695767517648043
2.793592498885813
2.8499447666946653
2.694139595457444
2.8116497373358937
2.752842559295605
2.7497205824881914
2.722148132567016
2.7700712988135976
2.8505970439713297
2.773894059837071
2.844831737492126
2.7780749536034772
2.790786656234781
2.768317172798222
2.7985171086479985
2.7407549914605585
2.816082924479444
2.798069195507164
2.79298373108695
2.815079714783183
2.7716986433061157
2.7644668469924225
2.7560411855228213
2.7857496987539623
2.784298575916869
2.8179979051528483
2.882192973093552
2.778398321240748
2.7208109148174797
2.8255812115842187
2.8019905955730895
2.7952479858587376
2.7794015309370077
2.7407137180020515
2.825581211584219
2.7984895438656734
2.7470618858190066
2.756300679223301
2.8474193599011848
2.7945681437997485
2.774897269533332
2.758727446974331
2.752569356918943
2.8552621600330355
2.7733541302790403
2.7029580405032294
2.8019195213129633
2.8142665828484903
2.7743573399753
2.812421018113999
2.788219975982794
2.8014077342353385
2.682607324177823
2.8205871858831197
2.8382516407570164
2.826843914980959
2.821919305218774
2.783322931002933
2.8245085859490455
2.7086957822001083
2.71812465336597
2.737212666294636
2.793564934103488
2.7411340663605612
2.7921413760487193
2.8257437245634605
2.7743160665167936
2.685105166188979
2.750491863266296
2.7911657311347837
2.762228498681747
2.81226016345597
2.7188044954249593
2.786142482330147
2.794028214241717
2.803834501986368
2.8421730408229418
2.8663465181718215
2.829986833945444
2.857760002044192
2.804486779263033
2.796251195554998
2.8388328437735546
2.702958040503229
2.6728567436959034
2.8552621600330355
2.668283066353314
2.8413306857847105
2.7455672535041105
2.873929824603192
2.777135617844007
2.7969034728316626
2.759310308312082
2.8150797147831836
2.706270672770292
2.858439844103181
2.798489543865674
2.7116156308909867
2.719008281862708
2.6476089823906364
2.8058409213788886
2.773894059837071
2.715465956696785
2.714462747000525
2.8195839761868595
2.7589869406748107
2.8019905955730895
2.8891240022482574
2.772848998984223
2.790646743733823
2.854841811674526
2.6538810784858713
2.785398766334367
2.782999563365662
2.837831292398507
2.8320918923804155
2.729980292282861
2.840355040870775
2.8011482405348587
2.7359775276802205
2.754036424451514
2.7277143791898606
2.8208191148012753
2.7592188695929663
2.8532557406405146
2.736953172594155
2.7568835405610526
2.7546451922503765
2.82758763097674
2.743723347090832
2.838832843773554
2.8114178084177386
2.7570719600014066
2.7989098922241826
2.796645637452395
2.7830634373024528
2.7556484019466367
2.8421730408229418
2.765307543709441
2.8364060760225254
2.726711169493601
2.8296651246293862
2.74155441471907
2.8191636278283507
2.9030279117142577
2.7566516116428974
2.7720501534237934
2.797648847148656
2.7845580696173484
2.7447959727260063
2.7505629375264227
2.7578867502573123
2.7568835405610526
2.818160418132091
2.824508585949045
2.776595688285976
2.785981627672118
2.793172150527304
2.7357891082398664
2.71838414706645
2.7448235375083305
2.788479469683274
2.767805385720597
2.752730211576972
2.766051259705221
2.7693914567546076
2.7593103083120822
2.7376759464328644
2.744795972726006
2.7980691955071646
2.8347505890496003
2.8114178084177386
2.862684611806377
2.8120717440156158
2.7614290754232353
2.740642643741926
2.8495381270123383
2.7678968244397124
2.7107022015926283
2.7032175342037097
2.789903027738043
2.752989705277452
2.7603410827906667
2.786500615073078
2.8173456278761844
2.802831292290108
2.82227023763837
2.8618422567681456
2.7691595278364525
2.6712118971389844
2.7989098922241826
2.8251608632257095
2.767125543661608
2.860769631132972
2.776974763185978
2.7623893533397754
2.7935649341034883
2.7878271924066094
2.7548060469084055
2.7813165116104126
2.7856025527721155
2.728205801808496
2.778657814941228
2.8074964083518132
2.7722385728641465
2.7244728211829248
2.800755456958674
2.8185807664905993
2.8056800667208597
2.7588899599535734
2.863687821502637
2.699036640437304
2.727973872890341
2.806072850297044
2.7228608436878017
2.7732142177780825
2.8120006697554896
2.765917969829517
2.8149188601251547
2.7874762599870135
2.8114178084177386
2.7413378527983094
2.8614219084096364
2.6947224567951946
2.7279463081080157
2.7733128568205334
2.7984895438656734
2.7667740335439297
2.8489415569984056
2.8548693764568513
2.8190011148491094
2.7753886921519673
2.8110250248415536
2.8169946954565885
2.913880340934889
2.752379279157376
2.748760304571651
2.776554414827469
2.714898462356429
2.8325122407389247
2.803834501986368
2.766893614743452
2.7240524728244155
2.709960143918061
2.761548656622758
2.764466846992423
2.8021514502311184
2.8018280825938477
2.755648401946637
2.7785591758987764
2.7255883785978177
2.866929379509573
2.8050696406007836
2.765890405047192
2.8016115206730876
2.788408395423147
2.6655466396411955
2.8074964083518132
2.820004324545369
2.7796610246374884
2.8722743376302673
2.756084117302541
2.9023756344375937
2.7612252889854867
2.8222426728560444
2.815922069821415
2.6312490820700694
2.8006083109768274
2.8048377116826284
2.7794015309370077
2.8385111344574963
2.806956478793782
2.809734756662489
2.8261640729219697
2.7130391889457557
2.762389353339776
2.778818669599257
2.7363703112564046
2.83501008275008
2.8327717344394046
2.7015620472307846
2.8516713279277166
2.803154659927379
2.864108169861146
2.7136220502835062
2.8696850568999963
2.7433724146712364
2.71912786306223
2.849944766694666
2.82959405036926
2.733915401024968
2.7441436954493414
2.7519864955811917
2.806493198655553
2.760425865726975
2.890359140862673
2.8841993924860723
2.773150343841291
2.801568588893368
2.790745382776274
2.776974763185978
2.8692647085414866
2.7983699626661513
2.7984895438656734
2.8721828989111517
2.799913101920443
2.7775576245237295
2.7300497082217747
2.817605121576664
2.717472376089306
2.8702679182377473
2.7165815141116783
2.7571843077200393
2.794595708582073
2.8798576440616372
2.750535372744098
2.704030666138403
2.8036736473283392
2.677549424539934
2.783975208279598
2.7080435049234435
2.8503375502708503
2.8376687794192654
2.8410073181474393
2.7975138989517383
2.7076231565649342
2.828661914933126
2.775156763233812
2.712968114685629
2.79541049883798
2.8749330342994526
2.7188044954249593
2.740642643741925
2.7994927535619336
2.7497205824881914
2.7571430342615324
2.9067884571221536
2.753382488853636
2.850991485868728
2.8322527470384444
2.8413306857847105
2.790323376096553
2.645617929995512
2.7042207438999695
2.768576666498701
2.757303888919562
2.788100394783272
2.824038072329927
2.8114178084177386
2.870947760296736
2.739219085687156
2.6835620269346876
2.7398713629638207
2.8425933891814505
2.7654700566886827
2.778074953603477
2.7605730117088223
2.789060672699812
2.793985282461997
2.7337545463669395
2.7536419825541167
2.8261640729219697
2.8130732953906636
2.783322931002933
2.8715030568521627
2.7267387342759246
2.8325122407389243
2.767313963101961
2.7921689408310444
2.7213937761552307
2.7868239827103487
2.8153116437013392
2.837668779419265
2.911453573183859
2.794244776162478
2.768808595416857
2.8472585052431563
2.7743160665167936
2.846255295546896
2.7896710988198876
2.8729541796892564
2.8044449281064443
2.8254203569261898
2.8538386019782664
2.781316511610413
2.7667327600854232
2.8325122407389247
2.752147350239221
2.760804940626978
2.783162076344904
2.7529621404951268
2.745799182422266
2.718152218148295
2.845091231192607
2.8114178084177386
2.836826424381034
2.8727657602489027
2.7845856343996735
2.732168475332928
2.772892508462024
2.756651611642897
2.650662120957219
2.7407137180020515
2.7493002341296817
2.782087792388518
2.8050972053831082
2.7891593117422633
2.8048101469003037
2.8255117956453057
2.768388247058348
2.8143359987874033
2.835430431108589
2.692484108484519
2.7566240468605723
2.8120006697554896
2.7070402952271833
2.8614219084096364
2.8007278921763494
2.8413582505670356
2.81984346988734
2.8594430537994406
2.796251195554998
2.7878684658651163
2.8085706923082
2.820004324545369
2.8059119956390153
2.7584679532738505
2.828429986014971
2.7403346431020497
2.800916311616703
2.766964689003579
2.7681563181401927
2.8706882665962565
2.771074508509857
2.8209160955225134
2.7177043050074605
2.8233169568124317
2.865763656834071
2.835781363528185
2.780896163251904
2.822761660257005
2.7233087568286356
2.8184199118325703
2.789523952838041
2.8222702376383695
2.797906682527923
2.8645026117585437
2.8399346925122657
2.7168895147515544
2.6687744889719496
2.836245221364496
2.8427542438394795
2.816082924479444
2.763231708378007
2.845511579551116
2.862425118105896
2.793404079445459
2.8046492922422748
2.8218223244975356
2.7729337819205306
2.7935649341034883
2.832420802019809
2.833586524695311
2.808991040666709
2.7569111053433772
2.8132358083699054
2.7899030277380437
2.816833840798559
2.82885033437348
2.8628454664644054
2.744375624367497
2.7074623019069057
2.778074953603477
2.768808595416857
2.844179460215462
2.7937257887615172
2.7259674534978204
2.661352037198608
2.804417363324119
2.7773951115444877
2.798328689207645
2.7082770921628123
2.6818636081820433
2.850339208592063
2.8472585052431563
2.7504918632662965
2.756651611642897
2.76408777209242
2.7695798761949617
2.792561724407228
2.841098756866555
2.760804940626978
2.8054205730203794
2.8361741471043698
2.8431762505192015
2.720622495377126
2.781084582692258
2.82842998601497
2.862684611806377
2.7495597278301624
2.714042398642016
2.762228498681747
2.775388692151967
2.7945681437997485
2.709306208320184
2.8370859180815144
2.805069640600784
2.7730809279023783
2.8282415665746163
2.8407478244469595
2.799913101920443
2.813683721510739
2.7372126662946354
2.818608331272925
2.796251195554998
2.758986940674811
2.7896435340375634
2.8030632212082636
2.7441436954493414
2.6771290761814246
2.8350100827500806
2.745378834063757
2.7661498987476723
2.854258950336775
2.840747824446959
2.7144627470005247
2.769552311412637
2.758889959953573
2.8476788536016655
2.698453779099553
2.792329795489073
2.746219530780775
2.7838143536215685
2.7989098922241826
2.753992914973712
2.874350172961701
2.8049087859427546
2.8540980956787463
2.7773951115444873
2.789250750461379
2.812000669755489
2.7840942117810377
2.8083111986077194
2.814659366424675
2.723210117786184
2.744795972726006
2.758566592316302
2.7251250984595896
2.9020247020179974
2.6579530646263123
2.8114178084177386
2.81958397618686
2.7782374665827185
2.7636520567365164
2.6978725760830153
2.7359775276802196
2.7646552664327766
2.8368280827022474
2.7694327302131145
2.8324208020198087
2.854098095678746
2.7744769211748226
2.7536419825541163
2.852835392282006
2.728977082586601
2.772050153423793
2.653768730767238
2.7673139631019614
2.7407412827843762
2.815178353825635
2.8169252795176747
2.6907096180101537
2.869425563199516
2.7529621404951268
2.741324144122127
2.8255117956453053
2.8551013053750065
2.743955276008988
2.809734756662489
2.8247405148672007
2.6980334307410434
2.7607338663668513
2.829924618329866
2.774897269533332
2.7464790244812556
2.735136830963202
2.8171572084358303
2.816082924479444
2.7677359697816835
2.7743573399753
2.813424227810259
2.791326585792813
2.8011758053171834
2.724123547084542
2.741905347138666
2.8122601634559694
2.772892508462024
2.846255295546896
2.7556484019466367
2.778005537664564
2.8019905955730895
2.7886678891236274
2.7979066825279224
2.7730809279023774
2.8173456278761844
2.896286960321119
2.8149188601251547
2.846255295546896
2.8445998085739714
2.768576666498702
2.76577082384767
2.7853987663343664
2.735789108239866
2.8306683343256465
2.8380891277777742
2.7230492631281553
2.7939869407832103
2.7625794311013427
2.8116513956571065
2.7267111694936004
2.759310308312082
2.6901267566724028
2.808667673029438
2.8235053762527853
2.771074508509858
2.850337550270851
2.775480130871083
2.852415043923497
2.83743685050111
2.8746096666621814
2.8009873858768297
2.7378925083536254
2.7874051857268873
2.8310886826841553
2.7748972695333314
2.776159972930072
2.809151895324738
2.8315090310426645
2.7454063988460815
2.81958397618686
2.708534927542079
2.8210075342416294
2.7682257340791057
2.743792763029746
2.7101209985760906
2.836245221364496
2.810737966358749
2.7548060469084055
2.7490683052115275
2.772077718206118
2.7751567632338117
2.7568835405610526
2.809762321444814
2.815922069821415
2.82742677631871
2.8505970439713297
2.7508846468424806
2.8361741471043698
2.734174894725448
2.7585665923163023
2.7523792791573767
2.7872443310688584
2.7425576244153302
2.819655050446986
2.8025717985896277
2.8221230916565223
2.7534100536359607
2.8442488761543756
2.8268439149809588
2.855521653733516
2.8640806050788212
2.7445640438078502
2.8413306857847105
2.847258505243156
2.8009873858768297
2.78271416320407
2.781316511610413
2.821498956860265
2.7074623019069057
2.7845856343996735
2.806493198655553
2.8025717985896277
2.791677518212409
2.861842256768145
2.7718182245056378
2.6991077146974307
2.8575991473861624
2.7816674440300084
2.790786656234781
2.7929126568268243
2.768576666498702
2.823126301352783
2.7884083954231476
2.8073355536937843
2.84275424383948
2.789159311742263
2.753992914973712
2.722725895490884
2.8621017504686255
2.81958397618686
2.7987490375661537
2.7913265857928127
2.8337473793533405
2.8614494731919615
2.806493198655553
2.769131963054128
2.802410943931599
2.8555216537335153
2.82490136952523
2.8540980956787463
2.7933330051853327
2.832934247418647
2.74892115922968
2.7859816276721183
2.8612610537516074
2.793305440403008
2.799492753561934
2.8009873858768297
2.824928934307554
2.7126171822660337
2.7427201373945715
2.670035534047477
2.7328709178702013
2.787896608345523
2.789523952838041
2.85033755027085
2.7228608436878017
2.789903027738043
2.7681563181401923
2.8857854635200835
2.662948748648625
2.7882475407651186
2.7853987663343673
2.7724705017823017
2.7567210275818104
2.7900655407172854
2.859578001996358
2.8407478244469595
2.8350100827500806
2.7958308471964886
2.717963798707941
2.874189318303672
2.8167781335358284
2.8372484310607566
2.768388247058348
2.74255762441533
2.6950513664345883
2.7638839856546715
2.7948276375002292
2.731895272956266
2.7362094565983757
2.8516002536675904
2.805069640600784
2.7959917018545175
2.8597664214367127
2.8396751988117854
2.82742677631871
2.855101305375007
2.8134953020703852
2.7228173342099997
2.724865604759109
2.805069640600784
2.74988143714622
2.7945681437997485
2.8124210181139984
2.856265369729296
2.739738073088116
2.716798076032439
2.7806366695514235
2.751635563161596
2.7732417825604068
2.8064931986555535
2.7981661762284027
2.7490683052115266
2.846255295546896
2.7533824888536356
2.7964831244731534
2.785820773014089
2.7368198827184513
2.723632124465906
2.7236321244659063
2.8210075342416294
2.7899030277380428
2.8111583147172587
2.7734737114785624
2.8050696406007836
2.7673139631019614
2.81326337315223
2.746219530780775
2.6595064724641166
2.730892063260006
2.7470618858190066
2.8501766956128205
2.7681563181401927
2.8235053762527853
2.772633014761544
2.731447359815432
2.8614219084096364
2.8562653697292957
2.7144627470005243
2.822502166556525
2.7457991824222656
2.8102537440634494
2.766310753405701
2.7433999794535615
2.8206582601432464
2.7006921274102287
2.793333005185333
2.797254405251258
2.731312411618515
2.831249537342184
2.7101209985760906
2.713459537304265
2.7987214727838285
2.676314285925518
2.8056525019385345
2.6732770920544127
2.662775595253377
2.8245796602091717
2.851179905309081
2.71180405033134
2.8149188601251547
2.833627798153818
2.8043259246050036
2.776159972930072
2.8437574535357397
2.7417169276983118
2.8421730408229418
2.7903233760965525
2.830085472987895
2.73228805653245
2.7466415374604973
2.858763211740452
2.788899818041783
2.774316066516793
2.675283511446933
2.8046492922422743
2.8540980956787463
2.882516340730823
2.804417363324119
2.8491734859165607
2.8194231215288306
2.6966098726862744
2.754645192250377
2.747222740477035
2.7735012762608875
2.8677700762265914
2.8421730408229418
2.74913772115044
2.6816316792638877
2.736792317936126
2.6927854533415876
2.7187075147037207
2.780636669551424
2.7007196921925534
2.8702679182377464
2.820916095522514
2.8081503439496904
2.7689711083960993
2.9016319184418133
2.8079878309704487
2.7609933600673306
2.8249289343075548
2.753992914973712
2.7525693569189427
2.7213937761552307
2.7369531725941556
2.7843261406991937
2.8472585052431563
2.791067092092332
2.7439552760089874
2.8350100827500806
2.8093144083039796
2.850176695612821
2.8379282731197453
2.8235053762527853
2.775319276213054
2.746382043760017
2.8185807664905997
2.8214989568602644
2.810253744063449
2.713459537304265
2.8702679182377464
2.880277992420147
2.789903027738043
2.8716914762925168
2.7789811825784985
2.867026360230811
2.8792747827238863
2.8538661667605902
2.748457879091451
2.804486779263033
2.7443756243674966
2.739898927746145
2.8440169472362204
2.820656601822033
2.8672582891489666
2.7232811920463105
2.685945862905997
2.8333545957771555
2.7733128568205334
2.7646552664327766
2.7153188107149386
2.7577242372780706
2.8298535440697403
2.71838414706645
2.7602496440715516
2.8380891277777742
2.8173180630938597
2.836013292446341
2.7870124021507032
2.7462624625604946
2.7566240468605727
2.8638486761606665
2.8050696406007836
2.7181246533659698
2.8225021665565246
2.7495597278301624
2.751144140542961
2.8218223244975356
2.7052239535962297
2.765658476129037
2.7970659858109044
2.768576666498702
2.8714319825920365
2.8243201665086914
2.7770717439072166
2.806655711634795
2.756883540561052
2.890359140862673
2.853418253619757
2.8499172019123407
2.8221230916565223
2.830505821346404
2.8185807664905997
2.7327513366706793
2.732638988952046
2.8680295699270713
2.726171239935569
2.646619481370559
2.6816316792638877
2.7820602276061925
2.8284299860149704
2.7430209045535587
2.7632317083780067
2.772821434201898
2.73140385033763
2.8073355536937843
2.691480898788259
2.778398321240748
2.687559498722333
2.7935924988858134
2.809670882725698
2.6937192470989344
2.786444907810347
2.784395556638107
2.7401027141838936
2.7921413760487193
2.7857496987539623
2.6808879632681073
2.7453788340637573
2.7058068149339807
2.867349727868082
2.7078826502654145
2.681443259823534
2.7067322945873076
2.7407137180020515
2.7164416016107205
2.677942208116118
2.768576666498702
2.7642349180742674
2.758889959953573
2.8616814021101167
2.7519864955811917
2.75475753996901
2.8268439149809588
2.809153553645951
2.7769747631859785
2.806332343997524
2.8798576440616377
2.7533824888536365
2.785981627672118
2.8239257246112937
2.7341748947254483
2.7165815141116783
2.7709273625280106
2.7414849987801566
2.76476761415141
2.7015344824484595
2.7958308471964894
2.683490952674561
2.544767374973485
2.639442814621516
2.680628469567628
2.779661024637488
2.7033800471829514
2.833515450435185
2.6838700275745637
2.8813522763765334
2.790674308516148
2.696651146144781
2.816082924479444
2.7733128568205334
2.7751567632338117
2.7328709178702013
2.7337116145872193
2.7040735979181227
2.7532216341956075
2.808991040666709
2.790323376096552
2.8178370504948194
2.7848588367763356
2.816925279517675
2.8136561567284137
2.7679074648557176
2.7117764855490147
2.7910185851529365
2.736953172594155
2.7552974695270414
2.811488882677865
2.6939511760170896
2.6778226269165963
2.679948627508638
2.7185879335041987
2.8573396536856825
2.775900479229592
2.7733128568205334
2.775480130871083
2.749488653570036
2.7727299954827824
2.732898482652526
2.7680091721583455
2.8448317374921266
2.71012099857609
2.766964689003579
2.6474894011911148
2.751376069461116
2.776132408147747
2.7622284986817465
2.7376330146531447
2.6914808987882584
2.7580751696976664
2.745055466426486
2.493429916261362
2.805652501938535
2.778398321240748
2.6685149952714693
2.7152775372564313
2.8257437245634613
2.6966098726862744
2.6768194172203357
2.7857496987539623
2.766473266384943
2.71569788561494
2.786661469731107
2.61235114690297
2.836013292446341
2.7879880470646388
2.6675806238160407
2.7456107629819124
2.7175417920282188
2.7161182339734493
2.805232153580026
2.793144585744979
2.803267007646012
2.906949311780183
2.636465848728942
2.7224664017904043
2.7486187337494803
2.7733128568205334
2.7754801308710833
2.760152663350313
2.7905828697970323
2.797254405251258
2.7583070986158216
2.652926375729007
2.7773951115444873
2.8462552955468956
2.838671989115526
2.730283295461143
2.748976866492411
2.7261283081558494
2.7556484019466367
2.72470475010108
2.6365675560315704
2.7823197213066733
2.8175775567943395
2.748198385390971
2.74892115922968
2.840355040870775
2.673248949574006
2.6799761922909626
2.8448317374921266
2.7460586761227463
2.710309418016444
2.714883095359034
2.8972901700173788
2.7564631922025433
2.73128484683619
2.8117687408373335
2.651632461591683
2.7915585147109683
2.769552311412637
2.789482679379534
2.775851972290196
2.8060728502970442
2.7769747631859785
2.771726785786522
2.748717372791931
2.7607338663668513
2.757071960001406
2.787405185726887
2.659884969666037
2.7355571793217113
2.732229281009542
2.64872453980553
2.7240524728244155
2.8157336503810613
2.513593452530985
2.7191278630622304
2.759078379393927
2.6581104791916723
2.7585390275339776
2.8080792696895642
2.846514789247376
2.7267111694936004
2.7472227404770355
2.745259252864235
2.711134848688356
2.735136830963202
2.7360486019403463
2.7362094565983757
2.7786578149412278
2.763652056736516
2.8927859086137024
2.739219085687156
2.5162521492001697
2.7089552759005886
2.671389676163333
2.740481789083896
2.6429592333263265
2.8084996180480735
2.7437927630297456
2.6295952534183575
2.662656014053855
2.7889273828241077
2.711964904989369
2.793985282461997
2.704803605237721
2.7648871953509317
2.7373751792738776
2.745216321084515
2.772470501782302
2.7425576244153307
2.7171490084520347
2.7382158759908957
2.7773951115444877
2.7406426437419253
2.792329795489073
2.8374368505011107
2.8235747921916983
2.754645192250377
2.7966732022347203
2.7967426181736337
2.870267918237747
2.699456988795813
2.8204263312250912
2.7748972695333314
2.7747364148753024
2.7858207730140894
2.8278471246772194
2.7568835405610526
2.85059704397133
2.750491863266296
2.764563827713661
2.762228498681747
2.812232598673645
2.7808961632519034
2.8048377116826284
2.729790214521294
2.794568143799748
2.7435608341115905
2.7935649341034887
2.804486779263032
2.7244452564006
2.6822856148617653
2.663849879209764
2.7115445566308596
2.7678968244397124
2.744795972726006
2.7382158759908957
2.762460427599902
2.7543856985498962
2.792561724407228
2.8241576535294493
2.7857221339716376
2.715465956696785
2.797254405251258
2.715305102038756
2.741134066360561
2.805329134301264
2.669383256770813
2.7843261406991937
2.8126529470321544
2.6592745435459615
2.795830847196489
2.8183212727901195
2.845414598829877
2.701112475768738
2.7648871953509317
2.68031020034424
2.806233704955073
2.7501409308467006
2.721463192094144
2.7165385823319586
2.6800609752272715
2.779429095719333
2.743399979453561
2.7484854438737756
2.7437927630297456
2.802410943931599
2.7894826793795344
2.698060995523369
2.7068794405691547
2.7493415075881886
2.839675198811786
2.679857188789523
2.728788663146247
2.7607338663668513
2.7050338758346633
2.7388698115887733
2.7718876404445507
2.800755456958674
2.6982929244415246
2.7542248438918677
2.7092786435378593
2.870850779575498
2.830505821346404
2.7948276375002283
2.7296293598632655
2.6844027236517056
2.696447359707033
2.72013107275849
2.707531717845819
2.7180050721664477
2.70737086318779
2.824578001887959
2.7338741275664615
2.6931363857611834
2.63552141455559
2.6668595082985447
2.82885033437348
2.736371969577617
2.7244452564005996
2.8360132924463413
2.7903233760965525
2.7571843077200393
2.7173115214312764
2.726823517212234
2.6872085663027376
2.68420403562784
2.7388263021109713
2.7636520567365164
2.6558721308809963
2.768415811840673
2.6826348889601483
2.676399068861827
2.6990366404373036
2.6189312436380807
2.715886305055294
2.8027618763511946
2.872667121206452
2.7814790245896543
2.80957390200446
2.7824805759647018
2.714144477777136
2.72570795979734
2.801407734235339
2.7695798761949613
2.7111936242112638
2.8295026116501436
2.7845993430758558
2.7948000727179036
2.6689353436299785
2.8424947501389997
2.6933958794616633
2.6161254009870487
2.7632592731603314
2.732289714853663
2.8225021665565246
2.8060728502970442
2.7872167662865337
2.7617370760631115
2.744143695449342
2.7970659858109044
2.788015611846963
2.727973872890341
2.777275530344965
2.7464790244812556
2.713200043603784
2.6917128277064135
2.7906743085161483
2.7253151762211556
2.7595698020125625
2.7949884921582577
2.71549352147911
2.639702308321996
2.8036460825460146
2.790063882396072
2.8210786085017556
2.6025019273785994
2.7831345115625794
2.8208466795836
2.642537226646604
2.684290375933073
2.7810570179099323
2.6976130823825346
2.807335553693784
2.7383557884918535
2.698875785779275
2.694139595457443
2.650527172760302
2.7681563181401923
2.747061885819006
2.8903591408626728
2.7816674440300084
2.7376759464328644
2.7049644598957494
2.73497431798396
2.7804047406332684
2.774736414875303
2.7482970244334224
2.81515078904331
2.6232883590599094
2.790906237434303
2.8271672826182304
2.7116569043494927
2.791558514710968
2.696189524327765
2.74155441471907
2.7678968244397124
2.819260608549589
2.852254189265468
2.8237648699532647
2.778237466582719
2.7847464890577025
2.848753137558052
2.7954104988379798
2.7180050721664473
2.723281192046311
2.759121888871728
2.6886474913549017
2.7710745085098574
2.7984895438656743
2.643947076025192
2.766310753405701
2.802151450231119
2.765470056688683
2.619685600049866
2.6490325404454063
2.6665361406612735
2.6812807468442923
2.7370518116366065
2.775739624571563
2.829825979287415
2.8545184440372555
2.798909892224183
2.729369866162785
2.8345897343915714
2.864599592479782
2.774476921174822
2.6516912371145906
2.8408464634894104
2.724543895443051
2.6976543558410415
2.7252876114388314
2.7649147601332564
2.732898482652526
2.586752453178108
2.780313301914153
2.810345182782565
2.7938519925862932
2.8306683343256465
2.833774944135665
2.7595422372302374
2.7913265857928122
2.782319721306673
2.682607324177823
2.8284994019538843
2.778818669599257
2.6595340372464413
2.7989098922241826
2.522221242117122
2.667392204375687
2.7964831244731534
2.8452520858506363
2.661512891856637
2.6196749596338607
2.6456454947778365
2.724052472824415
2.813656156728414
2.682866817878303
2.7705830858912224
2.749488653570036
2.802151450231119
2.7809374367104103
2.7798218792955174
2.7699726597711463
2.8208466795836
2.8925974891733492
2.6431047209869605
2.7404542243015717
2.7449997591637545
2.8177384114523685
2.761969004981267
2.785820773014089
2.7689711083960993
2.745259252864235
2.7852379116763375
2.8479107825198207
2.744143695449341
2.6774022785580867
2.8190011148491085
2.691129966368663
2.7886403243413023
2.7708150148093775
2.7326665537343704
2.7609933600673315
2.7885207431417807
2.741134066360561
2.7355571793217104
2.800755456958674
2.7602220792892265
2.7884794696832738
2.8170861341757045
2.69738115346438
2.762389353339776
2.784718924275378
2.791909447130563
2.7969034728316626
2.6976406471648597
2.775388692151967
2.7511441405429604
2.778425886023072
2.7140423986420155
2.605651468968338
2.736953172594155
2.6468377016125317
2.747061885819006
2.8496852729941855
2.792722579065257
2.8214989568602644
2.7765527565062564
2.630449658811558
2.7328709178702013
2.7775559662025167
2.7517270018807114
2.745216321084515
2.7776546052449675
2.868422353503256
2.688211775998998
2.7896710988198876
2.790323376096552
2.7484578790914513
2.8505970439713306
2.7038141042176425
2.6720573204373923
2.789903027738043
2.6955355887298875
2.8009873858768297
2.738243440773221
2.721042843735635
2.727741943972185
2.894792328006223
2.634841572496601
2.763626150275405
2.761225288985487
2.7779779728822382
2.6308716654912803
2.767125543661608
2.760804940626978
2.824318508187478
2.8697764956191114
2.7128072600276
2.7318952729562653
2.729629359863266
2.7342944759249708
2.7732417825604068
2.7754162569342915
2.727973872890341
2.7355571793217104
2.8435965988777108
2.7023905461628734
2.7259674534978195
2.699716482496293
2.850176695612821
2.727854291690818
2.6624675946135015
2.7661498987476723
2.7781388275402676
2.8157336503810613
2.7837432793614427
2.8087591117485537
2.756651611642897
2.7722385728641465
2.7641153368747453
2.7972268404689333
2.7738940598370716
2.7796334598551633
2.6795389195661348
2.8011482405348582
2.7132276083861093
2.7677359697816835
2.693719247098934
2.7128072600276
2.7254760308791846
2.764726340692903
2.786401976030627
2.736953172594155
2.7011554075484576
2.7074623019069057
2.681443259823534
2.7233832711814316
2.7287870048250342
2.7771631826263325
2.699197495095333
2.7081558526420766
2.776974763185978
2.769579876194962
2.7081145791835697
2.7647263406929032
2.8573396536856825
2.7312848468361897
2.7352976856212305
2.7430209045535587
2.82227023763837
2.7209442046931835
2.738475369691376
2.7330593373105554
2.7203630016766454
2.727304671247357
2.7769747631859785
2.679597695089043
2.775739624571563
2.6652734372645335
2.6309129389497867
2.649888604159819
2.6766795047193774
2.873509476244683
2.52647878530333
2.84401694723622
2.812421018113999
2.666928924237458
2.6744534551459203
2.6671602754575314
2.7277143791898606
2.816082924479444
2.7275535245318316
2.662775595253377
2.7230492631281558
2.800755456958674
2.8374368505011103
2.741484998780156
2.751376069461116
2.611320372424385
2.794028214241717
2.7404542243015717
2.702375179165478
2.6887946373367484
2.6558874978783913
2.7305129883600032
2.7286261501670053
2.7720777182061176
2.6671173436778117
2.800172595620923
2.872694685988777
2.8159914857603283
2.7355847441040355
2.6763990688618264
2.8251608632257095
2.7909062374343034
2.791937011912889
2.7104217657350773
2.7827400696651816
2.809994250362969
2.7397105083057918
2.7783983212407475
2.744214769709468
2.7113837019728306
2.7263878018563292
2.775971553489718
2.7122243986898487
2.637527833948111
2.830085472987895
2.780081372995997
2.789903027738043
2.8226630212145536
2.7407137180020515
2.8208466795836
2.824508585949045
2.699148988155937
2.7855612793136086
2.6869490726022573
2.729369866162785
2.6119720720029678
2.7003269086163693
2.6914533340059337
2.660812107640577
2.7104217657350778
2.705806814933981
2.698455437420766
2.7171214436697095
2.7054971559728918
2.7872443310688584
2.552470262604377
2.673788879132037
2.7648871953509317
2.748037530732942
2.6929479663208298
2.7018561917645183
2.789250750461379
2.7406426437419253
2.8054899889592932
2.812815460011396
2.756883540561052
2.73254755023293
2.7088858599616747
2.7860091924544426
2.7655113301471896
2.772050153423793
2.7251680302393084
2.8778512246691172
2.6730451631362575
2.7239053268425684
2.820263818245849
2.762811360019498
2.8415901794851908
2.784558069617349
2.788801178999332
2.735557179321711
2.807103624775629
2.80831119860772
2.8073355536937843
2.789903027738043
2.748717372791931
2.7980691955071646
2.759310308312082
2.6904501243096735
2.689867262971923
2.7880574630035517
2.82642356662245
2.798489543865674
2.829825979287415
2.6544622815024086
2.7675040408635283
2.597997665974923
2.7929820727657373
2.789103604479532
2.759163162330235
2.8203987664427665
2.785561279313609
2.768549101716377
2.7200114915589677
2.6220532204454945
2.665854640281071
2.745027323946079
2.8198434698873402
2.7524222109370955
2.7001092660724777
2.7312865051574033
2.748717372791931
2.582438269535998
2.7609933600673315
2.7425576244153302
2.8357537987458605
2.8021790150134436
2.6422640242699424
2.7605454469264976
2.8347505890496003
2.6599697526023456
2.878271573027627
2.7239328916248935
2.74988143714622
2.681280746844292
2.687644281658642
2.8058409213788895
2.7724980665646264
2.5680588821468393
2.7351781044217085
2.749068305211527
2.7505629375264227
2.7177318697897856
2.7435608341115905
2.7171643754494297
2.696798292126628
2.612259708183855
2.830085472987895
2.766310753405701
2.716581514111678
2.7589869406748107
2.757071960001406
2.8074964083518132
2.825743724563461
2.7445640438078502
2.54038269476933
2.6136275589758924
2.6453430692976365
2.813073295390663
2.8014077342353385
2.6494253240215904
2.814686931206999
2.7006921274102282
2.7515661472226824
2.7917210276902105
2.7017229018888136
2.7398730212850335
2.8817726247350426
2.770162737532713
2.8039055762464944
2.7345539696254506
2.8586023570824226
2.631018811473127
2.6879522822985176
2.74913772115044
2.597330122653152
2.756231263284388
2.7021156854649977
2.7885070344655984
2.796251195554998
2.881540695816887
2.7708150148093775
2.831348176384636
2.63451820485933
2.7507513569667763
2.757071960001406
2.7472227404770355
2.726479240575445
2.756651611642897
2.731256704355783
2.651082469315728
2.772050153423793
2.6648095794282227
2.7464096085423417
2.698455437420766
2.763231708378007
2.7132276083861093
2.6025019273786
2.7244452564005996
2.7165385823319586
2.7365328242356464
2.7193873567627103
2.7991693859246625
2.744143695449342
2.784978417975858
2.8775917309686374
2.8631049601648857
2.8261916377042944
2.6199344533343405
2.6991077146974303
2.6697760403469966
2.7673139631019614
2.7038141042176425
2.793985282461997
2.7043815985579984
2.6879522822985176
2.85059704397133
2.725588378597818
2.6837504463750412
2.763231708378007
2.745638327764237
2.7392190856871563
2.4942136545381244
2.7445640438078502
2.762067644023718
2.7466415374604973
2.7882475407651186
2.752406843939701
2.7528012858370983
2.8195839761868595
2.762228498681747
2.736792317936127
2.7514036342434407
2.762389353339776
2.8050972053831087
2.790933802216628
2.7911381663524586
2.6799486275086384
2.7551366148690124
2.762256063464072
2.7489211592296794
2.8200043245453688
2.69004041636717
2.773936991616791
2.8108366054012004
2.6412883793560065
2.82943319571123
2.7359775276802196
2.8200043245453688
2.792912656826824
2.795830847196489
2.8168977147353504
2.7911657311347833
2.746682810919004
2.733059337310555
2.7712353631678863
2.7457991824222665
2.784353705481518
2.735628253581837
2.802410943931599
2.7674126021444128
2.860839047071886
2.7493415075881895
2.809153553645951
2.753150559935481
2.741134066360561
2.7985171086479985
2.8511799053090807
2.7445640438078502
2.794988492158258
2.722206908089924
2.7457991824222665
2.746058676122746
2.765146689051412
2.6672798566570535
2.8120006697554896
2.782319721306673
2.7958308471964886
2.73066013434185
2.748338297891929
2.756068750305146
2.70711136948731
2.8046768570245995
2.7150868817967826
2.7724705017823017
2.80957390200446
2.8149188601251542
2.884943108481852
2.6862053566064774
2.8639197504207923
2.6862053566064774
2.740874572660081
2.68737107928198
2.6869507309234706
2.770232153471626
2.7931721505273037
2.6593456178060877
2.7862411213725986
2.7804741565721818
2.7878966083455228
2.8271672826182304
2.6399981111769417
2.62135801138911
2.6970577858271088
2.722509333570124
2.756651611642897
2.6548842881821315
2.7211449228707556
2.6962170891100903
2.72939743094511
2.8115803213969803
2.8567843571302554
2.6686119759927074
2.704452672818125
2.694791872734108
2.771209456706775
2.802151450231119
2.8019905955730895
2.7033800471829514
2.7484578790914513
2.6969106398452616
2.8531863247016016
2.741484998780157
2.8050972053831087
2.7715862955874826
2.835592944087832
2.7882475407651186
2.7626488470402557
2.796643979131183
2.6226207147858505
2.759569802012562
2.7851392726338866
2.8680295699270713
2.6928768920607036
2.83501008275008
2.8208466795836
2.699688917713968
2.702375179165478
2.716469166393045
2.778630250158903
2.791300679331701
2.651110034098053
2.790646743733823
2.7178012857286986
2.7999841761805695
2.789062331021025
2.664853088906024
2.660769175860857
2.6602292463028254
2.7315443405366704
2.693136385761183
2.685553079329813
2.761849423781744
2.805069640600784
2.772470501782302
2.640461391315171
2.757724237278071
2.767777243240191
2.6963779437681192
2.6706750358411298
2.752638772857856
2.81884026019108
2.6450197016603654
2.6269778302076796
2.7493972148509203
2.7095381372383396
2.7738940598370716
2.8136561567284146
2.796251195554998
2.8260032182639407
2.7740841375986376
2.666900781757051
2.8104145987214784
2.8511799053090816
2.603316717634506
2.7031899694213846
2.7879880470646383
2.745799182422266
2.790005106873164
2.7842065594996708
2.7523792791573762
2.803414153627859
2.7376330146531447
2.665461856704887
2.806332343997524
2.7884083954231476
2.764655266432776
2.7636674237339114
2.718285508023999
2.785981627672118
2.6755430051474134
2.80299380526935
2.7569111053433772
2.7300497082217747
2.7694327302131154
2.82058718588312
2.7587291052955436
2.826746934259721
2.745259252864235
2.671782459739517
2.715725450397265
2.7806642343337478
2.683939443513477
2.7504004245471805
2.647882184767299
2.846675643905405
2.772309647124273
2.784585634399673
2.8085706923081997
2.7948276375002283
2.8099942503629696
2.750331008608267
2.6709693278048237
2.679436840431014
2.670779250043257
2.7622284986817474
2.694722456795195
2.698453779099553
2.6488853944635595
2.7296293598632655
2.7813165116104126
2.6972897147452635
2.6471610692498033
2.7271315178521096
2.7132276083861093
2.7464790244812556
2.812421018113999
2.7445640438078502
2.7751567632338117
2.749748147270516
2.8349114437076297
2.72570795979734
2.695866156690495
2.746262462560495
2.823925724611294
2.6608121076405764
2.671201256722979
2.6625161015528973
2.8016115206730876
2.7332912662287105
2.767385037362088
2.735949962897895
2.7124563276080047
2.735557179321711
2.7479179495334196
2.7017229018888136
2.7402222953834166
2.672041953439997
2.6658975720607914
2.7359775276802196
2.702158617244718
2.755325034309366
2.5518107518468236
2.755809256604666
2.8212394631597846
2.803673647328339
2.639674743539671
2.6259316887316997
2.8685848664824976
2.7171214436697095
2.779661024637488
2.753992914973712
2.9092152248731833
2.687791427640489
2.785981627672118
2.8013383182964255
2.804417363324119
2.715901672052689
2.7809982423870245
2.8462552955468965
2.7060370855309235
2.8138170113864436
2.7869848373683777
2.758566592316302
2.7322880565324503
2.744635118067977
2.7154659566967854
2.747061885819006
2.687791427640489
2.7231186790670687
2.716469166393045
2.604781549147782
2.7546451922503765
2.6964902914867523
2.722628914769646
2.8360132924463413
2.7144627470005247
2.7925617244072276
2.675283511446933
2.6494253240215904
2.7033508240794135
2.6800197017687646
2.7527996275158855
2.783554859921088
2.7425576244153302
2.7327100632121724
2.6505271727603015
2.6838700275745633
2.72813472754837
2.8386719891155257
2.746423317218524
2.672758104653453
2.7173527948897833
2.7362094565983757
2.633838362800341
2.765497621471008
2.7454063988460815
2.656427427436423
2.777555966202516
2.597156969257905
2.691145333366058
2.5938290709457363
2.680180556426794
2.6466057726943766
2.7265503148355714
2.590877639681782
2.6955355887298875
2.708216658318691
2.70253769214472
2.790063882396072
2.8229225149150334
2.705384808254259
2.8341677277118498
2.7489768664924115
2.747686020615264
2.8100218151452934
2.772892508462024
2.732056127614295
2.7304717149014968
2.7380550213328667
2.6765599235198554
2.7302832954611427
2.7987490375661537
2.7805170883519015
2.8330951020766757
2.650688027418331
2.7615899300812643
2.6979138495415222
2.70885829517935
2.797745827869894
2.7577671690577903
2.670035534047477
2.8009873858768293
2.6949819504956745
2.682067394619792
2.643799930043345
2.755809256604666
2.755880330864793
2.7296293598632655
2.7874068440481006
2.666114133981552
2.6472299074906345
2.8173456278761844
2.7247047501010804
2.729530720820814
2.711221188993589
2.688647491354902
2.797366752969891
2.6659686463209176
2.7026346728659587
2.793404079445459
2.7708425795917018
2.7378368010908933
2.8296651246293862
2.744214769709468
2.6855530793298126
2.71838414706645
2.7929820727657373
2.8089910406667093
2.7605730117088227
2.7597030918882663
2.7038003955414602
2.8146869312069995
2.859605566778683
2.671201256722979
2.6189312436380807
2.720551421116999
2.735992894677615
2.790513453858119
2.722929681928633
2.715929236835014
2.7382434407732203
2.7555012559647896
2.640840466215173
2.7411340663605612
2.8380891277777747
2.7200396340393747
2.6254837755908658
2.725476030879185
2.688023356558644
2.799913101920443
2.7911381663524586
2.589994011185044
2.8122601634559694
2.659724115008008
2.714883095359034
2.7560411855228213
2.6465798662332647
2.717991363490266
2.7550655406088858
2.6523016632346668
2.694371524375599
2.784746489057702
2.700110924393691
2.7722110080818223
2.803090785990588
2.7568124663009264
2.689938337232049
2.6787569983720245
2.7396394340456647
2.814730440684801
2.7687391794779437
2.738637882670618
2.6359571299114943
2.7755076956534075
2.62994452751674
2.65604835253642
2.777815459902997
2.7417169276983118
2.770491647172107
2.756651611642897
2.684361450193199
2.7712353631678863
2.656195498518267
2.7007196921925534
2.6962583625685967
2.8585312828222964
2.7698118051131173
2.665693785623043
2.799752247262414
2.722206908089924
2.7685766664987015
2.770232153471626
2.835753798745861
2.7111517730546755
2.7053572434719344
2.7355296145393866
2.8007554569586746
2.6213580113891095
2.82516086322571
2.7052239535962297
2.7991418211423382
2.6759357887235975
2.6992685693554597
2.7626488470402557
2.794175360223564
2.757071960001406
2.716960589011681
2.742396769757301
2.4719445174466435
2.7913265857928127
2.7523792791573762
2.7495597278301624
2.55362875179899
2.834778153831925
2.668976617088485
2.6277496886838665
2.8111583147172583
2.7275535245318316
2.6859887946857173
2.7934040794454593
2.8210786085017556
2.7249085365388286
2.662775595253377
2.7889273828241077
2.762389353339776
2.7730809279023783
2.7544132633322214
2.786823982710349
2.823085027894276
2.8161539987395705
2.614469914014124
2.7203630016766454
2.7457991824222665
2.8173180630938592
2.8327441696570803
2.6354350742503576
2.7234696114866646
2.744956827384035
2.750491863266297
2.628520969461971
2.7362094565983752
2.721885198773866
2.652694446810851
2.869264708541487
2.678362556474627
2.684712382612795
2.776742834267823
2.725898037558907
2.8753533826579614
2.6657213504053674
2.7361400406594623
2.6615404566389613
2.747482234177516
2.6635903855092837
2.6689766170884854
2.650035750141666
2.6552198536043323
2.5139290179531857
2.6587070492056055
2.7115721214131847
2.847258505243156
2.743750911873157
2.851179905309081
2.7183565822841254
2.725328884897338
2.6060029790860155
2.675024017746453
2.6967982921266285
2.751727001880712
2.820004324545369
2.764726340692903
2.6877914276404886
2.73228805653245
2.5348058077304807
2.773241782560407
2.650079259619468
2.6621943922368394
2.752218424499347
2.7939852824619975
2.597836811316894
2.6671602754575314
2.728247075267003
2.716469166393045
2.7658904050471915
2.6813236786240116
2.6630350889538574
2.723469611486664
2.73228805653245
2.655628004177911
2.633688148558317
2.772050153423793
2.763231708378007
2.7484854438737756
2.6156637791700326
2.689026566254904
2.6548132139220044
2.790906237434303
2.74129492101859
2.7640740634162384
2.798489543865674
2.644922720939127
2.6766795047193774
2.7800813729959977
2.8054205730203794
2.647258049971041
2.6195141049758313
2.691986030083076
2.7731503438412917
2.7233087568286356
2.6074193036598956
2.6024743625962747
2.7132000436037846
2.725384592160069
2.7968340568927488
2.7401308566643006
2.65773140429167
2.8288227695911545
2.705891597870289
2.728556734228092
2.671733952800121
2.7420176948572985
2.755648401946637
2.7794121713530133
2.6911024015863383
2.7632317083780076
2.6301764564348957
2.724325675201077
2.6265145500694507
2.811677302118219
2.734553969625451
2.82616407292197
2.771074508509858
2.65504514284016
2.823505376252785
2.8074964083518132
2.7366298049568845
2.7862411213725986
2.7794015309370077
2.82742677631871
2.742137276056821
2.700109266072478
2.6190920982961092
2.6434556534065567
2.6826348889601483
2.639036174939188
2.7230492631281553
2.736371969577617
2.5866069655174737
2.8210075342416294
2.7587274469743317
2.7181957276260964
2.739478579387636
2.6607691758608567
2.7724705017823026
2.7032175342037097
2.6861496493437462
2.6810641849235317
2.6924565437021943
2.6986162920787953
2.6818911729643675
2.661379601980933
2.782670653726269
2.64088173967368
2.727973872890341
2.7820602276061925
2.762228498681747
2.701954830806969
2.760222079289227
2.6484221143253306
2.7144627470005247
2.836826424381034
2.7472227404770355
2.695795082430368
2.800172595620923
2.7468734663786525
2.6802081212091187
2.7323156213147755
2.806493198655553
2.867026360230811
2.8200753988054954
2.7203905664589705
2.696706853407513
2.6376401816667436
2.6661141339815515
2.733059337310555
2.604928695129629
2.725476030879185
2.6646905759267816
2.7300650752191697
2.70763379698094
2.7173809373701894
2.807755902052293
2.785398766334367
2.7417582011568187
2.7658904050471924
2.6794086979506067
2.7392466504694806
2.7098890696579354
2.648288824449626
2.7886403243413027
2.754806046908406
2.778818669599257
2.701695337106489
2.817738411452369
2.766500831167267
2.635417200353463
2.8423614602632954
2.7144627470005247
2.7519864955811917
2.7671531084439325
2.652063078533704
2.8185807664905993
2.7568835405610526
2.6723928858595927
2.702866601784114
2.643175795247087
2.6276301074843444
2.809762321444814
2.831249537342184
2.8400955471702947
2.7286261501670053
2.83374737935334
2.675816207524075
2.7650480500089607
2.740061440725387
2.8210786085017556
2.840937902208526
2.7702321534716265
2.6947918727341076
2.7240524728244155
2.7306325695595257
2.656875340577257
2.8143359987874037
2.650800375136964
2.8216614698395066
2.6435404363428647
2.603112353498676
2.734161186049266
2.7622284986817465
2.5878267371344945
2.633838362800341
2.7072997889276635
2.5978368113168946
2.7618081503232377
2.697913849541522
2.825188428008034
2.741484998780157
2.6500792596194684
2.796903472831662
2.7109616952931086
2.645602562998117
2.838671989115525
2.6738599533921636
2.5741751210456387
2.6889554919947782
2.7984895438656734
2.7429796310950523
2.6648943623645316
2.7482259501732953
2.734656048760572
2.7939852824619975
2.790646743733823
2.7896710988198876
2.714883095359034
2.79172102769021
2.8249289343075548
2.662396520353375
2.793333005185333
2.7673139631019614
2.7158863050552946
2.540993120889406
2.6744428147299146
2.870035989319592
2.661799950339442
2.7328709178702013
2.7544132633322214
2.684129521275044
2.5699027885601176
2.7091590623383373
2.6535092370667575
2.7911657311347833
2.833774944135665
2.727391011552589
2.6988047115191485
2.6767070695017026
2.653536801849083
2.7925892891895527
2.704452672818125
2.621169591948756
2.766893614743452
2.6835466599372926
2.775739624571563
2.7529621404951268
2.7362370213807004
2.7939869407832103
2.71543839191446
2.801338318296425
2.7420176948572985
2.5957334112031356
2.828983624249184
2.70622716329249
2.683126311578783
2.821498956860265
2.6665085758789484
2.661120108280453
2.7421372760568214
2.7611266499430354
2.6384136984641438
2.782916291320606
2.74791794953342
2.7052933695351435
2.6463738437762214
2.7517270018807114
2.7995203183442587
2.644529937362943
2.7072722241453393
2.593655917550489
2.7289495178042764
2.732898482652526
2.6129446486567267
2.6929479663208293
2.7615899300812647
2.680860398485783
2.6918736823644425
2.8546809570164973
2.8081486856284776
2.6568753405772565
2.6652734372645335
2.6907096180101537
2.8736978956850363
2.783295366220609
2.651663672332266
2.813424227810259
2.704641092258479
2.70522395359623
2.7034907365803718
2.6302193882146154
2.727973872890341
2.746829956900851
2.705644301954739
2.7563436110030213
2.6551922888220076
2.710568911716924
2.7105413469345994
2.60007515962757
2.676981930199578
2.7959917018545175
2.757071960001406
2.724543895443051
2.766310753405701
2.6601168985841923
2.747061885819006
2.6984537790995526
2.7144351822182
2.7390995044876343
2.685945862905997
2.74356083411159
2.6275177597657113
2.7759004792295916
2.7804758148933946
2.861449473191961
2.624016708058295
2.7780749536034772
2.7809374367104103
2.601379136482817
2.573403840267534
2.6539571502075914
2.7070402952271833
2.734714824283479
2.6939511760170896
2.695374734071859
2.7169605890116806
2.7726605795438686
2.6821231018825236
2.7357891082398664
2.750983285884932
2.7050338758346633
2.7647263406929032
2.602544859158319
2.777163182626332
2.590836366223275
2.614210420313644
2.678945417812378
2.6272689064812362
2.72281733421
2.768225734079106
2.7708150148093775
2.777789553441885
2.6964902914867523
2.659765966164597
2.7136203919622934
2.712239765687244
2.736819882718451
2.709046714619704
2.599696084727568
2.794988492158258
2.783322931002933
2.629988036994542
2.70711136948731
2.695374734071859
2.677942208116118
2.723049263128155
2.7007196921925534
2.613861146215261
2.724806829236201
2.816504931159166
2.8445998085739714
2.675283511446933
2.7539014762545966
2.657458201915008
2.6768802228969495
2.7565044656610502
2.7254760308791846
2.7418777823563407
2.7447371972030976
2.711964904989369
2.704193179117645
2.7874051857268873
2.7909062374343034
2.6908704726681827
2.765890405047192
2.6023823461790774
2.7831345115625794
2.7154383919144602
2.7139713243818893
2.7395479953265496
2.7979066825279224
2.7820877923885177
2.8396751988117863
2.6921331760649228
2.8173456278761844
2.741645853438186
2.782740069665182
2.7884083954231476
2.666448142034828
2.7273910115525895
2.702158617244718
2.645953495417712
2.7929820727657373
2.71622031310857
2.7070402952271833
2.731910639953661
2.7314886332739388
2.758727446974331
2.725125098459589
2.7878966083455228
2.7462195307807753
2.7989098922241826
2.8100218151452943
2.714203253300045
2.585532681561087
2.7522184244993473
2.741905347138666
2.6994586471170265
2.741296579339803
2.750998652882327
2.7175417920282183
2.6669289242374576
2.761645637343996
2.681470824605859
2.6933958794616637
2.7558092566046657
2.7620400792413933
2.7933330051853327
2.752989705277453
2.7265227500532467
2.7739369916167913
2.7598017309307177
2.7454201075222637
2.6044169080520043
2.80831119860772
2.6631959436118864
2.8419135471224615
2.6956342277723393
2.7407549914605585
2.5953543363031333
2.7718182245056378
2.744635118067977
2.6507591016784575
2.647608982390637
2.6988757857792756
2.8521831150053414
2.69985143069321
2.7417169276983118
2.6385157775992645
2.691916614144163
2.714042398642016
2.7847189242753774
2.7599901503710713
2.737795527632387
2.7316357792557855
2.8058409213788886
2.7769747631859785
2.739058231029127
2.7569111053433772
2.7288856438674856
2.6976130823825346
2.650527172760302
2.680018043447552
2.6405583720364088
2.7727299954827824
2.764914760133257
2.740130856664301
2.7580751696976664
2.728977082586601
2.7292090115047563
2.662775595253377
2.6947918727341076
2.784234701980078
2.651734168894311
2.75160742068119
2.6031542046552643
2.6884437049171535
2.52941234267039
2.767896824439713
2.645925930635387
2.5777455886919682
2.7396394340456647
2.602965207516828
2.8109698952769047
2.724732314883405
2.7128072600276
2.6173609114339573
2.8212670279421093
2.765917969829517
2.788219975982794
2.6117407207828944
2.671214965399161
2.784326140699193
2.789903027738043
2.83769634420159
2.776159972930072
2.6098533048918147
2.677822626916596
2.7303730758590454
2.6648514305848114
2.6904501243096735
2.664038298650118
2.6910329856474253
2.7781663923225923
2.732448911190479
2.6996301421910602
2.5825230524723066
2.6828668178783035
2.6623552468948684
2.775739624571563
2.7851409309551
2.785722133971638
2.649847330701312
2.6864091430442265
2.7320561276142947
2.6986575655373017
2.6548132139220044
2.7306325695595257
2.716308311735016
2.7312154308972767
2.779661024637488
2.6842903759330725
2.678552634236194
2.751727001880712
2.8058409213788886
2.8040939956868485
2.745027323946079
2.7427201373945724
2.7330593373105554
2.70253769214472
2.577107020091485
2.780923728034228
2.7175434503494325
2.667861059673592
2.6888657115968755
2.8255812115842187
2.64968481772207
2.7634912020784874
2.6551922888220076
2.4848293734731954
2.709159062338337
2.6875319339400088
2.727973872890341
2.7911657311347833
2.7054558825143853
2.7557194762067634
2.7644944117747476
2.7005312727521997
2.7054971559728918
2.7078826502654145
2.7227412624882796
2.7690123818546057
2.7015344824484604
2.689067839713411
2.787405185726888
2.6788121279366734
2.692716037402674
2.7486479568530173
2.750491863266296
2.695907430149001
2.6023410727205705
2.652953940511331
2.648871685787377
2.583105913810058
2.5682473015871934
2.715479665372967
2.7407137180020515
2.816925279517675
2.8185807664905997
2.789482679379534
2.69395117601709
2.7168619499692293
2.7994927535619336
2.8460233666287404
2.75650446566105
2.715886305055294
2.6174366113231846
2.6921485430623178
2.726998227976405
2.778657814941228
2.7649147601332564
2.7021173437862114
2.7484854438737756
2.687020146862384
2.635274219592328
2.81326337315223
2.7611558730465733
