.15779770224445258
.08549328653409054
.08419405141358628
.11512334963136975
.15510785686495165
.11290324616717902
.10014668738802363
.1532558269915768
.10488805203701171
.17226295184592197
.14718417896770825
.12571363447260858
.15985728023722742
.11002210171518756
.14719733271575902
.16024404749127058
.10325651909012858
.1688260755288599
.10306135994822596
.2007379078925212
.16246742038229284
.2136774526790992
.12698376605343015
.20964319781255497
.10689611495221207
.09853521188989137
.128382035571734
.11114500121876993
.10241270743688802
.13950289720676454
.1209806095114147
.21408411445799558
.15216919185157182
.1327278898773038
.12869646586757483
.17960165961270824
.1217041084227226
.13895073466502184
.13463058614206735
.1624593369049615
.19611111525112634
.14879908304495845
.11715340475510994
.14811673370149123
.13866063923285296
.16454067805086647
.2562995331884141
.17129214385389863
.179762311449425
.10117762758434845
.15345219534412122
.14967282416900693
.13490128118501438
.19349327669821284
.215859543530802
.15692782356526952
.11825384682122901
.1565226954904981
.14020978946236828
.14685168096766343
.24671299635091565
.1545675879271825
.16638099209853566
.17645523744387862
.14754072253718725
.16710190824749088
.15764490852391688
.19240518705849372
.07566091142700303
.1711452653747775
.1474635716276262
.12843577862126454
.2652252971237694
.1346527574212917
.14530606763747267
.2156714331387076
.12264310181414528
.18835951068981358
.18082770812341678
.2076041152936997
.12962365252948507
.10627050934476469
.1714540802283483
.11682787371338847
.1857788754519482
.12896887056911843
.1570988716464618
.12775239550817888
.19061271611230599
.1619790531097979
.16700764981064983
.11940713839433367
.17295857942865345
.15619397668978088
.17478760939554652
.19023224962826435
.18306074775127187
.17127309360531223
.15271752031082186
.13770744604651067
.15094461173522225
.17800816265812908
.13923137708464034
.1350878963585989
.12708558309912033
.18635173136554833
.19258665922888124
.09567696641606419
.10531955168903381
.21483845344622704
.24623515185948294
.09523747601943158
.0983143126330621
.1676060704477406
.18514274566126024
.17344773069416344
.15116253446352157
.12016202185428376
.16065612246997146
.10068134446989283
.15077164173633403
.19866727524550243
.13330708472974415
.1230460657029136
.09165056887795733
.21640818218753405
.0826952732686845
.13306208130771136
.09659688921685207
.15567412068046008
.13159032009524466
.09463768793432624
.17890831320621225
.20922160070794132
.18215903508667425
.16038379872434247
.15848219705610983
.1219911697149661
.11953309142508457
.14352354860640829
.25920099742956254
.14761637065928926
.11981961869948331
.16381231038381638
.11910606044450882
.1988170668440914
.09587178463294896
.08109164479980523
.1903766809624384
.11961456106029668
.14007034931165036
.14313952541067337
.1365365030606056
.1831038741989582
.19759657664461688
.1286728230572891
.2634469646946255
.23944684732819377
.09050627805173564
.20806702330726096
.15834957378450557
.15731719981916772
.12727403865154382
.1531366506797466
.13225344599750916
.17260943396131218
.11772442718927109
.21062256524586104
.11392021900697234
.1484427636266586
.1690043356586098
.15964408158178173
.23231672452926444
.19485962986155714
.2055756354037256
.2151078160796048
.21492556001720445
.07573089977556219
.1678597618631385
.11976941421326048
.07302342918483598
.15683611313866494
.14562391924529056
.1320194290610303
.18497897989815026
.15810669159478152
.12508568351238564
.10372730572686781
.09950530010304794
.13721181844506564
.13433119860146542
.1211777629278018
.17933312781360383
.19213401169131175
.2094494905538089
.09278625326484508
.18419339904966014
.0923203243062637
.20284293814263385
.1677682765532835
.22193272378232615
.09631504206325033
.1560337206142905
.0695523139405439
.11962434918704185
.19845924892139943
.1423846988776038
.13109205635790402
.13917927040978412
.19977515668008805
.1335689946134317
.18073565456331148
.10205257498295844
.1862224352188349
.11411117851067203
.19172771949992093
.10275166837081887
.09456262667835948
.15047422833718982
.1484067199996572
.11182425874661145
.16829099096962746
.17004764507056153
.1944852456899575
.18832251646839704
.18302494358110624
.13151977592368747
.11549772682309431
.16483057684482907
.10164554406898538
.12350377531656602
.18326333934103728
.21558990629449692
.23246011983812276
.1951490174723236
.1729259014326539
.1539689032375885
.18603161656905973
.19356529498872072
.15249883447780394
.1969690371279192
.18591920497401696
.13911257737829497
.12108321277407089
.10557922110547519
.11771445392789652
.14791779155585233
.1500363714482822
.15790634722935468
.1242698177858005
.23501161138241233
.18825382709965116
.18477656944155474
.16054865743599478
.19050544060804173
.1421279503222691
.09939264418932142
.1183155568573522
.16447499588424677
.18345825768941812
.06841515316874915
.11194703727278632
.30653570350593773
.14356881679771097
.15908183361091421
.1728930763965434
.149302821570187
.14983083304697392
.10993762461396965
.10465781587452624
.11337639972962629
.21855856279606709
.13492878710885797
.16345236549588021
.17125455827127073
.19241191161010812
.11871148955092092
.1515222507398557
.15956239608075365
.1770511929291353
.10065359213767772
.13011853747320323
.12189345195342394
.08909612677006132
.20722461230397157
.18801269268204035
.10789190205894522
.19166317418521436
.1528499992561786
.11628129116505159
.15750218683288145
.1387936556156565
.16555041010237934
.11052859276656263
.126763375112709
.12125551124178782
.23016815514335248
.21751280012729543
.1666936006979753
.1418340489761105
.13301361242076276
.13641395888636307
.10395304867588867
.0936660761815313
.10944875799419614
.17092930666138167
.1254545189087621
.07699085235217544
.18856861160544156
.17304198562432951
.21956874141649652
.21574416136456398
.11207837030792991
.11100267030840458
.14043721420713742
.17387375216847
.1806728049964927
.12902028370916374
.12501488069538147
.1523806627255707
.2209280191255672
.16680476767024682
.21217619652857406
.20312612317261905
.0816533292484904
.1458121725508785
.1231210514673885
.11877689262376355
.19047872429059653
.22166823922302942
.14799927832938142
.1197998448365013
.12710668652998172
.093343154888543
.15975154422475127
.04011346321153193
.17734948242616844
.12542627461644612
.15915437589504422
.22589970495293216
.1397024630593255
.12090509743286437
.1503756037093574
.1286079575515714
.102553974192822
.13039411420543803
.19408498622634493
.2056163321564481
.1207938562401842
.14509382000989268
.17280498773888747
.11902417495965374
.11042032187897717
.16017581280746562
.05807750135995151
.1373804438618491
.12252369539547531
.2014969132228627
.1493481584184931
.15320982303787628
.2569118645418811
.09695890079836064
.15553511877173495
.17798880919085736
.13149879491039676
.19243871956260344
.15266202064615855
.11213899012495124
.07638916394119258
.08619305836967078
.10815332399208764
.10576848373698312
.1536263400774361
.1289814897448983
.1277473408699152
.13000575926737612
.12313067600360425
.09281013114804154
.15898166551253679
.12979086697542533
.17766354947189578
.15354942005351446
.21949083187125593
.1043620014548384
.23729313460440427
.16604276882577776
.15306189589254698
.08979555903883266
.16591953443425758
.18930402592468437
.1336792238496833
.2160737480192402
.17188015340337107
.2122208797813629
.12705790094290942
.11971816341903987
.0978239207728037
.14718344961247493
.19800672248911322
.18112450531064228
.1859721984752682
.20196445964152196
.17342468367938682
.10032854288996404
.14855996951064326
.22542488028933189
.15821574613581715
.18981454434232164
.17760004766790669
.07072167739975552
.17554384310818738
.1249130492677163
.1627448868657144
.16222364268814965
.14307071813415034
.22166425641164295
.22284988113692172
.14853483730121886
.17609965597488159
.1229438430212538
.14405172127992766
.15258319133885706
.10838214011283097
.18934665044606094
.22608884765908394
.16532995309116866
.08747663557563536
.15067966426749893
.14975812814492762
.17411579412999717
.22247517462241148
.12293893866702217
.13627114215483016
.1794930888219421
.10934583649528952
.152016982866728
.21802961636593038
.11712064397422517
.20678598947361135
.10577253700232028
.16225742823517322
.1592174824091534
.16658384011942742
.13124688706933274
.1276439390569899
.06738690392984614
.048125200061845085
.15682093839478817
.16253916634185656
.08637096162871173
.1750407923621457
.10056065118466959
.12861869693744254
.09708045582766071
.14700941579162397
.1304133466814904
.06601497737070819
.16340156573205072
.21954586944692478
.10779306994465312
.13706821569346547
.13623446864285288
.17557782536303862
.2087063507573003
.16706106339741567
.17996100229267847
.08419524541474353
.10663828419968191
.08278809040245645
.10738609529029762
.101586491761778
.2123070915978568
.1775512752823167
.15530060509526641
.2734382333937956
.1885769641745622
.18425415341658172
.14867098132996936
.14134740292177678
.15632420857076945
.13995979576297424
.10393854897759425
.1593880398813643
.16648727600829036
.14559334165886445
.14896213368381306
.15058356926850258
.12505663340027803
.20041073105497742
.12004478754486052
.1278820389716763
.12100750674164432
.10931131092973541
.09754579697565224
.19298635502816644
.11029526965634148
.10730200480687938
.15070910889069342
.16077848080318075
.15986970577024576
.09254073718708998
.1932393919906295
.10540861051119654
.1690637479146029
.12799497659581172
.07972792234734158
.20076966691825798
.1251429509576684
.1848955816353919
.12432041644838543
.11963769735261623
.09835747754144734
.1364121610334239
.1797207032795568
.17904958936246876
.12758180432378147
.19881143195178996
.14707024127542098
.09059722442473715
.09481755745221726
.06299758149669049
.16925505909251054
.19168425238759337
.13454283231335168
.10583237096876891
.144884166810622
.1446947598823488
.14441037424307587
.05648033353078823
.12654416963871085
.17118284778215628
.13906065297354223
.17348713314322886
.12800796730155667
.11985736407603395
.13213834261815577
.16641969441814403
.15289420079375132
.14729440822223092
.18626343197380163
.16851433100778074
.15437227918059107
.14792486722562653
.17747271604123374
.15896751100994289
.17986817058929788
.1395983432865873
.08619173264364452
.1539757485221266
.13982459015538534
.24114802761269477
.1296732849387392
.15287765564275896
.1891689078456477
.20188597279144668
.18687184600095608
.09265720121672591
.08082359513278498
.17328275666246126
.11742691149645931
.1436248876271142
.1255029764493893
.12634367579932487
.12977270850945832
.19366986366098132
.11994007367383344
.10217243921465291
.08080697179676959
.17845250629729567
.1751831560192383
.11762193502710329
.058997833500070325
.19028181620650927
.1637065223861188
.15186096309285496
.17240861144309755
.16335642813228243
.1704109802506203
.10324634336453592
.13892503858265565
.14687156781505561
.13830794529049156
.08342488102124633
.14765225873571117
.08901647577734778
.17695693616393832
.1384796265005112
.11574939627306659
.14834529037544977
.12285333422087602
.15055510378879602
.12168423914486716
.1603637875518489
.1884394590879698
.17140248153191293
.1568933223017792
.11702359441101827
.1324669548441176
.17437887292859544
.1411065163839362
.14284363026613514
.0821397757678646
.20119778266464525
.1338297156911404
.13844904191398544
.15137285239024548
.11101328511026384
.1185624867406873
.11066066364388072
.1654796832377646
.11178496108902378
.16366735779684088
.13446557726385727
.10272245304492356
.1179984791482796
.12421111354295188
.13821116296278424
.1981101742950095
.1562825386012602
.12452920444088919
.19537753388008527
.05013167671154972
.24186722692681356
.11908033961189939
.13946069864675587
.17075439479567225
.15448324856367512
.2669263652756376
.1346517052852813
.17908901927203827
.10703175138760329
.13335242000928507
.1352622032146706
.09513787789409961
.1573843001852768
.15651789278102532
.09183908609891596
.13489306674244583
.11998548462436806
.23495213249227687
.16840495456992763
.18224149926603325
.16966680186767466
.13798539984759717
.23391587445718798
.05876803276460317
.2095095436871624
.19337724671329476
.10323259394562745
.0786251784747617
.18074062221364579
.12958060396357818
.12190801494164238
.20255555184820076
.10979078180733978
.12062992335091098
.17174988559139426
.1946459122348363
.14709877367452584
.09784743464448159
.13266149308077127
.1233297021077191
.2520657880829518
.12156278393394848
.1992320302009567
.13337548777225913
.18752127681182357
.1880983669294818
.10732590357668643
.163677332343934
.09564994206926339
.20225654337407725
.14209194588512217
.12460771512518391
.1625019111959751
.12145621034019632
.15823009810944044
.1785248346177432
.11754600048105897
.14773736838682516
.09875164425208703
.0736033207504399
.16124344742096805
.13849704831404283
.0846906051054886
.24272393432422407
.12427822013203196
.12794444516182754
.18179806698622236
.1728168376506569
.21674265793399733
.15355289711186354
.1356211940145646
.16545695660976825
.19908521934820345
.1343412563350926
.09555808883185399
.15909552039173736
.09345497347074991
.11241825142469408
.06995700195823262
.14697491092359807
.09747924645560672
.11685612338576314
.19578113975772832
.14207697696250848
.06791471462954911
.1494981777340207
.15046160087024196
.15232973561940524
.10626308491337758
.16781629983544077
.13711456552836432
.20617263888775747
.14432453938622997
.20335599955593464
.20816992048321842
.19089602203971304
.09211457637549002
.11212493064295753
.10803090706870369
.16727389682468888
.12384568108940366
.1677777273393654
.12840449625642536
.08145769844825558
.12503249196301977
.1460847626528588
.10542752714613438
.20384080936508503
.20052855179116594
.1739438743324695
.17357574469040807
.1743696551742306
.14184564144942158
.2673924933235424
.12041734485059498
.16003802858078578
.14490924249950946
.16359754257282283
.1579443773878928
.11474266776748064
.08096545481215121
.09926016023912422
.20571006918998377
.06745579307249175
.08200019653512934
.16749165181266373
.17133865703317191
.1306191545954994
.11150188936054449
.17440780351808502
.11626155140334142
.1437158184965699
.17023609998024994
.1260145324495754
.1246262023443793
.18700517084769672
.20669093399782534
.09370562296959634
.19163520246646515
.12948804201251568
.1462438565033597
.13285191823458364
.11531427791345089
.12058492745335933
.1800168137972723
.08669476805437713
.15211127231073737
.20697911240877162
.19675204931857643
.11298892785084555
.12074936259245281
.13664813072942064
.19392567528977267
.11529131079855882
.11914683312636448
.12582886418809713
.18427862321438285
.12287612502573847
.14587242107436146
.15532279991136863
.1109778562570648
.13925051196401958
.1445155000932642
.16984247556615556
.16827622876333131
.08811839059189641
.15888825694465813
.15327981861248693
.13931504742622505
.10907390196352607
.23386383092541124
.17828228097722065
.24995704560517104
.15014361502250922
.10680629224152714
.15753629299446933
.11605149025348677
.17372578572414113
.16012476122381897
.11213525251344011
.07379587489628893
.237980963782847
.1352264899801873
.1600262054533364
.14552733255323788
.16414104535136287
.15714356174224353
.13994782792675964
.15947963365683307
.12211123970401816
.15482054418153623
.14660911527119636
.10075166237886381
.14622125164839658
.06487390310246557
.16000312410023626
.18582871917662847
.18419245115404492
.15501272942368732
.15435687248129953
.14911630346568264
.18106419735654744
.11370763002209666
.10837161931196887
.13078119528490437
.07667187554421473
.1072112992586726
.1545057904520204
.10062647125063283
.1440394994965366
.15400718797265778
.14385076527704777
.0883502516967061
.1656265052640445
.18169838321211582
.16171886655238768
.10482488055947195
.19723100346505906
.1869480972518861
.17646837276151145
.21239316771631725
.1353554183870969
.10179610130883057
.10994975302450817
.25122812149717966
.10538238128058039
.19745062242500208
.17335739558552618
.11639700659715257
.16751569159156524
.20514996667167992
.13983481673419476
.13140089553332493
.12612003533291896
.09663238721782635
.18820943888459146
.15517058820204743
.1352498724798185
.12020481205200269
.21357421550193723
.2089240499949377
.24417621934636952
.1599688330252465
.08440280616404128
.16704997290162174
.08603143684298305
.17311447907316563
.16885752403553247
.0779485371165567
.11403991411141277
.23139194026311616
.15735383310985934
.12620857790074722
.12693626463311516
.12627061276719684
.16320000437085888
.09443447165165136
.20216315580063213
.15150013262603848
.15355320419223162
.18613262426259283
.09470898767418193
.1712778885868101
.31538568301608394
.1836012127265391
.21718288723289889
.1778818564255046
.2520807458703077
.2011162348613884
.14296755840222658
.12231284858591171
.1616378139546806
.1114179676390353
.1284322741542342
.11721245254170805
.18321940518769786
.11405470234333917
.15506224947160469
.11925632902433894
.15822115053026245
.13647443384171354
.1649808375082794
.157862035431866
.09285364238501836
.13353116273016546
.2108713275546572
.27141357388103815
.10574222859923092
.12361244831750577
.07289482741798489
.09218832898004943
.0686911507643547
.18176085836432823
.1862208028467508
.17564227816741518
.1434720428321114
.13868551385781291
.12863513088875794
.10738979699329225
.15318771900007178
.19477209825167274
.15186769037295145
.19643072174491766
.21172168767395896
.12015306693361444
.20306411258616802
.13448912669887655
.14498322424424434
.16987006889151224
.16354737140311287
.05593853481939294
.14140395591435964
.15641085570310176
.10243999870793075
.1479245441708799
.19538013336943583
.1940174341904943
.14177769930158612
.1354924081163841
.10031453223772063
.1308074328536879
.14888490124134304
.13447565254234234
.09342531279964325
.12777950892566736
.12663439785841757
.12201087837730612
.13739442185926945
.21315673212193748
.1225688840811926
.1461997367968138
.133660664567751
.22790188107367731
.11196479457643253
.09074159297940362
.1485016528753081
.11115486756988735
.16964320460650104
.10233841994005613
.06289998845653479
.1312706120066084
.19531700557828052
.15455305054892393
.1613755376894154
.16791670108579806
.1259942318023825
.11758907010409606
.14200014723324417
.20636284918841288
.21385596107407895
.1582862018470534
.1540532084502586
.16884992001133292
.19693977933126314
.18574991013228911
.12446105353737169
.22155149595541246
.19895527115028927
.1755438009531822
.0966177250246941
.18162631337739113
.17153347985778702
.14888272817769824
.17126839707037095
.10068142734250693
.20658435790408505
.19366436820637734
.12769856233524665
.19173385047687355
.15591994900043749
.1445613638463254
.16097655058972907
.18050047578100997
.11395191943450528
.12579363564670296
.09164040873148557
.10370007587107763
.1285120077379839
.12594051442034998
.14282841023511633
.09069191415950316
.1892561770840197
.1124919778722327
.1375067796276935
.10966634488081982
.10459826555638362
.16826213697285466
.18977107605116908
.12513738892034038
.16238672508745297
.22609176057550867
.2605189324523207
.21344417697945173
.10609155500824931
.14546210765602338
.14330996320569464
.14419885229812698
.14201350557706016
.13991313935500724
.23033622544088456
.11559847023304416
.23090432839621275
.14469173257014686
.17387290548243994
.1776658402526818
.11442813007408124
.16257451360039465
.17991660943917134
.12758919822890913
.19317537732600268
.25199362866654534
.17572128009197685
.21478355112020064
.0980574107165413
.23304769741283324
.22572250114119297
.18987809896909089
.21325414967930897
.2237325014963434
.22766565676744566
.21989941879397146
.17383116382277738
.17381577016473712
.09417768586786307
.18498561984911302
.12580152216809687
.13190061640500783
.11341346384846085
.1889479663413834
.11367573231118436
.10265040079863019
.2440886819351694
.12767198712707134
.13746460061855317
.13660800196120504
.16836386251498753
.1674796162506772
.18880379392964083
.15935474656329984
.24975019007740562
.17010463493178488
.23197808305490716
.28477848947831513
.2364757240089745
.2060086226294034
.2247544054470462
.18796902118548117
.10799748395853272
.18499967006037563
.1060677743063493
.11328577380502006
.17236580934183915
.11512572906170085
.17803733348453515
.17023672855243543
.20533012517859908
.12687188172607908
.15789636529597248
.18577018384410385
.14808704499166347
.1325029623714254
.1414858775512214
.14714999701242884
.11978413574148342
.10421041214640424
.17677881960411693
.19286903520411677
.13547093380667766
.17297779737721522
.2053006697538834
.11110773764303852
.2232029030061398
.21405752512066617
.2362955879796669
.26132086948548344
.09729350744957885
.1589853760275915
.12645386932483466
.11356686005707356
.17044589181515976
.160720883605233
.2018489071034673
.19237208495471142
.08457419802372212
.21074979884878367
.22189254125907396
.19896176793400144
.1906096984758857
.13572603089339114
.11595291395483698
.13370329619102608
.20050151565404112
.1707389257711126
.2229214724459912
.34447389275217266
.09157260244113596
.14424567403649113
.2533667728197724
.22606351282157525
.1075448415258836
.22376767445313817
.15976521021030018
.18032517320280678
.1497304430101626
.20592134441638837
.11770109959673816
.29749134758164486
.1828137856867174
.12864566723478887
.19615109440533562
.177246579750733
.1875145939564257
.1819173761269047
.0787431542517392
.13536844428331152
.103943099157208
.06347340263805738
.2944350130614821
.22164029209157826
.1860251124547886
.14958177265892142
.14672699285818508
.1685401840342435
.12597722418904386
.0738315555800361
.17796131810630764
.2091000835755133
.10445484810090497
.11124172328486967
.08175941586620986
.2081719593589106
.22286226669639017
.22493569008009107
.216296963492457
.2606502688190274
.23137805607443887
.15137152294132286
.18846508569314072
.10277509633572772
.1799330591267773
.12056157862295823
.18387833353865826
.2430900863335259
.11505360159388806
.21084476621180967
.19396897293595128
.20911114571379294
.0704516827791675
.13029521679884792
.19947590218975017
.14458884179946674
.24900850078981066
.14767870621821064
.1713536938582829
.103683075190008
.14080961281717982
.09561404851221417
.1534699721383981
.16142523851827797
.20233288098121494
.18349268729770143
.1502512212329447
.1326474190519048
.20947913865428056
.23506467626231062
.17546813377138684
.23124051132934673
.13926375700862195
.15251621449056402
.32217503460503716
.18570449442647968
.21469636277146473
.16977889679175195
.15724047155241133
.13986533434414683
.14983784572088593
.1363368646591123
.10619732044226973
.2275836584769627
.20840934121094987
.1564338140513299
.16129784628705793
.2176484310493512
.15211697514467865
.16820566920208974
.15221534060551423
.2186802151237817
.2836821546703788
.18081156012016372
.2077204073063233
.23615197427963142
.24403321541189593
.10457990756480308
.1805920912324092
.20563580690734687
.2228734197093747
.12464689872668788
.17146913271756237
.2019879738450508
.24777933328882343
.1455370401071868
.22205390302749325
.14454155770850857
.16213105473071912
.19465443605078267
.14911701083611528
.15606325638783752
.1784952180790748
.16480458486340702
.14090921054085556
.12998102562657735
.11715682638367891
.09793146939510886
.10591545676693538
.16387001062145667
.09772858880992794
.15019803925310604
.10790617028676237
.13393698926355666
.10961436149053694
.14080026945914342
.21763176362850334
.1354228797118066
.08772540318522304
.17672640886871457
.12659203509637326
.1562536222232147
.12683679354926086
.15972406903840133
.17422390919817904
.1686384278716229
.10271986307462849
.12153752608649317
.15256471421052994
.1790017767845587
.18355796844253106
.23182548920404786
.22426130660688695
.17071140446736935
.16446654119531606
.1278683974475034
.19267539209810858
.17141561813450917
.16197124811095182
.08219284273416397
.15591768754348373
.09927600653801555
.21629535040806364
.14277618794109126
.2603256418027603
.2147545202563843
.1309958560076817
.21857933459602835
.1423162768516181
.14259710203488457
.20569110308274324
.16839175684291452
.09458810711990914
.12641168259608326
.1639988889755256
.15487120481046604
.24527600178861614
.16081007348598303
.1281975336210756
.20311469947178873
.16935831497316714
.16874948482155147
.13992250194703534
.1426336376244699
.21889108627672435
.21460774304214428
.12154653816124456
.11129410097613517
.21977207854440275
.24240368145100244
.21590504506590255
.14864140136169013
.246799143991891
.18924633555210216
.17602787606877235
.21173206557195984
.30060047736207895
.10953787991153092
.16090468566685262
.24939751300438967
.1123489139004121
.1863929776059017
.07893579190942007
.22112259684352611
.17649453077899294
.212860136368137
.24617978503138815
.1722383034537286
.18920553880205648
.1691720382657184
.2147093382386463
.16559964992491027
.13888191036082265
.1964401300042394
.24120475934303154
.23096667087794093
.22122729536334473
.17111351097301616
.1515317844007521
.15865500262945545
.1042111787782449
.1484467194968452
.14476563984511254
.16844266921580214
.15458113943319102
.2057917001067167
.24105760727517409
.19192675261374395
.16069552399311482
.22566659498860214
.15566753301135855
.23795669691557328
.15263023767782913
.20361881166755674
.2728709652817284
.2000296090805044
.14935823179123697
.10235737882815187
.19675891323587238
.1396948543778911
.1338520883273274
.17844753679000572
.23287895618762633
.1465473380471183
.21235204555636722
.20997765036862182
.1809035832255703
.1740151700855181
.16797780693492115
.16296183951668763
.14113003958419576
.299165793483752
.2958987400368122
.1630190698047964
.19497431109435456
.14428725766178047
.16117212405984815
.14234052814201215
.1538004277494019
.1487800212132728
.16104383151284266
.18097182865605896
.21861325765947323
.14954136073402582
.1594749459295845
.17771994349563824
.24008313699206674
.14445918449062822
.18599905652430854
.236539325679772
.2231722624616957
.14964115830486072
.27154362695505546
.23641540139525147
.10300014497786515
.12049589228504554
.2792220645920148
.161985837498058
.12870880774486848
.21842254539088762
.18504978220827623
.1399298224790655
.21931566552341358
.160258392856709
.13076301048497865
.166363959773152
.2492001303481185
.24243372351439935
.1874130353463595
.144067308402994
.06426101504216516
.13204731522561572
.18999595235254993
.24689405043617485
.15922486020517362
.1551481158748939
.16812776929817694
.1525210024354424
.16347477476673192
.2308581796586308
.12187402953903778
.13201313194543146
.16544405447549804
.15510910835299635
.17083140278037154
.12282746488487165
.20332808660548374
.1476134649289912
.11364041285375477
.15128992023517288
.11352430861155603
.155972436945284
.11890382331329874
.08195638038667653
.16486650558350854
.15637217708041734
.10745336788883637
.21886458928118813
.15318590474649108
.10431869344346978
.19588084542543946
.13540968150301974
.14332359719137366
.16971572909859295
.24907294191307694
.21701345485283863
.21754037883168997
.23767465190736858
.12015940007947931
.1382045688140882
.13757812676068928
.13262634865799983
.17663812072677132
.18817355807454794
.12008548866819703
.0666447913154975
.12285539092730162
.1794722732974727
.13010960589718196
.20163886484596436
.22441835481562739
.14292629890729577
.18313743591585954
.20008529179919238
.24528658435610168
.15681550966447588
.1553079469762424
.11730930763687816
.09224440233538822
.14318269829120048
.13840358912489065
.14685867066913139
.16716468906227533
.27862450209488987
.0907632107175839
.17766766108307316
.2108255539246271
.08016393390522163
.2974150628158451
.19682770556438142
.11212653203439775
.10325679293720458
.2008965710066328
.21933443071001602
.22823241656063983
.22446922461715166
.0838143442654144
.20732103492715495
.13978179474031566
.17701630158576495
.14178893838982892
.14322632225980986
.21889146696014594
.16289035608804645
.16050277080814654
.11375375475735679
.17062982010901262
.15166048311640662
.1802788817887846
.12236286702668744
.15134255117787396
.15158927400187613
.17065593793006326
.18038546050161877
.1452148564791691
.14074063800447467
.16939080534813244
.1884872936549796
.11439581852194337
.2057214450942821
.12262154491533053
.1966703365330095
.12865682864984362
.2649401495559711
.17289213554059657
.15683833554020238
.23842865387674447
.14197813566675754
.11633842431455632
.07935494038536772
.13251121428877374
.1804360483673395
.20156251130694794
.11837388495433186
.12183147049029516
.10763318497888284
.20903508627215994
.20595928626484167
.15931530485897055
.18304014925970374
.20369427215127497
.22437200412983543
.16999580009965007
.23133358435346316
.2260779354490623
.11385192161370082
.1287237684098608
.1198038451515241
.15694722167632494
.1713984455933929
.17591899685069376
.19070422916648835
.16449815552052144
.22672760511723977
.12440541888721601
.1259762167450815
.1853020928119627
.17613157235158822
.16986946027625954
.17228938790106818
.08750158031712597
.20988904966726285
.2221035996411847
.16860096452500362
.149255448678632
.10788637378978874
.13226385941741026
.16356001603990283
.1444088745079875
.09426239049070029
.27381098883076305
.17224483573943264
.2139798901724564
.1629254902795548
.30695435190422127
.1963854191630573
.2083406816800997
.11972177269477237
.13349397067716223
.18211640514107116
.20932216037853538
.15238586394914244
.16871459293856605
.127712029056382
.16951707853476877
.1877354407136055
.1781726975530487
.0961845408920708
.190697845856509
.1814925712487445
.23116010280102905
.09223335014102807
.10683077523683908
.23755780611137928
.15791930602401347
.1385218546428415
.13781238072988478
.18134962471730315
.06719748830793579
.14065824260050286
.09513550997169211
.1467996664969264
.11805061576546219
.21000560620133488
.16772573027696464
.24360560814433996
.14339441200868544
.19085251637747802
.1967037619260763
.2006558966697262
.18340869111339433
.1539093759505274
.13335352102617445
.15130452110271195
.17979406762404002
.16322292110496164
.18315720768459434
.19849809297213106
.20677727058136514
.16166105371582426
.10733028318144694
.25883174818266497
.23724390437964876
.21529902801481282
.15670812658151584
.1965097942388188
.11097027691761677
.10875977307397192
.16996790371749756
.19179542617137987
.2127796495290621
.10103848702825038
.2717936498178744
.1689159517713578
.1744175660989319
.19891340322803222
.18994627219675458
.16192842384994546
.1825891384321402
.10937555137949956
.2775677594226844
.18901280934677536
.24658795259021576
.17190976211703518
.08502015779794193
.3084803290708122
.1223534525435094
.11827662671957687
.23330882143815376
.2005098926581653
.19923601625728113
.26337637373268385
.1735295182250474
.1927118453484306
.26561505306857414
.1782890390308327
.09954517511635193
.08926070724455443
.1739577197117264
.15193536957509282
.2420973107192293
.09248963789139873
.20364638154318698
.21307352766991416
.2359956699631549
.2162503415140607
.16282349325190032
.20638895978349628
.17475144423783648
.23911311432918986
.13394793836963248
.1023199844397149
.12872909371419103
.16552783202901764
.2853268410503451
.10407678109937792
.2428592748539729
.15254269567696974
.2764860988523261
.1602918519380458
.1561373281983876
.15197335666572737
.13977264120114108
.21038445894884217
.17001596609629088
.2292485366786489
.12847127185380672
.23209433600302753
.2595009281621337
.13703236701900595
.12896018675266585
.10828753301374214
.10922980521866152
.24085048116458005
.10770772798377427
.12717642368687818
.2619904494158368
.18096076119680982
.23565030485406907
.15010131187637857
.2347020281367697
.17424894916625178
.21938149274466387
.18723646511094258
.20898598801347745
.1830994900445276
.19842658309517383
.2034553955413406
.23427662176773623
.14973604784942107
.2696055965087119
.20361465789784183
.1631933917826711
.1887664030110283
.18183396752352032
.16233366301512925
.13752482312740724
.22084175352222052
.18554182010780415
.14055669402780446
.14477674095919013
.22048772851427897
.17480070431496028
.11352794510218844
.1553653821862036
.0929365991375568
.1839311948912759
.09650610095241256
.19765272123125305
.2370135484054957
.12995768542969485
.18003708845845276
.10058550509505487
.12000050408112478
.16049633855087603
.18857426972203897
.14012234912921268
.10117079277372362
.12185128093179783
.17432145146229924
.16604646440016296
.15235260589617738
.16833787308923265
.17822182320924787
.12010865861759462
.1560614277729442
.10132845279307229
.0730287215670444
.12080820974097112
.28216607838119645
.14461642941382025
.29276898857727374
.10299531716385657
.10499908611261713
.160081495685855
.13951262974843975
.15662425101011995
.13012094165674015
.22343661098828155
.25863250122671927
.1728188703234803
.2064431328250385
.1406075829946517
.19608542751660318
.2143152873007706
.1578735582464618
.19154750177478685
.3181079401123773
.187941556535645
.13884685685392945
.07103792227572495
.10285482589953925
.2555056872139682
.1557972274046131
.15077681155625197
.200172062527678
.07122591879223003
.16867039601041608
.17789315808837772
.25750188141076163
.1746486615147992
.1538762762216432
.19241430845591428
.3418113477351583
.17508202375763332
.16361569288562458
.17223414185824412
.17532932231964532
.20192610856562052
.1996709321931317
.2337397358638598
.25148012302687084
.08526109387808226
.19838747316805502
.25406682301032507
.17733947942776696
.15046772434715197
.1543005194542262
.09588267007685433
.20520174528542331
.2958953905640397
.333392180688744
.23341765807214432
.13329214491832797
.17943804607899372
.22810667573865584
.11178624644830908
.22590731621641905
.210069502995253
.13332358019032978
.1524639965688538
.14780623090990774
.06759087370411261
.1953962906855101
.14688117828992114
.2145092648324537
.12739257240329452
.21411135703076659
.2099801630195271
.19427664774053888
.20692855510534208
.16057435752753124
.2119801444631281
.1260418024164582
.12390838454368285
.10510508804570846
.12881234326012542
.09328889408442956
.2544506582080598
.3045726827811658
.18967398288244056
.17487357986056215
.19867144251111366
.12931604461821072
.19476771002381119
.21191684632342486
.13413474466900205
.19514302376767717
.13583662995041576
.23142560140352303
.179290758604243
.19627874808064905
.24035994936398977
.15486785020623503
.1947687400191294
.18527252327874133
.21524726934894947
.1391169250912443
.1791698142674832
.12765990271716746
.0995953438652144
.12674343962924936
.16044658743497567
.22888192189128576
.20958626710971395
.26378339454430266
.13364690534491036
.16652257329659803
.13060018032665144
.18405798185559796
.15630433496519577
.114304897298507
.157549238003732
.1954259465718641
.17108542021795142
.13755707865832706
.1737761340565698
.28794082493171197
.18459957161314888
.16618609281987337
.16018186261597983
.16206472777765937
.13323475574890833
.14505273504006683
.20007271939004875
.20249993589927143
.17823101559335472
.1703368034249466
.15259170803505845
.15506379363986256
.12823746793259344
.12673227882630428
.16265264118637876
.1530221356587098
.14531487419490796
.1943466497612485
.14780084250806416
.1995819401934049
.1874610196382217
.10100097175592385
.2482696618956942
.15911775630538577
.17000596527823258
.17821704020094173
.12103793377118648
.1583583248427787
.10489503898425162
.11498476229410691
.12240010538527518
.16736711231196102
.18263023286161484
.22937935125267844
.135758401686229
.2345893801148173
.21031052161268682
.19687993125087433
.09300151288062163
.178684488244819
.09199958785808948
.17275334156951452
.20458294476641029
.1456437970653563
.1450078151985944
.1909239876502744
.11742104358582403
.2277161642836281
.20700822127104196
.18993811454184545
.17809069124190285
.21320515548321703
.18443119220809148
.15513723608300942
.1274719133656636
.21386550344299687
.21404746129318758
.13582522043831655
.19487670627592052
.11709496591814283
.2069580546152882
.18465713662404906
.17312212203841842
.13778523928812247
.05801460075821134
.2664426874375494
.12650135650948857
.23044576789374963
.2599230948825222
.23548343736204505
.16651436875085418
.19278635512425063
.12414656852166264
.1972034700767276
.16117018697694824
.1466067002028127
.18657252777459782
.1471333692380822
.34648275393977
.32209575478386676
.16346619717913727
.179676979022317
.17151925969581205
.24751055831685692
.17701338433604916
.2676606593710081
.18845620262015228
.16066436862420802
.12605637566135458
.20422157926702408
.16201100182272204
.287222432950065
.1523660570036324
.2073486363167814
.1498737240333237
.19417752924118725
.1724730775938555
.2435117066810461
.10635354060321676
.23365530166025006
.13337357150057738
.21327143262906856
.09931953907600403
.1477714871557908
.162881155977356
.11497946574124535
.22177412905637728
.12929580743291338
.14285166345442146
.1456897513837254
.17470763022060837
.12729110827655507
.1113886531840098
.19525408846311856
.19072715163503606
.1554124930081185
.10962923332240063
.1451409622882844
.17019252783244296
.11923947052676404
.21108544608828392
.19985417748765535
.1429865024291723
.24244497700791823
.2311979832297334
.25294786746863523
.16329390489032625
.16003857461710574
.206416929378045
.16870872964568787
.13011276874945393
.17661796160681856
.2092419119387955
.15303059962944246
.1338777865680502
.22745769910665484
.22287357553433085
.16837428131218718
.14788362753477596
.22110192024233938
.22960242569333317
.15910083485025578
.19720217048008107
.17350690136467004
.12701613204828935
.13635534566584834
.13965383054447458
.19738188536621465
.24507855447607999
.151078557920483
.07489644115846683
.23264122655787506
.18783742891791014
.155706852569413
.19178727040190335
.1866814109292505
.12564881232427474
.22880269545225854
.12317688650281589
.20959057209079449
.2152109081301141
.1148457800108386
.16111894141821467
.12315391672392503
.1927721628762213
.23521701905127126
.17226381963055187
.236614159872443
.1778063813806723
.21233441809668688
.14954646237885663
.10792085934062923
.11477136888036563
.2459017908264231
.1848738051224614
.20936688036060414
.19527834738607966
.20207753965200512
.16024619026313797
.22092197088372406
.1750178308068114
.2038273757062654
.13763908698400265
.16108141620546687
.16570362760491933
.18827076694268371
.12987426190746884
.10420781637901952
.15179830866213923
.22506817398752305
.2476734358895954
.26431132896516835
.22946145223092812
.25675736787749137
.20063267157907488
.23744713913712664
.16977525905704588
.13179213103159
.24990256124087135
.20921350667630453
.22529166597633907
.18326208384325612
.20109919214030575
.16080460532498378
.14812572330991858
.16101043727280676
.21662055440591238
.09206284599834415
.1602802996770651
.2520225780659131
.2583681885290519
.10546454966751548
.2211249873507415
.17976996300155293
.21909049402017602
.14407660318659476
.16357237176533188
.16043254619982955
.16525229607635156
.223692431210666
.21940484625312368
.14198836800692263
.1460552798126106
.16138153038525882
.20466260683843804
.19224175617470854
.261648819413797
.2618232312226577
.14160161144938962
.2990763541605644
.14872309295408118
.14857418021932126
.09476594310382817
.25880899961508214
.27389463128043895
.16832356269386273
.1675902279695361
.12331917407135654
.1413393368173683
.06961699394939169
.17697138954677039
.18881804087334786
.16155597227145824
.19893936842891202
.12527754616196332
.10739889438916433
.10854322671698152
.1575307175006584
.15329933902473
.18369967030357068
.186627661935518
.16498097970310266
.1900147632900125
.1401039263723037
.13990234873154556
.31103818923391513
.17112208984021093
.20162546853975752
.20604272859077255
.17279502168928063
.24123158986825372
.17954147544691357
.11835307416528451
.1986947783901447
.10328332033420465
.2682335036927712
.2100478729569051
.2294074389506291
.21132194618610559
.17154919675254926
.2471239857629928
.17786878179492138
.17121026280276075
.18223375187308405
.20800973084572283
.16696068360530683
.10803164232796256
.16262882795979708
.20573052953742163
.17333911952909417
.1282743411819079
.2537878893229432
.14242402048683248
.15272218483819114
.24864753200016823
.182175414446015
.2387645890763976
.21044369384849365
.27148603819476586
.17138180985818816
.22623832081383866
.1283418455152156
.3378751974786234
.2468911244122325
.16027411777636424
.23341723845681436
.16940741876024626
.13591480793951827
.22111143168241776
.10362398827281982
.2032539950008919
.12774427174999742
.1441976820008794
.16199284995486338
.20794557620174206
.15447724637335605
.17732873506819857
.2220895690674956
.20174838925235675
.15253065172803087
.10261889803940513
.1174020526707311
.25282830792091604
.21118662367780439
.17878938161724456
.21039517735783828
.13893458406885278
.19460911113478535
.22725998088234112
.1312410000703807
.14567784599115255
.1655343828045767
.26786529957402105
.16306868534020405
.15946665173112584
.17920403111770772
.15747249831327997
.21581210934667805
.2126590324789655
.12667662522818224
.20177407420931084
.19727948035609516
.31977778171228805
.1676635671783774
.13748240715945748
.21638585259223458
.2279426810994623
.15762070743733295
.15174574830260504
.17897078834201094
.12381890467167028
.17997390417196338
.278546032659712
.14163331519208058
.1360997790806113
.12169317462770071
.14427761353044916
.17090641678017332
.25077683825340447
.16564074549161772
.08538676745173841
.2409800904203924
.2503251274545409
.2544778345545154
.16538536465572043
.07606652931970169
.20413466743710623
.15568691176002927
.13825616311989575
.17167328971394058
.20869779884696368
.10377025783730393
.14155269270638082
.1748575875503407
.2330501701620753
.28934071503691966
.21307720852868353
.17530010154632478
.15875496000121758
.2677898588971888
.12898890589725173
.2217412296815777
.13823111260622
.14941597951823965
.2376745070493332
.18082349987247592
.17514131748885486
.2321901555538638
.18262218829328072
.20980254873003934
.21387428155351032
.13347560693039884
.1093559597021071
.15471117814741803
.15727254754956876
.2063684264210317
.19237269101425106
.17483779205304423
.15719367670289042
.1809488362174338
.23461848909920768
.14167236092180535
.21913039514584015
.26055631629737647
.12066816991202964
.19277428778013445
.17142561044262647
.146974999755341
.238186926688199
.15414382128399903
.257514357953903
.18021473051229156
.20929390258809957
.14774128605110753
.16259121487118033
.17151713851755815
.1330640405789502
.17455687080659638
.14639946853416447
.11484080970846704
.15534670188914848
.1704242899434979
.21817837683985605
.22216684620096655
.15042085747434328
.17671581597848254
.14489616888782852
.18517720331087228
.17593904110206607
.18379545116157306
.2714341103243839
.15122749585602935
.11281216728956464
.15837774562282744
.2022794019239932
.20059844081202036
.4107667472611719
.14223751657525635
.17731029548271687
.19345760150314595
.2827432758400169
.12661058737521247
.15073859467423273
.23362942357004085
.18650667891187475
.17285885281170066
.2081129163392083
.21284798852487932
.17104535346335462
.20866306479300217
.23098911959985038
.13066194723963467
.21191426023643142
.17230299250160602
.1529705585840749
.1649241947304301
.11987825872990418
.11833848812161549
.24890540826069055
.19362726682523693
.19085478841085693
.20272892396186104
.09811464354180671
.23883698668619774
.21487077141264416
.1696810515019943
.2378761336500913
.23022780781401092
.14646349204837056
.23204993257295708
.24198876025841828
.12810062009173873
.22139792937210495
.23905020370692345
.22624658212081283
.1380085416401256
.08079299557223649
.1856848779217586
.21416348940898333
.2364466534745801
.1974793925649611
.2598454290962087
.2608324013452609
.22928084921676134
.2655954914770632
.31702820479467575
.21170241362636363
.2095990781066939
.12592474237135243
.1717166373634177
.14128249148098537
.20569944658452657
.19744009917600022
.32005382884045896
.20527658909519841
.15326499063663085
.17419199995737486
.10866976438821424
.20514376529634215
.22409517203412782
.20983324902853037
.3232844268787375
.13520856256954528
.30662183038094776
.24432945483528437
.20245509523660318
.15417416574112633
.28926320528102956
.18457082907254907
.1540220336121896
.28515423388915084
.19857317970896401
.18915129852360774
.23056310311794984
.20535587864473218
.16544269640441192
.3390882964455258
.24555468251943868
.163494149877425
.22531487841131276
.21880662715192678
.23515705644117926
.22322394055712202
.19821225203717519
.12326615117428331
.16025057660339703
.1703209260368913
.13287105590883425
.27322961330102
.21972834510625475
.09274834860221506
.08933510187173295
.21982839953186573
.23901700423860764
.19396384162498517
.1660821945955458
.25395208813889514
.2541223873059321
.2271098723470468
.18569671465454698
.18908686950349468
.09940403328379144
.14188110856266611
.22242413245380066
.1164207179756002
.2003785790683879
.1687910294714795
.22672900372114776
.22293233412934377
.15010695635235308
.13065063656551554
.17676817715172993
.23270663291516494
.1946615620413645
.17699711845881128
.2254082256234285
.21923323768640698
.1628046780742484
.14045578455463464
.17332862923815218
.29560912140701734
.1496214700116242
.1340491691675118
.15460583638531264
.14410815573664187
.11267221131655784
.18861303366120152
.11527101963613133
.2153048436983313
.27191633118695946
.21868679829275653
.2606373205293999
.21416939382688202
.1589221278380087
.18424217922605843
.23924414030077512
.10764744313104625
.14736619119301397
.17135979373632007
.22912649858046769
.20827416208380234
.15154088550226738
.20017001925649144
.2703752490103377
.16111561786066894
.21571990691741344
.21197762968647915
.21163223458710062
.19105842608150406
.10060694335794668
.23492241347304782
.21175955585676362
.16041087792701858
.13858808115622334
.2433993020640477
.2170592615394293
.2062701751581749
.16564608650167054
.11977918480236224
.2521153701921446
.19136054180537432
.1351550369296032
.15780779382171947
.21631942103028737
.1326219888083694
.12805407750966163
.12036972336182669
.14422179878504757
.15233817215932008
.20771010481429242
.3195950990379028
.26185269605538564
.18972564669285924
.26129741064101764
.22305715637583276
.22168551021356842
.18368793162070282
.2236631374283732
.2452272931619419
.12289872546103446
.20845010684536946
.13074104738113929
.15910023532554196
.23059629633775452
.22935086195917845
.19527234361762189
.25387013728146457
.1516293290437614
.20942146356232638
.15699772979466134
.2253592920643068
.11774911279739428
.1678621815716941
.28266405910046183
.10791569917174196
.2279974718978135
.16968254661552717
.18024943171567426
.19086502192386673
.12004127014386748
.1370740210742412
.19722061456451948
.18503554830741423
.2617168806668346
.2336174472248766
.14989373035390147
.15907174401396082
.15221806845796979
.16399869549392665
.14217145577388435
.23418242397453687
.18410891606507854
.15212613119950535
.11408930529512382
.12755356489753225
.16472859678521484
.1788372017689145
.12305786259855181
.1986735958010522
.2421763612446427
.13422124393746182
.2455967146988517
.12984334160788388
.24673680631543657
.2580459463992544
.12317292108464556
.15578973735568566
.2719830261468848
.23493834179875805
.1865092288124185
.23658678711464023
.1646822873688041
.1710287713808334
.07343268481518338
.1684280457255601
.19363018755864686
.13947950852529528
.2037774568341709
.2754078099413966
.08970715089050849
.21017153674492592
.3231415873202133
.2011941952028619
.11975606923900713
.20560088482458364
.21670401596223304
.1880920336700261
.14282433959997273
.13600947521638243
.13501075067550358
.16158657348708066
.2699429522330508
.17513922547345956
.10596485227052606
.1855938485228642
.11190468879389963
.19076806472803562
.1841030683177917
.3488327612746515
.18794823907686692
.11682250970630198
.29877822909982704
.22974210918334625
.15011150900615483
.19720222854159686
.3396538919355727
.15693320919379705
.21734599346089248
.15045689008650281
.15452474102988217
.19215076470437184
.21692382789742118
.2761998074326732
.33108314514397946
.1501559367274925
.2232498368185828
.23247286942509146
.18157681573048626
.20714439602911894
.1732652923832471
.19008775274336034
.1956888374196268
.232124023239627
.18885341792508922
.10859228606123879
.21092768895752814
.2738059728177735
.14738997735408943
.21351468787451308
.2296185865989925
.14237729080959077
.209458820240465
.2500319237270808
.15956856433260427
.20162879974493075
.2148212707169726
.13988425739112434
.2091382235285588
.18122979967713762
.1984218753172387
.21475302756693074
.13789170884302596
.1961388662791585
.21163065143486842
.250331704972208
.23524446139625496
.1267350339244146
.22334476303792025
.18591616286577914
.1704482572018559
.19104957574370046
.25748052533295346
.1377235087716116
.1895816768087361
.2030134935506175
.2261562872343294
.19224042058819868
.1326145773180476
.17031757937810812
.2152553230470855
.12610853139030145
.14145310018671275
.17212683096151615
.15040394738299634
.22701090971187535
.17904171807535135
.11990735459766547
.1537930609331654
.22658917412052826
.1554524015779775
.18779511329720108
.2186666763789474
.2783849956432628
.18403831961721262
.2021417919264758
.1733083412793957
.1832212224742973
.18867783052390977
.2625561781626141
.20940558201643808
.1444247619434643
.15924520682933513
.12746832430426802
.19982983671438057
.1619438413961185
.2468661540022014
.16882436392601907
.12362175059449514
.06824026735458909
.29602691951315957
.11961669368680496
.15248768528574042
.27480856022381656
.2435212117229034
.2001158231955569
.21851613940826725
.18045628259735075
.24559695633124667
.1553975486259041
.2098832704480055
.12953389508519614
.24763131628623092
.23416452754563216
.13598937946136075
.18451143640373163
.11659867189867884
.25575970220473543
.17197442067331964
.2678802779188659
.308050589128537
.2120975904034462
.267650770721077
.19078912585417396
.242112351163565
.1363823135114097
.18544404664510158
.2643811219402564
.26990212953807224
.19851176319417102
.18051300332563325
.1522629061889974
.26820302431385645
.26588163261310793
.13204122570554908
.18903034084757236
.29696040868260853
.17382006625983853
.2075754973859313
.22391264813094147
.20663540453323218
.18987362381190684
.33822592150093
.16793667565634474
.1453009824249452
.11097039644220183
.23433216895211198
.23203889073685918
.17888104986136064
.17880605942318661
.16886051511721434
.20581706427993937
.16933870586837654
.163144177390487
.19287138121898487
.15368640053047444
.15944011538620817
.13671474281302975
.2595468021797558
.22649777531562404
.24747488273144808
.14507645840728442
.1263260351400749
.2079573444947511
.14992146583811614
.14781990624554162
.14932308213534543
.15437396106364795
.19784184200231558
.11905583820424916
.2007737584268099
.1645587465282573
.17539658990498452
.2089448411149371
.19133409888186662
.22727485412709197
.19093096009520993
.1462130291622619
.21289830770775298
.2553654648998176
.14383215630516277
.17805978581512086
.1476102397524502
.18847109630129455
.16627382496697574
.2242713055278549
.1590052927523127
.13118212384684763
.22347981211963486
.27694151559220975
.22281046017593242
.2328933476689952
.17514134341450033
.15723188841797311
.15928575745572274
.23438816662920287
.21580824483438638
.13545715255951843
.22552274153586027
.26650596578166613
.22939975893088746
.1227493628655971
.10581529386948657
.1887769429778046
.2060187500032898
.14099296872146305
.1902368532329828
.16475638094105596
.22193745900402995
.1206444477824323
.24757999979461565
.1352103654544552
.2196734711568416
.16582054644258157
.32686528211111
.1323372364616546
.16940512547081932
.23640392996967996
.28394682466524407
.18274773026579086
.13191124006330063
.20871408556368573
.17329053158739305
.210017454950511
.19092399844360566
.16129721142130582
.1545121373567533
.16085593943976118
.1764061918569247
.13496427473448272
.1352872256700151
.1135162610551651
.1783542209219806
.17714992528958404
.2241705895878689
.16700630262021574
.2695280527003555
.21065799575910948
.28375561680348105
.1851281632778164
.17558438161659973
.2075870704915626
.18649455014489244
.19665823118516018
.1736313438877921
.170905687522733
.12945348830032702
.18955216761591492
.2708475964139899
.1482794275845124
.2532495879879563
.1559024660726225
.29840197953016195
.1803843156636397
.2005043086131187
.3161098999414905
.11635970309115137
.2834911448591435
.15589389074574408
.1807671588020468
.278587783250208
.22416413000085714
.15909528283977128
.12023939669259884
.12367182339256651
.24921920038847178
.1754492674929624
.10292144242894061
.128347360534542
.12008708677133931
.2029387130539433
.22832881229370075
.1989902678460977
.18714033627973148
.23495723898031073
.1874759670939804
.22127192400055953
.19835608030157212
.17598607905965127
.21717597036356898
.14600648968269697
.2235859675673032
.23748781048350998
.2348982528077759
.2145535820962683
.12449618861161267
.23115438676249453
.24511467091565597
.22659269244156527
.13752590290203853
.20088741464255427
.2743826501208505
.11870896107064416
.17170227024657433
.12438096722758149
.23567515394792377
.23327334965765908
.20551222742492933
.22075295224309194
.15316848065383237
.19852822002792933
.14429721174055427
.11031507273124158
.11972053068950475
.145851849982148
.29980309211922734
.10192593553481805
.18029812168750514
.2575948425524947
.19896135260870035
.14085214098181378
.26708818222273983
.1376636652816961
.2309971461895225
.2930391791435022
.2227275641343324
.1600913889038251
.25480758692946803
.15559360184073784
.23089020452520534
.1842627511291974
.14555382743748105
.2661103055299475
.16257993160702414
.22444320496311645
.14823900135865736
.13860070300216992
.18243340623035081
.18003395987375945
.1367857375060227
.22623725813542542
.17898362479878963
.17578945451358924
.09426295954575067
.1969404628507124
.27327281464397496
.25907719881360025
.25526857471401876
.2826481947764439
.23596831780873226
.16023664641449703
.20700199379781703
.14351208947194805
.19922231724866035
.16801627303072555
.2338769839670187
.15028124769553547
.13145030892962656
.11270267415371621
.16303289516823263
.1639113367930516
.24430363800461982
.21838053231840027
.19417492302187891
.1086383464313937
.1675066137481472
.21367160772353347
.14865441414959113
.17786323962590853
.2699702447227505
.17507079705668865
.17806588612613738
