1	1	NaN
1	2	-2.282216736175169
1	3	-1.201339373310702
1	4	1.1654382032222825
1	5	0.48405989631789426
1	6	1.8965821964359215
1	7	1.0417587148621672
1	8	-0.1699455358468457
1	9	1.9740840785432205
1	10	0.9126732979594768
1	11	-4.103671982887962
1	12	-0.7747177899911839
1	13	1.460091574823682
1	14	-1.4204007409029669
1	15	4.034222820824884
1	16	-2.374865154020823
1	17	1.4929070296403788
1	18	-3.1815986092112305
1	19	-0.1494916424290735
1	20	0.15687504644906258
1	21	1.1142175871023623
1	22	-2.1948000249630315
1	23	1.192680343214218
1	24	1.9277460885229318
1	25	-2.286244414020629
1	26	-0.6979447993193633
1	27	-0.5529217703948037
1	28	2.0394500862630447
1	29	-0.9362769224593351
1	30	-0.9625569658286901
1	31	-1.3099635564675987
1	32	-2.1637034478237362
1	33	-3.189788745773427
1	34	-0.9347008585192916
1	35	1.3199464038876119
1	36	-2.0925455618641258
1	37	-0.9023087464871502
1	38	0.05920617333730644
1	39	0.32434450486308697
1	40	0.9783134975945623
1	41	-0.40360716020892734
1	42	-1.3311709194918029
1	43	0.36466425488734644
1	44	2.627188666561583
1	45	0.2882202651167194
1	46	-0.17492392951284103
1	47	-0.28192480462584063
1	48	-0.671797998125566
1	49	1.1995760125615071
1	50	-2.4010284924238343
1	51	-1.3050637510232552
1	52	2.8912731216344816
1	53	1.4649541980553704
1	54	2.2656108595749145
1	55	0.3209831757287384
1	56	1.575865919655414
1	57	1.1916904960486685
1	58	1.4792478276259278
1	59	-0.5887667239067256
1	60	0.15586765890235976
1	61	-2.2330742549187783
1	62	-1.3507495002684515
1	63	3.1683501496783326
1	64	1.2118513279437135
1	65	-3.549762666199432
1	66	0.053142257266388666
1	67	-0.2958655286977787
1	68	1.0369027147683358
1	69	-0.6263608507937228
2	2	NaN
2	3	-3.2853421452182583
2	4	-1.1303994421858696
2	5	-0.9579425926539392
2	6	-3.569668787266218
2	7	-4.652873898563766
2	8	-1.1669892256546839
2	9	-4.791471108155174
2	10	-0.7596475209853112
2	11	-0.7794415624352875
2	12	5.638346354933772
2	13	2.158662117074484
2	14	2.4977884411200577
2	15	1.1068611510574313
2	16	-0.05109856383004917
2	17	-1.6375300634310983
2	18	2.938104262237228
2	19	-0.1335882450798077
2	20	1.8361617947545819
2	21	-3.0077015871646533
2	22	0.9730419873581494
2	23	2.146713325511492
2	24	-1.2958387606612642
2	25	-0.43383513894678066
2	26	-0.789501985605049
2	27	3.6659833136691504
2	28	2.88943938486795
2	29	0.7762087034466048
2	30	2.8398324215842643
2	31	1.6407086138872315
2	32	3.713167967450916
2	33	1.3641877476185318
2	34	-0.3672130620152692
2	35	-2.7690233492951966
2	36	-0.9503940779931539
2	37	-0.4804415682257803
2	38	0.5887301366674309
2	39	-2.291462867057814
2	40	-3.108118384279666
2	41	1.9543474778877195
2	42	-0.3088383225388044
2	43	0.9383172786367155
2	44	0.40094804697518527
2	45	2.423142915059068
2	46	2.1306389898730362
2	47	2.7385007403418835
2	48	1.664807937402292
2	49	-3.3360677244371875
2	50	-1.7782493174574925
2	51	0.6721990312725739
2	52	-2.4606941178054966
2	53	-5.105011051160636
2	54	-0.7770228317597293
2	55	-1.1806124802313658
2	56	0.04321825835132331
2	57	-1.1933854480065993
2	58	0.7277377261057406
2	59	1.127267581230729
2	60	2.8523380998434615
2	61	4.920453940566657
2	62	2.7964231425181003
2	63	-0.05730984723662313
2	64	0.9191394921117756
2	65	0.9515847581348522
2	66	-1.545631005524099
2	67	0.4595124990899027
2	68	-0.8260921625546898
2	69	0.26837921438408147
3	3	NaN
3	4	-0.9376008283055315
3	5	-3.0576240212136963
3	6	-1.7026981013563036
3	7	1.332606865768815
3	8	-1.1129191241047944
3	9	0.5272372199638179
3	10	-3.404117827659143
3	11	1.4836766493935014
3	12	0.3993655199322123
3	13	1.3840701712841872
3	14	1.126087477611872
3	15	-0.16622207299073563
3	16	1.7835686345105988
3	17	0.4895333587846561
3	18	0.2509067906147512
3	19	0.3591632347010157
3	20	-2.514539655440578
3	21	-0.23158734690796054
3	22	1.0963941588943995
3	23	2.2584846022902756
3	24	0.526343373827369
3	25	2.0701157819409537
3	26	-0.9236595899404113
3	27	0.3086461120632734
3	28	0.9058160263233964
3	29	-0.13533250659977558
3	30	2.5352916113881787
3	31	2.979383069405076
3	32	-1.0423005377960741
3	33	1.0266521168465714
3	34	-1.2671406243505354
3	35	-2.0167685782138474
3	36	-1.84940189641663
3	37	-1.8322790326310852
3	38	-1.0426221132079052
3	39	-1.419925271488739
3	40	-1.4969754110490068
3	41	-0.09755815505920554
3	42	-0.9281375743086713
3	43	1.2983980780034936
3	44	-2.2740415956324047
3	45	2.619456107583726
3	46	4.076100156519288
3	47	-1.0812829083462023
3	48	3.420320065856962
3	49	-1.5917682495723906
3	50	1.3618722531074485
3	51	-1.1759547685070246
3	52	-1.8747775712640729
3	53	0.4941469752468398
3	54	-2.28536655709442
3	55	-2.1141868255976504
3	56	0.5575041027150675
3	57	-3.0760483069605313
3	58	-0.9667354509526231
3	59	1.6632965658792813
3	60	-0.013575624467844204
3	61	-0.011107785399615
3	62	1.9192985620032539
3	63	1.5273621866799223
3	64	2.5512509211224152
3	65	2.1688741195456895
3	66	2.2108904859268836
3	67	-1.1942546367454685
3	68	-0.3026964165736967
3	69	1.2927494485921713
4	4	NaN
4	5	-5.194412599636013
4	6	3.1481092166740337
4	7	-0.6874886397994813
4	8	2.000451890350879
4	9	3.8990946801117308
4	10	1.3732444756650795
4	11	0.6527540524711809
4	12	-2.6989685982285168
4	13	-0.1618266250746146
4	14	-0.248352084746764
4	15	0.6659036755827736
4	16	-2.0546880449235263
4	17	0.09104473214818279
4	18	-4.8736364891510116
4	19	-3.3115188339938846
4	20	1.83552669536711
4	21	1.7563019011329333
4	22	0.19023438957340463
4	23	0.5623850371596991
4	24	2.790440939329203
4	25	0.5627510303464971
4	26	-1.2967937947301993
4	27	0.28282917560805493
4	28	1.095832584878236
4	29	-1.8295882929825225
4	30	-1.3083602260929885
4	31	1.6008570222808702
4	32	-2.21131834658729
4	33	8.40626593482784
4	34	0.7508650327852016
4	35	0.7266661178836364
4	36	-2.4833177349590985
4	37	-0.06298490168475637
4	38	1.5894137980642071
4	39	-1.8309575867237955
4	40	2.782360523380945
4	41	-0.13569216941660764
4	42	0.5780072979802366
4	43	-0.6049637501791365
4	44	2.0746324731992423
4	45	1.4570742920304651
4	46	-1.194697760628917
4	47	0.9879258851198115
4	48	-1.7402784486521687
4	49	0.5337252918846634
4	50	-1.9980935801951665
4	51	-1.0573515980280717
4	52	0.9603984625852868
4	53	4.103921178223898
4	54	2.4882014491768563
4	55	2.212186272499362
4	56	1.464151010241635
4	57	1.4631976634991415
4	58	-2.205066627116223
4	59	2.5294077195218967
4	60	-3.550792142141295
4	61	-2.8722528511850722
4	62	-2.3078667386655543
4	63	-3.397580813427473
4	64	-1.8379136207042532
4	65	-1.437534532544167
4	66	-2.3801174350882097
4	67	-1.3893289039156935
4	68	-1.1340733246080703
4	69	-1.2092383422253943
5	5	NaN
5	6	-1.006047642892791
5	7	-0.6632278576424824
5	8	-2.9575432181570425
5	9	-1.4786016286371282
5	10	-1.5617672026439928
5	11	-0.6261347266333512
5	12	-2.3848825449559694
5	13	-2.0100339038281474
5	14	-2.1345662914311774
5	15	-1.2656750638460355
5	16	1.1908949731303313
5	17	-0.6007385006429949
5	18	0.13771289088446162
5	19	-0.462867078410481
5	20	0.12564384920580235
5	21	-2.3956809568582633
5	22	-0.9686989667283397
5	23	-1.7798513191825585
5	24	-1.6282232811584112
5	25	-1.6425894839297976
5	26	-1.0580804012465883
5	27	0.7619112734885097
5	28	0.5312633463538521
5	29	-5.295185018772622
5	30	3.180032513604273
5	31	-0.7481464608367956
5	32	-2.6513664578135994
5	33	-0.4702531560753922
5	34	33.71492860952963
5	35	-0.3045824574735179
5	36	56.539493859990095
5	37	-2.4668784807049513
5	38	-4.1279747666567
5	39	-0.8399274730134285
5	40	-3.8293940729869926
5	41	-2.2866237716175424
5	42	0.9131922017010946
5	43	-3.4776639613272073
5	44	-2.352134639110999
5	45	-0.04153682476969246
5	46	-3.4570215260347563
5	47	0.6501125072473901
5	48	1.3700280133186742
5	49	-2.062777304522435
5	50	-2.293254535081184
5	51	-0.5546661777906758
5	52	-4.578694402086882
5	53	-1.3286841312035527
5	54	0.921093371792037
5	55	-0.7918439961387487
5	56	-2.8763027887529127
5	57	-4.176541255961439
5	58	-4.104118787827935
5	59	-0.21082883561819946
5	60	-0.694649490640584
5	61	-0.47876650415724514
5	62	0.009521213514948104
5	63	-2.580119001923348
5	64	-0.5335954316775814
5	65	-2.9700665919350757
5	66	-2.9869657764338853
5	67	-3.622272779409208
5	68	1.2530059544167154
5	69	3.525335757566701
6	6	NaN
6	7	1.0933136863824449
6	8	1.5900635300777946
6	9	1.4847581764835573
6	10	2.183781992239633
6	11	-2.048650079629778
6	12	-4.57390031437241
6	13	-2.1829971715108067
6	14	-1.499183872382323
6	15	-3.3163904519089016
6	16	1.33591337513946
6	17	2.5942994488248985
6	18	-0.5278945277148595
6	19	-1.7349150438791363
6	20	3.5888931408470097
6	21	-0.7393557904700518
6	22	-0.16485433445437683
6	23	0.33924143959587355
6	24	2.8771595786276087
6	25	-2.096503793055011
6	26	0.2482402858711339
6	27	-2.0867235993220405
6	28	-0.31746797505981794
6	29	-3.5284459730878255
6	30	-0.7767521136454156
6	31	0.2516159513962648
6	32	-0.41078919986768786
6	33	-2.378257319264987
6	34	1.0247959598823793
6	35	2.7446434138819065
6	36	-4.4608967845453265
6	37	0.7613094689732841
6	38	4.013596492218154
6	39	0.29004037873334254
6	40	1.1851932691158218
6	41	-0.10532410764246115
6	42	-2.19532965267904
6	43	-1.271020355746998
6	44	2.2855330005214585
6	45	-2.254171523657351
6	46	-0.7086007062721211
6	47	-1.2830198020167276
6	48	-3.273641757528574
6	49	3.70458669074913
6	50	0.7279551672655145
6	51	-1.419588626964461
6	52	3.68690272518419
6	53	2.1967159338818263
6	54	3.5197349874908137
6	55	4.206156436435845
6	56	2.7788269658117666
6	57	3.8724821028474055
6	58	-4.407711963120158
6	59	-1.6056301213952373
6	60	1.2226691762232127
6	61	-1.2607639335726026
6	62	-0.4800697305459626
6	63	-0.30755557703274994
6	64	-2.715914057525079
6	65	-3.034398106019997
6	66	2.449491644792073
6	67	-1.339630201187687
6	68	-1.7571415344084402
6	69	0.16543337725123172
7	7	NaN
7	8	2.3673230250639223
7	9	0.41033444773711497
7	10	0.795262810195269
7	11	-3.3695577201173887
7	12	-0.7620146383261619
7	13	-0.5610125486240244
7	14	-3.3622701947485423
7	15	-1.3256159171214061
7	16	-3.12563811669317
7	17	1.6120163527709102
7	18	-2.604174665971598
7	19	-1.073475807801776
7	20	-1.757584246852041
7	21	-0.1563996454815118
7	22	-2.1548001739424674
7	23	-2.2905013009236503
7	24	1.8101410404420544
7	25	0.3240528134125621
7	26	-1.335695151274917
7	27	-0.44718487250002387
7	28	-1.3889851500837096
7	29	-1.9276674816031734
7	30	-3.0241440855592643
7	31	-1.6001218964305899
7	32	-2.273538199456961
7	33	-3.2072102779894185
7	34	-0.9270086821278246
7	35	1.6166275771760923
7	36	20.913004600480438
7	37	-1.7801299856755306
7	38	2.4273370020585627
7	39	-0.5586479976238347
7	40	1.9841482005710689
7	41	-1.5633105850336462
7	42	-2.2623002211519747
7	43	-3.071807595948897
7	44	2.6996564180170055
7	45	-1.2009062936876487
7	46	-1.4971295104091709
7	47	-1.6896249298331991
7	48	-1.8526775519821894
7	49	0.9268284306348937
7	50	0.04588959306696945
7	51	-0.26426301455693885
7	52	-1.213339164404263
7	53	-1.2931111113009437
7	54	1.7715503033114812
7	55	1.3104735973849868
7	56	2.5755558070248306
7	57	-0.4943957843263172
7	58	17.438817436847042
7	59	-3.1899856107082045
7	60	-1.784874820946612
7	61	0.9797473102674848
7	62	-3.0426955784871756
7	63	-0.3178816147951941
7	64	-1.5298211641874186
7	65	-1.5197268419395156
7	66	1.1608189036711611
7	67	-1.0209858919245522
7	68	0.43826094530983223
7	69	0.2881704506434732
8	8	NaN
8	9	2.1105511407581834
8	10	2.7379110403423663
8	11	0.17199716534503418
8	12	-2.678146895924266
8	13	-1.2605387172040758
8	14	0.7611551121390752
8	15	-1.053173993273278
8	16	1.8044398084174387
8	17	0.3158623905203708
8	18	0.4869885551136291
8	19	-3.0937169732567895
8	20	11.142408086842817
8	21	-1.0593444867637767
8	22	-1.3498602515969313
8	23	-1.7107571988008903
8	24	3.1180399674055517
8	25	-1.6365960359394438
8	26	-0.3950582066903499
8	27	-3.443521522241693
8	28	-2.4670013149402776
8	29	1.449086738395331
8	30	-3.6506998663051764
8	31	-3.26147674752293
8	32	-4.550149392744938
8	33	-2.000559374925323
8	34	-0.2190826230550545
8	35	0.3520955108393481
8	36	-2.2999283733030276
8	37	23.103959561352355
8	38	2.1923794561045145
8	39	-2.5824132774528143
8	40	1.9866038358151896
8	41	0.8820508690492491
8	42	-2.5384135714402407
8	43	-1.7086590307561589
8	44	1.4798952654345678
8	45	-3.6967911350153138
8	46	-0.46981140261010235
8	47	-0.8388646737220199
8	48	-1.3127657954602618
8	49	0.1871625663613109
8	50	-1.027244904104661
8	51	-3.509925965153637
8	52	2.157376533138844
8	53	11.162112337994705
8	54	1.3983335418390408
8	55	-1.1711058400402243
8	56	1.5345628609414943
8	57	-0.7421081821847172
8	58	-2.7472553819461276
8	59	1.3061900621115077
8	60	-2.002711786759958
8	61	-1.4964878143004354
8	62	-2.8898295972074606
8	63	-0.936570929620991
8	64	-1.8554505955717673
8	65	-5.297871805560476
8	66	-1.5858628856671426
8	67	-1.099939188660038
8	68	-3.2051478567951315
8	69	-0.21508853766656602
9	9	NaN
9	10	2.2330974642807306
9	11	0.9289459963687163
9	12	-3.878770909258786
9	13	1.566531718880087
9	14	-1.101791836763055
9	15	0.006757067563339321
9	16	-1.9966168259355974
9	17	-1.0446265537173975
9	18	-1.4577690375926688
9	19	-0.6700853278512967
9	20	0.723812701885052
9	21	-0.9668913362477723
9	22	-1.70863851296047
9	23	2.103261104605786
9	24	2.1387756475460753
9	25	-2.309619754889485
9	26	0.8138636429098888
9	27	-2.7043959130214374
9	28	-2.6325816123021166
9	29	0.6723934131220693
9	30	-2.045978945980099
9	31	-2.4256428889842465
9	32	-1.0659730938082201
9	33	-1.9686968699650762
9	34	-2.1283496184869346
9	35	3.4703950486643977
9	36	-2.8098735958960357
9	37	1.9238749102053003
9	38	1.0955536265809942
9	39	-0.20587567318801306
9	40	9.033972237837173
9	41	-2.196780419843884
9	42	-0.7751601253502833
9	43	-3.7965552524036763
9	44	6.55083523687084
9	45	-0.755723756163736
9	46	-2.995825887694831
9	47	1.6935884874297478
9	48	-1.0673764958641394
9	49	1.7326021805963887
9	50	-0.3455164003754694
9	51	-2.3235296282573583
9	52	4.1716840001446664
9	53	1.0428513396466899
9	54	1.3419501961547304
9	55	0.8308273634581004
9	56	1.2485132457331187
9	57	3.424627325147733
9	58	-1.5944014649493952
9	59	-1.3192639046678676
9	60	2.736754349690386
9	61	-1.7426338240934252
9	62	0.6600518677996688
9	63	-1.653375585180864
9	64	-1.8870260765397078
9	65	-1.2050335378140988
9	66	-2.5940281319506577
9	67	1.4759971729739463
9	68	-1.901104585918474
9	69	-2.275741437664718
10	10	NaN
10	11	0.9313689455718753
10	12	-3.2283873992461465
10	13	-1.0899642712034332
10	14	-2.0515029142044185
10	15	-2.190514256576898
10	16	-2.8363525892882064
10	17	2.80630687856747
10	18	1.1031875021384858
10	19	-3.180226042969485
10	20	-0.8191719257559725
10	21	-1.2872566112638018
10	22	0.6682814113386817
10	23	-1.546744664580581
10	24	2.4113183341747186
10	25	-3.9223931977943525
10	26	-0.1935672013230213
10	27	-3.3179954501421864
10	28	-1.8398806826269927
10	29	-1.395729259080111
10	30	-1.3800328192332747
10	31	0.8694234627745073
10	32	0.24388858764588625
10	33	0.9374827754187898
10	34	-1.8486830043315112
10	35	2.533249946260487
10	36	-3.723173749120598
10	37	0.458938989464745
10	38	2.120893674732092
10	39	1.7283384399341497
10	40	0.5123733810541322
10	41	-2.732428028897508
10	42	-1.462046289210532
10	43	-0.18617810167521506
10	44	0.07370511870271187
10	45	2.397319956210025
10	46	0.31905861505617666
10	47	-1.9378226136356
10	48	-2.095135557500926
10	49	7.481779827884316
10	50	0.1769440836894184
10	51	-1.1590888536911343
10	52	0.852431536696667
10	53	-1.0132652835679172
10	54	0.30693078308756017
10	55	0.9346971886798381
10	56	0.5451173577549302
10	57	4.025382005476142
10	58	0.7729204198803507
10	59	0.589740821436823
10	60	-0.23999496533038867
10	61	-0.6866120612813864
10	62	-0.7149521205544326
10	63	-0.9422580724772125
10	64	-2.6638301702607357
10	65	4.854240810806696
10	66	-1.0600804667366168
10	67	2.4976131220477575
10	68	0.662942002750468
10	69	1.6196040808084238
11	11	NaN
11	12	0.5186007293421948
11	13	1.6396457793044672
11	14	-1.602523277986702
11	15	-2.110597544083284
11	16	-0.49400120642782996
11	17	-0.8530258704923536
11	18	-0.6081509690080934
11	19	5.19356694529159
11	20	-1.9674850484895492
11	21	-0.32380242387540725
11	22	-0.2924800810977382
11	23	-1.9953765612020504
11	24	-1.2039829726054765
11	25	2.5517507063312013
11	26	0.35445956304184795
11	27	-2.002018412406345
11	28	4.299350429018989
11	29	0.057713008088715746
11	30	2.4768243439999766
11	31	0.19570182630248123
11	32	1.2934567857979546
11	33	1.7707147299814678
11	34	-2.0030058147088527
11	35	-1.1551075092848404
11	36	-1.82983048291118
11	37	-2.5321715680086436
11	38	-3.478722935085707
11	39	9.12463571499836
11	40	-2.4733413673809928
11	41	8.346650643393838
11	42	-2.113074346344285
11	43	-3.610723984842073
11	44	-1.0091798810614971
11	45	2.2538073943293893
11	46	-0.8511563466259972
11	47	-1.1259097858153497
11	48	2.9269373862206947
11	49	-1.4643403649160922
11	50	2.5109252636628274
11	51	1.8705241183572474
11	52	-7.1897534009322275
11	53	-0.1417433633588743
11	54	-0.2231950626676896
11	55	-4.072224846729531
11	56	1.9060249491957444
11	57	-2.0093298558583936
11	58	1.5075992058748935
11	59	-4.219456848171012
11	60	0.15143191273685666
11	61	2.456478563556502
11	62	0.5678627797798421
11	63	0.07549758329427851
11	64	-2.182464830266769
11	65	4.420570329778009
11	66	-0.6598426143571335
11	67	1.720263552642977
11	68	1.0877018061706365
11	69	2.044140934661259
12	12	NaN
12	13	4.9589030914797805
12	14	-3.3341723721137893
12	15	2.776523045009082
12	16	-0.16232631735763436
12	17	-0.8193627947272465
12	18	0.463891577407905
12	19	-0.6839683196852397
12	20	-0.8908754949174873
12	21	3.360228759061859
12	22	1.1389403819442527
12	23	-0.5305956449572832
12	24	-2.6016973042858034
12	25	1.724410927578267
12	26	-2.7486449815726943
12	27	2.0685779735036265
12	28	-2.720852703580749
12	29	0.2563146840107635
12	30	-0.44658976210707446
12	31	-0.6297733496508142
12	32	1.529929102874816
12	33	1.275404803402639
12	34	0.7517905339616963
12	35	-4.4121620084790925
12	36	-0.8970915629688442
12	37	-0.882318436613314
12	38	-1.6205326622605034
12	39	32.726859284533724
12	40	-2.0847626190585644
12	41	13.668448316392178
12	42	1.5760950116985715
12	43	1.1647862710141181
12	44	-2.6684998321319355
12	45	1.2479547254819752
12	46	0.5987089412612673
12	47	-0.14222217012508254
12	48	0.4777133755186795
12	49	-1.0990834593417393
12	50	2.323579875626453
12	51	-4.700449163150358
12	52	-1.7338008369871458
12	53	-3.789899961494709
12	54	-3.15757795032701
12	55	-2.7150856198564854
12	56	-1.979236703193793
12	57	-1.088239496680162
12	58	-3.6589907398683055
12	59	-0.5358875528043514
12	60	-2.2398470883494106
12	61	1.8287582251691146
12	62	-0.10437394682356489
12	63	-2.8731773756235164
12	64	-1.1855434065698738
12	65	0.6382054712091305
12	66	1.420115868954914
12	67	1.8808058022962217
12	68	-2.4143712361851515
12	69	-0.45121564519545704
13	13	NaN
13	14	-0.6672035139185065
13	15	0.22046029226161853
13	16	0.8342927081745339
13	17	0.3841559861044069
13	18	-0.4478213958813994
13	19	0.9658027936217132
13	20	0.9920215583392882
13	21	0.9823623576960623
13	22	-1.1867448544023782
13	23	3.5775688401330754
13	24	0.37822865823811075
13	25	1.733752457171405
13	26	1.1018770153895427
13	27	3.6478181330899146
13	28	1.405825034644475
13	29	1.011173516111501
13	30	0.4182631234349297
13	31	-1.9858364638559787
13	32	0.866864696683371
13	33	-1.135109864129058
13	34	-0.29086892880658255
13	35	-2.8490222285957665
13	36	-2.685002031936964
13	37	-2.8346141645451475
13	38	-2.6787090345243887
13	39	-2.153956156807497
13	40	-4.027002383505748
13	41	-3.428311150451254
13	42	2.401525261522658
13	43	-0.7853702929605333
13	44	-2.4172738386860666
13	45	0.3422368076310427
13	46	-3.219943300755883
13	47	1.1811671277521347
13	48	0.9592849485935129
13	49	1.7540118169848795
13	50	0.6706710038546134
13	51	3.710161146471044
13	52	-1.1218382561752134
13	53	-0.9800250226664895
13	54	1.9340354230998573
13	55	0.23388248610736376
13	56	-1.965191215514592
13	57	-0.7488422824738148
13	58	-2.1228564778438543
13	59	-1.602216044177816
13	60	1.0658180933860324
13	61	-0.3690977547663943
13	62	-0.35050637706333376
13	63	2.372795346629563
13	64	-0.08115300675025143
13	65	-0.0040588289830212135
13	66	0.830172560239745
13	67	1.2789443917271763
13	68	-1.773466170851906
13	69	-0.022737861869012
14	14	NaN
14	15	1.8770579156179235
14	16	2.764719436626951
14	17	-0.02348082349074459
14	18	0.8998443187065784
14	19	-0.5735467546958184
14	20	-4.588859704063514
14	21	-0.3957798942244955
14	22	1.3275828132595964
14	23	-2.5994210483899725
14	24	0.965172914504863
14	25	2.421486655081948
14	26	-0.47956413080269317
14	27	0.3664439984046231
14	28	0.10828417983530647
14	29	-0.8360304510085477
14	30	4.19711577993537
14	31	-3.332069776588066
14	32	1.9603545219059058
14	33	-3.370918182173955
14	34	-3.7901756349092235
14	35	1.3227894142609358
14	36	-2.006187002081861
14	37	-1.1928036209232813
14	38	-0.10258966718487034
14	39	-1.7835504781939475
14	40	-0.8134804831277451
14	41	-0.42077439243118225
14	42	0.5501148511859206
14	43	-0.18981937737551063
14	44	-0.9566425840516992
14	45	0.8678786590911355
14	46	0.621040426138542
14	47	0.11252518937020291
14	48	-0.3755931432860186
14	49	-1.9605279902681527
14	50	-0.4092739788318536
14	51	3.3165965466428875
14	52	4.28523130571969
14	53	10.751465291371805
14	54	0.4129713397789004
14	55	0.16391450641753408
14	56	2.193905332737079
14	57	-0.5781259956020843
14	58	-1.1292569190208395
14	59	-0.32145964628367296
14	60	0.5166452742343313
14	61	-0.45952951690876187
14	62	-0.3777972502183744
14	63	0.3293124198217537
14	64	-0.06709062819655039
14	65	-1.2649851244248425
14	66	-0.8343281818235705
14	67	0.7387246386710071
14	68	2.256897247534168
14	69	1.3002707655666152
15	15	NaN
15	16	1.1519335380938005
15	17	0.6578060349435385
15	18	1.611679324951304
15	19	1.5853428800853486
15	20	1.1328642813429146
15	21	0.8292207853258332
15	22	-1.0279160976394068
15	23	-0.20070760728466971
15	24	-2.2305981703973856
15	25	0.8691502295528591
15	26	-0.20675468987104986
15	27	-2.3295710778957313
15	28	0.8767164762098755
15	29	0.965076449028162
15	30	1.8578870373280936
15	31	-0.5262241749499258
15	32	0.4353248888929638
15	33	-2.041204447929308
15	34	-2.3858518252652425
15	35	-1.5912217228575263
15	36	-1.0688970998548892
15	37	-3.3501552892261692
15	38	-0.07389821414115673
15	39	-1.604240293384466
15	40	-3.0239389632792406
15	41	4.21140312661913
15	42	2.8029525830487265
15	43	0.818145830426609
15	44	-5.369205102509535
15	45	-1.856225985217144
15	46	1.7572666340255718
15	47	0.13459446398769728
15	48	0.5859897263018152
15	49	-1.6241481787891454
15	50	4.42466267867327
15	51	5.624512804378382
15	52	-1.3252884256083324
15	53	0.8915469057011809
15	54	-1.0213852822218077
15	55	-3.237396086769996
15	56	-1.2836988502685251
15	57	-1.3639500563773295
15	58	0.3505325064494002
15	59	3.1656205854864496
15	60	0.20027021346680146
15	61	4.222321094225913
15	62	-0.42758633224507975
15	63	-1.437294160267406
15	64	3.0041597885070996
15	65	-0.5016230175265317
15	66	-0.8213967795772762
15	67	1.850101346635568
15	68	1.9431794836981944
15	69	0.6045568546533167
16	16	NaN
16	17	-0.21515480918461755
16	18	2.248510465122823
16	19	5.847298835220374
16	20	-4.301674297356308
16	21	0.0733780950287281
16	22	1.6649784909838794
16	23	-2.8218646393522344
16	24	-2.710116463103804
16	25	1.3705374702225175
16	26	-2.0617921730377287
16	27	2.2083321323418623
16	28	1.5782106027997924
16	29	2.5910780962626196
16	30	2.279470464050287
16	31	1.2284672304394821
16	32	-0.5046817535656504
16	33	1.4518429709459106
16	34	-2.4631150162771815
16	35	-1.9036780159731017
16	36	-0.43428394475869053
16	37	0.677103498793409
16	38	-0.9780432502116266
16	39	0.590285214732775
16	40	-4.150772628163143
16	41	0.08392604799109606
16	42	-3.066073711204364
16	43	5.136311191006598
16	44	-3.506608121244129
16	45	-2.16920552843689
16	46	1.4649318132721278
16	47	1.9130118516054653
16	48	5.454693389709949
16	49	-6.116598449519008
16	50	0.5100039399225768
16	51	-2.108509606412165
16	52	1.1580009001415088
16	53	6.320135233985586
16	54	-0.7934062122606871
16	55	-0.9205594153942609
16	56	-1.7751954995749224
16	57	-2.0034045458519794
16	58	0.9667957933014115
16	59	1.4873855471092838
16	60	-0.21756183960049894
16	61	-2.6558142127210864
16	62	0.9073611972544487
16	63	0.15571311028904003
16	64	5.366965379512554
16	65	-1.8043782803218966
16	66	1.258020120304029
16	67	1.5196971879030927
16	68	0.9321792132110857
16	69	-1.1176504715854536
17	17	NaN
17	18	-1.380568220666285
17	19	-0.1879473366350682
17	20	-0.3936547384897886
17	21	-1.7025155216490295
17	22	-2.4869611538669907
17	23	-0.8617326033772825
17	24	4.019601781546634
17	25	-1.523701340950358
17	26	0.2922049252549672
17	27	-2.2826553487990138
17	28	0.015352217637767542
17	29	1.6946011377389019
17	30	0.8049330035791302
17	31	-0.4562146322259408
17	32	-1.4897876145387416
17	33	-0.7935925545501332
17	34	-2.9016014581563843
17	35	0.5941990041817204
17	36	0.8931324511258382
17	37	-1.091337895335891
17	38	2.120235392221844
17	39	-1.6065952665520402
17	40	2.176393253883652
17	41	0.46388972468767803
17	42	-4.699824263941484
17	43	-0.714663828377435
17	44	1.730350647500739
17	45	0.7089222863429592
17	46	0.5590430582486252
17	47	-0.478790909645311
17	48	-0.480124004487508
17	49	2.661519778787939
17	50	-2.4768035736569285
17	51	-0.7541236285511539
17	52	6.24499839250896
17	53	5.375156432376673
17	54	-0.09249405380709246
17	55	2.448746358983314
17	56	0.2117176425289614
17	57	0.43128574066532044
17	58	-1.921852912403785
17	59	-1.3928952634697056
17	60	-0.5978132642282582
17	61	-2.1723224876617344
17	62	-2.1883362621437175
17	63	-2.54134225197456
17	64	-0.09550596555850895
17	65	1.1383506216691848
17	66	0.6009584041643791
17	67	-2.1591372045579553
17	68	-0.11831272752534332
17	69	-2.284360292018575
18	18	NaN
18	19	2.7470678485358517
18	20	2.0291624515141216
18	21	0.9239336771984111
18	22	1.2106505431520274
18	23	1.7724783651714366
18	24	-1.3363362053746533
18	25	0.11652351488940768
18	26	4.796648243761346
18	27	-1.046735825362716
18	28	-1.9841449475397381
18	29	0.6549287374609142
18	30	1.4031252278002004
18	31	2.1763509514724437
18	32	-0.9757249446459912
18	33	1.7314708128057408
18	34	-1.4109306922430787
18	35	-1.8572057016226367
18	36	-0.7013350992800563
18	37	-1.4979510223032972
18	38	-0.6193410602261467
18	39	-2.410155468931649
18	40	-2.9767324607510033
18	41	-3.1407336045098044
18	42	5.123478158982712
18	43	0.8242010189315769
18	44	-2.864240381187224
18	45	3.3150789370267715
18	46	4.27954628363752
18	47	1.4485956022932422
18	48	0.4082682169897014
18	49	-1.0758731073641397
18	50	-0.6078843877390298
18	51	1.0244025167122794
18	52	-4.649286816942803
18	53	-0.12818057994511362
18	54	0.06599539366230904
18	55	-1.945575598285061
18	56	0.6710996225803773
18	57	-1.6257567380898197
18	58	4.983329335790664
18	59	2.20867642490741
18	60	2.946196466565839
18	61	-0.49462308927404486
18	62	2.378724141006346
18	63	-0.2794712089027379
18	64	-1.0856097002996858
18	65	-2.0127604888224653
18	66	-1.926535601040992
18	67	0.8106320722320114
18	68	0.6586590472840655
18	69	-0.8497136172003676
19	19	NaN
19	20	-2.132716977297431
19	21	0.29939324922918226
19	22	5.054958542261018
19	23	-1.9051823943074757
19	24	-2.3014444133055405
19	25	-1.695145841398498
19	26	0.8252466591004461
19	27	-0.8639562934363818
19	28	0.9628428878493464
19	29	-0.1658629039631017
19	30	-1.7555874741853528
19	31	0.09365917791722878
19	32	2.7803148244328018
19	33	-2.092512678145277
19	34	0.29921068598628964
19	35	-0.20990055498271326
19	36	0.4930442492052082
19	37	-2.2425234457011434
19	38	-1.3260470013051735
19	39	-4.676827370666562
19	40	-2.029259065520563
19	41	0.9099574636770444
19	42	2.44522503726566
19	43	-0.9315171410398668
19	44	-2.427949215432768
19	45	2.8909022229192867
19	46	8.254183529165672
19	47	1.9823734754840112
19	48	0.11744560543266276
19	49	-1.4019311439543989
19	50	-0.7139102321705347
19	51	-0.16828943151772668
19	52	0.1864119881674913
19	53	-1.767364821182912
19	54	-0.060068057486281745
19	55	-1.130830861739085
19	56	-2.5404506888530207
19	57	0.9796081226344361
19	58	1.1947214605556224
19	59	4.69509786175705
19	60	-0.7138360233810251
19	61	-0.16218392610424662
19	62	0.8025892964022432
19	63	1.4357651593183525
19	64	3.1885581122590794
19	65	1.6047787056462992
19	66	-0.02139252182660578
19	67	0.3744460888269686
19	68	-1.4303377804031658
19	69	-0.9551162387662535
20	20	NaN
20	21	0.8559629838251506
20	22	-0.3406600827602588
20	23	-0.9795163706766052
20	24	-0.5331995982553914
20	25	-0.6832866960822911
20	26	-0.424259057995856
20	27	-1.3012115837352543
20	28	2.0022224680330116
20	29	1.393871328356097
20	30	0.03147698879442703
20	31	-0.7196736679818541
20	32	-2.0372575646031805
20	33	-2.4430080640052294
20	34	-0.589542741031965
20	35	1.2271854424258704
20	36	-1.63365226196803
20	37	2.8099761117427993
20	38	0.3261806732749923
20	39	4.28375767402288
20	40	1.948457249837132
20	41	-0.481910954276804
20	42	-1.8503555312902455
20	43	-2.384816392360494
20	44	1.3826161776061743
20	45	-2.968126967407942
20	46	-1.6193978116737222
20	47	-0.2087923480701473
20	48	-1.1972286626421362
20	49	2.1825468345689365
20	50	-1.8703838139043312
20	51	-1.3988841729831814
20	52	1.0087510461247837
20	53	0.42657729604955147
20	54	0.7248083709272235
20	55	0.8720092696922882
20	56	-0.5245206741340532
20	57	-0.04867967127655235
20	58	1.7537450972653283
20	59	-3.2208876258594437
20	60	-1.0768461048362685
20	61	1.8341462609431092
20	62	-0.5402953452768501
20	63	-0.028630990161866626
20	64	-1.2335196866069693
20	65	-0.020893517545890937
20	66	-0.8241478148266133
20	67	0.9834350168508614
20	68	1.163462433773682
20	69	1.2757174529366049
21	21	NaN
21	22	1.8764158646289117
21	23	2.8840069240412882
21	24	-0.8982506285743629
21	25	-1.2273076979541562
21	26	6.6117093019301345
21	27	1.0255735087720297
21	28	3.0455918490063314
21	29	0.49891189139998493
21	30	0.7105753628513221
21	31	2.657836671767233
21	32	3.072031026859381
21	33	1.7411921507088908
21	34	-1.9349756134568932
21	35	-3.206126282449824
21	36	-0.08899677996556542
21	37	-0.3200509868182855
21	38	-0.11803681365069613
21	39	-1.7378738570725911
21	40	-0.43507681335758513
21	41	1.8478032034450491
21	42	1.707355833978215
21	43	-0.3909389491411618
21	44	-2.5648751088474646
21	45	0.9160746896422856
21	46	2.5777437747785927
21	47	0.9312351679089862
21	48	-1.0273840795960225
21	49	-3.6072695576079723
21	50	-0.6312649067820632
21	51	1.3567481059811484
21	52	-2.8918764412020526
21	53	-0.7486704360478058
21	54	-2.5376172668889354
21	55	-1.0529828066400198
21	56	-0.313005888836789
21	57	-2.254981798912811
21	58	1.4928718982431832
21	59	1.26140985726376
21	60	2.6797654797071337
21	61	0.20877044993985616
21	62	2.3899763092244317
21	63	-0.2594042224077069
21	64	-1.1216378795156072
21	65	-3.6431685009808223
21	66	-1.4291997669310643
21	67	-0.6801273656335948
21	68	0.3448355009374651
21	69	-1.1398342110375386
22	22	NaN
22	23	6.826758549050375
22	24	-1.296510523113329
22	25	1.33132163887727
22	26	-1.7174705110971207
22	27	1.6649605163715049
22	28	-0.07559341754005901
22	29	7.924563145249689
22	30	-1.6252072850457218
22	31	-0.2759507651351032
22	32	-0.8737223539121224
22	33	-0.23274391686722778
22	34	1.390520165099992
22	35	-3.686619490811753
22	36	0.22832986279029907
22	37	3.126118595529323
22	38	-0.9980208775289273
22	39	-3.272849961627574
22	40	-3.552989505113058
22	41	-0.6406419773643172
22	42	-2.0172612771122154
22	43	0.31862119932222005
22	44	-3.5004186771498884
22	45	-2.2984525503177533
22	46	-0.15346970671604993
22	47	-1.9811181144321404
22	48	0.47225061988969297
22	49	-3.008738951150961
22	50	4.9368369878665455
22	51	-1.452571681185394
22	52	-0.9636826553763819
22	53	1.1029348266936982
22	54	-2.271801991124586
22	55	-3.113527404020357
22	56	-0.8125552727435598
22	57	-0.9309805150686822
22	58	0.40470178611955515
22	59	3.4133962032070566
22	60	0.56945032970979
22	61	-0.6806891651224871
22	62	-0.6772399715992227
22	63	-1.9252622855112655
22	64	-0.34657722707332334
22	65	3.16284133767843
22	66	0.08028602407602148
22	67	4.294119581003782
22	68	3.152590737659888
22	69	3.797931634447296
23	23	NaN
23	24	-1.0206121169420876
23	25	3.0469144787419165
23	26	1.982969018173707
23	27	-0.6594725714693646
23	28	-1.4251555178445998
23	29	3.2744466365108202
23	30	-2.3058735282883682
23	31	-1.2482833474836668
23	32	0.34691478906456746
23	33	0.35722046690273435
23	34	-0.053718858663127714
23	35	-0.015324857377106085
23	36	-0.8915160275682247
23	37	-2.6833269736063046
23	38	0.02610857056540725
23	39	-2.073451588572284
23	40	-1.5705462925463216
23	41	0.6399414762010647
23	42	0.8143885893023047
23	43	1.5157611518838907
23	44	-3.288474192406915
23	45	2.3491855511965776
23	46	3.8939446074830206
23	47	0.8565770753901601
23	48	0.9222231924598253
23	49	-1.2110878453668954
23	50	1.9358236063157102
23	51	1.0137207263698045
23	52	2.270274709206625
23	53	-0.6890899802296431
23	54	-2.081043312262707
23	55	0.48213406462191577
23	56	-0.18080031912465622
23	57	-2.9962433968052475
23	58	0.6129153605805384
23	59	0.003198865998683638
23	60	2.571825943105063
23	61	1.6368666340182074
23	62	-3.078875491681078
23	63	-1.556395441936732
23	64	-0.7464267510510817
23	65	0.9814700487261717
23	66	0.0446458504404341
23	67	1.185188310909079
23	68	0.8781746039018777
23	69	0.9632614728864524
24	24	NaN
24	25	0.34160461692662164
24	26	-3.8671651623839716
24	27	-1.0801051570919573
24	28	-0.18267393195410947
24	29	-1.6608008297839238
24	30	-2.1507776597145964
24	31	0.15794124451055078
24	32	-2.0821341204583774
24	33	0.04513991554245299
24	34	-1.1458895306855927
24	35	4.172042017913271
24	36	-1.3978481622055927
24	37	-0.09470863218134577
24	38	3.230986121825477
24	39	0.4536257013158323
24	40	5.464482014050379
24	41	-0.18173083041455576
24	42	-2.5172616054997987
24	43	-0.7950150100843372
24	44	4.527040490909102
24	45	-2.727905788793536
24	46	-3.0263931254903143
24	47	0.3685343978092588
24	48	-3.042913221560365
24	49	2.8166182730952785
24	50	-1.2337121710297574
24	51	-2.9374539035204212
24	52	2.5893175430841544
24	53	2.2917002608252868
24	54	-0.03583862252920409
24	55	4.3458299215494485
24	56	5.449712827885546
24	57	3.0102247776323514
24	58	-2.7814239185078944
24	59	-1.562035329355564
24	60	-0.6994072109456935
24	61	-0.9836215881009039
24	62	-1.5800907561465405
24	63	-2.3191368681740046
24	64	-1.4880328859718752
24	65	-1.1397922411274184
24	66	-0.03176550633745368
24	67	-3.4851887633409167
24	68	-1.1439278013324246
24	69	-1.4428163510611458
25	25	NaN
25	26	3.3305464536701406
25	27	4.124255993280866
25	28	3.4041545610724593
25	29	0.7303331976117788
25	30	-0.30157020763830544
25	31	1.631468531094034
25	32	-0.6945771070714263
25	33	0.9647683490522075
25	34	0.7706135410516047
25	35	-2.7089236274094204
25	36	-1.0366402134418107
25	37	2.3206661321564663
25	38	-1.4550322776761297
25	39	1.167044951381605
25	40	-1.7770249051564442
25	41	-2.111871003560298
25	42	-1.17476966407354
25	43	-1.9443104906851578
25	44	-2.0832571692844764
25	45	1.3491528309584107
25	46	-0.09088536842177039
25	47	-0.7642983621361159
25	48	1.8674060561275123
25	49	-0.08196784974705996
25	50	-0.5506758495899763
25	51	-2.511248110834137
25	52	-1.4830989015613518
25	53	-2.1087613248348247
25	54	0.38701656160906744
25	55	-3.7081154476490688
25	56	-0.984484328859961
25	57	-2.517358060722972
25	58	-0.3362066992940717
25	59	2.7054827515381277
25	60	-0.6651567346243723
25	61	3.5491766511171856
25	62	0.583771441835889
25	63	0.5507308490854644
25	64	1.112509813263814
25	65	0.726839062465116
25	66	0.6932255817163097
25	67	0.8873901766417449
25	68	1.5345155458672002
25	69	0.288403319530251
26	26	NaN
26	27	3.859355464167486
26	28	1.3520772175490945
26	29	-2.0123976329830486
26	30	-3.208961587268029
26	31	-0.564685954574731
26	32	3.3867275431196084
26	33	1.9619469622692711
26	34	2.44972143214037
26	35	-0.9211487677018575
26	36	-1.9805405790803852
26	37	1.0152959635060186
26	38	0.4724298102761428
26	39	-0.5960349169397767
26	40	-3.8017851720715905
26	41	0.013655203603121486
26	42	2.8084642923163035
26	43	2.881458544591401
26	44	-2.5990706952197984
26	45	-1.6355651800768205
26	46	0.1854075959321969
26	47	3.5510784176603067
26	48	0.5797803827224275
26	49	0.36671644192362113
26	50	1.19835874612202
26	51	1.4266442313016523
26	52	-0.4600014532287775
26	53	-2.9971150390602848
26	54	-1.1805187633112042
26	55	-2.70056653977275
26	56	0.14804557792601275
26	57	1.2728899642219071
26	58	0.9683388110912369
26	59	-0.6502028813375211
26	60	0.11055408523328968
26	61	-0.2331575261457919
26	62	-0.3722287482996193
26	63	2.910861820432424
26	64	0.5895306761379802
26	65	1.3899448069496052
26	66	0.0601405589897294
26	67	-1.4188280314093216
26	68	-0.22209114834620247
26	69	-1.1411531629328575
27	27	NaN
27	28	-1.53409144349997
27	29	-3.6121910456029784
27	30	1.7109383910865112
27	31	1.1696321197568713
27	32	3.227184622589167
27	33	2.155106727801672
27	34	-1.4006165621152737
27	35	6.671876494191828
27	36	1.0845521658499226
27	37	1.5915636729509255
27	38	-1.0592621602736576
27	39	-2.8992693798536
27	40	-2.861542428087077
27	41	-1.5834755927969342
27	42	2.0711780796158985
27	43	0.3189700529327892
27	44	-0.4329020791274859
27	45	0.16961840285902274
27	46	-0.09340716159375242
27	47	-1.269071426696025
27	48	2.4032750822957034
27	49	-2.3751661445334475
27	50	0.017777392356461242
27	51	-2.0028491666278367
27	52	-1.5502131968049626
27	53	-1.1767163930375966
27	54	-1.164597116387917
27	55	-0.5513845826215487
27	56	-0.690199900789327
27	57	-0.2578199079848087
27	58	0.14332446618698638
27	59	3.0034250801896207
27	60	1.0078683408124447
27	61	1.3192529389528658
27	62	1.1052228361785714
27	63	-1.3698407475071581
27	64	0.43131745742594557
27	65	2.034066256179492
27	66	-1.1001252552120042
27	67	-1.8196449610093481
27	68	2.945604694690422
27	69	-0.2724050539317553
28	28	NaN
28	29	4.6109634382555065
28	30	2.1340354858880786
28	31	1.8926415072186473
28	32	-2.2005362119319694
28	33	-1.6508148378549867
28	34	0.5692387506518382
28	35	5.089743771504084
28	36	1.2823402013112517
28	37	0.8837933223932384
28	38	-1.5391495618482578
28	39	-2.0043101117510402
28	40	-1.2513647116218518
28	41	0.7134652273483992
28	42	0.41328655794259
28	43	-1.1844016026061752
28	44	-0.25779456103662113
28	45	0.23971571464592922
28	46	1.162813278558288
28	47	-3.743946466332589
28	48	-1.5532972282743946
28	49	-0.9972301947358467
28	50	-3.448881998956784
28	51	1.5447738458872253
28	52	-1.3654833415758452
28	53	-0.24328344607488286
28	54	-0.6295289144312453
28	55	-2.0147070781049092
28	56	-1.1210813906359327
28	57	-0.2775261590901579
28	58	0.9917632435323875
28	59	-1.1409631304048253
28	60	1.109756643577116
28	61	1.1946545015783234
28	62	-2.0555424540760767
28	63	-1.3996171206173664
28	64	-1.8248167819365433
28	65	-0.8719248106745341
28	66	0.44704609005458973
28	67	0.708409382309351
28	68	0.8271438836199869
28	69	-1.0663645397476427
29	29	NaN
29	30	4.690675362533146
29	31	3.2057206590127674
29	32	0.5544357610060919
29	33	-1.4748271572522027
29	34	0.9576207198347588
29	35	1.7788272265456655
29	36	-2.8317515932613406
29	37	4.733594886632259
29	38	-0.6993900929200345
29	39	-3.7413668872179255
29	40	-5.3405145508416245
29	41	0.5872636907915827
29	42	-0.7805125154986672
29	43	-0.2244711381432061
29	44	-3.4539882556720825
29	45	5.299693246663895
29	46	3.73685666134193
29	47	0.7027079258894188
29	48	3.005342940713502
29	49	-3.2015049587961846
29	50	-1.6769488583951615
29	51	-0.958221918421927
29	52	-0.013015608926259126
29	53	2.219545890568269
29	54	0.4564329559556733
29	55	-0.2561333591180471
29	56	-3.3979732742822897
29	57	-0.6947307257567832
29	58	-1.293502025606394
29	59	-1.2409909427958008
29	60	0.7106612375176801
29	61	-1.2183321459210474
29	62	-0.9300658539437946
29	63	0.04132650277574569
29	64	-3.000265600858558
29	65	0.37640257090769824
29	66	1.8878144065505988
29	67	1.9851374257603838
29	68	0.9638414012147701
29	69	1.930356752028748
30	30	NaN
30	31	3.36498326362198
30	32	0.604423956092006
30	33	0.9373945861878104
30	34	1.45825563343233
30	35	-2.5791451273066754
30	36	-1.7306684910619585
30	37	1.5544267233884215
30	38	-2.1752836927777195
30	39	-4.32870344934477
30	40	-0.5314115594438841
30	41	0.32875991220093226
30	42	0.12186968673223528
30	43	-1.6210597408431406
30	44	-3.6612339968101155
30	45	-1.4258791231440615
30	46	2.269403055730633
30	47	3.221222184515326
30	48	-0.8081643439968519
30	49	-1.47897747763128
30	50	1.9397681024205427
30	51	1.0768780813595256
30	52	-1.9989996599390716
30	53	-0.7082000208813605
30	54	-1.4758046095589221
30	55	-0.8103778586636513
30	56	-1.1756111481911433
30	57	-0.30111817151070136
30	58	-1.9553786426162754
30	59	-1.1300663051453126
30	60	0.040096023955014985
30	61	1.311554440730562
30	62	0.5923053591294912
30	63	2.693537160832096
30	64	3.416463521219779
30	65	-0.33320453875139905
30	66	-1.6821095834268198
30	67	1.8721616809738224
30	68	-1.778259269665303
30	69	1.2718311720387832
31	31	NaN
31	32	1.247257190057721
31	33	-0.8478408336790407
31	34	0.8322988592837371
31	35	4.073541718091189
31	36	-1.0704632867176096
31	37	-2.351486423934089
31	38	-1.772339096284067
31	39	1.2552615995270935
31	40	-0.9952271013444036
31	41	-2.617603176313372
31	42	1.687486863333401
31	43	-4.251355165390622
31	44	1.4211884111172772
31	45	-0.7436808733824359
31	46	1.5607763030089932
31	47	0.6831062964572678
31	48	-1.826289057962383
31	49	-0.5574840545433684
31	50	-0.4220747502338972
31	51	1.093459967233867
31	52	-1.15653787215545
31	53	-1.4935762400454067
31	54	-1.3785627907497529
31	55	0.05837095655559711
31	56	-2.071617426629678
31	57	-1.2310737855337759
31	58	-3.359026036831537
31	59	-4.851671828768422
31	60	0.8651958710155423
31	61	3.251230418890977
31	62	2.465382261802258
31	63	1.181579920867805
31	64	0.30471478166373334
31	65	1.056768631739789
31	66	1.7425626524020774
31	67	1.5605680638937687
31	68	-0.3971723315895987
31	69	1.1489959638138727
32	32	NaN
32	33	1.0205853578194948
32	34	1.8424297562397352
32	35	-0.9646633401247462
32	36	-4.314976575666739
32	37	-4.266419998604524
32	38	-1.269013920541181
32	39	-1.606812517358077
32	40	-1.8449810089150316
32	41	3.084724579819984
32	42	1.8752470326174764
32	43	5.35903003246584
32	44	-2.479938895445757
32	45	-0.8453469576325484
32	46	-0.22780688351322725
32	47	1.078754589152502
32	48	-1.0828780904829691
32	49	-2.4462008577753642
32	50	3.79005585990205
32	51	1.917139814768215
32	52	-1.1264576101403245
32	53	-2.1700951748752635
32	54	0.7064975818590911
32	55	-1.1287690116227067
32	56	-0.8061568700072244
32	57	0.9222877590534201
32	58	-2.7658798270978124
32	59	0.21162875240390483
32	60	0.6355216723872722
32	61	2.499278100506089
32	62	4.5023191192912195
32	63	1.7081581986655192
32	64	-1.6021982570831526
32	65	2.7745705321279615
32	66	-1.189170507793608
32	67	0.6598840078831215
32	68	0.9688279908545172
32	69	0.12465527075805742
33	33	NaN
33	34	1.1657509687376353
33	35	1.4226380846733437
33	36	-1.8191844908572006
33	37	-3.3617857774230844
33	38	-2.2791504890023138
33	39	0.18476739063370765
33	40	-2.488078515978712
33	41	-0.7639654637175375
33	42	-1.5354157563507382
33	43	2.2031729079337747
33	44	-2.409505195330319
33	45	1.9389498685775954
33	46	-0.25960016872458624
33	47	-2.3154779815654254
33	48	-2.549117503515634
33	49	-1.339058543252163
33	50	0.3360291923760737
33	51	1.6018531777475467
33	52	0.4974230850380602
33	53	-2.512929908337898
33	54	0.15773599869665586
33	55	-1.7276672625343703
33	56	-0.025014443759625832
33	57	1.6446430570115367
33	58	3.4570182318103413
33	59	0.43378670829959287
33	60	-0.6676471477599184
33	61	2.3426039487533847
33	62	0.06814693114922868
33	63	1.7305483561502406
33	64	4.313996340930296
33	65	0.4366383149377104
33	66	2.8616909400489345
33	67	0.7036000477820203
33	68	2.280774892324533
33	69	-1.1262797671382374
34	34	NaN
34	35	1.4432569742035484
34	36	3.727454134158115
34	37	-2.390562890052794
34	38	-2.3232177400777667
34	39	-1.0108935578587295
34	40	-2.8426567692408575
34	41	-0.2171899094919793
34	42	0.1841869217556768
34	43	0.5347689578942797
34	44	-0.5415220245072521
34	45	-1.3259844513353445
34	46	0.06141052684053132
34	47	-1.5257075210171773
34	48	4.2297797339805
34	49	-0.021866827196800318
34	50	0.4390113296227913
34	51	-0.20861367963462624
34	52	-3.7955415778791983
34	53	-4.382477560406241
34	54	-2.2566560078561295
34	55	-2.4299451299538624
34	56	-0.8552136608129332
34	57	-3.485819306036679
34	58	0.3522133890104648
34	59	2.688208518213821
34	60	0.527921485038944
34	61	1.139141044169847
34	62	-0.8098406794186859
34	63	-1.1018795296914532
34	64	-0.17815469880371945
34	65	-2.954904709904839
34	66	0.7360168958782664
34	67	0.3132133670655629
34	68	-0.7688834494785416
34	69	3.7344559799427355
35	35	NaN
35	36	-0.917647717963952
35	37	1.1693605710176092
35	38	2.476290180106161
35	39	0.8833266134345451
35	40	2.784991812654816
35	41	-0.502295601726727
35	42	-1.7561748527806615
35	43	-0.9048681199118209
35	44	3.804697628100001
35	45	-0.14544909529568073
35	46	-0.6967164807179883
35	47	-2.809567580250996
35	48	-0.9943818168416139
35	49	1.900134319881098
35	50	0.26873794455430555
35	51	-1.1475265256886085
35	52	0.8925491475485496
35	53	0.3827283687382887
35	54	-2.214958557648581
35	55	3.269730867890338
35	56	2.077685186651075
35	57	0.5690112534705254
35	58	-0.287714872007744
35	59	-2.8083721981825596
35	60	-4.647340269354781
35	61	-0.5967038537984687
35	62	-0.38956798602341564
35	63	-1.079621857432878
35	64	-2.2633407325899175
35	65	-1.7801672056157352
35	66	0.014835128379359717
35	67	-3.482120346399957
35	68	0.11876976270221293
35	69	-2.230956430175124
36	36	NaN
36	37	-1.118469922579194
36	38	-3.105046507210127
36	39	-2.0220916995158036
36	40	-1.4690403450746825
36	41	-0.20427110463410134
36	42	2.76478414977919
36	43	-0.8104356532463292
36	44	-1.9972488216507507
36	45	-1.6114468496014076
36	46	0.4053766510936654
36	47	-1.7076707861668616
36	48	-0.9123542303122951
36	49	-1.4612364064467074
36	50	0.9844761052730506
36	51	1.9426876760742378
36	52	-4.476227779130043
36	53	-2.9336912435519875
36	54	0.5617641459597245
36	55	-0.9227206802927664
36	56	-0.7247655276286686
36	57	-4.718882507608321
36	58	-0.7814265806890522
36	59	0.08862189960894637
36	60	2.6189812739997578
36	61	-0.23568082777560528
36	62	0.9750808181313593
36	63	-1.731119579594797
36	64	-2.6433784287653705
36	65	-1.9961289159984874
36	66	-1.4920228012579144
36	67	-1.9790358671176955
36	68	-2.513214058363966
36	69	-2.8772657437110154
37	37	NaN
37	38	0.6557009376545327
37	39	0.3758136938662634
37	40	-2.0123581213544517
37	41	0.3218221525272168
37	42	-2.875337677590385
37	43	-0.24928624656384227
37	44	-1.2754796039947365
37	45	-4.614054681044894
37	46	0.617003430060887
37	47	-1.5213760090667472
37	48	-1.4133066946476271
37	49	1.224537958866714
37	50	4.39684115802913
37	51	0.4408144741645663
37	52	-2.291555233926368
37	53	-2.462035138623839
37	54	-1.7161396923556695
37	55	1.5878883802636592
37	56	-1.2505775507823778
37	57	0.6630352125498062
37	58	1.7667276308657383
37	59	-0.8575328947073236
37	60	3.11174324322702
37	61	-0.44938415594780534
37	62	1.082079831000739
37	63	0.7681069248354956
37	64	-0.4188871553887744
37	65	1.2998515837465012
37	66	-1.8711307635870524
37	67	-1.1894361949108887
37	68	-0.5910541161148004
37	69	2.9925405828068827
38	38	NaN
38	39	2.989044268683437
38	40	3.739787907309776
38	41	0.24479552905510202
38	42	-1.6479622418065947
38	43	0.0011963101228121505
38	44	1.7429178878668439
38	45	-0.6852087037449743
38	46	-0.3204421841933287
38	47	0.5003321814103445
38	48	-1.7237735410502282
38	49	3.0150101650544423
38	50	-1.7640583310125444
38	51	-0.6298240256190798
38	52	1.4571020199533913
38	53	1.6473055337735265
38	54	1.7650179561212043
38	55	3.8835193754993123
38	56	2.6727139590356863
38	57	1.7421885986534897
38	58	-2.6032614636838014
38	59	-1.8704148611794207
38	60	-2.8419795959395553
38	61	-0.9950333991246063
38	62	-1.8070587449259758
38	63	0.16276937001363043
38	64	0.11325120698083249
38	65	-0.2954074275064273
38	66	-0.08256500599013597
38	67	-0.9935813329906973
38	68	-0.2797648898070031
38	69	-0.8968980202748196
39	39	NaN
39	40	-0.593179854151696
39	41	-2.4721052116168285
39	42	-1.5387988809703321
39	43	8.030335037820086
39	44	-2.23030066741752
39	45	-1.5434552420314853
39	46	-0.7472637464865776
39	47	-3.1172561900636957
39	48	-3.480070802203631
39	49	2.0447013179262963
39	50	-0.9014639631522456
39	51	-1.779802368115044
39	52	0.027972786629887197
39	53	-1.7447344500531563
39	54	-1.847840853529545
39	55	0.23343008190855355
39	56	-0.11381915402156799
39	57	-2.099244827943562
39	58	-1.2009403679100568
39	59	1.8128731601141137
39	60	3.2295292363497317
39	61	-0.2412407227175977
39	62	1.2335332735234694
39	63	0.20466286937130707
39	64	-0.7628623745111779
39	65	0.956885929884781
39	66	-1.2396823482260628
39	67	0.9057414880702264
39	68	0.6979250337979839
39	69	-0.9835969957256816
40	40	NaN
40	41	-1.6740806854331265
40	42	-2.134831584164757
40	43	-2.525903317347549
40	44	57.41762659580536
40	45	-4.13253769565563
40	46	-3.6441662408478757
40	47	-1.3570677642798168
40	48	-4.045980080140756
40	49	3.7832525504550008
40	50	-1.029941686507038
40	51	-1.8606299004905829
40	52	3.1848870817736974
40	53	-0.07780100747975384
40	54	1.0563417325252453
40	55	4.687528671373211
40	56	4.063772597118477
40	57	2.5954264210032902
40	58	-4.271770895701996
40	59	-2.123352476115345
40	60	-2.9315224914115525
40	61	-2.6088051970453847
40	62	-2.5926140980453165
40	63	-2.2181837241965225
40	64	-3.7195599123038767
40	65	-2.1408487063219304
40	66	-0.2310053354088567
40	67	-1.9780200115550806
40	68	-1.1049796543946289
40	69	-2.3876093190388374
41	41	NaN
41	42	-0.30948261750068484
41	43	3.8449292287216
41	44	-0.5671906157994956
41	45	0.08455828742688055
41	46	-2.0622743312151055
41	47	-0.8675256366937496
41	48	-0.24972919420457984
41	49	-2.2294677523251636
41	50	-2.943219545830109
41	51	-0.9818220866499848
41	52	-0.49537408596471105
41	53	0.758476430854911
41	54	-2.3384293662069404
41	55	-2.436142056428959
41	56	0.7053910399863538
41	57	-0.2908994090656585
41	58	-2.429078290807548
41	59	-0.052061416929036784
41	60	-1.4981710622508688
41	61	0.6232313018750097
41	62	1.0501537889358394
41	63	1.053854322212105
41	64	0.39742226945116493
41	65	-0.24662393678417463
41	66	1.6118059226636745
41	67	1.89089692348864
41	68	1.4699185408896964
41	69	-0.7587550933499095
42	42	NaN
42	43	4.243057368142232
42	44	-2.2516571100921188
42	45	4.172767203764572
42	46	0.6141877528052216
42	47	-2.224762286597168
42	48	0.3069447168191462
42	49	0.4817002016559104
42	50	1.08625906628223
42	51	1.821768618278388
42	52	0.13712897587609876
42	53	-2.487564808834374
42	54	1.7103983377614373
42	55	1.8118595720177004
42	56	-1.6377192236765123
42	57	3.2202825684193574
42	58	4.241525228375026
42	59	0.38710116345740897
42	60	-2.7318928785707657
42	61	0.5188314864441916
42	62	-1.4745279039069514
42	63	-1.8654692261771384
42	64	3.726914062915149
42	65	2.5385046463443515
42	66	-0.6481348823439618
42	67	2.9939012950770416
42	68	-0.346421372983956
42	69	1.017150473078108
43	43	NaN
43	44	-4.7089513296247505
43	45	-0.0645900663806872
43	46	4.630010952494169
43	47	-1.8994190180082702
43	48	5.921899740538055
43	49	-0.5817471086980425
43	50	-0.0952140316916186
43	51	-0.19210104180698725
43	52	-2.8223227958135375
43	53	-0.7869722730490947
43	54	0.17394518399296324
43	55	-0.1046184711138678
43	56	-0.835163988023112
43	57	0.7721630237283638
43	58	0.10434734268416854
43	59	-1.1672194750390423
43	60	1.981061198168028
43	61	1.99950067469727
43	62	0.03192034078499327
43	63	-1.2180006169211142
43	64	0.7454795673782225
43	65	0.7794842687864116
43	66	0.28846579395369853
43	67	0.74729532424179
43	68	-2.148359012149849
43	69	1.7032332317422991
44	44	NaN
44	45	-3.383877356440058
44	46	-3.0615399493635893
44	47	1.0214112331290424
44	48	-3.238756013636345
44	49	3.7046420593920324
44	50	-3.177267024392647
44	51	-2.319964904759419
44	52	2.168065949506286
44	53	0.8873508080623099
44	54	-0.10264667539037099
44	55	2.2660359388698725
44	56	2.4528219089729895
44	57	3.3549500113065904
44	58	-2.934642864263422
44	59	-2.136254983975274
44	60	-2.8252175962808757
44	61	-0.8602750204841598
44	62	-4.779817549322886
44	63	-2.9033095712263903
44	64	-2.149974666815354
44	65	-2.6913318424413903
44	66	-2.0735762419158146
44	67	-3.0382048747116928
44	68	-3.2276227383764367
44	69	-2.1104233454021744
45	45	NaN
45	46	2.6751857581070233
45	47	-1.1933659187113685
45	48	6.164027483486007
45	49	-2.937649834428604
45	50	0.7838854118201604
45	51	1.7872033453534877
45	52	0.2812234054487157
45	53	-2.2217330104035695
45	54	0.9851799806160599
45	55	-2.0701338548967154
45	56	-3.8666647977205653
45	57	-2.560366482233526
45	58	3.946404549404485
45	59	-0.10959569523252416
45	60	-2.5192690704875975
45	61	-0.9707792428828821
45	62	-0.6947755951797995
45	63	4.816434986295607
45	64	1.7244812793898014
45	65	5.6479723122654315
45	66	0.8575071313927957
45	67	3.329491070300999
45	68	-1.5965292320544564
45	69	0.24786603636698845
46	46	NaN
46	47	0.936982791898291
46	48	3.476136180801938
46	49	-2.2583534172856803
46	50	1.518497795778918
46	51	0.757690357498569
46	52	-1.2226658385908145
46	53	-3.6099612604659312
46	54	-2.694732386287407
46	55	-2.944297652826676
46	56	-3.3469420966349137
46	57	-0.3801126896827393
46	58	-1.315601601400414
46	59	-5.077193269723531
46	60	-3.987896411641553
46	61	-1.3109679855183551
46	62	0.198916662787723
46	63	1.339684476400746
46	64	1.505793496364163
46	65	5.900270660386745
46	66	-2.196862205373403
46	67	4.035553386181546
46	68	0.24159753205218656
46	69	0.8730951710840636
47	47	NaN
47	48	-1.0681006250180898
47	49	-1.9257832632212417
47	50	-1.6293075568892526
47	51	-0.22755534898248536
47	52	-0.041864476298960625
47	53	-2.181137423388336
47	54	-2.2711323903190817
47	55	0.687238645875625
47	56	-0.59733102188675
47	57	2.274917410444983
47	58	13.999225350575212
47	59	-3.2345253634575912
47	60	1.2348701578876213
47	61	-0.23880184831470974
47	62	0.2545611325275416
47	63	10.250830880626669
47	64	0.14470433370227498
47	65	-2.3675491464004708
47	66	-3.621093267033172
47	67	-2.8248841457759064
47	68	2.2370183968088577
47	69	0.1415737944859867
48	48	NaN
48	49	0.3964037883344702
48	50	-0.7972390048179453
48	51	0.5332609983228825
48	52	-2.9209678596264963
48	53	-1.15698346334252
48	54	0.469610046304799
48	55	1.3934368828497532
48	56	-0.9275768742381277
48	57	-1.1998938405835502
48	58	-0.9203204146328849
48	59	2.5610429869683466
48	60	-1.517838106323104
48	61	-3.107483166109492
48	62	1.8678799316364927
48	63	3.081121386779723
48	64	2.3638721949053663
48	65	-1.2477557202103289
48	66	2.390672429752118
48	67	0.7032796856453356
48	68	1.6145084589205343
48	69	0.21163349192986874
49	49	NaN
49	50	0.20610462074029964
49	51	-2.477033429068972
49	52	2.6156094393981153
49	53	2.44139651043287
49	54	1.732036072910138
49	55	1.6704140253234279
49	56	3.1067492423336147
49	57	2.096597763869987
49	58	-1.5086765801655404
49	59	2.350784241575839
49	60	-0.4039154108128703
49	61	-2.0946113616111437
49	62	-1.1028157951033013
49	63	-1.881575550750985
49	64	-1.1845612460048185
49	65	-1.0357780466886144
49	66	-0.3901704465015375
49	67	-0.33838468117351683
49	68	0.5848599664378231
49	69	0.5807066729969724
50	50	NaN
50	51	2.2713843186094853
50	52	-2.2424933205169824
50	53	-3.781335089147922
50	54	5.4735170573631144
50	55	-1.440832839892018
50	56	-3.8192327097756484
50	57	0.0923878713130638
50	58	-0.28891015558255473
50	59	2.3166138582728513
50	60	-1.5899470084965062
50	61	0.6337467284789436
50	62	1.7164226041491515
50	63	3.603849609679042
50	64	-1.1328479125879987
50	65	3.4036195070697532
50	66	-2.9521971548317705
50	67	3.5509493246068597
50	68	-1.06253426977648
50	69	-1.1305772537619767
51	51	NaN
51	52	1.6841867472976755
51	53	1.129641106412511
51	54	-0.7866774075653253
51	55	-1.6460417136666377
51	56	-1.8622000778571417
51	57	-1.6797059613801073
51	58	3.2281787254200793
51	59	-0.7509460426350596
51	60	1.927198426986272
51	61	-0.08094076141659076
51	62	2.2334125019826225
51	63	3.196303699049476
51	64	2.616734410720458
51	65	-3.4599946187670247
51	66	1.233959236695595
51	67	0.48819911984232467
51	68	4.0601107707597635
51	69	0.8232861583977504
52	52	NaN
52	53	3.900307707646124
52	54	0.010769149680845965
52	55	2.852210046856667
52	56	2.4579399453359723
52	57	3.613749471617074
52	58	0.6183994006533734
52	59	-1.9360141625133351
52	60	0.09731856183930677
52	61	-1.5710227121580225
52	62	-1.4658227324097985
52	63	-0.7375351465222436
52	64	0.8980671205927582
52	65	1.3850588761599678
52	66	3.7135419035683066
52	67	-3.897794463726508
52	68	1.0552769671599191
52	69	0.3409972515560362
53	53	NaN
53	54	3.3226287183913974
53	55	-0.4356743931866844
53	56	1.1300487497319924
53	57	2.256705158568958
53	58	-1.2414138793260852
53	59	-3.7250454235186283
53	60	1.0867177014992242
53	61	-2.2083152595809055
53	62	0.6903332462850975
53	63	-2.93921266154916
53	64	-0.45905583232921365
53	65	-1.7687360054279662
53	66	3.1538744489381596
53	67	-4.606600602771405
53	68	-1.7425692822120726
53	69	1.1883848716807832
54	54	NaN
54	55	1.6993764160504807
54	56	1.7082471237341528
54	57	-1.104449501086959
54	58	1.473673419898156
54	59	-3.2804477938070646
54	60	0.24817370548068637
54	61	1.5323259162214102
54	62	-0.27637947376229166
54	63	-0.5257121644629554
54	64	0.3742231080083684
54	65	1.312062398531007
54	66	-1.35454286099245
54	67	-2.0597648126068635
54	68	-2.0669620300978733
54	69	0.06714433437380142
55	55	NaN
55	56	3.1892923875724293
55	57	2.721208200609926
55	58	1.2602693058128196
55	59	2.244611916397309
55	60	-1.9157081166252188
55	61	-1.8419454195172975
55	62	0.42813114271442143
55	63	-0.442418526057836
55	64	-4.606042741757153
55	65	-2.0059516842513285
55	66	2.8443144237185347
55	67	-0.21053705842268347
55	68	-1.218263475598555
55	69	-0.492301859378688
56	56	NaN
56	57	1.9064770826037947
56	58	-3.7635964013338263
56	59	0.13228254007662907
56	60	-1.233930456703524
56	61	0.49487461656686044
56	62	-3.315292206190695
56	63	-2.131810309613603
56	64	-2.736872713905812
56	65	1.6075501104128165
56	66	1.6918830974279628
56	67	0.30679864045019395
56	68	-2.1526019243000576
56	69	0.8010002257475168
57	57	NaN
57	58	1.7336242331012472
57	59	-0.7014170096029245
57	60	-1.3285514804847323
57	61	-0.8382006842100317
57	62	-0.9643857619768734
57	63	-1.5223979951129265
57	64	-2.7452001559805566
57	65	0.35490321977716216
57	66	7.712477337208087
57	67	-3.5569217741510184
57	68	-0.7487483608400538
57	69	-2.3162033838165796
58	58	NaN
58	59	0.8075115547954483
58	60	1.5343612033389893
58	61	-2.7230258158818637
58	62	-0.32724871907747516
58	63	-3.61144254706783
58	64	0.012654869782800473
58	65	-0.4645662512691947
58	66	0.9099656172787476
58	67	2.118177198712141
58	68	-2.7645603270030725
58	69	1.9833556625912083
59	59	NaN
59	60	2.09579025527788
59	61	-1.3379173456407054
59	62	5.218424143307091
59	63	0.6786762812307369
59	64	3.2605710028596633
59	65	2.8662335182531677
59	66	-0.17590577256927428
59	67	3.8478790920652277
59	68	1.9452145501706677
59	69	0.79584640808327
60	60	NaN
60	61	0.6429508707038651
60	62	4.814362033570188
60	63	2.450579452312322
60	64	3.500316628715723
60	65	-0.022637212180428086
60	66	1.4194193713644296
60	67	-2.7780727096091358
60	68	0.7620687117525585
60	69	-1.0766701406310828
61	61	NaN
61	62	-0.5881685135742636
61	63	0.43259099634095044
61	64	1.3857620781739153
61	65	0.15086706851186063
61	66	1.4895650986725704
61	67	0.40341104459626337
61	68	-1.7648336089499346
61	69	1.752649845012183
62	62	NaN
62	63	1.2279947937542248
62	64	-2.026213073443077
62	65	3.09573816487201
62	66	-3.187214333712579
62	67	6.2551370467794065
62	68	1.5894678599967458
62	69	2.4803285905160384
63	63	NaN
63	64	2.4567999741501265
63	65	0.8627601930389343
63	66	-0.1360731349715498
63	67	-1.7140644674984258
63	68	1.6762083852099747
63	69	-1.4483890519554337
64	64	NaN
64	65	4.108990749634907
64	66	1.4421615848397156
64	67	0.9733551404099738
64	68	1.8301173870156322
64	69	1.306869254883218
65	65	NaN
65	66	-2.8251473788604575
65	67	-1.4156526896769044
65	68	2.7570811455967754
65	69	-2.1779315154798056
66	66	NaN
66	67	-0.14933620429126418
66	68	-1.1426200450182968
66	69	-2.3459083883398373
67	67	NaN
67	68	2.7217104900642504
67	69	-0.3459898522204082
68	68	NaN
68	69	-0.8029201503428381
69	69	NaN
