1	1	NaN
1	2	1.5702504673937896
1	3	0.6847937994799294
1	4	-0.34201883804151323
1	5	7.0671497617275705
1	6	-0.6365856079311758
1	7	7.847653449468796
1	8	-2.5867291254522122
1	9	-0.850640041910887
1	10	2.8897529988518835
1	11	-2.6518618288397175
1	12	-1.0067276036451716
1	13	-0.4199556667646378
1	14	-0.8990882017976648
1	15	0.9529006682625193
1	16	-1.6065031345243157
1	17	-0.24876286471785566
1	18	-0.03262042904552082
1	19	-2.742623185095956
1	20	1.3095395732147956
1	21	0.3812392997429841
1	22	-0.828826266355489
1	23	1.3548044083751443
1	24	0.7782535875754535
1	25	-0.17658671183458036
1	26	-2.5471554179084523
1	27	1.1730685814133823
1	28	1.2297256242123806
1	29	-2.3028563778944195
1	30	-4.125577387532749
1	31	-1.6458508480502545
1	32	1.21536914300214
1	33	-0.7498890305748563
1	34	-0.4351762986992601
1	35	0.26491279532726214
1	36	-0.47410473704807055
1	37	0.9725429202115246
1	38	-0.381113887225779
1	39	-2.69421445536202
1	40	0.9829154537146038
1	41	-1.0773640175588943
1	42	-1.738116130068159
1	43	-1.0964947596574082
1	44	-0.7359653596571972
1	45	-0.19917200769040766
1	46	-0.9697699725226808
1	47	2.3797893137889936
1	48	-0.4032095948159686
1	49	0.9226072463682289
1	50	0.6837770119810985
1	51	-2.234998927039084
1	52	2.1206231743212878
1	53	1.3446883968169523
1	54	-0.21352497472068543
1	55	-0.7390980394652834
1	56	1.430295582331566
1	57	1.371717992410369
1	58	3.532138581905308
1	59	-0.9706296768565763
1	60	-0.6442470145994899
1	61	-1.0625624080509348
1	62	0.5889655303031498
1	63	-1.683973306158387
1	64	0.4657451983578735
1	65	-0.7767240914838006
1	66	-0.781150526103359
1	67	-1.5624506085604888
1	68	0.8540705091545039
1	69	-2.2203124484527077
2	2	NaN
2	3	-1.4462729845036566
2	4	0.7922744259011695
2	5	-1.722102174268023
2	6	-0.14933253242261638
2	7	-0.269971681319842
2	8	-0.10158320628964446
2	9	1.7755088908395447
2	10	-0.7445965475341098
2	11	-1.5704497479745951
2	12	-0.970580509674146
2	13	-0.8053355914691591
2	14	0.2764524715336889
2	15	1.1086477497037344
2	16	-0.23563281425703156
2	17	-0.27565017527142816
2	18	-0.881936772338824
2	19	1.4147706053075084
2	20	0.02811791044408626
2	21	-1.6211253936258359
2	22	3.6459494687064646
2	23	-0.9467881211459963
2	24	-1.3106225195024606
2	25	-1.9941489399271428
2	26	-2.385642576831499
2	27	1.0141300251748746
2	28	0.051568495959116285
2	29	-1.2386613260026171
2	30	-2.453446688758376
2	31	-2.1893376267336646
2	32	-0.2156145480989882
2	33	3.493145162901094
2	34	-2.1772524000157687
2	35	0.10160626330200599
2	36	-2.1156411984493384
2	37	0.01379823021975079
2	38	-0.15651936277571224
2	39	-1.8514352277665642
2	40	-0.07616841295137694
2	41	0.5390344064119319
2	42	0.23486556986231108
2	43	-2.7356611619683235
2	44	-0.4543891669086499
2	45	-1.5055290115836695
2	46	-1.4518259805312779
2	47	0.6570238300957989
2	48	-0.0932293216908189
2	49	-1.334093775105999
2	50	-0.2749185321243953
2	51	-0.8436566766294523
2	52	-0.48094537082950256
2	53	-0.6013435475679308
2	54	-0.4846129878275501
2	55	-0.2941920494373701
2	56	-0.6281185845724465
2	57	1.1905268329883234
2	58	8.008456030344922
2	59	-1.6571830142313213
2	60	1.7776254740506088
2	61	9.441227560889773
2	62	-1.7312556451940118
2	63	0.38286040996848353
2	64	0.6933660336216996
2	65	0.9109672419735038
2	66	0.3739492233316916
2	67	-0.12154034969805463
2	68	1.3992762343593954
2	69	1.0480418332982047
3	3	NaN
3	4	1.3258581220026329
3	5	3.3188681915653984
3	6	-1.3889042418156137
3	7	-3.801910544414748
3	8	-2.8860395108511456
3	9	4.635567769986434
3	10	-0.080900309854608
3	11	-1.5864106375577534
3	12	0.7975691490674147
3	13	3.4292853307012714
3	14	3.365414911002203
3	15	-0.32212243311713473
3	16	-2.179388161177939
3	17	0.023773972947074905
3	18	3.2602492414610516
3	19	-2.8830382470815463
3	20	-3.2982733550019887
3	21	-0.7544657732148632
3	22	-0.2833578890919378
3	23	0.7540667594139829
3	24	-4.57382700578829
3	25	0.8472829936982647
3	26	-0.40391805067418723
3	27	-0.5036907555438891
3	28	1.7446944200229741
3	29	1.2516447725592346
3	30	-0.569516090711002
3	31	1.0876291152249076
3	32	-0.4222176762698753
3	33	-3.41210089299157
3	34	1.3388031838544567
3	35	1.7269860146438347
3	36	-3.427499921088285
3	37	-3.4215306786490043
3	38	1.6957159341980306
3	39	-0.25237746539314443
3	40	-2.574759330908155
3	41	0.3291643233420632
3	42	-1.480151469870454
3	43	-0.13612415948778248
3	44	-1.6732969183116346
3	45	-1.327584006113936
3	46	3.533708942071828
3	47	-1.8355939851868792
3	48	0.37261491822679005
3	49	-1.6199574595015267
3	50	2.1464262855697815
3	51	2.180273632747542
3	52	-0.26717285552413095
3	53	-4.31770316643824
3	54	0.15972677737952473
3	55	-0.8819849552587513
3	56	-0.8890678611554317
3	57	0.310839398663184
3	58	6.329018184889592
3	59	1.0622023033158416
3	60	0.7194311090538269
3	61	4.0937331068357885
3	62	1.1918863135465545
3	63	-2.97370246423372
3	64	1.2598714113343035
3	65	2.3067847350921986
3	66	2.8567409756792026
3	67	2.2394728280003817
3	68	4.606912806693518
3	69	-1.5053285171803175
4	4	NaN
4	5	-1.2913001650136715
4	6	0.347053812422843
4	7	-1.185653717011905
4	8	-1.8215544953069107
4	9	-0.9577753532429178
4	10	0.8368874299825677
4	11	3.089978414477375
4	12	-0.05973179983078577
4	13	-0.6315868971044802
4	14	0.846081950610029
4	15	2.887805079629869
4	16	0.14930809489719424
4	17	-2.5766572891918353
4	18	-0.7842650710289485
4	19	1.0386194043208334
4	20	-1.414501908168175
4	21	-2.2892537063402525
4	22	2.517853288573078
4	23	0.8707810053097692
4	24	-1.5919145098141212
4	25	0.28019966839389404
4	26	-2.568736474406351
4	27	-0.8699184747347727
4	28	-0.9749467685036121
4	29	-1.2566002015696343
4	30	-4.633765439734131
4	31	-1.1364812671394267
4	32	-1.1452708655398052
4	33	12.497813223434148
4	34	-2.8021835522821066
4	35	-0.5967405656803572
4	36	-0.9749711513189757
4	37	-0.3521516893482696
4	38	-2.3469350643891844
4	39	-0.8251167543945314
4	40	-0.8082090967567889
4	41	-1.4965243695160926
4	42	0.7171791263591846
4	43	-0.6266302546855204
4	44	-0.9874645423633774
4	45	0.48087091267221105
4	46	-1.3569590391339454
4	47	-0.6407242107296134
4	48	-0.4843218249699781
4	49	-1.5428427353112386
4	50	3.8777349876680027
4	51	1.2214057208621845
4	52	-0.5141811837098449
4	53	-0.3138299069634648
4	54	-1.115809323711019
4	55	0.1764506857328794
4	56	-0.5158581862659029
4	57	10.52173938553074
4	58	1.0803127575115195
4	59	4.203589442450204
4	60	-0.005343786987960183
4	61	-1.3181525597480075
4	62	-2.1843600565327033
4	63	-1.594934566291619
4	64	-0.8309720972683184
4	65	1.0320570757757985
4	66	-1.634058636644239
4	67	-1.4752381262999437
4	68	-0.43688559682997236
4	69	0.8921248494636849
5	5	NaN
5	6	1.561551541583152
5	7	-3.6759212037779645
5	8	-2.226668735612545
5	9	-5.244412761332805
5	10	-3.694098205941721
5	11	-2.415793806506678
5	12	1.320988959722292
5	13	1.074117290404808
5	14	-1.826036742582162
5	15	1.1954151928109455
5	16	-1.7002889623884407
5	17	-3.6327824941110705
5	18	5.269231598974461
5	19	-2.8076839121418846
5	20	-3.4261997872302934
5	21	-0.0992995019072233
5	22	-0.43789150824366596
5	23	-1.5035094074040847
5	24	-4.685893837641069
5	25	-4.0805376910789875
5	26	-3.2368415986150967
5	27	-3.623831755817651
5	28	-0.26529652543485055
5	29	1.7368726442813864
5	30	-2.3171904029810757
5	31	-3.458941609046694
5	32	-1.7667470063352217
5	33	2.061780333343772
5	34	35.22998512549105
5	35	-2.577252490759804
5	36	53.45346309774189
5	37	-1.8402809666956206
5	38	-0.9265058265402557
5	39	-0.14710206571599116
5	40	-3.576846264538909
5	41	2.1099960963520186
5	42	-2.772651925428074
5	43	0.5581821248016123
5	44	0.9669423458899744
5	45	2.949242901255331
5	46	-0.41031815022893015
5	47	-2.044084979021127
5	48	-1.8499369945383415
5	49	-2.954742616060806
5	50	-0.2965843592812651
5	51	-2.8919546810765673
5	52	-2.5716861523690286
5	53	-1.509971918332843
5	54	-1.296182365895771
5	55	-3.245302301069507
5	56	-3.0888588446502854
5	57	-1.3770428863319224
5	58	-0.8939732367567698
5	59	-2.3336590524398044
5	60	1.2041234973423662
5	61	-2.7855841978879186
5	62	-6.36999445998006
5	63	0.547377517944394
5	64	-4.972704599861622
5	65	1.7967476131625248
5	66	2.0837465066781884
5	67	-1.6038231867174024
5	68	-0.8593949074089573
5	69	-2.6345056363867325
6	6	NaN
6	7	0.2508066399233228
6	8	1.9487490306505408
6	9	2.8723332413584486
6	10	0.5257452845727933
6	11	-0.8815568116708483
6	12	-0.8925222192218732
6	13	-0.13452168650029164
6	14	-0.24592725781450864
6	15	-0.1333465785936821
6	16	1.514566415581603
6	17	1.367798424015802
6	18	-1.0305770389097477
6	19	-1.7345223664829597
6	20	3.279649999679906
6	21	-1.9915267670443437
6	22	-2.5531228559823345
6	23	-0.07730108476060063
6	24	1.983552761094769
6	25	-3.461330370510612
6	26	-2.2901318718552606
6	27	1.4597309883857414
6	28	-0.035701124944137436
6	29	-1.805981358118754
6	30	-2.4249486233092985
6	31	-2.347127647017059
6	32	-1.39136856151785
6	33	1.7069191164298372
6	34	-0.3710777501785666
6	35	2.8842127926207364
6	36	-1.0688368112723834
6	37	2.5985811821227136
6	38	1.0106404252951604
6	39	-2.648056356447731
6	40	3.926871378191878
6	41	-2.6600477234751803
6	42	1.7115729720434074
6	43	-2.6420396143013916
6	44	0.7385321774870063
6	45	-1.9499111599922987
6	46	-1.9764368477337588
6	47	2.9211347184813694
6	48	-1.195654005024158
6	49	0.759540053697753
6	50	-1.337681579691148
6	51	0.8499728980262701
6	52	3.2273007395251825
6	53	0.36470172971685205
6	54	-0.515853933716707
6	55	3.1854326737018974
6	56	1.9955448688869803
6	57	3.799365669236098
6	58	-3.021382980054772
6	59	1.0464160774823943
6	60	-4.012569783599513
6	61	-0.6404185248184604
6	62	-2.4001775666760143
6	63	1.4926239685636986
6	64	-2.19316227920348
6	65	0.7146315977173392
6	66	-0.15538548011068146
6	67	-1.0659932290232934
6	68	-0.863084167884351
6	69	0.4737288652293047
7	7	NaN
7	8	-0.14286205434640142
7	9	-0.09278215676351283
7	10	-2.492863728816499
7	11	-2.1307427489580535
7	12	-1.0761837088588546
7	13	-0.7666304404485846
7	14	-0.6257153127725474
7	15	-2.899507977021515
7	16	0.09983063379995669
7	17	-1.768884260369022
7	18	-0.3404372962838541
7	19	-1.878838010942983
7	20	-1.8591482587696255
7	21	0.9451677301629847
7	22	-1.4668586627264133
7	23	-1.9775872456801435
7	24	1.7546119748164384
7	25	4.541582417845827
7	26	-3.0751744725300454
7	27	-3.178148276992914
7	28	-0.47445940231715317
7	29	1.3230292250030293
7	30	-3.7003478867518944
7	31	2.2849054105413713
7	32	-0.6665406638202648
7	33	-0.6731636892112101
7	34	1.061170167217049
7	35	-1.131249131648442
7	36	51.11133708018531
7	37	-0.9389489067316098
7	38	-1.036995511890365
7	39	-1.2694736832173834
7	40	-3.620774254221858
7	41	0.7857571265994561
7	42	-1.770519485126729
7	43	0.8292632919954561
7	44	-0.4158974779831949
7	45	1.0895996322443633
7	46	-0.39417156089687083
7	47	-1.7711160648275308
7	48	-1.7457652991006731
7	49	-0.08592840631960834
7	50	0.8701860787763671
7	51	-0.19826281752889177
7	52	-3.749722830947238
7	53	-1.4563518432786957
7	54	-1.6482278410328246
7	55	-3.865038106154138
7	56	1.3928312267420822
7	57	-1.3480367765262378
7	58	-1.0272556615974135
7	59	-1.206595823062246
7	60	0.30228268649220114
7	61	2.293934008010782
7	62	-0.42299141546149116
7	63	-4.519094864712661
7	64	-2.3893372042782692
7	65	-4.211398480521233
7	66	-0.5261831751427176
7	67	-1.3206709295063448
7	68	2.3209796863098413
7	69	-1.347839772343555
8	8	NaN
8	9	0.7040913185274884
8	10	-0.5544825917138227
8	11	-0.9516690581403721
8	12	-0.5497544565657687
8	13	-1.854145964276467
8	14	-3.4990963990626596
8	15	1.325164145459959
8	16	0.6562585357250347
8	17	0.5035483982530229
8	18	-2.146762816460548
8	19	-2.368950658426525
8	20	0.677195986297732
8	21	1.0838706888555838
8	22	1.1748637908689217
8	23	-0.3886807477963773
8	24	2.383794623679521
8	25	-0.21848448037700188
8	26	-5.024512519489677
8	27	-1.5652074695189118
8	28	0.4576666162357798
8	29	0.9931405542445408
8	30	-2.1808842554980656
8	31	-0.798551084664496
8	32	-3.280372827507955
8	33	0.5120434230902317
8	34	-1.3543662049815162
8	35	-0.8238210640383347
8	36	-2.5036408124367204
8	37	25.8533716177972
8	38	-1.7618599311416911
8	39	1.5051042845216316
8	40	-0.29317769032143753
8	41	0.019389039486197298
8	42	-1.4003607261336082
8	43	1.8252603446361302
8	44	-0.9676326678144831
8	45	-0.5794250100586613
8	46	0.6292279210157753
8	47	0.45023732423454016
8	48	-2.3894151905173473
8	49	-0.6271938664336987
8	50	-1.5786411739349282
8	51	0.8350925370165501
8	52	-1.3164946588079613
8	53	20.486308086833827
8	54	0.970927764764636
8	55	0.2785196588818903
8	56	1.411406902095892
8	57	-0.7117462330287498
8	58	-1.967020706251422
8	59	-3.394487756656828
8	60	-0.25054449934445877
8	61	3.293514266769191
8	62	-2.2105119823011825
8	63	-1.6216520273071564
8	64	-1.164586457584022
8	65	-1.9843823785785726
8	66	-2.3549518514900427
8	67	-1.383783616224583
8	68	-2.486207094550988
8	69	-1.209524126656371
9	9	NaN
9	10	1.7182322757062007
9	11	-2.0410491109907016
9	12	0.8599837034681281
9	13	-1.3557056640196588
9	14	-3.7275928826535227
9	15	-1.9931395122316724
9	16	2.086167077110616
9	17	0.28405976136423655
9	18	-2.3353851878323324
9	19	-0.5801376489941367
9	20	3.48351855371947
9	21	-1.827263619408271
9	22	-0.3670829541049625
9	23	-0.6131830757627854
9	24	1.96095325506016
9	25	-0.9912322447748348
9	26	-2.888743109299245
9	27	3.0697699077038547
9	28	0.45044078671306803
9	29	-0.07003418794536462
9	30	-2.1165479748177396
9	31	-0.40948252662966445
9	32	-0.47483312888733853
9	33	2.6184710265531805
9	34	-0.6598277479758847
9	35	-0.4569882619822143
9	36	1.2858855333069092
9	37	1.4791781374572632
9	38	3.5288100815779218
9	39	0.6009623993749703
9	40	3.0723741686947865
9	41	-3.363278736036422
9	42	-2.754145986960315
9	43	-1.2266204622210017
9	44	1.4778210288325342
9	45	-3.737506343195679
9	46	3.5153597647016794
9	47	3.4261660897819923
9	48	-2.9170615427986224
9	49	0.21036578054856706
9	50	-2.3844358948106095
9	51	-0.17249084335482454
9	52	3.6479308105919306
9	53	3.635212854105172
9	54	-2.158320699436335
9	55	1.5551748249961213
9	56	2.869264303863874
9	57	0.2877049425844429
9	58	-2.5041380407950387
9	59	-1.6035960604197705
9	60	1.5001711106379791
9	61	1.2726997405525131
9	62	-3.298764790276004
9	63	1.1692296077192377
9	64	0.9406962852751771
9	65	-3.075031270010892
9	66	-0.1195208756010797
9	67	-0.8638701848400457
9	68	-4.052186338459138
9	69	0.5321715900873957
10	10	NaN
10	11	-0.9500263845709592
10	12	0.6764649845435635
10	13	-0.17587892783521203
10	14	-1.774217067883322
10	15	-0.9338187039531708
10	16	-1.427323847589006
10	17	28.930907052781638
10	18	-1.9222669883898862
10	19	-3.3043368462682268
10	20	1.0951607079366446
10	21	-1.5524243971059024
10	22	-3.180234314134713
10	23	-0.4115374418880091
10	24	1.0654788416159986
10	25	-3.458330564614282
10	26	0.0735706028550148
10	27	0.49274591133080947
10	28	-1.054529824158612
10	29	-3.102731788383114
10	30	-2.6248658726248366
10	31	-2.476835637382186
10	32	0.7257393224720261
10	33	3.263944768126932
10	34	-3.0087959001201487
10	35	0.5515188088791557
10	36	-3.4546804101359236
10	37	2.836987293993385
10	38	1.217280444909227
10	39	1.1648358360768076
10	40	1.2171195301863438
10	41	-1.869834310985645
10	42	-0.5730026551788572
10	43	0.9477971500794244
10	44	-0.3532926476685916
10	45	-0.6133339896548285
10	46	-2.908667828605061
10	47	0.9697288430324199
10	48	0.23165814262758358
10	49	2.3887743062750872
10	50	-1.4494122876052573
10	51	-0.3128965867211356
10	52	1.5486760963230957
10	53	0.6558943741081067
10	54	-1.4968979700743323
10	55	0.135324363188349
10	56	2.607680833852324
10	57	-1.9412467024458282
10	58	-1.0821138661965093
10	59	3.6203152958599314
10	60	-0.2830664010222978
10	61	-0.17795627971328798
10	62	-2.322879334216632
10	63	1.3238602491065097
10	64	-0.7243161735947714
10	65	-3.8662075717036424
10	66	-0.9041482239808614
10	67	-4.231730219174207
10	68	-1.5927627776469717
10	69	1.6700202472432757
11	11	NaN
11	12	0.7733218001872413
11	13	0.5953957729391114
11	14	-1.301366673951854
11	15	3.884056259337421
11	16	0.9377194797705533
11	17	-0.05211402210592442
11	18	2.229238262205053
11	19	-3.0365397509867935
11	20	-1.9474291180066203
11	21	-0.4529904978427464
11	22	0.9014163361776052
11	23	2.9674050863227794
11	24	0.954825542455438
11	25	0.8177634273648214
11	26	-2.903425689443487
11	27	-0.41761866137715936
11	28	0.9636804308794283
11	29	0.695513695363493
11	30	0.6326910404188403
11	31	5.1218965235058
11	32	0.5753578640920758
11	33	0.10816716757108961
11	34	-1.5483429342074064
11	35	-0.5782266392491339
11	36	-2.759712281281982
11	37	-0.15076287444174621
11	38	0.27794721853012594
11	39	-0.27137551079242367
11	40	7.047934302314306
11	41	-2.8216768534735017
11	42	-0.4092009979643418
11	43	-4.428297029450536
11	44	0.6884847528102473
11	45	0.8504485962884045
11	46	0.054860493589972845
11	47	1.082265371602077
11	48	-1.2384660239760146
11	49	-0.15621652056924848
11	50	1.3639912183925496
11	51	2.602486232336047
11	52	1.9575729658441148
11	53	-1.8362113453130475
11	54	-1.637277920752663
11	55	-0.8855955046720753
11	56	-2.332183211230745
11	57	0.7456267321492088
11	58	-0.9678786608972042
11	59	1.016281282243975
11	60	-1.871013812007992
11	61	0.1077094598321845
11	62	0.13521146261359895
11	63	1.530620436945234
11	64	1.6230442664411233
11	65	-0.04216808023971311
11	66	-0.0780364651911064
11	67	1.1246486714970831
11	68	1.0957418615978178
11	69	-2.09964546314108
12	12	NaN
12	13	0.8218197043288279
12	14	3.7887022590606176
12	15	0.2857246543417477
12	16	0.7595967744660685
12	17	-0.308335923418905
12	18	7.68230800600039
12	19	-1.3486325498719414
12	20	-2.104568321520628
12	21	0.8169040836712229
12	22	1.247539028282207
12	23	-0.952099298017396
12	24	-3.177979000721843
12	25	4.6405357199098045
12	26	-2.500423850499987
12	27	-0.996722828086929
12	28	0.038925606827693277
12	29	-0.13481669182160183
12	30	-2.156916647116903
12	31	1.5990923973079596
12	32	-0.3697940519808935
12	33	-1.0088363958924447
12	34	0.31377067625138994
12	35	-3.4707950815624815
12	36	-4.522782274185323
12	37	-2.823918040294803
12	38	-2.614160828050207
12	39	22.696804179976716
12	40	0.6167178105119598
12	41	0.488839413853348
12	42	1.8134508352623597
12	43	2.7376706972494183
12	44	-1.7068639372641832
12	45	-1.9645745832049823
12	46	0.21521770809362362
12	47	-3.074387822892389
12	48	-0.18351420848604683
12	49	-0.029227833562025837
12	50	2.6744886000809083
12	51	-1.1404407068682778
12	52	-2.558278899550077
12	53	-3.3545336978933427
12	54	-1.42048141455799
12	55	-3.0005553936916685
12	56	-2.3190799009039376
12	57	0.2698334637489957
12	58	2.158168402539807
12	59	4.816455321127764
12	60	1.3392937294463967
12	61	-1.1506644284872625
12	62	-1.8563990617992323
12	63	-0.8998022774194673
12	64	-2.7479856834965295
12	65	-1.0263292413408658
12	66	-0.10207899598830995
12	67	0.9603833180191557
12	68	3.1099668986053928
12	69	-4.350967345649931
13	13	NaN
13	14	-0.3789526755708274
13	15	1.8296010931554603
13	16	0.7192310271999126
13	17	-0.04524895952794477
13	18	-1.8031900127010752
13	19	1.5880759429297724
13	20	0.3640469950765613
13	21	-3.8715472885568754
13	22	-0.7241972910395487
13	23	-0.7675248386523505
13	24	0.6193493367224386
13	25	-1.1220462764498642
13	26	-1.7730287374818579
13	27	-1.0435183945265758
13	28	0.7420472918011913
13	29	5.463565073865799
13	30	-2.694919558777457
13	31	1.9695177755898992
13	32	0.9194065123154069
13	33	-0.3463342263679456
13	34	-2.03758858100398
13	35	-1.4935346564405727
13	36	0.48588398500507773
13	37	1.30784377441995
13	38	-0.14459900775961837
13	39	-1.5627782053228563
13	40	-1.6589761632291689
13	41	4.5380614916519635
13	42	2.366309208610634
13	43	0.0449341701424072
13	44	-1.6180037794216797
13	45	-1.2822938435737905
13	46	0.9024969493493539
13	47	-0.5979592968477211
13	48	2.7347725059250676
13	49	-2.952846978217129
13	50	2.0083216655895173
13	51	2.077179253592769
13	52	4.048697749621199
13	53	0.025892161805875023
13	54	-2.1623908631454505
13	55	0.12196881197795321
13	56	-1.5576176442076695
13	57	1.0685322808222382
13	58	0.34616495410276715
13	59	-2.3916428663920435
13	60	1.7954870681539408
13	61	-0.9033308636711957
13	62	4.701482088719342
13	63	0.21539384455488006
13	64	-0.9855833321057821
13	65	-2.7832631175889726
13	66	0.8195208398878757
13	67	-0.7239499062318657
13	68	-1.3961667517471095
13	69	-0.49317197650384215
14	14	NaN
14	15	4.067169307401033
14	16	0.489591004456928
14	17	-1.3391433376398445
14	18	1.4081291206143487
14	19	0.25877931551085526
14	20	1.2143036965105682
14	21	1.9336485746535956
14	22	1.8808869066442766
14	23	-0.2579948492414618
14	24	-2.195796028183004
14	25	-0.779969878642389
14	26	-0.24727483426077718
14	27	-1.977127617855742
14	28	0.4381309623515816
14	29	0.22602877075507222
14	30	0.7143243023364859
14	31	0.38863688942296437
14	32	-0.6345418635606788
14	33	0.47867451286116947
14	34	-2.9057756425749504
14	35	-0.31311241470204787
14	36	-0.2533206034379323
14	37	-1.2811183407677904
14	38	-0.6934779592154259
14	39	-0.7942287101307002
14	40	0.292674162906145
14	41	-0.359362806604063
14	42	-0.06483574835639266
14	43	0.6654191366932699
14	44	0.9042896814451711
14	45	-0.1721624441688822
14	46	3.621038886195415
14	47	-0.7644254031975439
14	48	-1.82142630899382
14	49	-2.239477364484091
14	50	0.8913290014769695
14	51	-3.8664522099006553
14	52	2.3939887570653426
14	53	9.423568819154172
14	54	0.4261902530644296
14	55	-0.5500394630554037
14	56	0.330683560564812
14	57	-1.3303521624609755
14	58	-1.2163435900816364
14	59	-0.7233821853495231
14	60	0.5363585031052355
14	61	-0.8549723046204764
14	62	-1.9122190071656655
14	63	1.3867985872789852
14	64	-0.7679662171349657
14	65	-0.42837896802663533
14	66	-0.16428367997480314
14	67	1.109414267877741
14	68	1.0396454582306853
14	69	-2.0759234290842854
15	15	NaN
15	16	6.033835609878194
15	17	-0.027476822091424342
15	18	3.1894661101200104
15	19	0.033708990833830194
15	20	-0.7984633405535568
15	21	-1.5220659900197178
15	22	-3.1665797860353604
15	23	-0.015422291931632406
15	24	-4.117291718915487
15	25	4.511917936517908
15	26	-5.644586552297845
15	27	-0.4960450271194936
15	28	-0.17363465615587545
15	29	1.4833252918537416
15	30	-0.9416002623803343
15	31	-0.5988174667330023
15	32	2.9940505336333323
15	33	-2.6647201964790606
15	34	0.3880746698841086
15	35	-2.624486006979229
15	36	0.40456815120186906
15	37	-2.695866127915809
15	38	0.9709459470715488
15	39	4.400255407975107
15	40	-2.0971565579970237
15	41	1.9938636825622487
15	42	-0.13991247940325297
15	43	-0.31967023437489517
15	44	0.3986422228436611
15	45	0.04869057899396787
15	46	-3.390563078219545
15	47	-1.2751143488798844
15	48	0.4196633235062209
15	49	0.5187715396824901
15	50	-0.47475574752461824
15	51	0.579501859145487
15	52	-0.6717224793451382
15	53	-0.5228766629192012
15	54	2.6555198636018282
15	55	-4.304985770563991
15	56	-0.5654350794169462
15	57	-0.9908582464851733
15	58	0.21252556243903742
15	59	-0.6234410653208736
15	60	2.0685377026932152
15	61	1.1890594274421735
15	62	-0.11815859299745494
15	63	1.4307610859243731
15	64	-0.7339090769763975
15	65	1.0018937648915782
15	66	1.7418889960904471
15	67	-2.354236768061503
15	68	0.47330543266148145
15	69	-1.3144131384750495
16	16	NaN
16	17	0.8614062372858865
16	18	-3.1068052337090557
16	19	1.33237168912249
16	20	-0.22986209058614215
16	21	-0.7469402643205695
16	22	1.1706718365895936
16	23	-0.0864104471301195
16	24	-2.0174527865554204
16	25	1.0217880130079688
16	26	-3.1297887596316665
16	27	0.30610783364134825
16	28	1.808649400153756
16	29	0.2493057008060523
16	30	-0.19935273605115292
16	31	2.388301007164885
16	32	-0.3326245759927603
16	33	0.398338175479508
16	34	-1.3374608644785408
16	35	0.6760202466066729
16	36	-5.818252450169528
16	37	-0.6943712082421664
16	38	2.242567112482683
16	39	-0.724171877690003
16	40	0.3071297140646032
16	41	-2.803857949151409
16	42	1.9038702195842494
16	43	4.93941294886477
16	44	-1.1864378899157182
16	45	0.44834577276117016
16	46	-1.0293698814163215
16	47	-1.6522263236177377
16	48	-0.38691869378812277
16	49	-3.277561433992673
16	50	-1.0960555155804517
16	51	-2.7769135727496606
16	52	-2.356219735957333
16	53	6.269030147951181
16	54	-1.992549594196066
16	55	0.9306541526133909
16	56	-2.5784556862275583
16	57	1.2767446145006773
16	58	2.74592108821468
16	59	-3.1366851476312863
16	60	0.6056499919424344
16	61	-0.7576524631327407
16	62	1.9191555270284897
16	63	-0.7907292174285931
16	64	0.835137016363629
16	65	3.487752189650152
16	66	2.0342849990329857
16	67	1.034037089337638
16	68	-2.0740639528262963
16	69	2.8751675512460078
17	17	NaN
17	18	-0.6077611027262708
17	19	-1.0471416090452461
17	20	3.23131271142544
17	21	-2.2074494251168795
17	22	-1.1003952677003526
17	23	-1.111757553475261
17	24	0.7034084410252571
17	25	1.6364956771928423
17	26	-6.055977157448352
17	27	-0.6477015956289671
17	28	-1.1278436737754434
17	29	-2.369307477777689
17	30	-1.7309462190320366
17	31	-1.369152544198218
17	32	-1.9593180355567008
17	33	2.6972137098935423
17	34	-1.6923468197502058
17	35	0.8618578116777869
17	36	-4.216442332569343
17	37	0.4236677172585376
17	38	-0.14096280834997293
17	39	-2.288076049079111
17	40	-1.0578212537914806
17	41	1.5715460549130846
17	42	-2.851055831156575
17	43	-0.9470741758152794
17	44	0.08298582397973166
17	45	-1.0806202201706676
17	46	-1.0364131197802864
17	47	3.9790269001873364
17	48	-2.9930929854777366
17	49	1.789026909641368
17	50	-1.7066578151116683
17	51	-1.953068078485607
17	52	3.454505683798675
17	53	4.9663745368513945
17	54	-1.241744957285365
17	55	1.8981885648777879
17	56	3.1645713674520195
17	57	-1.3224091142080043
17	58	-3.55090823385406
17	59	0.8979362038500219
17	60	-0.9995479820836262
17	61	-1.5055553966181932
17	62	-1.3756997479478335
17	63	1.9084558378836818
17	64	-0.10575969185465116
17	65	-2.681257552646791
17	66	-2.3416003532648144
17	67	0.328772825176408
17	68	0.45597952060021285
17	69	-0.3218698331471507
18	18	NaN
18	19	1.853562866338404
18	20	-0.8391250848941061
18	21	-0.9498074143911623
18	22	-3.270954652956402
18	23	-0.31005073458734184
18	24	-1.8566394171599583
18	25	2.4315290446169233
18	26	0.48452665742997286
18	27	0.9622360647910531
18	28	-1.8343459168413196
18	29	0.29783394196708146
18	30	-1.7446396336476029
18	31	0.5452790932161334
18	32	0.9891206793509109
18	33	-2.186877238614538
18	34	2.256763123348042
18	35	1.7811541278328604
18	36	-1.4752479300322228
18	37	-2.3462231790978048
18	38	-0.6684370063512161
18	39	2.3576735137416027
18	40	-1.5309485972684296
18	41	1.3530761314700281
18	42	-0.5758036486490316
18	43	0.4763238254609968
18	44	-2.240892626512911
18	45	-0.28181602560680197
18	46	-0.5015582524473793
18	47	-1.7612362353534212
18	48	3.918102407911781
18	49	-0.5478465232434392
18	50	3.0409908875858185
18	51	1.2256064809108769
18	52	-1.5184847808800381
18	53	1.4721595285369782
18	54	2.8311316916982676
18	55	-1.3883932683471016
18	56	-1.2865193856106611
18	57	-0.1863449887296515
18	58	-0.934213890618152
18	59	-0.625010183772002
18	60	1.1500949773494624
18	61	-1.2512445740058704
18	62	-1.6436179687065944
18	63	1.421758210935949
18	64	-0.4490794636059554
18	65	-0.22877971064113872
18	66	-0.7583449091139766
18	67	-1.2727231467990867
18	68	5.6712498814073635
18	69	-1.7309113481872083
19	19	NaN
19	20	-0.5269236828525097
19	21	6.928334574299699
19	22	2.5378864614607646
19	23	0.7176162164345364
19	24	1.8191921444602315
19	25	1.5232693603482284
19	26	3.3224455986334904
19	27	-3.3501271800960457
19	28	0.25662922789292425
19	29	1.528151174420376
19	30	0.6007296090031801
19	31	4.1796810993282625
19	32	-1.752865094909575
19	33	-3.5918089642037034
19	34	-0.9450359692856688
19	35	1.8700109372962823
19	36	-1.2793412709529712
19	37	0.2789552870055542
19	38	-0.6265388340178168
19	39	-1.7652932542968611
19	40	-1.561191396431422
19	41	-3.8749775375114597
19	42	5.1682667804350455
19	43	-1.1418796700882001
19	44	-1.7213924352121552
19	45	-1.0193644768545393
19	46	-5.4682447975346955
19	47	-0.629847392210395
19	48	0.35520273683756787
19	49	-1.703477327104871
19	50	-0.34037746568351873
19	51	0.6731097386163852
19	52	-0.7757822884566713
19	53	-5.129525584470486
19	54	-3.045806868562952
19	55	0.9609199746170289
19	56	-0.652996283387773
19	57	-1.7732703179873888
19	58	2.368073533290694
19	59	-0.6419375172497513
19	60	-3.1661495321274824
19	61	-0.824787120811167
19	62	-2.7525818489714746
19	63	0.8033295740558675
19	64	-0.6407555288708292
19	65	-3.5174989536003256
19	66	-2.276008832443278
19	67	-1.6075917622548237
19	68	-1.6710347594784027
19	69	44.59179831373044
20	20	NaN
20	21	-2.7905545004027834
20	22	-1.3912033036835554
20	23	0.050210183682142806
20	24	3.9699302794340268
20	25	0.6449546469183935
20	26	-5.038620013297899
20	27	2.187270016956695
20	28	-0.9801325984878917
20	29	-0.5242783993701596
20	30	-2.1964370503958017
20	31	1.3908661584267785
20	32	-3.015776345477611
20	33	0.09975848575859747
20	34	-4.0307718846802585
20	35	1.800512978174043
20	36	-1.1322584741026807
20	37	0.8109269370478192
20	38	1.3702794693559686
20	39	-0.9187368854129689
20	40	2.781263698099897
20	41	0.026199505825318815
20	42	-2.0769180514085015
20	43	-3.9448948398279264
20	44	0.9079310432744845
20	45	-2.3310994292398375
20	46	-2.656180462533503
20	47	3.0727416609250264
20	48	-2.3160589693449385
20	49	1.4312895703470885
20	50	-1.3966043449351762
20	51	-1.2011449666444853
20	52	3.3869166252364917
20	53	2.019149346168809
20	54	1.876012018556742
20	55	3.0312043602556384
20	56	6.49856567121887
20	57	-0.03155021611834164
20	58	-1.990763635096453
20	59	2.234769891867598
20	60	-0.4881080087077534
20	61	0.31413483116404944
20	62	-0.2278621579968322
20	63	-0.29114007226911326
20	64	-0.8109412501395138
20	65	-2.0877340743065433
20	66	0.8113126401632385
20	67	-0.019238028252462215
20	68	-2.6663359343719835
20	69	3.251389347364528
21	21	NaN
21	22	4.719590697805167
21	23	2.084908179100664
21	24	-1.8198460967479917
21	25	4.430030746095077
21	26	-4.732700299179942
21	27	-1.3166564442123205
21	28	-0.48185027709207995
21	29	-1.2332146692342767
21	30	-4.034990973770713
21	31	1.6013982615061366
21	32	-0.5622605605048844
21	33	-0.04646544293877048
21	34	1.4832756291337634
21	35	-2.476278584049335
21	36	-4.137372623597328
21	37	1.028808899081364
21	38	2.0381600407527025
21	39	1.1460249861447322
21	40	0.04718866720188314
21	41	0.8771857168492995
21	42	-0.8723831939238781
21	43	3.4820467420305605
21	44	4.259545827294638
21	45	0.7788520682935404
21	46	-1.0857415935153927
21	47	-1.2465129632153729
21	48	0.7837771958190402
21	49	-0.6853632236171614
21	50	-1.432265598146657
21	51	1.3739750442692507
21	52	-1.257337202104551
21	53	-2.4736418324075835
21	54	-2.2628606960671895
21	55	-0.7922414976652096
21	56	-2.5370477215754166
21	57	0.13658066315636455
21	58	2.0287414046461727
21	59	3.9447887505030255
21	60	0.28361197040850367
21	61	3.493216402645499
21	62	2.5944820943361973
21	63	-1.438653669775231
21	64	0.28621526344857523
21	65	2.3509761862798646
21	66	0.8494038630307335
21	67	2.660762656697419
21	68	1.4199246334760955
21	69	-0.9131619587322847
22	22	NaN
22	23	2.5893374552631507
22	24	-1.6594607798890775
22	25	1.8715529610860273
22	26	0.44607784877641016
22	27	0.1833854767386829
22	28	1.4358447166069874
22	29	0.21462145349371795
22	30	1.3294953171200028
22	31	0.9968940285698773
22	32	2.0775351684873025
22	33	-1.8658949623518948
22	34	-0.2031933771062509
22	35	-0.6089240210114419
22	36	-0.9277627943730724
22	37	-2.031137073242545
22	38	0.42635289885813454
22	39	2.1311014805177635
22	40	-1.412018030704299
22	41	-0.939773981581909
22	42	-0.13245627666250823
22	43	1.2759451884290014
22	44	1.6140859914718428
22	45	-0.5201158815591325
22	46	1.8598370207300146
22	47	-0.8355265071970235
22	48	1.588115807378448
22	49	-1.576299038371323
22	50	2.260212945661211
22	51	1.2513701272225521
22	52	0.6153348146973867
22	53	-1.071790089772738
22	54	-1.5874701477805564
22	55	0.9935780115936901
22	56	-2.904110700351221
22	57	0.5833499873554319
22	58	-2.1959412233787967
22	59	-0.4190399395673393
22	60	0.1652765582442669
22	61	-1.9137536777285453
22	62	-2.303478665206403
22	63	-2.5576855532577882
22	64	0.11564770311914542
22	65	2.96688560035187
22	66	2.686688806191827
22	67	0.4757861381844042
22	68	-1.428756216111325
22	69	-1.3792104145109398
23	23	NaN
23	24	-2.176892317827068
23	25	1.4076052386840145
23	26	-1.4025224238282266
23	27	1.4032662378901586
23	28	0.23046094792175706
23	29	-0.14652063746449695
23	30	0.9194313955039289
23	31	2.1955279440221234
23	32	-0.2845045978761176
23	33	-0.31206672641128114
23	34	-1.1036642506942316
23	35	-0.7786603204069396
23	36	-3.386951706525714
23	37	-0.333832915378758
23	38	0.12843119207774062
23	39	1.501393454397506
23	40	-0.5175873871053305
23	41	-1.50819664999796
23	42	3.1214980689655114
23	43	-0.576154574738766
23	44	-1.8597247257239755
23	45	-1.7816728602422982
23	46	0.010736690734024017
23	47	-1.4143385545619607
23	48	1.083465374674552
23	49	-0.16716264228390357
23	50	1.1624093001721432
23	51	-0.6880097199381665
23	52	-2.3015623409324126
23	53	-1.6294184662884705
23	54	1.8431765463398193
23	55	1.7359076192157732
23	56	0.11439949098886174
23	57	0.881841259486992
23	58	-0.32691707873438897
23	59	0.28304946665336067
23	60	0.5920317239775463
23	61	-1.5719830756402975
23	62	-0.08781598458683013
23	63	-0.6897882069774129
23	64	0.5209210501258504
23	65	2.400639915329797
23	66	-1.3174820560876384
23	67	0.08516374766514247
23	68	1.0463628938780796
23	69	1.298308329359118
24	24	NaN
24	25	-0.8267958732794597
24	26	-4.146293378871439
24	27	3.5298789845339544
24	28	-1.873328500266542
24	29	0.7586877114741317
24	30	-5.05856504010967
24	31	-2.602782319597491
24	32	-1.1280756273903467
24	33	3.7191749659409523
24	34	-1.6251013409260315
24	35	2.9905548495073258
24	36	-3.834307659733531
24	37	2.564080558348894
24	38	-0.6626716073552446
24	39	-0.6891792389999216
24	40	1.3154117988350122
24	41	0.7627556218152475
24	42	-0.8818346408330618
24	43	-0.5565750736928455
24	44	0.6738188701376424
24	45	0.7632542487246959
24	46	-1.644287543870344
24	47	3.730022883098539
24	48	-0.60160175425828
24	49	2.4082468319085986
24	50	-2.2600670068993884
24	51	-1.835707754782009
24	52	4.316095389343503
24	53	3.0520598027735404
24	54	3.4262907809697474
24	55	2.7858734634142692
24	56	2.896065434750308
24	57	0.6910067848413881
24	58	-1.9374072713277242
24	59	3.312186389645606
24	60	-0.7441463984740685
24	61	-0.4902857766185156
24	62	0.6328222000519446
24	63	2.5540862757230074
24	64	-0.734899463961403
24	65	-1.212629187691026
24	66	-0.0693433910365892
24	67	-0.582158989670102
24	68	-1.2132740646786997
24	69	-0.8451508031545604
25	25	NaN
25	26	-0.9372668427076082
25	27	1.984579070225455
25	28	-2.2068267670686033
25	29	4.738020396173236
25	30	-4.331370900432663
25	31	4.5113630916978
25	32	2.6538862923855255
25	33	-0.8137303695627361
25	34	4.451775768409781
25	35	-2.509528785441535
25	36	-1.5317795817890598
25	37	-1.732520652635754
25	38	-1.318068251113335
25	39	1.6687375486912497
25	40	-2.676087677237194
25	41	-0.34134141880330665
25	42	2.289691295621488
25	43	1.9900657992595803
25	44	-0.313344599207061
25	45	0.6319847683249642
25	46	2.666314273870843
25	47	-0.12149294952448156
25	48	1.399913886347001
25	49	0.9496355445539908
25	50	1.061710237015153
25	51	-2.836872893678919
25	52	-2.142940290214456
25	53	-4.241453384250325
25	54	-0.2100461153494566
25	55	-2.1424263433122928
25	56	-2.078876040793848
25	57	-0.8713490501070885
25	58	-1.634247197366763
25	59	1.0603016840112718
25	60	1.3089932744182005
25	61	-0.315337838783617
25	62	3.487666548877993
25	63	0.6995940592198097
25	64	-1.263612364006105
25	65	-1.0801051093857066
25	66	-2.064805726434124
25	67	-2.09697213350653
25	68	-0.6002171335036759
25	69	-1.7291521707223576
26	26	NaN
26	27	-2.284354680462464
26	28	0.5788414409446282
26	29	-0.5711814624937975
26	30	179.24706069126572
26	31	-1.977799421070402
26	32	-0.051785271588779797
26	33	-4.232500813645117
26	34	-0.29351017730524515
26	35	-3.129784924786029
26	36	-2.8410561841758812
26	37	-4.228426475191278
26	38	-3.6096734203289462
26	39	1.9732029944206624
26	40	0.7813542359545494
26	41	-4.339231030525238
26	42	-4.0408675839244115
26	43	-1.5290954194834812
26	44	-3.216185427432972
26	45	1.911659258997095
26	46	-0.574524242880114
26	47	-3.4965092133124416
26	48	-0.33998653585294825
26	49	-1.6374678777923775
26	50	-0.1895948095009353
26	51	-4.142105276034171
26	52	-6.000997278163645
26	53	-3.458711763239543
26	54	-2.2075535599150227
26	55	-0.5795964682291155
26	56	-1.7466167540626485
26	57	-2.8765983886622863
26	58	-2.968655470219029
26	59	-4.443681615507719
26	60	-2.07303934971231
26	61	-2.3301713124590977
26	62	-3.6365520912513554
26	63	-0.8338638990819192
26	64	-0.028742127645057822
26	65	-0.5018416835487403
26	66	-4.023813840876232
26	67	-5.128885093001871
26	68	-1.3289506095454098
26	69	-1.4778483401231457
27	27	NaN
27	28	0.6294436359949616
27	29	2.148737424140397
27	30	-1.1068196863024522
27	31	4.114440717672898
27	32	-2.6968896000906297
27	33	-0.9644638554983362
27	34	-1.8889626233111758
27	35	3.9181647542256752
27	36	-1.0878334572217465
27	37	0.9570499917449303
27	38	0.8010863083565458
27	39	0.6716107631912576
27	40	2.1689557785385563
27	41	0.3885635607455027
27	42	0.13567134507790243
27	43	-0.6174466051627119
27	44	0.46289373589237576
27	45	0.580091378666639
27	46	-0.8488024979901425
27	47	2.800165386645718
27	48	-3.695501895696614
27	49	1.895797555338143
27	50	-4.388633209559006
27	51	-0.9987662617969396
27	52	0.8119796815345443
27	53	1.6358493374554413
27	54	1.997968556949511
27	55	2.022584441742605
27	56	1.3745412126650667
27	57	1.948927914384931
27	58	-0.8706842700652162
27	59	-0.06220966248003887
27	60	-2.139314119267875
27	61	-1.485585148324082
27	62	-2.2821099630494364
27	63	1.1927684112184136
27	64	-1.4780944946159977
27	65	-0.6932567213376954
27	66	0.2395776519674749
27	67	-1.8267827053922343
27	68	-1.8645358196688089
27	69	-1.4639929027990743
28	28	NaN
28	29	2.50669618231187
28	30	0.42002879033272955
28	31	0.46757013910101214
28	32	0.7929091919048401
28	33	-1.8309942380377782
28	34	-2.9618036395626524
28	35	3.2404937710380164
28	36	-1.3206726259356738
28	37	-2.211553986954541
28	38	-1.2199689091093018
28	39	2.6986885840521175
28	40	-0.7229621790418086
28	41	0.208893916970477
28	42	3.4328467406956245
28	43	-1.7533648699450726
28	44	1.7058493444525127
28	45	-0.4731234594948607
28	46	1.3951290971102919
28	47	0.46321725626041815
28	48	3.7218276446064977
28	49	-4.101252160295665
28	50	-0.2459555994146131
28	51	4.317242052927786
28	52	-3.963017666291636
28	53	0.03927643113005475
28	54	-1.0676752166934191
28	55	-1.2687869285643532
28	56	-3.220497172577912
28	57	1.1465560261529106
28	58	-1.5121017606412759
28	59	2.3787402109957516
28	60	1.4767089487291587
28	61	0.4736685181730638
28	62	-1.5268995399623773
28	63	-1.9575289484200418
28	64	1.5940392108339991
28	65	0.34180898291977924
28	66	1.2831516450548182
28	67	-0.7185873785504426
28	68	1.0445765125966495
28	69	-0.14855146480433085
29	29	NaN
29	30	-1.9697575191799315
29	31	1.849614362364533
29	32	2.233083240243711
29	33	-0.9903747840256562
29	34	1.266256682548663
29	35	-1.6686994573850449
29	36	-0.8679088507586061
29	37	-4.7201005155276645
29	38	1.6591277020284991
29	39	3.487365621416405
29	40	-1.5433477641033753
29	41	-0.0622419505054898
29	42	-2.1483061607800717
29	43	-1.7320691540027977
29	44	-1.831060815805789
29	45	5.878103605516276
29	46	0.8484913624164026
29	47	-2.2981262608911277
29	48	3.846677579623686
29	49	-1.5111844990655132
29	50	2.4734350595810826
29	51	-1.4857170256220333
29	52	-2.201485204455277
29	53	-2.4007267070895355
29	54	0.7918033421136083
29	55	-1.1336740184689642
29	56	-1.6884677365210226
29	57	-1.6251510729852805
29	58	-4.084511126416285
29	59	-1.3768279683811024
29	60	1.3252419281529346
29	61	0.4225652075580698
29	62	1.36596380716751
29	63	-4.403191856223255
29	64	2.260296241052124
29	65	1.448842429543631
29	66	4.436973022299661
29	67	2.1284054047310774
29	68	1.837282409870645
29	69	-2.0029645620623566
30	30	NaN
30	31	0.2509135114878214
30	32	-3.0130391814097726
30	33	-1.885251761606935
30	34	-5.264021116580255
30	35	-5.832494034240681
30	36	-3.2263552700191194
30	37	-3.4137244912438827
30	38	-0.39990223898555005
30	39	-1.618340669618675
30	40	-2.495666706528245
30	41	-2.7398255567550103
30	42	-0.5051685158806823
30	43	2.745428309351264
30	44	-3.3055198116842153
30	45	-3.8117600407992924
30	46	-3.1697844018122368
30	47	-3.131916241911668
30	48	-1.6749712723570058
30	49	-4.714013632967275
30	50	-0.5216527981006527
30	51	0.6546795603689409
30	52	-3.2797323116889006
30	53	-3.071297680793245
30	54	-5.9132750459699235
30	55	-0.11250349531269269
30	56	-4.08168933479589
30	57	-4.646511595082487
30	58	-5.3571871914808655
30	59	-2.784560893594805
30	60	-5.635164541787121
30	61	1.2064213636323018
30	62	-4.86358631498509
30	63	-0.05680538741218655
30	64	-1.0823628200087325
30	65	-0.7587492053918339
30	66	-1.894673229530814
30	67	-1.358599956196455
30	68	-1.0428623266414547
30	69	-2.943838744576065
31	31	NaN
31	32	3.3024127324133934
31	33	-1.0464624945882024
31	34	-0.16407607646664787
31	35	-1.7311026099247604
31	36	-1.2111661007595595
31	37	-3.034474742950969
31	38	-1.350931600195826
31	39	-3.9404210485467517
31	40	-2.943612244019033
31	41	1.032782999403501
31	42	1.991266428281399
31	43	-2.997684740752711
31	44	1.126706650243779
31	45	-1.3855032692295557
31	46	3.402146293044164
31	47	-2.109416955008556
31	48	-0.29100413420766746
31	49	-0.5205409764976394
31	50	-1.9328180505087407
31	51	-0.3979834210275563
31	52	-2.160420588726838
31	53	-2.416134263542019
31	54	0.887753278570809
31	55	0.43861616074526333
31	56	0.8929041084553513
31	57	-1.7948020135245226
31	58	1.1972082823419237
31	59	0.49901126419865394
31	60	1.2350688681171682
31	61	1.3578351286228163
31	62	0.3697049514627986
31	63	-2.574304772319061
31	64	-1.4086901942272034
31	65	3.261061704029759
31	66	1.6189391227753858
31	67	-1.4831778860629263
31	68	3.8522180340244208
31	69	0.7167443851491921
32	32	NaN
32	33	1.4466807164011501
32	34	3.1861808857139575
32	35	-0.5654391932115357
32	36	-0.7877025388579562
32	37	-0.6634228997234036
32	38	-1.1481933388192243
32	39	0.9393024882882199
32	40	-3.4824742772663124
32	41	3.5586608940748614
32	42	5.2098639652773
32	43	1.3545875775460725
32	44	0.0839057824881451
32	45	0.038601426535061184
32	46	3.005646527142024
32	47	-1.8416373600120708
32	48	-0.9121525839468617
32	49	-1.5823449719423572
32	50	2.034858305609642
32	51	1.2702575663249915
32	52	-0.795214375235785
32	53	-2.9074811407165906
32	54	0.5999097345147658
32	55	-0.593086140471016
32	56	-1.1385690803577495
32	57	-3.76651094933925
32	58	0.17863604631488408
32	59	1.919157720635059
32	60	0.4332708432915518
32	61	-1.9298026356545706
32	62	0.2355271753360603
32	63	1.1867162140792802
32	64	3.4473308650571726
32	65	4.27268273950483
32	66	3.1358858631862163
32	67	-2.251382465355239
32	68	-2.1442310896453867
32	69	-0.6233578489779036
33	33	NaN
33	34	-0.2860143110911215
33	35	3.9346762732561498
33	36	-2.9815727138084505
33	37	2.0735802743822256
33	38	0.17648566179038078
33	39	-2.327516378361159
33	40	2.045131653937126
33	41	-1.3839440314081992
33	42	-0.7200404296717199
33	43	-1.7331239875707962
33	44	-0.03912401497801604
33	45	-1.5702933659283778
33	46	-0.6318441500039417
33	47	2.2359352314462204
33	48	-0.11666261735393064
33	49	1.8238646726074192
33	50	0.09384802306034665
33	51	-2.8611014369171985
33	52	4.011603432405076
33	53	0.7877455254633595
33	54	-0.4483079367416
33	55	-0.4012895673029191
33	56	0.48380067932381643
33	57	-3.555372211950074
33	58	-1.8329623310430816
33	59	0.2719670154835214
33	60	-2.403069678367428
33	61	-1.817608163222308
33	62	0.22328107291574117
33	63	1.3608942278046803
33	64	0.30888971910141255
33	65	-2.3959926764675044
33	66	-1.553856530453646
33	67	-2.6109838190245735
33	68	1.788025805992265
33	69	-1.337884765754657
34	34	NaN
34	35	1.2425046529669004
34	36	4.565269228831897
34	37	-1.5741727903661327
34	38	-1.2033064867138523
34	39	-0.3326897656611785
34	40	-0.9528616461719644
34	41	1.2587489619667094
34	42	1.3616388682189722
34	43	0.6600183014481605
34	44	-0.18991458282856347
34	45	1.200373527991816
34	46	-0.719419577042201
34	47	-0.9969650548590493
34	48	2.0569256489393597
34	49	1.193021732285394
34	50	3.0956309643441347
34	51	2.6142233294055206
34	52	-0.6443468991061033
34	53	-1.8139672353066671
34	54	-3.413017058341993
34	55	-4.026617589809869
34	56	-0.8836104809779883
34	57	-0.5344324131767089
34	58	-0.3013437700410503
34	59	1.1122161085813234
34	60	-1.2166882993307466
34	61	-3.797289186318104
34	62	1.846390734791267
34	63	1.0161111180109852
34	64	-2.0261607111648514
34	65	1.6840975492837857
34	66	1.1178984125258171
34	67	-1.4079396785339149
34	68	0.8060431310665518
34	69	-2.6973519046074146
35	35	NaN
35	36	2.106468681375863
35	37	1.3146800852408043
35	38	0.8838487289256198
35	39	-1.4262324470070906
35	40	3.3477267331109566
35	41	-2.031275477394217
35	42	-0.20510331071771104
35	43	-1.7865391678027356
35	44	0.5601309510053111
35	45	-1.6933230153606302
35	46	-1.02795580415579
35	47	3.7057104785820063
35	48	1.6999310526651166
35	49	1.7807958587065786
35	50	-0.975605739688461
35	51	-1.9817461276809927
35	52	2.9297816283544504
35	53	0.19252039180974204
35	54	-1.6510713452509116
35	55	0.781043087436855
35	56	1.1664962015709097
35	57	1.8260711300468284
35	58	-1.3093624994163697
35	59	1.2924611347253
35	60	-1.5173679570064997
35	61	0.12697124182470962
35	62	-2.3266666657533306
35	63	1.4911927917952115
35	64	-2.8152536551199345
35	65	1.6147848112712384
35	66	-0.6962185189440144
35	67	-1.4579059323822083
35	68	-0.8714274125656376
35	69	-0.6361245057466116
36	36	NaN
36	37	-0.9438189285175675
36	38	-2.837092838684985
36	39	-2.52057924332287
36	40	-2.1007674383306623
36	41	2.947101859544396
36	42	-0.6133866142381988
36	43	2.5214935829118086
36	44	-1.7841698135950912
36	45	1.6071989340418087
36	46	-0.042753087926651
36	47	-3.1521674379960722
36	48	1.2689493147767406
36	49	-3.8368764334483787
36	50	-1.2999538598043048
36	51	-1.340111798887223
36	52	-4.001577862630698
36	53	-3.4648736063570045
36	54	-2.1942169873424464
36	55	-3.1184741065162687
36	56	-3.9814423048388154
36	57	-2.697334373092711
36	58	-2.020729063435328
36	59	-2.4425533688295484
36	60	-0.7882568458387536
36	61	-1.962302471745465
36	62	-3.1209167223612226
36	63	-2.8495182676418
36	64	-0.45121198165894455
36	65	2.212962897765994
36	66	-0.2190368534589377
36	67	-1.469209171397217
36	68	0.4306666250729557
36	69	-4.699649607882729
37	37	NaN
37	38	1.0770086146316222
37	39	-2.641881365205316
37	40	1.628961235175851
37	41	-2.5074588388774464
37	42	-1.7486599931650855
37	43	-0.4471267725414472
37	44	3.4662000334640397
37	45	-1.6243214513877213
37	46	-0.9740577289485314
37	47	3.3444313214143557
37	48	-1.335820096377368
37	49	4.016396743571243
37	50	-1.4636446317310794
37	51	-2.2870607241015493
37	52	1.0887238646642152
37	53	1.3666530339926983
37	54	0.35037981371001914
37	55	1.755855838625691
37	56	0.673492394473394
37	57	0.7153500023087922
37	58	-3.1410742676854206
37	59	-1.5325767225657787
37	60	-1.7726011209636934
37	61	-2.7564303356988513
37	62	-3.419548492832247
37	63	0.09987774118091987
37	64	-1.018670907390864
37	65	0.3579534685337395
37	66	-1.709679841190671
37	67	-0.5361824805066455
37	68	0.6774928592210399
37	69	2.345613459163964
38	38	NaN
38	39	3.0132913337660066
38	40	2.6535695999091438
38	41	-0.6579287978664323
38	42	-0.43427800179438214
38	43	4.360491664216002
38	44	-1.5426426336959933
38	45	0.411425170686984
38	46	-0.2886534037333415
38	47	0.2545852064991371
38	48	-0.1463301430949783
38	49	2.051102870614757
38	50	-1.8711427258708166
38	51	-1.5681433208580247
38	52	2.8946216461240892
38	53	1.3426915982307923
38	54	0.02574602147017214
38	55	0.8729789023727924
38	56	1.573220527321338
38	57	-0.4949802746145062
38	58	-0.6148545212140004
38	59	-2.655974565306293
38	60	-1.4595662267483291
38	61	-0.38968590412529863
38	62	-3.143111295431039
38	63	0.7686193316429997
38	64	-3.532814957737646
38	65	-1.1640034256687322
38	66	0.16123538310251645
38	67	2.34309883165369
38	68	-0.830472358039083
38	69	0.3872023714018182
39	39	NaN
39	40	-1.0142343745381688
39	41	-2.382987191864753
39	42	1.723196610180614
39	43	-1.8117654524537725
39	44	-2.9596873413895355
39	45	0.9783273282585485
39	46	3.2647023500351926
39	47	-2.5981879555742236
39	48	-0.37979159684249975
39	49	-0.37338097863774766
39	50	-0.2604928982401441
39	51	-1.1894697751179406
39	52	-1.6943110476462424
39	53	-1.43131001591188
39	54	2.3548197249827076
39	55	0.5607655040388071
39	56	-1.5380902723052805
39	57	-0.2837621092946788
39	58	-1.2370285084147308
39	59	-3.2983385189834626
39	60	4.2415631246698435
39	61	-0.8890946452837485
39	62	0.5338050082825752
39	63	-0.619599717192657
39	64	1.1152937893807453
39	65	-2.2424938227004874
39	66	0.47599062253011715
39	67	-1.361693473887251
39	68	0.3642140616138673
39	69	-3.387510848381596
40	40	NaN
40	41	-1.1810805318003605
40	42	-0.11259551888946766
40	43	-2.8507183657694175
40	44	1.5564265769859325
40	45	-0.6538416452520385
40	46	-0.316333151329269
40	47	3.1878497592645143
40	48	-1.1397814784545384
40	49	0.8442852518888428
40	50	-1.2035867436046501
40	51	-1.275935200241784
40	52	2.2414125876271505
40	53	2.0219737265760847
40	54	-0.012133784565116986
40	55	1.3555213415540903
40	56	2.0671142292249667
40	57	1.4696669601750934
40	58	-1.934081246951174
40	59	-0.43578658263225184
40	60	-0.9919924133605832
40	61	-0.7355393266426153
40	62	-1.249015701536525
40	63	1.06814861753151
40	64	-2.3581665537924286
40	65	-1.0397805330491323
40	66	2.2518989004584884
40	67	-1.0916779709091942
40	68	-0.06942141400647468
40	69	-0.31549802488589934
41	41	NaN
41	42	3.5410598769431694
41	43	6.596457174863976
41	44	-0.5235758430911652
41	45	2.645103524046475
41	46	3.0022986161066587
41	47	-1.9303621845977867
41	48	4.628051482129748
41	49	-0.6933926979150992
41	50	0.9717522632610601
41	51	1.513681536433086
41	52	-0.9238706463397665
41	53	0.6431084859710919
41	54	3.7213815809120137
41	55	-2.519368168199725
41	56	0.528035016326535
41	57	-1.4570414482112926
41	58	-0.30507644843672704
41	59	-2.287997355659365
41	60	-0.45408961489328786
41	61	2.8206873981585283
41	62	-1.2195631677899814
41	63	-0.8275110072001256
41	64	3.3432296162311173
41	65	0.07310911360446853
41	66	0.5337710850289324
41	67	0.2303292824958192
41	68	1.2698646670079567
41	69	-0.44076911601869295
42	42	NaN
42	43	7.683355641903967
42	44	-1.002680180027733
42	45	1.0334646969189771
42	46	-0.08990660091574086
42	47	-2.0512708062008858
42	48	-0.9963941957909246
42	49	0.79041211253237
42	50	0.035224312970909805
42	51	1.2958770036227536
42	52	-2.9431903896535223
42	53	-3.2778058446305067
42	54	0.4704070299279804
42	55	0.6080251376206071
42	56	-0.44506342604601135
42	57	0.006576373476945901
42	58	2.1413637419726688
42	59	1.4386811581697498
42	60	-1.030257924927657
42	61	1.0423038636368271
42	62	-1.4204711698975043
42	63	-1.1512310874456524
42	64	0.6355297644075368
42	65	0.001389152890625859
42	66	-0.016830034261882582
42	67	-0.8285335258532908
42	68	0.8032027616418294
42	69	-3.0291288230963054
43	43	NaN
43	44	-1.1478352476086096
43	45	1.3908379905666042
43	46	1.9535489853359287
43	47	-2.9576729889137323
43	48	2.593737051586671
43	49	-1.3700352902725497
43	50	1.350207903841837
43	51	3.1800254585919254
43	52	-0.9142292378305878
43	53	-1.8322395138449543
43	54	-1.3984884413255532
43	55	-1.301371909243801
43	56	-3.496690269746836
43	57	-3.230570218557591
43	58	1.552864497550666
43	59	-3.7760997594491412
43	60	1.4121513482157753
43	61	0.9166819937624562
43	62	4.723843210460987
43	63	0.7835897954460204
43	64	0.27138150047939924
43	65	-0.10969913512761394
43	66	1.8945527178489006
43	67	-0.15121254785968705
43	68	-0.10532207942505317
43	69	-2.604666663374562
44	44	NaN
44	45	-0.17649297424934762
44	46	-0.810051831607027
44	47	1.3446898703927996
44	48	3.257249749454342
44	49	4.401848592287979
44	50	1.8687982422653688
44	51	-0.735628058834713
44	52	0.9201129247177658
44	53	0.663805713905741
44	54	-0.7905254921534294
44	55	2.0261701331176885
44	56	1.354374153443062
44	57	0.029866253016852366
44	58	-2.8933252017939988
44	59	-0.6843141915668853
44	60	0.7414845191574773
44	61	-2.8827380513506347
44	62	-0.1891481989204588
44	63	0.5646540630630134
44	64	1.3333684418362166
44	65	0.11389623618229981
44	66	-1.468066582150399
44	67	0.9099324735880624
44	68	0.2275312961824205
44	69	-0.027655026442369595
45	45	NaN
45	46	4.7734465351172055
45	47	-1.223637205964567
45	48	3.0139872446765756
45	49	-0.17959788148005945
45	50	1.696231138316414
45	51	2.213441631068695
45	52	-1.423097666865819
45	53	-2.4393410430515763
45	54	2.1485652921422296
45	55	1.6906805796927131
45	56	-1.7093723353483665
45	57	0.17027144585677534
45	58	-2.34873838309974
45	59	-0.3487206779525647
45	60	-0.8706556275347481
45	61	3.783971269930391
45	62	1.775372497001667
45	63	-2.0253407446529272
45	64	-0.2912033017133303
45	65	-1.7807465296794487
45	66	2.33164736542121
45	67	1.9353760670854723
45	68	-0.6873371865777254
45	69	0.36487172141898694
46	46	NaN
46	47	-2.3907409208309063
46	48	4.92311649005586
46	49	-0.8479702164939302
46	50	-1.2734945879215658
46	51	0.03751188753577085
46	52	-1.9156219665502698
46	53	-1.7160727210518112
46	54	-3.2293047473576952
46	55	-2.712612899387725
46	56	-1.3331326601664788
46	57	4.774166861360804
46	58	-1.5367835948952278
46	59	1.7067855302596306
46	60	0.36340888684918776
46	61	0.5794900672031026
46	62	4.778836652721258
46	63	-1.3999772034818656
46	64	2.605174135519272
46	65	-1.0160592870781073
46	66	1.8517856807320379
46	67	3.671025320859706
46	68	1.1749642498584743
46	69	-1.3558458819512411
47	47	NaN
47	48	-1.825106993108741
47	49	2.606324405472346
47	50	-0.9851832927839907
47	51	-1.8681458935163504
47	52	2.5527000296620708
47	53	2.197843708349807
47	54	-0.0669666982122047
47	55	2.235676099059707
47	56	5.189098394135905
47	57	1.468268022311268
47	58	1.8423621515325024
47	59	1.0270730925856832
47	60	-0.6070061422333087
47	61	-1.2740391802052689
47	62	-1.921006010485765
47	63	1.9578434613010611
47	64	-0.3846078292883051
47	65	-2.363988937816037
47	66	-1.9016665235846384
47	67	-1.105586732283429
47	68	-2.1218737360916737
47	69	1.58263887454302
48	48	NaN
48	49	1.5947811453343765
48	50	-0.5917933748362909
48	51	0.6939182523952373
48	52	-0.1460055140973212
48	53	-1.4488899171643856
48	54	-0.39202500897801096
48	55	-2.4280196653583626
48	56	-2.7969595882789786
48	57	-1.4459619772282546
48	58	1.3451946362928144
48	59	-0.5990608482950681
48	60	0.3958180922604328
48	61	-0.12737100366410578
48	62	-0.7743335273237336
48	63	1.7720898723686187
48	64	0.48670071860365266
48	65	-0.9436431032214382
48	66	-1.4992161793858436
48	67	1.3400913152138378
48	68	2.254940240083225
48	69	-2.010554955220257
49	49	NaN
49	50	2.0341121668810835
49	51	-0.07038219652747511
49	52	2.6360035518769807
49	53	-0.8797392814974633
49	54	7.285378622392296
49	55	2.281826477068582
49	56	1.2694608170436996
49	57	2.9395182604295274
49	58	-2.548692052083531
49	59	-1.9166880012380774
49	60	0.09097181781727127
49	61	-1.447357843372049
49	62	-1.5766731160743976
49	63	0.49537662846101155
49	64	1.6558081388243717
49	65	-1.8642691082130558
49	66	-1.434942411582864
49	67	-2.380418076402962
49	68	-2.1752890994261542
49	69	-1.2480472739094421
50	50	NaN
50	51	2.0845181501562817
50	52	-0.1903665772382297
50	53	-2.1399653071339717
50	54	1.0071171162959682
50	55	-0.9704783079580548
50	56	1.974315240030082
50	57	-0.43332531053004647
50	58	-3.7894193574075925
50	59	-2.7418938377321087
50	60	-2.1166240625435933
50	61	-0.21889884661562825
50	62	1.614780638398993
50	63	-0.8920340755510753
50	64	3.9602897707494593
50	65	2.7141020349979867
50	66	-0.35258117348578855
50	67	-3.1013641941434527
50	68	-1.252427727623809
50	69	1.9439101511579149
51	51	NaN
51	52	0.3551889722281883
51	53	-1.8355550603590811
51	54	-0.6543396855171438
51	55	-4.362182739284225
51	56	-1.5429245685194999
51	57	1.7988679516640707
51	58	-2.4109081202485965
51	59	1.496229845464749
51	60	1.0727762123578761
51	61	5.367736949575389
51	62	-0.7274850775155319
51	63	0.1142611789708636
51	64	0.5425638427069374
51	65	1.1117430592461894
51	66	-3.5272498546282183
51	67	19.483501401376977
51	68	0.20301475748102402
51	69	-1.207804486618985
52	52	NaN
52	53	1.5809009333947954
52	54	2.3185155024070894
52	55	2.319406512027291
52	56	3.9365769846507885
52	57	1.902323410926197
52	58	-2.3196304229300946
52	59	0.05454475825629791
52	60	0.2302732799299053
52	61	-0.3483729123337764
52	62	-0.15939114304410076
52	63	1.6632647238768483
52	64	-1.9101946424561043
52	65	0.5477976086074876
52	66	-1.8381671863988136
52	67	-2.42660817177035
52	68	-2.825982681965865
52	69	-0.9632795102179411
53	53	NaN
53	54	1.3897589187116082
53	55	0.7116393483281528
53	56	2.2737627545040757
53	57	-1.401067061785488
53	58	-5.442964525229941
53	59	-1.4026393544840912
53	60	-2.91468037288611
53	61	1.022059389674955
53	62	-1.0816863307772355
53	63	1.7885070916647134
53	64	-2.7773445273554986
53	65	-1.7516738040964797
53	66	-1.8886740936428332
53	67	0.7433348203570633
53	68	1.9335247503282242
53	69	2.690152798423843
54	54	NaN
54	55	3.85556937308718
54	56	0.5811934332414401
54	57	-0.42340337275395895
54	58	-3.142241052329485
54	59	-4.291669834706209
54	60	-1.0573751271025496
54	61	-1.1925599575677346
54	62	1.5080445283767583
54	63	-1.2591541550076655
54	64	-1.7507868734424878
54	65	1.689314295073932
54	66	-2.779643345280369
54	67	18.85830928209833
54	68	-2.139342015950236
54	69	-0.13429737001466874
55	55	NaN
55	56	3.25724231336349
55	57	-0.26040811742702674
55	58	-0.03891299205956879
55	59	-0.3214339236231775
55	60	1.3887182868373893
55	61	-2.507165526938186
55	62	-0.1928884272336137
55	63	2.646407756974016
55	64	0.2745412941314569
55	65	1.4625396697207809
55	66	1.1535825656630854
55	67	-1.8590348422248402
55	68	-0.41757784980486445
55	69	-0.29098405542164596
56	56	NaN
56	57	0.5823211205657549
56	58	-1.5243328979978124
56	59	-1.2150340134483173
56	60	-2.3513668613387027
56	61	-0.2651530933708171
56	62	-0.2334646963871184
56	63	2.6731348941258957
56	64	0.9536231075067438
56	65	2.205480482568281
56	66	-0.10253629659171778
56	67	-0.9808549419681569
56	68	-3.0634863508560795
56	69	-0.5811626222314878
57	57	NaN
57	58	1.246610125456191
57	59	1.6918678157122755
57	60	0.028104521294418233
57	61	-1.0542354460132939
57	62	-1.647792233753855
57	63	0.35661111932473455
57	64	-0.08906679678440124
57	65	-0.2966407856476029
57	66	2.0317085779183754
57	67	-1.8855880385206334
57	68	-1.8317267705189404
57	69	-1.5896887053787905
58	58	NaN
58	59	1.1869674053081114
58	60	2.283135794714679
58	61	-1.314048883340494
58	62	39.40627071864589
58	63	0.046760740333157934
58	64	0.5417552809742652
58	65	3.9100315703715935
58	66	-3.1240437200243236
58	67	3.012963157126842
58	68	0.1789040658219876
58	69	-0.4924482364551425
59	59	NaN
59	60	2.8031470323921743
59	61	0.4711149827007165
59	62	2.0482028399149295
59	63	-1.6230900655019667
59	64	5.227638136469908
59	65	0.957437864252859
59	66	1.9419656086009995
59	67	-0.15520092038856473
59	68	2.6581494166813346
59	69	-1.2399800130115268
60	60	NaN
60	61	5.121053191309856
60	62	1.3984130533939276
60	63	2.1075211935994904
60	64	1.360925580883317
60	65	-3.393461879553097
60	66	1.2849869726026988
60	67	1.546047831354749
60	68	3.706733234663691
60	69	-0.4721410270857433
61	61	NaN
61	62	0.9039243699485554
61	63	-0.26055236727572717
61	64	5.094619945144193
61	65	0.4103114849887935
61	66	0.1527165329797526
61	67	-2.2824320364716435
61	68	-0.1591769492320409
61	69	-2.1927108570349603
62	62	NaN
62	63	-0.16783504830692159
62	64	-0.44512278845730896
62	65	-1.509103315438079
62	66	-0.27623467855995043
62	67	0.08568795811415071
62	68	-1.586598446135163
62	69	0.06244640434239353
63	63	NaN
63	64	0.7607160529170689
63	65	0.15556029139452499
63	66	-1.542139485552651
63	67	-1.580446598813403
63	68	-0.47869703159444016
63	69	0.2631703973535182
64	64	NaN
64	65	3.0972150372044593
64	66	0.45864163680446146
64	67	-2.869169170100421
64	68	-0.14990115830704512
64	69	2.1592504953315674
65	65	NaN
65	66	3.114040358787638
65	67	0.08273626211890654
65	68	1.7438907918986133
65	69	-2.7318343354145886
66	66	NaN
66	67	2.027057543934651
66	68	5.975202520659167
66	69	-3.494157264149991
67	67	NaN
67	68	0.006765531719733916
67	69	0.32737680278023923
68	68	NaN
68	69	-2.2790414895560804
69	69	NaN
