1	1	NaN
1	2	-0.4430969127817956
1	3	-2.101448653459325
1	4	0.9048114123151239
1	5	0.015676350403599326
1	6	4.519252371152326
1	7	-1.3970476098594475
1	8	3.557897588408462
1	9	1.2217888482143047
1	10	0.22029479266171598
1	11	-3.5380459752620173
1	12	-1.5325104093454365
1	13	-2.158156889012966
1	14	-1.850180926336015
1	15	-0.8508340334921013
1	16	-3.97196840528725
1	17	2.178643810338817
1	18	-1.274762135361628
1	19	0.6184403424877838
1	20	3.162207479442095
1	21	-1.88292429337231
1	22	-4.39976400336431
1	23	-1.414025119270987
1	24	4.613149848060028
1	25	-0.5072070157826246
1	26	1.9523889308523823
1	27	2.394846575442789
1	28	-1.3512495132335633
1	29	-2.591723073704341
1	30	-0.9306509542730925
1	31	-0.8475058746068415
1	32	-0.7049184805083405
1	33	-1.881146094088415
1	34	-0.008439148790951471
1	35	1.7582015758873633
1	36	-2.111362152541658
1	37	0.9832901912820053
1	38	2.4384835679480816
1	39	-1.5765674907063956
1	40	3.0126017649273904
1	41	1.4776395730698793
1	42	-1.6031360144360247
1	43	-0.5145470290536899
1	44	3.245705338283167
1	45	-1.17141484836618
1	46	-0.21379190645180512
1	47	1.4887513536593153
1	48	-1.8694116201507327
1	49	2.0873817332445324
1	50	0.0280767789232472
1	51	-0.7583732253491043
1	52	2.7850408195617957
1	53	-0.543679034041355
1	54	0.8186742311742804
1	55	3.0210036292735643
1	56	2.731131969991253
1	57	1.54789492311819
1	58	-1.4122114976001772
1	59	1.203405808666913
1	60	-2.4349125848370816
1	61	-0.42833985328668617
1	62	-0.8541252399310436
1	63	0.4616968771830078
1	64	-2.611062372478685
1	65	-0.4710955707477301
1	66	-1.812155639955382
1	67	-2.18012344195163
1	68	-0.9970655361090306
1	69	-0.654615741682433
2	2	NaN
2	3	-0.29736845661821537
2	4	0.16601047612469044
2	5	2.6086212455715447
2	6	-2.333321779818651
2	7	-4.118969694632474
2	8	-1.0497758593134507
2	9	0.9317158376672252
2	10	0.4686740938212504
2	11	0.3065572782474745
2	12	2.096803034201139
2	13	4.379384986544772
2	14	1.3876021989464775
2	15	-1.2288142957673065
2	16	3.580687687247402
2	17	-0.4363597254113877
2	18	0.03757115197404167
2	19	5.811897937570104
2	20	3.294850266081125
2	21	0.5767337211364606
2	22	-4.168877921001026
2	23	2.671338672530075
2	24	-2.0897069454039134
2	25	2.5318845733684925
2	26	1.8886880669968782
2	27	-0.7556200555748349
2	28	-2.391620645286244
2	29	-0.14212345142841598
2	30	0.1593791291587649
2	31	-3.228948445102696
2	32	0.3399358776856869
2	33	1.1991253200668481
2	34	2.5933702793868885
2	35	1.4548846748576498
2	36	-1.6052151103624224
2	37	-0.31978808458788544
2	38	1.0324010673164452
2	39	-2.014223283563915
2	40	-0.46579238074168394
2	41	-2.4184896172147545
2	42	-2.4051405349244974
2	43	1.21977001794899
2	44	-1.1521073326817453
2	45	-2.107089716643533
2	46	1.366701667129256
2	47	0.9714121430940286
2	48	0.9472426523894163
2	49	-3.5200271053783734
2	50	2.4001585447907265
2	51	-0.27752935049427674
2	52	0.5264669423669321
2	53	-0.8737910079869181
2	54	-1.6317155290427539
2	55	-2.7833879212453225
2	56	-0.685698851829936
2	57	-0.6534561486044147
2	58	0.9293033993120926
2	59	-0.9022838756295607
2	60	2.2035188914082258
2	61	-1.6463622044195594
2	62	-1.9170291209262145
2	63	0.9320256246067157
2	64	0.39799876037098164
2	65	-3.694520777726682
2	66	2.2967148903074026
2	67	-0.4316418534848825
2	68	0.4869368123307296
2	69	1.5403318775374684
3	3	NaN
3	4	-2.7350786602192603
3	5	5.123168763702062
3	6	-2.4432292491056873
3	7	-0.18927120266384653
3	8	-2.18166479144958
3	9	-1.5606064337473156
3	10	-2.401999308575204
3	11	1.1194817453560677
3	12	-2.4809256079647373
3	13	-2.8344421149574948
3	14	-0.896076267047798
3	15	-2.8134621113166225
3	16	-1.7357298926789095
3	17	-0.41762312347382285
3	18	-0.6055961771770808
3	19	0.5543809758007069
3	20	-2.5043747760472908
3	21	-1.550605303703387
3	22	2.0322569717295615
3	23	-0.7794950052683456
3	24	1.0862283740134593
3	25	0.6947446133564831
3	26	0.7283561621423403
3	27	-0.5177401794085693
3	28	0.7458207008887141
3	29	1.8090210916127778
3	30	-3.037495510115917
3	31	-1.6961149630459715
3	32	-4.053266871940814
3	33	0.30028844522138726
3	34	1.4097146663233862
3	35	0.028387238163510024
3	36	1.2215658073842692
3	37	-1.890913980288397
3	38	-1.777859419090685
3	39	-0.0002458975744093139
3	40	-3.915210308448473
3	41	2.2692077447067853
3	42	0.7890531000409605
3	43	-2.067151705080819
3	44	-4.446421493241223
3	45	-0.07624494249222623
3	46	4.976212370677052
3	47	2.2821056068264554
3	48	-1.820987923909284
3	49	-2.5195449739581055
3	50	0.03172839425770986
3	51	0.2818332692134775
3	52	-4.130011334519761
3	53	-0.8875387659550438
3	54	2.119808221824641
3	55	-2.7950278569584683
3	56	-3.132129735256646
3	57	0.058014867509445386
3	58	-3.7842270797664592
3	59	-1.261223794269203
3	60	57.18295250280467
3	61	1.3272134585866748
3	62	-0.906315953940082
3	63	-2.9379694437448642
3	64	-0.2078623207320792
3	65	0.7445573100852871
3	66	0.6689253587322427
3	67	0.8093203611877744
3	68	-1.090295502229986
3	69	-1.0448715592437203
4	4	NaN
4	5	0.5168234717069334
4	6	3.309269929205867
4	7	-3.747447478756544
4	8	1.7004733185803462
4	9	4.844657121246654
4	10	-0.7102731333537429
4	11	-2.319666901337479
4	12	0.8963179706750882
4	13	0.712609983409794
4	14	-2.425006503687296
4	15	-0.7436417755311968
4	16	-0.1704825965175131
4	17	-1.322739669118069
4	18	-3.1303725596281224
4	19	-2.1857967634401585
4	20	1.5355218446145424
4	21	-1.2630385469184993
4	22	-1.3311139461904762
4	23	0.0944875735678338
4	24	0.9261381681087607
4	25	2.3030528689014393
4	26	-0.9134372316088435
4	27	2.499962439378767
4	28	-2.718983877910078
4	29	-1.5838518472658893
4	30	-1.1288767395618873
4	31	0.7203936510772123
4	32	-0.6362749964942536
4	33	7.9264960914136
4	34	-1.72522658190365
4	35	1.1293551826424313
4	36	-3.730510099664115
4	37	2.4298884472947275
4	38	4.1775208767181535
4	39	0.012450922493724249
4	40	0.9368527808497215
4	41	-1.2462637616263395
4	42	-1.7640537823347056
4	43	-0.5415024552237746
4	44	0.6099769872532124
4	45	-2.4608152774696617
4	46	4.0116947389687025
4	47	-1.8689580402202801
4	48	-1.852643453903217
4	49	1.0972976076642866
4	50	0.019058959457686885
4	51	-2.8787605432779126
4	52	0.5040928592330358
4	53	0.1261799311539013
4	54	0.9125614643043232
4	55	1.319734895410728
4	56	2.466385241376674
4	57	5.758550479294448
4	58	-3.3499989917042114
4	59	0.5314489833367045
4	60	-0.4130622096232281
4	61	-0.9099227589914268
4	62	-0.6585360304150011
4	63	0.5768707009519648
4	64	-1.0951259820612513
4	65	-0.6067967535228482
4	66	0.07852270036829964
4	67	-1.940481513037047
4	68	-1.2724673316437574
4	69	-2.5842689292339447
5	5	NaN
5	6	-0.3715631023932907
5	7	-1.4520874241100878
5	8	-1.6098933599690752
5	9	-1.9951447543592962
5	10	-1.8678006095113058
5	11	0.4690816411613663
5	12	2.2520011293727005
5	13	-0.4249869096865613
5	14	-0.45660498745988476
5	15	0.012461384401388734
5	16	0.7904543325946172
5	17	-1.1762664707070993
5	18	-1.323364696824587
5	19	3.1676326241071195
5	20	-0.9322750472838333
5	21	0.1775743043117055
5	22	0.5788108750199328
5	23	0.5977458551800382
5	24	-1.4092394385461595
5	25	-3.8676958158715977
5	26	0.3783129395913675
5	27	-0.9471639178772133
5	28	0.6605495056886478
5	29	1.6682757778919717
5	30	2.3931656006786834
5	31	-0.5307532625288127
5	32	0.3803528148924748
5	33	0.9085129031166308
5	34	5.015833204925676
5	35	-2.2962099499226793
5	36	10.846411995533296
5	37	0.43455580417354506
5	38	-4.147927066080164
5	39	-1.7283592877071263
5	40	-0.83879019440582
5	41	1.1074245165209542
5	42	5.172545120202275
5	43	1.7389952720581048
5	44	-2.3393550204082927
5	45	-0.43050036629051414
5	46	-0.12572076091620912
5	47	0.6879514628139207
5	48	1.8792446958985771
5	49	-2.2312857801905195
5	50	0.9078182309716284
5	51	0.01973616682912204
5	52	-1.1441395660312648
5	53	-2.1385591495015475
5	54	-2.4358797011494984
5	55	-5.552759580611035
5	56	-2.190349737069837
5	57	-0.721429286155509
5	58	-1.2527247768432066
5	59	1.3169063770624294
5	60	-1.3389156999169456
5	61	-0.012195465507735407
5	62	-1.73002745206845
5	63	-2.7525840486094824
5	64	1.751439399579115
5	65	2.8447701543458446
5	66	0.29212986569701066
5	67	1.1652785950937308
5	68	0.012027047345416524
5	69	0.19145034112968737
6	6	NaN
6	7	-1.124170120336624
6	8	2.4468242602135635
6	9	5.491386460016916
6	10	-0.747399535227671
6	11	-0.5380745344905665
6	12	-6.375554711966335
6	13	-1.2195068331666739
6	14	-3.2344438683417094
6	15	1.5662415187915726
6	16	-1.7481425053314628
6	17	2.0352522333072334
6	18	0.6277557856976318
6	19	-0.6440494235527422
6	20	1.0461915327639038
6	21	-2.6135785119530284
6	22	1.2275022306058558
6	23	-1.9541160095495693
6	24	3.2390246132993554
6	25	0.060998202669481486
6	26	-3.424918123713137
6	27	5.05671478005166
6	28	-3.2378587939860006
6	29	0.3159586052997552
6	30	-1.578110854618442
6	31	3.6160678375344872
6	32	-0.2735884082760928
6	33	-2.1671046464647605
6	34	1.1140677280088602
6	35	2.53293244669404
6	36	-2.1654777209732563
6	37	-2.398594234225074
6	38	6.363578977384005
6	39	-0.8917569789412915
6	40	2.3881726733714417
6	41	-1.7770106946646482
6	42	-1.7898725469922947
6	43	-1.1121194935580272
6	44	2.019797181702123
6	45	-1.8247336204687477
6	46	-2.358783377255939
6	47	1.906688298997133
6	48	-2.395123016745178
6	49	3.9430082862356435
6	50	1.285434106073639
6	51	-3.2990417006143424
6	52	2.032082224251688
6	53	-0.08565824540253834
6	54	-0.6207570835011539
6	55	3.3790140827412154
6	56	2.2029176676385567
6	57	1.7293303578608104
6	58	-1.5423389909662717
6	59	-1.101193333160888
6	60	-1.9906963484924256
6	61	-1.5412239400437295
6	62	-0.7625466842986695
6	63	2.2084458647910843
6	64	-0.8294091574860533
6	65	0.20389062527788543
6	66	-1.4825066108521394
6	67	-2.7660733655503122
6	68	-1.5961192019489832
6	69	-2.297376749748859
7	7	NaN
7	8	-1.7610203039224304
7	9	-2.244612409670311
7	10	-2.301491567511609
7	11	-0.7613182579359014
7	12	-2.3652769640578923
7	13	4.428538151704574
7	14	-1.1915351085281
7	15	-1.6241857028620297
7	16	0.6197490676921598
7	17	-0.20146996978223103
7	18	1.442239013287387
7	19	4.938454048302879
7	20	-2.601898886413079
7	21	0.5296707573532209
7	22	-1.4961070746505591
7	23	0.08278058217415231
7	24	7.788375650844162
7	25	-0.4675764253427133
7	26	-0.837756632624213
7	27	-1.5859628234880538
7	28	-0.9982391837541571
7	29	-1.1844740277329802
7	30	-1.2860407354616177
7	31	-0.8424955432578208
7	32	-0.13649641667012413
7	33	-4.23302628250169
7	34	0.6148269286426218
7	35	-3.5791189151334573
7	36	55.653423295165865
7	37	17.929613859322302
7	38	-0.11693347219100367
7	39	-4.86656085473677
7	40	-3.2040877330337794
7	41	-1.7965582387135204
7	42	1.2336788060925685
7	43	-0.6327505480376844
7	44	-3.073230504176688
7	45	1.4961330106645891
7	46	-2.3787363692544954
7	47	2.80426058887067
7	48	1.575095747304201
7	49	-3.0490694525652686
7	50	0.12443838902559468
7	51	-5.004972339826293
7	52	-1.269552813734255
7	53	-2.394773549946433
7	54	-2.387079123148385
7	55	-2.310746700619636
7	56	-2.784802369736244
7	57	-3.223967364609628
7	58	-4.181673719808758
7	59	-0.19586877281176776
7	60	-1.0241816393243892
7	61	-3.02066980267895
7	62	0.9324088632973851
7	63	-1.1138663279583407
7	64	-3.965982433981538
7	65	0.37049991259419296
7	66	-1.8938890197708784
7	67	-0.8578248084017364
7	68	-1.720756391894613
7	69	0.809669980701213
8	8	NaN
8	9	2.897526019133849
8	10	2.5520302356868374
8	11	-2.663927658203784
8	12	-2.1577245470658344
8	13	-2.494271656488433
8	14	-0.09349839326361596
8	15	-3.1006543203915613
8	16	-1.7047241731496356
8	17	1.4227445741394924
8	18	-2.3619726147430296
8	19	-1.7066416955278394
8	20	1.4191996299606513
8	21	-0.5543768105261332
8	22	-2.049723672971148
8	23	-1.7754123717318198
8	24	4.7476088556743035
8	25	-2.71613683938249
8	26	-3.4352824064883447
8	27	1.860103151458552
8	28	-1.3409937565803103
8	29	-3.2969925322429
8	30	-2.347921540476657
8	31	-0.3947591792505102
8	32	-1.5473628511687614
8	33	-1.101968155599739
8	34	-1.705746084957058
8	35	3.52649700246825
8	36	-0.2824860162851387
8	37	11.743553576367693
8	38	3.8065261126357717
8	39	-1.9371208438049843
8	40	4.854139009554421
8	41	-0.3773174760411202
8	42	-1.595555233182846
8	43	-2.014087412783311
8	44	3.6855936120238106
8	45	-0.23381269826885168
8	46	-2.5846008969944427
8	47	-3.3018955533191483
8	48	-0.8501498292322709
8	49	4.33403683425569
8	50	-1.2106912798920098
8	51	-1.7413567530010743
8	52	3.1841647576928604
8	53	4.128893567480005
8	54	-0.06283595198141054
8	55	3.5796636796407286
8	56	4.6562451631250985
8	57	2.2214875841725927
8	58	-2.2170701957179366
8	59	0.03214052205375681
8	60	-2.283532622771265
8	61	-3.037496906598459
8	62	-3.098155907315571
8	63	2.3180609668760037
8	64	-1.869632077484746
8	65	-1.2361625325864558
8	66	-1.1378082658780286
8	67	-0.7010511490816251
8	68	-2.1881745528466494
8	69	-1.3801921390641902
9	9	NaN
9	10	-0.9714398025402382
9	11	-1.0201401010116826
9	12	-0.6989324777437975
9	13	-0.7349815225768115
9	14	-2.5197832715548207
9	15	-0.8309097445635942
9	16	-0.05324976675626746
9	17	-1.8734890926142564
9	18	2.6184082667892326
9	19	-1.0253854024544127
9	20	1.1623753498455838
9	21	0.21937060473040473
9	22	-1.8653377805502336
9	23	-2.4690185918319316
9	24	3.2408001233827486
9	25	-2.259915075499602
9	26	-0.770086571849947
9	27	0.004315976645004182
9	28	0.3380894693279183
9	29	0.02533202459614174
9	30	-1.4574018188635465
9	31	1.905912893438754
9	32	-0.530236040581217
9	33	-1.4409114715730946
9	34	-1.299882699707951
9	35	3.2435272795477585
9	36	-0.6781049811507532
9	37	-0.7440918741699526
9	38	4.611017360435256
9	39	-3.475462890155892
9	40	8.582079179905323
9	41	-2.682206195241069
9	42	-1.2106523553857003
9	43	-3.9659644786418697
9	44	5.62017483089055
9	45	-0.8073881209375805
9	46	1.4548353040651985
9	47	-2.430030077222742
9	48	-1.2200887514579217
9	49	2.8580054034340705
9	50	-3.098461085552399
9	51	0.7030718928925842
9	52	1.0302040576038067
9	53	2.3001287267797497
9	54	-3.734929486743189
9	55	1.964989798454089
9	56	3.2072363150165732
9	57	-0.39681725040887383
9	58	-5.508289396575271
9	59	0.1154650457991852
9	60	-0.382168651299378
9	61	-2.250053816925642
9	62	-0.9359867886063757
9	63	1.7439505199607244
9	64	-1.4627034808361805
9	65	0.21947746807035315
9	66	2.14723906777341
9	67	-2.7757334489989582
9	68	-2.946189935858125
9	69	-0.6477770496383966
10	10	NaN
10	11	2.6849397653378304
10	12	-0.9460457581542348
10	13	-1.5784086265674973
10	14	-0.0358940472337085
10	15	0.6170223730493504
10	16	-1.0558672305217986
10	17	20.733115245681116
10	18	-0.8029446840175325
10	19	-1.5462809411724647
10	20	-0.25088578925200966
10	21	0.961710349109433
10	22	-2.0184472016527444
10	23	0.39109701657390555
10	24	1.1817627961510435
10	25	-0.9792470376113098
10	26	-0.0004302936943389076
10	27	-0.12734010449972064
10	28	-0.33780280544379016
10	29	-2.9136006237045295
10	30	-4.029477164533316
10	31	-2.021251957596286
10	32	-1.5241582980466122
10	33	-0.30546009839045263
10	34	-4.727333459084593
10	35	-0.6841877578290978
10	36	-0.560745527672632
10	37	3.7125457608636694
10	38	3.08324022527371
10	39	6.619485474492901
10	40	0.7388704238153151
10	41	-0.8653139570326022
10	42	-1.165151821549878
10	43	-3.041243945817103
10	44	1.4363863432357515
10	45	1.777166476436167
10	46	-2.9237676816040454
10	47	-2.495703122594509
10	48	0.6052551343140304
10	49	0.7390104497982449
10	50	1.330624357869498
10	51	0.41726359897284165
10	52	10.276413826965275
10	53	-3.1895673032139285
10	54	-0.7680818615645371
10	55	1.4151915811841176
10	56	-0.38558473668759713
10	57	-0.7958282960057529
10	58	-4.481729070777708
10	59	-1.0921310295118782
10	60	-1.5553666443134393
10	61	-2.0704704710116935
10	62	-4.758609473596034
10	63	0.02613136439522651
10	64	-1.8179596403337075
10	65	-3.1385235977005297
10	66	1.4871489364019004
10	67	0.32789926738922626
10	68	0.13724228939875496
10	69	0.013150020850361198
11	11	NaN
11	12	2.4259927127095526
11	13	3.7010897017750732
11	14	1.1896758790417448
11	15	-0.6277143781737643
11	16	-3.527346274747048
11	17	-3.255322734405136
11	18	-2.2551309402383914
11	19	-0.8129274908483463
11	20	0.7196002603100162
11	21	0.3996286040539555
11	22	0.5839999217047749
11	23	-0.6321492466867107
11	24	-3.377680481975141
11	25	-2.348369217845671
11	26	-0.7439108723514809
11	27	-1.0923792334092552
11	28	-0.2636740958370106
11	29	-1.1950127109823359
11	30	-2.7210426006863426
11	31	-0.5629792211422073
11	32	-3.8037937411372478
11	33	-2.4791901230474025
11	34	0.6125615178708553
11	35	1.3411004558201565
11	36	-0.02959685893294385
11	37	-1.1147200177317014
11	38	-0.7880391294159331
11	39	-3.2007203424357074
11	40	-0.9271935554272209
11	41	21.567193166301614
11	42	-2.570561075713456
11	43	0.04909407148388585
11	44	-1.9770760556461158
11	45	1.88697641708609
11	46	-0.3608067121593258
11	47	-1.9087039239408077
11	48	1.1830616373262066
11	49	-1.6730455928170638
11	50	1.0946023280057198
11	51	0.8329467661146241
11	52	13.426524949020841
11	53	-0.6481016198680115
11	54	-1.3138735257900918
11	55	0.41196655842756064
11	56	2.720124380271386
11	57	-1.8654912836887476
11	58	0.4838781032526485
11	59	-0.7240708393572184
11	60	-1.1947900363812867
11	61	-1.945895396588777
11	62	-0.7829533212429721
11	63	0.9985173052707546
11	64	-1.0792703950313869
11	65	-5.417844598933685
11	66	1.2303001852665991
11	67	4.374541620160784
11	68	1.166768071799221
11	69	5.7551822242746775
12	12	NaN
12	13	-0.12184312098510776
12	14	0.583884650574802
12	15	1.3882564584649495
12	16	2.6700905811029227
12	17	-0.18531688523375456
12	18	-1.2853178943573373
12	19	0.8194986632086804
12	20	-5.3484935169504615
12	21	-0.6685364955113829
12	22	0.20652945967145966
12	23	0.34566784969984204
12	24	-3.777327592906976
12	25	-1.6126377207267484
12	26	-2.71011644184046
12	27	-2.7615627413299473
12	28	0.2575800415331348
12	29	0.6047667080250395
12	30	-2.0430040325781142
12	31	1.7573676944641712
12	32	-0.47182179633805676
12	33	-1.750215432304775
12	34	0.8277262748399556
12	35	-0.9349769025263471
12	36	-0.35380438582686546
12	37	-1.5463740764099845
12	38	-1.8206618593161434
12	39	47.843797871953946
12	40	-1.2137883800747
12	41	17.445899467721162
12	42	-2.57550385764253
12	43	-1.5035367014786045
12	44	-2.2187278602825766
12	45	-0.5355182413817299
12	46	2.7898294372234855
12	47	-1.5651848805094268
12	48	1.7642936419909436
12	49	-2.5727888325037487
12	50	-0.7962535884616365
12	51	-3.9296952381853454
12	52	-4.241064836079464
12	53	-4.259278733656766
12	54	-3.328048480438367
12	55	-1.7298924345366347
12	56	-2.6121138954736702
12	57	-0.37380080586533126
12	58	2.1943803333506327
12	59	0.07105900661796005
12	60	-3.4185698066906385
12	61	0.4711573732150356
12	62	0.15352640381439117
12	63	-2.0576229848263945
12	64	-0.2394715692639314
12	65	1.5251476014290195
12	66	-0.9628524992862336
12	67	0.8573128593766911
12	68	2.70671964169685
12	69	1.414130160203227
13	13	NaN
13	14	3.5514335914250115
13	15	0.10625101620782042
13	16	2.2415514804407266
13	17	-5.0676973924947
13	18	0.2435358063092613
13	19	-2.9221111152563264
13	20	-0.20938728709187066
13	21	2.8207154208672307
13	22	0.5833366611312177
13	23	3.580121382723443
13	24	-1.4718752770618249
13	25	-0.12845737102706908
13	26	0.6661271153320433
13	27	-1.5588649827855823
13	28	-1.1511189198074903
13	29	-0.019277858555797642
13	30	1.2723246125097283
13	31	-2.6971516795926784
13	32	-0.8419411558083002
13	33	-1.53237008251844
13	34	-4.157751742220326
13	35	-2.4828468999065882
13	36	0.2396879992245996
13	37	-0.6352487599632836
13	38	-1.710992555390303
13	39	7.086369318218701
13	40	-4.4457503428246286
13	41	-2.2827273242827504
13	42	9.857084114366605
13	43	7.393625724247917
13	44	-5.62247655510031
13	45	-1.3087779642254938
13	46	0.38342367460605575
13	47	5.19202185642047
13	48	-2.2593658409577286
13	49	-1.4689960658348566
13	50	-1.451835377512334
13	51	1.8142263283429705
13	52	-3.776113517555728
13	53	-1.7193824490352299
13	54	-1.214262103971779
13	55	-1.4731854841708167
13	56	1.070236953774781
13	57	-2.5887840634337436
13	58	0.49693848033939086
13	59	1.6277869371033598
13	60	5.895172846847312
13	61	-1.9723719020401522
13	62	2.6972548082126266
13	63	-0.8542215108346767
13	64	1.2925864610882443
13	65	3.9071951685123762
13	66	1.1475480778154306
13	67	-1.6326024133701071
13	68	3.6756515651962163
13	69	0.5357891632448467
14	14	NaN
14	15	-0.38236225008933344
14	16	0.6429959390830522
14	17	-0.35111382284454407
14	18	0.6580310154003152
14	19	-0.31082753031299476
14	20	-1.639419846009436
14	21	0.9222188974437676
14	22	-2.1443996624044495
14	23	0.5235158340677633
14	24	-0.4681355170188203
14	25	-1.6269836453161746
14	26	3.1831885145578664
14	27	0.22081267614932765
14	28	1.0765011744705246
14	29	-1.2728179076277775
14	30	0.8939030105681628
14	31	-0.40246341757376325
14	32	-4.309852444342473
14	33	-0.07280743410296575
14	34	0.6094941738147672
14	35	-2.1131420756005106
14	36	-1.3919996845614877
14	37	-0.5760911139123512
14	38	-2.3503748064214944
14	39	-2.2126717217936642
14	40	-1.7998934300161256
14	41	-1.2967142404493928
14	42	1.0060651477717568
14	43	-3.3999849090555307
14	44	-1.6487415158551162
14	45	3.6728833858551555
14	46	-0.543330344285672
14	47	0.7602547527482836
14	48	2.6781182245466884
14	49	0.006828770697148486
14	50	2.029698147150397
14	51	2.2432255090771394
14	52	3.8553496395854863
14	53	20.464198813771795
14	54	-1.5562943585159819
14	55	-1.0422712385648667
14	56	-0.8710953989750113
14	57	-0.7890935567128422
14	58	1.501886495860239
14	59	-3.227410933115858
14	60	-0.1629196399220025
14	61	-2.451718034291209
14	62	-3.3373936837558507
14	63	1.927215127495493
14	64	-0.33336766869607143
14	65	0.6458775484833109
14	66	-0.0850275839316554
14	67	0.13250442622102912
14	68	-2.1734467882296626
14	69	1.0596634393343465
15	15	NaN
15	16	3.7097561718977636
15	17	-0.2950264536737444
15	18	2.500285186733778
15	19	2.2673210034465514
15	20	-1.5904200740026233
15	21	2.82539309173661
15	22	-0.02463002762425108
15	23	-3.272831153386873
15	24	-3.1519168161280624
15	25	0.8474411419390024
15	26	4.30448389931037
15	27	0.14692783344410135
15	28	2.297540774357328
15	29	-1.2175813426025783
15	30	3.953128806652847
15	31	1.3891689775654075
15	32	-1.3931548761923995
15	33	-2.373596918827606
15	34	1.3664652036162124
15	35	-0.6588066084705976
15	36	-1.5904508500908392
15	37	0.17702313187173896
15	38	-2.1688536778555654
15	39	1.417282633107866
15	40	-3.9614727673241297
15	41	-1.3025700289684574
15	42	-2.2612440446601076
15	43	3.4869221421621064
15	44	-2.707438121135207
15	45	-0.22774288751302668
15	46	-0.3401599168652903
15	47	1.9672334171089547
15	48	0.16221061395889858
15	49	-0.8930173497846899
15	50	-0.36454438759527097
15	51	5.8940527719687665
15	52	-1.760595508084129
15	53	0.6187784908983525
15	54	-0.8679480717535295
15	55	0.014136965709959263
15	56	-0.7734012084825693
15	57	-1.910914555720619
15	58	1.6279308345491765
15	59	2.075057402241634
15	60	-1.2469948188406652
15	61	2.7964726311820343
15	62	2.783028078024903
15	63	-3.2515461376787713
15	64	0.700755777223154
15	65	2.186621963418237
15	66	2.0539236244976924
15	67	-2.2398625965848806
15	68	-0.2701472168991898
15	69	0.27252619314765986
16	16	NaN
16	17	0.6584901865937931
16	18	2.2452733113028494
16	19	2.929344771356394
16	20	-1.5177078658904097
16	21	0.46617122773378544
16	22	0.974465836309297
16	23	-1.6786332122637195
16	24	-3.383481660921246
16	25	0.9063111914620595
16	26	-1.7920270650853842
16	27	-2.976636349604957
16	28	1.8076898489090036
16	29	-0.357463687724468
16	30	2.2517080016083453
16	31	-1.9493418195757248
16	32	-0.0417538760930707
16	33	1.926419350857569
16	34	-0.10707707343200883
16	35	0.756760280120767
16	36	-2.7018839568070896
16	37	-2.968070333520734
16	38	-5.112946873871434
16	39	-1.125435007170446
16	40	-1.967696293157499
16	41	1.6679627245341464
16	42	-0.10285525658392339
16	43	-4.335657096824953
16	44	-3.46461805125885
16	45	-2.7089695271275924
16	46	2.1354584952840177
16	47	1.4260443699674692
16	48	7.244702963431142
16	49	-0.22937571667744355
16	50	0.24443677706578543
16	51	0.061524728710613506
16	52	-2.58024516647875
16	53	14.377821290948605
16	54	-2.322891302899866
16	55	1.8288052498982004
16	56	-1.8736070951351504
16	57	0.5342195199070622
16	58	0.2660405369827413
16	59	2.382790407467977
16	60	-1.7410318425904765
16	61	4.294742394199417
16	62	1.315853546847418
16	63	0.7307056678170635
16	64	-2.609628679720628
16	65	1.119075741512796
16	66	1.3177381241642097
16	67	0.9039990809410623
16	68	3.3947674707443514
16	69	-2.3880710182875706
17	17	NaN
17	18	-1.0892993352072147
17	19	0.9280871520782503
17	20	-0.30535977996610714
17	21	-0.17043144227758483
17	22	-0.945538898700135
17	23	-0.6981085796013308
17	24	0.5081759286071333
17	25	-2.205038514788743
17	26	0.6852943862811437
17	27	1.2829664236658984
17	28	-3.1586420344065416
17	29	-2.9455642148700303
17	30	-3.3131516808928567
17	31	-2.9793712329178477
17	32	-1.4137470619428156
17	33	-0.32823993187007466
17	34	0.8576446444500372
17	35	0.44824367998976683
17	36	-2.5130822834189486
17	37	-1.9129041250208867
17	38	-0.4271060777612953
17	39	-0.3146284698110262
17	40	2.5896906557009216
17	41	-3.2541691519124254
17	42	-1.1697911695804741
17	43	1.912850285036867
17	44	0.44325049969369035
17	45	0.272020137688617
17	46	-1.8524402454391924
17	47	1.744437175477508
17	48	0.6141788101439167
17	49	1.8901753519962776
17	50	1.1316638992997774
17	51	0.9309534117232328
17	52	3.772413587086891
17	53	6.0981018446554405
17	54	0.5913655513097741
17	55	-0.5030471486853464
17	56	1.149224771455926
17	57	0.3152510095726356
17	58	-3.7331390683532786
17	59	0.09745827262187791
17	60	-2.527025877214418
17	61	-1.0387201967126596
17	62	-2.9828896250140415
17	63	-0.5671726951894073
17	64	0.7221656079840519
17	65	-1.6713932986904563
17	66	-1.2349415474483108
17	67	-0.15543459863487255
17	68	0.19861264116662927
17	69	0.1899688107953273
18	18	NaN
18	19	2.268506283702227
18	20	-0.8963386093517449
18	21	-1.492270131717484
18	22	2.1447393604911
18	23	-0.7501942615091941
18	24	-0.24519690656303209
18	25	5.267516043171108
18	26	0.9546510724833199
18	27	1.9079778263195069
18	28	-1.5119931210905015
18	29	1.602416849251279
18	30	2.3497897246758477
18	31	2.8060048478386546
18	32	0.25801136791974677
18	33	3.3545802071063284
18	34	-0.2258388916314726
18	35	-4.227605480254431
18	36	-2.5211758168307488
18	37	0.40374559999397885
18	38	2.5230783121102656
18	39	-1.7834864891423008
18	40	-3.5424006580122716
18	41	2.9243645838502883
18	42	0.8646828001100275
18	43	3.902316034994665
18	44	-3.404558182303399
18	45	-1.1892929465658706
18	46	5.056093602153205
18	47	1.3379553210043038
18	48	0.6542237278245584
18	49	-2.1567448085238228
18	50	0.31210042410225997
18	51	4.606655409203804
18	52	-0.17344957305329806
18	53	-2.1883949824048834
18	54	-1.1804040156324553
18	55	-1.0039199941376982
18	56	-3.992667667235315
18	57	-2.3997030640491355
18	58	0.8449377544045616
18	59	-1.9941636024190363
18	60	-4.318988349867528
18	61	-0.9289628829929145
18	62	0.9407148245662251
18	63	0.9429535569448365
18	64	1.571647379226027
18	65	2.8058485094650787
18	66	5.139626846607279
18	67	1.7424090649747397
18	68	-2.2758925730512423
18	69	-5.591473401598504
19	19	NaN
19	20	-0.1425657437070147
19	21	-1.0619902392527478
19	22	1.4814036888288593
19	23	1.0980440665942863
19	24	-0.3100929830028038
19	25	4.233672425322836
19	26	-0.6887144680031229
19	27	-0.40779418772117537
19	28	0.8307724100382807
19	29	0.6500502413173892
19	30	-3.3399126891143034
19	31	0.06057908553283712
19	32	1.0145159474727505
19	33	1.5944223479365458
19	34	0.8313144038606441
19	35	-1.5215120914559837
19	36	-1.5997129933601397
19	37	-0.27378108677135843
19	38	-4.018513981416279
19	39	-0.6614907254443531
19	40	-3.576452834142071
19	41	0.5315749599309123
19	42	0.5904587160604156
19	43	0.7209201146021341
19	44	-1.3196510042853435
19	45	3.002503135696283
19	46	0.3039163855102785
19	47	-0.9045186138734553
19	48	-4.080073878847272
19	49	-0.6868142798905715
19	50	-3.504688529085652
19	51	1.7076531166103164
19	52	-1.4721469379760488
19	53	-2.7609972229200928
19	54	1.0520991007861573
19	55	-0.7125638180947931
19	56	-1.5742760600046224
19	57	-1.4253376269819678
19	58	0.009302077291434646
19	59	0.982699061254673
19	60	3.336222848698402
19	61	-1.3243007633825543
19	62	1.2169779857934744
19	63	-1.4489474854329725
19	64	1.3919026311660028
19	65	-0.14968891782717467
19	66	-1.5582992360787828
19	67	0.971708645120658
19	68	4.144116883835603
19	69	-0.829823347248107
20	20	NaN
20	21	-0.7349408999343663
20	22	1.7435393953413187
20	23	1.785723458472798
20	24	-0.4212575622685405
20	25	-3.2206521627369007
20	26	-1.1790264095354106
20	27	-0.12517208212729256
20	28	1.4275768346545397
20	29	0.41419587943562647
20	30	-2.55909851314003
20	31	-0.4211275833094207
20	32	2.6048740795924767
20	33	0.83106513950447
20	34	0.040215834137607265
20	35	-0.7531550541119285
20	36	-2.7769020393021826
20	37	-2.1822193062659845
20	38	0.5525798828678606
20	39	0.07373427061995194
20	40	0.26598355187440886
20	41	-2.3157995265047586
20	42	-0.39209440263100814
20	43	-1.359127816425056
20	44	1.4203347355361584
20	45	0.18410874226696824
20	46	2.7861033369784396
20	47	-0.8774302308390428
20	48	1.1578075735341988
20	49	0.21126799771250201
20	50	-0.18340873542002542
20	51	0.7375591137858413
20	52	-1.2054628013094946
20	53	4.998291637734058
20	54	0.5837456377317551
20	55	3.52246312807735
20	56	1.9988687734501
20	57	0.16393285815350217
20	58	0.5859970631160434
20	59	-1.7756473346030552
20	60	-2.174601764605438
20	61	-0.12118361556533118
20	62	-0.5284708440076957
20	63	0.6253143392418824
20	64	-3.998101362213542
20	65	0.741918943997472
20	66	-1.1624417419201185
20	67	0.608701374612912
20	68	-0.9004833047534195
20	69	2.140652664999501
21	21	NaN
21	22	5.025354052005181
21	23	2.1224074086443334
21	24	0.3458725195944285
21	25	-0.9071725671534172
21	26	-2.7255854586086885
21	27	-0.9022231610190417
21	28	1.0463602610160825
21	29	1.5637640475496548
21	30	0.9786455184322873
21	31	0.4061291480551652
21	32	1.3320862864382084
21	33	1.060306973571005
21	34	0.6435998607648248
21	35	-3.057228652616012
21	36	0.8955257438568596
21	37	-1.2897257986651616
21	38	-2.0365378203263957
21	39	-0.9472363962861257
21	40	-2.7063817276161113
21	41	0.4429568017792874
21	42	1.2214084263230127
21	43	2.718416497208773
21	44	-1.3975022917749105
21	45	4.125600464486286
21	46	1.4380514903253883
21	47	-0.9558223563732913
21	48	-0.0735713603200367
21	49	-0.09522601932552496
21	50	-1.996947455667733
21	51	1.7824202880840652
21	52	-1.0672259410717873
21	53	-3.429291990729423
21	54	-0.8317701927167602
21	55	-1.2551056966107124
21	56	-2.503385415030424
21	57	-1.2525774895284494
21	58	-0.17629348633621125
21	59	1.8095997730192694
21	60	0.9641789002892084
21	61	0.09966375882945545
21	62	2.3489914527325046
21	63	0.7055372533930895
21	64	0.6746624917847721
21	65	2.0715600068030615
21	66	0.023281748387193824
21	67	-0.2747874480564626
21	68	-0.47027029112435104
21	69	0.38260486015120704
22	22	NaN
22	23	3.726965223431592
22	24	-1.8697482621665873
22	25	4.794303712706044
22	26	-0.3456764825230593
22	27	-3.9616826113009243
22	28	0.4776894958106818
22	29	0.5985184908484256
22	30	1.5352601605717169
22	31	-0.2026579656394528
22	32	1.6552141281974646
22	33	2.0520467994175426
22	34	-0.11217055285554578
22	35	-1.6047008068606987
22	36	-3.0668392346571354
22	37	4.223918205703786
22	38	-1.6012943565938407
22	39	0.32985405411694635
22	40	-4.347536897368485
22	41	1.509523492293801
22	42	-0.18093147968412873
22	43	-1.8435658344175736
22	44	-4.181377982053504
22	45	2.8129109722847527
22	46	0.3514522380126705
22	47	1.4414770802743335
22	48	-1.752507724814753
22	49	-2.1340783851298757
22	50	5.215826750562082
22	51	-0.06400850249051791
22	52	-1.1074656408504508
22	53	-0.6024091616614765
22	54	1.8268186353902371
22	55	-1.7028405698296727
22	56	0.13893255595912332
22	57	1.2513193594974708
22	58	-4.949038837026023
22	59	-0.7042503694549609
22	60	-0.3013989681781123
22	61	0.41820146210347153
22	62	0.16486149867138664
22	63	-1.628730404957118
22	64	0.18041105623255752
22	65	4.964645806809503
22	66	1.6672516353420455
22	67	3.405161122703492
22	68	1.041414091984122
22	69	0.9430215993886559
23	23	NaN
23	24	-4.836338612108178
23	25	1.3894336309416067
23	26	2.1081169108234
23	27	-1.7745480340506359
23	28	-0.7244699518570621
23	29	-0.5288818519868904
23	30	0.8494586073967978
23	31	0.363280078367843
23	32	-1.5754545388343064
23	33	1.4309186564506415
23	34	-0.7834855829016979
23	35	-2.1900256545011048
23	36	-1.5256080922710822
23	37	2.229445510168899
23	38	-0.1867215297497793
23	39	-1.4870950493709187
23	40	-0.9173527409789936
23	41	1.3536589803243466
23	42	3.145193118872906
23	43	1.6429176606186584
23	44	-1.1205021025716904
23	45	6.741360209197797
23	46	0.6556537235397728
23	47	0.9351898931139536
23	48	3.768790181205351
23	49	-0.8658532163471295
23	50	3.6640553716064277
23	51	-0.07169402654962781
23	52	-2.172407561235821
23	53	-3.209137982032763
23	54	1.1118189547365391
23	55	-2.0210336043822257
23	56	-0.5269427215836009
23	57	1.5629604590366841
23	58	-1.1119052944573453
23	59	-1.6252077989150808
23	60	-2.3205262074170956
23	61	0.30978795179217355
23	62	0.5956190947366058
23	63	-1.8762157657521805
23	64	-2.0358425633221513
23	65	-2.711332681280848
23	66	2.1050743063143584
23	67	1.4135040313759664
23	68	1.0604721915077815
23	69	1.325997431888874
24	24	NaN
24	25	-1.8078245807213889
24	26	-0.9159616874222447
24	27	2.0225778870472566
24	28	0.0003884168672506096
24	29	-4.3009625184914535
24	30	-1.1759239265538173
24	31	1.5080872837345762
24	32	-1.9684004082819577
24	33	1.8574112151441216
24	34	0.7576678245991624
24	35	4.111946613461969
24	36	1.7041253073739322
24	37	-1.2460915319169428
24	38	3.644322646780115
24	39	-1.3132394707634425
24	40	3.150130465898293
24	41	-2.4287126701766986
24	42	0.3847585409578504
24	43	-0.11833451496408985
24	44	3.551788382218984
24	45	-1.8764194674716046
24	46	-2.246713972463014
24	47	-2.5743727359605635
24	48	-1.1178718687397649
24	49	2.5390228290887547
24	50	-2.565208668581833
24	51	-3.05765723545378
24	52	3.030728111317942
24	53	-0.5047057690272808
24	54	0.7012332496213347
24	55	6.2275816912680435
24	56	1.7961201793952253
24	57	0.6255898369461982
24	58	-4.504164760549685
24	59	0.6169657626707774
24	60	-0.20238522270894202
24	61	-2.0006024154194324
24	62	-0.6801997710177448
24	63	1.0491288323871264
24	64	-1.5556370247719855
24	65	-1.2566354112945468
24	66	-1.5878264091006897
24	67	-2.232235247392085
24	68	-2.082934613837517
24	69	-1.8829226511351396
25	25	NaN
25	26	5.550869440673561
25	27	-1.1789473322405744
25	28	0.7456478492460902
25	29	0.654312863433895
25	30	2.7632853774366692
25	31	0.48161611438661567
25	32	1.3543297566763823
25	33	-0.5156056275954297
25	34	4.270278239592949
25	35	0.48024688336846605
25	36	-1.7690023777335804
25	37	1.1995827852133134
25	38	-3.0553974694164365
25	39	-3.1516293231403623
25	40	-2.0091156384465347
25	41	0.7977958963679394
25	42	1.4648851344961509
25	43	-3.141021753116106
25	44	-5.437360210676715
25	45	-0.948411959179224
25	46	4.084829076544082
25	47	-4.657753073911604
25	48	-0.8670219663033879
25	49	-0.37423771097878294
25	50	-0.3694442393616269
25	51	-1.881104739438184
25	52	-2.234855583990997
25	53	-2.699703058917821
25	54	2.551648356807965
25	55	1.0438335765388451
25	56	-5.436953481991662
25	57	-0.6214234857358971
25	58	0.8926517928811605
25	59	0.28886784368370333
25	60	1.7998446922680043
25	61	3.5948509407955225
25	62	0.2626517937698717
25	63	-0.10186818224312108
25	64	-0.5831095586826243
25	65	3.9757990837296795
25	66	0.45765378625261055
25	67	2.9541132830060666
25	68	4.228607612528009
25	69	3.986020461698016
26	26	NaN
26	27	-1.3527380496181742
26	28	5.275294069272962
26	29	0.3508790892981451
26	30	-0.30457561316151105
26	31	1.6566194613422005
26	32	1.2236095178992235
26	33	0.053464867871796766
26	34	0.8744777046195951
26	35	0.007853878058795616
26	36	-0.23538792221221816
26	37	-1.0538190665832559
26	38	-3.2836588494283716
26	39	-0.4139804384867818
26	40	-0.5544633352767303
26	41	-0.1394350962130171
26	42	3.0808234637655936
26	43	4.381797262389598
26	44	-2.864996118325947
26	45	-0.7301736191780276
26	46	2.9298782271922112
26	47	5.25158301046079
26	48	-3.7540107088777184
26	49	0.4851799874149575
26	50	-0.2848696369665779
26	51	-0.5525861840909762
26	52	-1.3805498297775836
26	53	-2.8863761027033177
26	54	-1.016584378501357
26	55	-2.6347146011982194
26	56	-2.7734110518293953
26	57	0.26669684268132604
26	58	2.5618470368136856
26	59	-1.4848695606679059
26	60	2.1104350799630414
26	61	0.5233412761776152
26	62	-0.04218944074783751
26	63	-1.781911350120514
26	64	-0.6045502327655538
26	65	1.4260626070983433
26	66	0.24856192714646563
26	67	2.14002456076537
26	68	-1.366388759591589
26	69	3.3225073891714154
27	27	NaN
27	28	-0.23931821437120335
27	29	2.2522161351405776
27	30	-1.9319499479519515
27	31	-0.4331326616199181
27	32	-1.3492584023544238
27	33	-0.9280443820797101
27	34	-2.4761576096477147
27	35	4.705614073223936
27	36	0.2782549224993069
27	37	1.8073192882273037
27	38	1.00514973410625
27	39	-1.1841305966513764
27	40	1.8079994233370764
27	41	-4.234188681495873
27	42	-1.8997486253502187
27	43	-0.09395992975723921
27	44	1.5712444271059625
27	45	-0.998864377910569
27	46	-1.616228979434569
27	47	-0.3972106693286184
27	48	0.43045477164175516
27	49	4.553436637839522
27	50	-3.2448967979267427
27	51	-2.1492726153848225
27	52	2.3294070613271156
27	53	1.3784549069157765
27	54	-0.7199276748350885
27	55	2.2038770747027767
27	56	4.4220195110487674
27	57	2.7836151272104104
27	58	-3.0583383249083353
27	59	2.2555426309416164
27	60	-4.16941781602576
27	61	-0.6015055258990912
27	62	-1.5472472372746946
27	63	3.644845615541454
27	64	0.4099858448273218
27	65	-0.30626704985611625
27	66	-0.7995933313576279
27	67	-1.7830908833085917
27	68	1.7390467018115712
27	69	-2.570093228411274
28	28	NaN
28	29	2.3765140426759643
28	30	1.336153918447792
28	31	-0.8138881835734719
28	32	1.117171084480558
28	33	1.6283544674224606
28	34	0.20421119885771657
28	35	-0.13416219195009343
28	36	2.4394289770601763
28	37	-1.211943896741092
28	38	0.2987932257080288
28	39	1.2476208932645385
28	40	-2.2282028068274005
28	41	-0.36043811039353046
28	42	-0.11041511858375834
28	43	-0.38487255734470943
28	44	0.004972951302899787
28	45	-0.6978261121336414
28	46	-2.4859994806962527
28	47	-0.7034261840006293
28	48	1.1939180036275274
28	49	-1.2928989988049029
28	50	-1.3020240447797289
28	51	-3.211935966581643
28	52	-0.26901811077807797
28	53	-1.5578489026097389
28	54	3.6270265429517545
28	55	-1.1985434129610575
28	56	0.1548923470906898
28	57	0.8108795405730121
28	58	1.8482625882102444
28	59	1.2666043916787117
28	60	0.15073681394443997
28	61	1.912489909691032
28	62	-1.4378103876821937
28	63	-1.888624904295716
28	64	1.0665890413445174
28	65	2.4500973977126854
28	66	-1.2593158738036587
28	67	-2.1498662216316524
28	68	3.6995252787236907
28	69	0.23317624055426847
29	29	NaN
29	30	2.978701014060704
29	31	0.2556941372630131
29	32	-0.67994922235054
29	33	-0.5798155736727113
29	34	1.815662068751059
29	35	-1.7122151645298092
29	36	1.6714371095795808
29	37	0.15709325910779293
29	38	-3.681845240872459
29	39	-0.2384755197853958
29	40	-3.6363630316036173
29	41	4.469937786055212
29	42	-0.08012489682192182
29	43	2.6763312810760156
29	44	-4.265887317388787
29	45	0.35190579596484023
29	46	4.169365231960544
29	47	-0.8906546380103781
29	48	2.996512765909727
29	49	-1.1832889160238056
29	50	-1.8913705415528772
29	51	1.6964092561153925
29	52	-3.267512897297561
29	53	-2.7986670856985856
29	54	1.711935777480521
29	55	-0.5411361313885062
29	56	-0.9400638590916257
29	57	0.9706287158084549
29	58	3.183268796537116
29	59	-2.2850220464428057
29	60	-0.68188700205239
29	61	4.00567750983284
29	62	3.4114915198079
29	63	-1.3173499214910886
29	64	-2.085074513789228
29	65	3.0832166189574144
29	66	1.4239573843573996
29	67	0.7451460908904465
29	68	1.492568242098793
29	69	3.9455526021378846
30	30	NaN
30	31	3.771935281625109
30	32	3.3112531095658277
30	33	-0.06294935982121416
30	34	3.4146335848425124
30	35	-2.6305211203673795
30	36	1.0757118533839471
30	37	-0.5398465514908228
30	38	-0.5099788504074371
30	39	3.2672952991686524
30	40	-3.47604327604254
30	41	-0.8084395626365962
30	42	-0.7640325997319429
30	43	3.4851800756353652
30	44	-2.6844996567061763
30	45	0.4163589264696354
30	46	1.7743957468783684
30	47	-1.609072309727284
30	48	4.152357230601474
30	49	-0.9896393183577166
30	50	0.450521934497059
30	51	3.5502044253855165
30	52	-3.4445171527023777
30	53	0.6754586818015135
30	54	0.3593316483855198
30	55	-1.509557208278424
30	56	-2.0424803452237144
30	57	-1.1447334053317026
30	58	-2.3327234698563926
30	59	0.01427570657961813
30	60	2.135880778066694
30	61	2.122658948016643
30	62	-0.7814961800854453
30	63	0.3302441361989993
30	64	0.9373196120238642
30	65	1.9093328117781863
30	66	-0.3547366912862645
30	67	-1.7603509193525753
30	68	3.5877215964364684
30	69	2.1431725614524177
31	31	NaN
31	32	1.1354119900457664
31	33	-1.2088155751593013
31	34	-0.38810083314355687
31	35	0.30381171284116254
31	36	-4.276197422553973
31	37	-1.1408871872141828
31	38	2.2778765394697675
31	39	0.606261479940089
31	40	-1.7733598098846408
31	41	2.0477151419457043
31	42	-0.5989952480198868
31	43	-0.31841118925346446
31	44	2.252690417943518
31	45	-0.508790993289356
31	46	2.672561201453007
31	47	0.7009789384652776
31	48	-1.4663860246140328
31	49	1.8979990113067695
31	50	-0.2961454149835998
31	51	-2.4598510485662732
31	52	-2.6376248992717017
31	53	1.7007958535255374
31	54	1.5970564005252958
31	55	0.9310357546457901
31	56	4.89801036780144
31	57	1.1399009726052352
31	58	-2.062304262755259
31	59	-0.47776800849497414
31	60	-2.416814642898284
31	61	-0.5873764522586125
31	62	-1.3273326818307265
31	63	1.6405458421149215
31	64	-2.246801358128752
31	65	0.22416492418985431
31	66	-1.3585801818783592
31	67	-0.08580428253745312
31	68	1.020499746121312
31	69	0.859346151280459
32	32	NaN
32	33	3.126921759221281
32	34	3.8317345306596895
32	35	1.0030192075886046
32	36	-3.0713390422110423
32	37	0.41363813784081643
32	38	-0.5110670039006795
32	39	-2.506468335150858
32	40	-1.3855071042455218
32	41	1.9256984838884372
32	42	1.2172973899042183
32	43	0.03475758983686197
32	44	-3.5608232063842284
32	45	2.295649077626743
32	46	3.1502151903153024
32	47	2.8640227445353985
32	48	-0.019448237890938896
32	49	-2.360636434996138
32	50	3.280467671432942
32	51	1.8634406823787693
32	52	-2.342338028333113
32	53	1.9547221684754086
32	54	1.6292895889420205
32	55	0.3388096981254768
32	56	-1.1064293859468732
32	57	4.1967926488145455
32	58	2.044426366771961
32	59	1.0426271024469427
32	60	-4.138053965115431
32	61	1.5485782145943434
32	62	3.9804914230002093
32	63	-3.507862835809553
32	64	-0.6587406573482499
32	65	0.9866005684863566
32	66	1.2392301932686887
32	67	-1.2370663301047464
32	68	-0.63563188952784
32	69	0.7911172736526659
33	33	NaN
33	34	-1.6790992703131737
33	35	-1.4341111593529599
33	36	-2.0373737949655912
33	37	-1.7730999496691826
33	38	-0.16547058161921863
33	39	2.3772851914115978
33	40	-1.1700432642635081
33	41	0.3753155188981928
33	42	-3.062856164974805
33	43	0.4207370043941233
33	44	-0.9994921534213376
33	45	1.7793255727860258
33	46	-0.8174688289762675
33	47	1.7856362831779946
33	48	2.395983858702476
33	49	-1.4511201449472895
33	50	0.3344304839325198
33	51	-0.13022929839469816
33	52	1.7605939271939273
33	53	-0.34802634786010717
33	54	-2.7081215901863365
33	55	-0.19296339946347504
33	56	-2.1331805084394144
33	57	-0.40945103365340574
33	58	-1.089521495158246
33	59	-0.22006494138710178
33	60	-0.13016587301444452
33	61	0.5423349684483674
33	62	1.6231137043190436
33	63	-0.27175734270959684
33	64	2.752584261293445
33	65	0.45975032442871244
33	66	-2.517663153502929
33	67	1.6980776609418125
33	68	-0.060381197371617706
33	69	0.2814716765399875
34	34	NaN
34	35	0.6132500126788893
34	36	3.352129569478983
34	37	2.8210509160812007
34	38	-0.6705187227751612
34	39	1.3229113847850802
34	40	-2.1235281857551787
34	41	1.2726510356856997
34	42	-1.3575160176193874
34	43	-0.9731884791270325
34	44	-2.1981741298301234
34	45	-2.349448901887155
34	46	-0.01693759590628266
34	47	0.18083269132731264
34	48	0.8516950630290048
34	49	-1.6434793482307506
34	50	-1.6541991464350136
34	51	1.297703780299856
34	52	-0.9024782402390134
34	53	1.446580400194158
34	54	0.08113124168761394
34	55	-2.7917245763011205
34	56	-1.5827152437524834
34	57	-0.7202936581358721
34	58	-0.5365561180985934
34	59	0.49474739262015277
34	60	-3.458264247186703
34	61	1.81452683779866
34	62	0.5203831035820122
34	63	-1.1308495443346942
34	64	-1.180962200977791
34	65	-3.0666586943790133
34	66	0.9101273046962411
34	67	-0.46207237216912067
34	68	1.8431364930747114
34	69	1.9090848437760974
35	35	NaN
35	36	-2.2401596106557506
35	37	0.6528882422108824
35	38	2.043012509789635
35	39	-0.053286067660455336
35	40	2.382720537709832
35	41	-2.0249257971426062
35	42	-1.855246423571796
35	43	-1.2155828013853367
35	44	3.610531368113389
35	45	-1.5904306696501047
35	46	-0.8122001521862244
35	47	1.5505500844913178
35	48	-2.6577693590044245
35	49	2.24064214778748
35	50	-4.96022372993072
35	51	-0.6614415588420683
35	52	1.324891891074873
35	53	0.9083448237304835
35	54	2.2913633877685613
35	55	1.3352709028493832
35	56	0.5124476111115035
35	57	2.449519951811731
35	58	-2.2087100584240704
35	59	0.9181912794419239
35	60	-0.3441506971110739
35	61	1.6954743587533492
35	62	-1.423041572117249
35	63	1.237978450501451
35	64	-1.1284735384057687
35	65	-0.5486657949921597
35	66	1.0295751029972728
35	67	-2.490978235107632
35	68	-0.4061730010538721
35	69	0.5536078924830543
36	36	NaN
36	37	2.2786587932648725
36	38	-1.5772805609858358
36	39	-2.0893287879880735
36	40	-2.385133371262888
36	41	-2.412882545829784
36	42	1.6415951655166117
36	43	-2.431131768824361
36	44	-0.9971587656628289
36	45	1.0443673632365726
36	46	-2.6858994924811324
36	47	-2.8371491233688504
36	48	0.683312529626384
36	49	-0.393744267825559
36	50	-1.373660124896741
36	51	1.956991782241594
36	52	-0.8547743279430634
36	53	-1.1290022429480806
36	54	-3.6085845084838466
36	55	-1.1623377379312199
36	56	-0.6238156229528959
36	57	-2.1089088754156045
36	58	-4.4748957427453275
36	59	-1.2255259012649886
36	60	-1.6795226556632312
36	61	0.03760916294520732
36	62	-4.408198134206416
36	63	0.18704480625061845
36	64	-1.3703747521273348
36	65	-1.349667948233383
36	66	-3.1252074779505032
36	67	0.6941098423914817
36	68	1.3689527303169409
36	69	-1.692749949954106
37	37	NaN
37	38	-2.0166022556335337
37	39	0.33267937631067407
37	40	-1.4728036128891857
37	41	-4.14755098585722
37	42	-0.1512541068582565
37	43	-1.161160810280993
37	44	-1.4640731267514284
37	45	-1.6716668371210632
37	46	-2.2378162971112543
37	47	1.296530152032388
37	48	-3.0727082125385654
37	49	2.358593452529049
37	50	-0.3765259584753885
37	51	-0.14314440566279343
37	52	-0.7303516642761754
37	53	-1.417093507403726
37	54	-1.521436883583334
37	55	-1.650402876189683
37	56	-0.661438821315584
37	57	-1.269223853872954
37	58	-1.468448602089603
37	59	1.1048234741196092
37	60	-1.2640461120302395
37	61	3.4571324791300597
37	62	0.8000137277557212
37	63	-1.6109612762744343
37	64	-3.5125022163448465
37	65	0.976086781476703
37	66	-0.7302444662210454
37	67	-0.7205216289740147
37	68	-1.081658918950867
37	69	-1.4250778999555724
38	38	NaN
38	39	0.022164336111026122
38	40	3.4129526172634708
38	41	-1.3564113735203729
38	42	-2.1972107599373834
38	43	1.6372069902254534
38	44	2.4386895176944456
38	45	-2.8057892559529933
38	46	-0.607543536344564
38	47	-1.227267613993937
38	48	-2.971169312488818
38	49	2.889539002224474
38	50	-0.04238558454389098
38	51	-1.0532736049455644
38	52	1.2252737506843567
38	53	-0.06804447628017347
38	54	-1.8677892347608438
38	55	2.1065880575033313
38	56	1.2836577388034884
38	57	0.3380697213205422
38	58	1.2082819333733048
38	59	2.148531136915262
38	60	0.7631513528581141
38	61	-0.42890051800095236
38	62	-2.3553485441157718
38	63	0.19641215842139312
38	64	-1.8233584455792606
38	65	-0.3571795027914438
38	66	0.2530826952774371
38	67	0.10348791164808951
38	68	0.623775924170883
38	69	-1.8334944788269234
39	39	NaN
39	40	-0.9244770842544925
39	41	-2.1209825264306916
39	42	-0.5757949630553221
39	43	-1.7097967714149338
39	44	-3.1395653987702623
39	45	1.2968536783390525
39	46	0.25069756436140456
39	47	1.4253275466977087
39	48	-0.7602312489293911
39	49	-1.2414398279274395
39	50	-1.7469737021097707
39	51	3.884820706748081
39	52	-1.8312808558119493
39	53	-2.4335024804541145
39	54	0.3258165318499377
39	55	-1.5945265948620333
39	56	0.6466659618900485
39	57	0.8247541582966548
39	58	-2.6193473351102807
39	59	-0.5143866895039049
39	60	-1.231796656088504
39	61	-0.4749626206204312
39	62	-1.457383099598178
39	63	-0.9356099284900989
39	64	-4.662536727545743
39	65	-4.124030947138849
39	66	2.2884122644452285
39	67	-0.46338610052567053
39	68	-0.24338164080400834
39	69	1.3770879212922946
40	40	NaN
40	41	-3.1120760568609263
40	42	-2.5566767862564026
40	43	-2.6992665186051776
40	44	60.46349315275144
40	45	-2.0972381895958914
40	46	-2.569416023412445
40	47	-2.180358949588912
40	48	-1.868318390094803
40	49	4.095772516422705
40	50	-3.219824557957016
40	51	-3.8361192451715045
40	52	4.483698515556725
40	53	0.8297403886261212
40	54	-0.5962529355544213
40	55	3.2155426819517094
40	56	1.8391050740651618
40	57	-0.3570634341189771
40	58	-3.791060531977617
40	59	-0.13932445723169917
40	60	-4.478815447235694
40	61	-4.329451995556339
40	62	-4.0692168361025685
40	63	1.7416120749388757
40	64	-1.8240835896165875
40	65	-3.0818479043046243
40	66	-2.570883059086
40	67	0.6227288548935965
40	68	-3.4497616738777817
40	69	-3.6946715608546716
41	41	NaN
41	42	4.19166056987503
41	43	0.5271930880478103
41	44	-2.1184694232381505
41	45	-1.159182157872495
41	46	-1.5288025688013704
41	47	1.9850734544648863
41	48	1.7875019536294305
41	49	-0.2678697360038663
41	50	-0.1691174772531389
41	51	-0.05121867112132596
41	52	0.527626075097943
41	53	-3.466343265964513
41	54	-1.3511472547017285
41	55	0.37490494261462887
41	56	-2.3238649995764264
41	57	-1.47250239795375
41	58	-3.208088955641974
41	59	-0.3433042293184849
41	60	-0.7515298906496822
41	61	-2.212952831382308
41	62	-4.602696015276478
41	63	-1.7212536961806666
41	64	-0.9398748213000161
41	65	1.5904138957662615
41	66	0.7783962009620203
41	67	2.107274461253978
41	68	1.9925157902779866
41	69	0.6901816930913125
42	42	NaN
42	43	3.3205201739395025
42	44	-2.749824708068259
42	45	3.845436995429714
42	46	1.052973718476468
42	47	1.4758662483685974
42	48	2.153033995323624
42	49	-2.4488876176285275
42	50	-2.2033076431103744
42	51	1.3631460957329096
42	52	-2.478395415076182
42	53	-1.018193754914438
42	54	1.4477275006879198
42	55	-0.33405675504063337
42	56	-2.70285119554855
42	57	-0.9554618027473663
42	58	0.3597008904942451
42	59	0.7696119439476063
42	60	0.02586879016698314
42	61	1.3856418017268772
42	62	1.7101190324101077
42	63	-1.3602912067136375
42	64	-0.24771570827568337
42	65	0.5038012227330567
42	66	0.5898223951277725
42	67	2.3955362996993443
42	68	-2.114247180179395
42	69	1.6795831939070112
43	43	NaN
43	44	-1.1862948056940665
43	45	1.2988936598028844
43	46	0.3438296710522352
43	47	0.5952095699147472
43	48	2.5866840930529795
43	49	-0.17783244075507945
43	50	1.5756620298546975
43	51	0.36332528093450944
43	52	-2.513555716522451
43	53	-2.9180517326876108
43	54	-2.6360554277638553
43	55	0.47093284777723804
43	56	-0.453771875959066
43	57	-0.3510471054513524
43	58	-1.4323293278176517
43	59	-1.3335165760857723
43	60	3.0143039457404073
43	61	1.3458453764762413
43	62	3.3593890218221834
43	63	-1.2205110910422345
43	64	-1.0001772324743645
43	65	1.334484782863823
43	66	-0.371816846446705
43	67	2.719112993088401
43	68	-0.4505055295982177
43	69	0.46037192284827205
44	44	NaN
44	45	-1.4132012792697681
44	46	-3.094231322017692
44	47	-3.4113237606530933
44	48	-1.4027591619024784
44	49	3.734975572571386
44	50	-0.6521698127057964
44	51	-1.7614358141661344
44	52	2.917988164677059
44	53	1.2788608397506485
44	54	-0.7429983307115771
44	55	2.117613209790037
44	56	2.694145562215489
44	57	0.716872099606248
44	58	-2.996863134165294
44	59	-1.2152905131746714
44	60	-1.6646133084017758
44	61	-3.3906207018610957
44	62	-3.804463284850239
44	63	2.168435769726616
44	64	-1.7248569304899302
44	65	-1.179461870548102
44	66	-2.8442982542972066
44	67	-1.5379671538832889
44	68	-3.484665462399499
44	69	-3.3403745929337583
45	45	NaN
45	46	-0.5736049058337295
45	47	-0.10845301275677328
45	48	1.0174740921306658
45	49	-0.10967399440914172
45	50	1.9585590805953557
45	51	-0.09919403667568175
45	52	0.031750299280908424
45	53	-1.3455100756894607
45	54	0.3151756885900852
45	55	-3.0464659930145674
45	56	-2.05043455731674
45	57	-0.6116344095342491
45	58	-1.3477265481419793
45	59	-0.1390077749927956
45	60	0.4466015492334371
45	61	-1.0169675424516467
45	62	-1.840376289031105
45	63	2.3366596943574245
45	64	4.8071458687206166
45	65	-0.46214179666759525
45	66	-1.9121343849435153
45	67	1.9350215430189932
45	68	-0.1071208244619073
45	69	-0.3453902943586357
46	46	NaN
46	47	0.8850754608867967
46	48	1.0590420160262852
46	49	-0.2174225357175378
46	50	-0.337967939865922
46	51	1.8497007005393047
46	52	-2.305859430591421
46	53	-1.7389694467057437
46	54	-0.012613886815249616
46	55	-2.9403353878788048
46	56	-0.33404713079965104
46	57	-3.3316010842251766
46	58	-1.4866326310427913
46	59	-2.745771041220796
46	60	-0.16171912710946812
46	61	3.8871201313525483
46	62	2.3598895896757335
46	63	-0.21963998193098708
46	64	-0.48800274671020843
46	65	-0.2429430355175149
46	66	2.4524467432850288
46	67	-0.8331160794791972
46	68	-0.23304786004177205
46	69	-1.9626565334630495
47	47	NaN
47	48	-0.6875771777183481
47	49	-1.2808224959150614
47	50	0.8167145906102155
47	51	4.983795423342472
47	52	-2.491586085104057
47	53	-3.10531028027685
47	54	0.017169242386438133
47	55	-0.7385411813947557
47	56	5.359442957964373
47	57	-2.1052809150858334
47	58	-1.4555304687725394
47	59	-1.1071556416836177
47	60	-0.12443055737257118
47	61	-1.8962254787825372
47	62	-0.4460239961414012
47	63	1.3233068558774723
47	64	-3.0315156644630994
47	65	1.4120331282792822
47	66	1.0653488718812245
47	67	1.3159621444617913
47	68	0.22962094023235238
47	69	2.76451153561644
48	48	NaN
48	49	-0.6235749874758164
48	50	4.355018488252446
48	51	1.9167125302929304
48	52	-0.8009377272639463
48	53	0.5997422113315
48	54	2.9615254535678592
48	55	-2.684714251221944
48	56	-2.0541170283055807
48	57	-0.45018637771076003
48	58	-0.18452211171142002
48	59	-0.21992266902819788
48	60	-4.4241327273494315
48	61	-2.631066250773077
48	62	-1.7247007845622189
48	63	-1.5310151433993195
48	64	2.4932634568659564
48	65	-0.5770754777656468
48	66	-0.07859427314216207
48	67	-0.2524829479901338
48	68	-1.3110336815416088
48	69	-0.1775053104502578
49	49	NaN
49	50	-0.33201733292156266
49	51	-2.1206344388188456
49	52	1.5530879849111576
49	53	1.0061414491656147
49	54	-0.7388661075075376
49	55	2.491806647298092
49	56	3.0653401937311604
49	57	3.2820522068974523
49	58	-5.499141889565772
49	59	1.541887500395903
49	60	-0.9231556110810551
49	61	-0.9335670244322416
49	62	-1.7122329597474695
49	63	3.4493529134758116
49	64	-1.3969452894706906
49	65	0.9125816255378351
49	66	-0.7728846031663112
49	67	-2.0069219652676153
49	68	-4.389896241190544
49	69	-1.0603889940920432
50	50	NaN
50	51	1.519627485217141
50	52	-0.12611279080642093
50	53	-0.027967268516494687
50	54	3.549341586639359
50	55	-0.6850360025359001
50	56	-0.6816064361632735
50	57	-0.7396287866616971
50	58	1.3022846395937373
50	59	-0.3616236362165372
50	60	0.8180837598884569
50	61	-1.737964041841072
50	62	-0.507115064467677
50	63	-0.2929787410203941
50	64	0.029094095364466468
50	65	-2.2525269881768932
50	66	-0.06135114648884955
50	67	3.1713370642412206
50	68	3.0393200967182876
50	69	3.9073302915703922
51	51	NaN
51	52	-2.5245943612085338
51	53	0.9133253075147411
51	54	1.7183950832392174
51	55	-0.5367694462317456
51	56	-2.3963292180620717
51	57	-1.5553256530821475
51	58	-0.6777526122739383
51	59	0.006341522110677657
51	60	0.42786520590963484
51	61	1.3249048805810022
51	62	1.3749609283625124
51	63	-2.88420326817963
51	64	-0.7186073391389337
51	65	0.698578730503701
51	66	2.4623220968485695
51	67	1.449621698474854
51	68	-1.0696434840501294
51	69	0.3827075155188607
52	52	NaN
52	53	-0.07616539710399405
52	54	1.0850986819387642
52	55	2.749639997670722
52	56	1.656244401404269
52	57	0.21465419564194402
52	58	-3.9264859107421946
52	59	-0.11221193336590196
52	60	-3.2564474307686795
52	61	-1.8064350140913965
52	62	-2.5710809930770115
52	63	3.0096585866628223
52	64	-1.5086922434854706
52	65	-1.5123016639668807
52	66	0.19662707164052912
52	67	-0.09691953710857913
52	68	-1.9118990724504286
52	69	-0.18734758468167895
53	53	NaN
53	54	0.35741201717151544
53	55	1.0766520922413358
53	56	2.4445142385949707
53	57	1.3516789437969225
53	58	-0.9013310713293139
53	59	-1.7584071367064007
53	60	-2.370774559929219
53	61	-0.7520341383129124
53	62	-1.3255505961264546
53	63	1.2690687276264925
53	64	-1.4173018685845538
53	65	1.3478793589578375
53	66	-0.39023288581272003
53	67	-2.7016364392486816
53	68	-3.492537280892328
53	69	-2.5417486996629517
54	54	NaN
54	55	4.761185233646024
54	56	1.133439237119599
54	57	-1.5873500066542106
54	58	0.15270405209166038
54	59	0.550026454205309
54	60	-0.9457118419344753
54	61	-1.1120296373451748
54	62	-2.5889403986009825
54	63	0.32560586238247247
54	64	-0.1329995756808291
54	65	0.16323042005843272
54	66	0.3198483887481371
54	67	0.7369066626882012
54	68	-0.9350309123342484
54	69	5.137229015299044
55	55	NaN
55	56	3.5277893119387698
55	57	1.7408882744576115
55	58	-1.3789599484365498
55	59	0.10134749575988408
55	60	-1.7006062895120535
55	61	-0.293977393851963
55	62	-1.769956057550707
55	63	-0.33187531110007695
55	64	-0.4834213903803214
55	65	-1.4581383116565783
55	66	4.795719244618468
55	67	-2.3405090564254873
55	68	-5.0951415109939555
55	69	-1.455721561582378
56	56	NaN
56	57	0.896952789955098
56	58	-1.863054344534777
56	59	-1.5879466482905236
56	60	-2.535938431171116
56	61	-0.5944397369237883
56	62	0.2911335434639442
56	63	1.7306307737063995
56	64	-0.9036423011812399
56	65	-1.8258051434694227
56	66	2.83829858302995
56	67	-1.774423099807544
56	68	-1.7677245158511694
56	69	-2.843453505145828
57	57	NaN
57	58	2.603813440059664
57	59	2.3595065227945313
57	60	-0.21460245253879895
57	61	-1.0128349871168625
57	62	-3.0321407733436136
57	63	2.035919653740063
57	64	-0.35601009167575026
57	65	-1.143509612642275
57	66	-3.9559389750505973
57	67	0.7790179270228547
57	68	-1.30296401303869
57	69	1.638003039783153
58	58	NaN
58	59	0.17796991042957488
58	60	-0.041732269746306005
58	61	1.6014879631467096
58	62	32.51922594253322
58	63	5.10565122671392
58	64	34.27894355556005
58	65	-0.2580938677846463
58	66	1.564558875055611
58	67	-1.6937458728618824
58	68	2.0032070183111417
58	69	1.1553312325770737
59	59	NaN
59	60	-1.407188944597106
59	61	1.0551869569174412
59	62	0.558236226263115
59	63	-0.5992427051307271
59	64	6.887964422154945
59	65	-1.8073914581771988
59	66	-2.3967556997979655
59	67	-1.254871668728777
59	68	2.3546431139603223
59	69	-1.2035904251307872
60	60	NaN
60	61	3.184569201239013
60	62	4.7002270519083025
60	63	-0.2306966016835769
60	64	-1.821960638991899
60	65	-1.9857482300184066
60	66	-0.7073125927360547
60	67	-3.8689767529091794
60	68	3.2502950714607017
60	69	0.3602987330346622
61	61	NaN
61	62	4.694809398842381
61	63	-2.874064278573254
61	64	1.3619975561303908
61	65	2.0059211422327614
61	66	0.5749116680007685
61	67	1.951779532839723
61	68	0.857570033557916
61	69	3.963039372254908
62	62	NaN
62	63	-1.8509628903522182
62	64	2.9356197004273614
62	65	-0.7986040117608085
62	66	-0.2576734250922706
62	67	-0.2744532371922291
62	68	-0.9423833620524475
62	69	0.2704410763593216
63	63	NaN
63	64	-0.3970953146453959
63	65	0.5868039042358922
63	66	-0.5833442641955099
63	67	-0.8062520938205929
63	68	-1.3914059814884656
63	69	-1.8283681340143891
64	64	NaN
64	65	-0.6238061687180438
64	66	-3.3882123393253725
64	67	3.225547503978201
64	68	2.0338438331680972
64	69	-4.170827004298608
65	65	NaN
65	66	-2.3927559194440846
65	67	1.2520305578135174
65	68	2.732766246324505
65	69	-1.4676531290896215
66	66	NaN
66	67	-0.7463666081763599
66	68	2.5929155309139844
66	69	-1.9662827523887463
67	67	NaN
67	68	2.1178231444524553
67	69	-0.6356482300905676
68	68	NaN
68	69	1.0270931362185916
69	69	NaN
