1	1	NaN
1	2	-2.6664501071889743
1	3	-3.52426952578473
1	4	-2.9758781059687553
1	5	0.7960542929422761
1	6	1.3568062134025662
1	7	2.5778219790425525
1	8	-0.3314967499938446
1	9	3.151173229501074
1	10	0.35319974309426294
1	11	-1.1154186227536098
1	12	-1.3287950220071674
1	13	-1.9194835264563608
1	14	0.508714404343461
1	15	-1.6279190224720153
1	16	-1.4116689772867956
1	17	0.7538726650124449
1	18	-0.9203520180621187
1	19	1.7374087827956468
1	20	0.8507334009534141
1	21	-1.4744675574074881
1	22	-2.2721746852100564
1	23	-0.9392793843867399
1	24	2.850304206092478
1	25	-0.7981543230546576
1	26	-0.7382534715165951
1	27	0.28506326125776627
1	28	2.456662643222084
1	29	-1.4879965409255342
1	30	-0.7017965902431994
1	31	-1.9735829832930558
1	32	-1.2861777905539822
1	33	2.0547062464514236
1	34	0.6885905635648977
1	35	2.8478690298766822
1	36	1.187786140647543
1	37	-1.091449792651599
1	38	1.283446587547237
1	39	-0.5857188779123791
1	40	5.417389259534144
1	41	0.8806830241361125
1	42	-4.2265646799786865
1	43	-2.170607173878021
1	44	1.0003070752114198
1	45	-1.0570019825478867
1	46	-3.246416255785754
1	47	2.930863234804741
1	48	-3.35042254211275
1	49	1.8714164595557254
1	50	-1.5061125901010461
1	51	-0.875501739204193
1	52	2.4074778879639447
1	53	0.9160247084602964
1	54	0.7141962061908858
1	55	2.4424544762160925
1	56	2.507768924451077
1	57	-1.326682463172819
1	58	0.689247226600412
1	59	2.613626781429691
1	60	-0.25001005295771594
1	61	-3.7867105468472104
1	62	0.22195716194344392
1	63	0.31311591048576315
1	64	-0.0685069909899192
1	65	-0.5666859660454898
1	66	0.29271134728705706
1	67	-1.574691325236067
1	68	-1.9767533318451052
1	69	0.5979332152379824
2	2	NaN
2	3	0.6197722635071259
2	4	3.5644450838917647
2	5	-0.857787685804077
2	6	-0.8861705613733104
2	7	-1.1292450823435891
2	8	-3.590312302241779
2	9	1.245959157008172
2	10	-2.903766249414424
2	11	-0.25196780269428193
2	12	-1.2211277026258744
2	13	1.0728962741896608
2	14	-0.9050813753624608
2	15	2.6286218283942784
2	16	1.5761311160307205
2	17	-1.5347125795647887
2	18	2.54380097396532
2	19	1.7740300107209077
2	20	-1.7085351356165492
2	21	-2.014446816755351
2	22	-0.3405196187843024
2	23	-3.4875482719378086
2	24	-1.5045248212191895
2	25	-0.5552941711104012
2	26	-0.8582059639407842
2	27	-0.20777377194359278
2	28	-1.5244350922225205
2	29	2.1643358868294444
2	30	-2.6720891120168977
2	31	-0.642604212079805
2	32	-2.7032116250163147
2	33	1.8681733648228174
2	34	1.9346676703481622
2	35	0.1336436760415783
2	36	2.6185871675987884
2	37	-0.603812959853314
2	38	-2.2130168023206216
2	39	0.13002354680561024
2	40	-0.6229534507440055
2	41	-2.107935207861176
2	42	-0.20900333069302104
2	43	0.09171928599475612
2	44	-0.640939269154056
2	45	-1.672428073190378
2	46	1.8607882309924169
2	47	0.14665908002181322
2	48	2.9550401775592836
2	49	-0.20295813846819727
2	50	0.6886566953987331
2	51	-0.5004228817957935
2	52	-1.8721254535782974
2	53	-2.47585461987365
2	54	-1.5039734815970789
2	55	-1.108326111790692
2	56	-0.5888348639491965
2	57	0.8385387076716772
2	58	1.5247633384320254
2	59	-0.8810738336054518
2	60	-0.12415733020215411
2	61	30.843655414572446
2	62	-1.1865304055138477
2	63	-1.4543096392448311
2	64	-3.380132240244298
2	65	1.6569444027640883
2	66	-1.2776957272541463
2	67	-3.119142608597474
2	68	-0.18937986880273097
2	69	-0.6784098487939327
3	3	NaN
3	4	1.1646865000476059
3	5	0.26366375035749356
3	6	-2.3986632380667823
3	7	1.2383271838964507
3	8	-0.7604021952062153
3	9	-1.4926520303857105
3	10	-3.08973207832838
3	11	1.2937574783719494
3	12	-0.5254680465651757
3	13	1.219044688240375
3	14	-0.9237227000896088
3	15	-0.03601950173239863
3	16	3.334284485765931
3	17	-0.07929494114481599
3	18	2.1023896097015213
3	19	1.2235272972389029
3	20	-2.1725730160035317
3	21	-1.9897170198539598
3	22	-0.22590881889296496
3	23	-2.4388750851964978
3	24	-0.27352788093782476
3	25	-0.27661090267543365
3	26	-0.9510318049377061
3	27	4.410164434590933
3	28	-2.5053661293404828
3	29	0.6774993452239265
3	30	1.4442643834264253
3	31	3.4463933352780662
3	32	1.1687147068131738
3	33	-0.9903522523774794
3	34	2.1403220926993174
3	35	-1.5423784658428268
3	36	-0.3011064046155597
3	37	0.26806778738304166
3	38	0.9560792958923331
3	39	-0.5117692137534774
3	40	-4.1299754606390495
3	41	1.2591579602403928
3	42	-0.05186458232173689
3	43	1.213715880754083
3	44	0.8931812422376167
3	45	3.8518056757359496
3	46	-1.4784940152961665
3	47	-1.5225372588206847
3	48	1.9125413929911008
3	49	-0.3023298578041811
3	50	2.3374208477420977
3	51	5.046735371187764
3	52	-0.5891993328950621
3	53	-3.800966633454798
3	54	0.3790971543820785
3	55	-1.7044860408934817
3	56	-1.8836900213185501
3	57	0.8456991119031567
3	58	0.6861196661516795
3	59	0.5589865031974215
3	60	-0.041500866645795664
3	61	-3.0775755041849115
3	62	2.7046131828437523
3	63	2.1452903020938208
3	64	0.80675837578506
3	65	1.1160809067253665
3	66	-0.5826289259791808
3	67	-1.917286001811468
3	68	0.37012523209475495
3	69	0.5058518694066838
4	4	NaN
4	5	3.1868415848497165
4	6	-0.9973718510944997
4	7	-1.615733230248904
4	8	-1.2017141395989015
4	9	0.0819253542155316
4	10	-1.4799429046324057
4	11	-1.5728823696064502
4	12	1.3331758333193782
4	13	-1.4595646659399943
4	14	-2.1650803301837396
4	15	-0.6131418752415936
4	16	-4.783441911197682
4	17	-1.567231956372881
4	18	-0.78679065878685
4	19	2.7722168917129677
4	20	-1.537933804660899
4	21	-0.014037215014389457
4	22	2.0045564173037316
4	23	-1.9772905778635677
4	24	-1.1847658273971147
4	25	-1.7972453212254953
4	26	3.574581670068887
4	27	-3.029548814083823
4	28	0.9282241205031787
4	29	-0.032881270659178875
4	30	2.7346624459898106
4	31	-0.05373109451656218
4	32	3.6103385302232143
4	33	1.216472957847908
4	34	-0.8734290123822511
4	35	-1.4911201437875965
4	36	-0.3430485209372859
4	37	-1.94566866560474
4	38	-2.452550020111288
4	39	-2.0935140562053243
4	40	1.225406236146659
4	41	2.149425606626238
4	42	0.7944356695554929
4	43	6.073487450980993
4	44	-1.672051472823543
4	45	4.480922474000762
4	46	1.9226182117227142
4	47	-1.0861527063591152
4	48	-0.6417738194511539
4	49	-0.8856926619926364
4	50	0.39735578192703735
4	51	-2.118702966633608
4	52	-0.5331668436960844
4	53	-3.105334781963515
4	54	0.13457043718603348
4	55	-2.2243027209634287
4	56	-1.4382839956814197
4	57	-3.828887083090902
4	58	-3.4847873223673553
4	59	25.173164211471
4	60	-0.07688523383206028
4	61	-0.22497186002336433
4	62	-2.0477735756607873
4	63	0.8370718730078734
4	64	-1.2936256294821082
4	65	1.7013438809037877
4	66	-2.3262657790499706
4	67	-3.2021036816007817
4	68	1.386890912698454
4	69	-0.10995336008589532
5	5	NaN
5	6	-1.7230748532224534
5	7	0.7209292916509416
5	8	-1.775685136443211
5	9	-2.3027640732232744
5	10	-1.0468609427453754
5	11	1.0599979929437875
5	12	2.347287146018095
5	13	-0.5503243237491505
5	14	-0.659511531546304
5	15	4.726302044811073
5	16	-1.41613322618199
5	17	0.5411483948549394
5	18	-1.5749816003778279
5	19	1.5576919733033034
5	20	0.06459701219652393
5	21	-2.2635690141053706
5	22	3.4708847332727
5	23	-1.2694845249409166
5	24	-2.968394155074686
5	25	-0.07857575698643117
5	26	2.8641313140557827
5	27	0.15673379226499284
5	28	-1.8770507538134515
5	29	0.1098703037396276
5	30	-1.4106622583318384
5	31	-2.480913438229608
5	32	2.0351482617590544
5	33	4.768113491701416
5	34	10.251870939437705
5	35	0.6016152482213881
5	36	-2.6098926619797376
5	37	-1.928877592300241
5	38	0.2155026770752536
5	39	-0.8423899437341742
5	40	0.3079622265896037
5	41	-1.0283857979887843
5	42	-1.4943175669694788
5	43	2.053129804295851
5	44	1.6642950267521188
5	45	1.2013807537149033
5	46	0.6391987190122143
5	47	-1.8704581514612646
5	48	3.0578435927334215
5	49	-1.737368607077177
5	50	-1.3087336714899303
5	51	1.522888794536486
5	52	-1.0799139193074954
5	53	-0.8355319766011942
5	54	-0.2030751109356885
5	55	-1.8331098748007688
5	56	-0.9644146509475657
5	57	-0.8208481475960583
5	58	-2.290425343791078
5	59	-0.8214119627875327
5	60	0.6735540991769123
5	61	-0.27444374605888533
5	62	-3.3045949177182
5	63	0.399277221454874
5	64	0.17077163103142617
5	65	2.7433438393167506
5	66	-1.7894401194847471
5	67	-1.553587574493309
5	68	2.2971016882960855
5	69	-1.9697699584939994
6	6	NaN
6	7	-1.3238566845430166
6	8	-0.5096092295802072
6	9	4.841796671115746
6	10	1.1307006618480226
6	11	-1.5587411054084426
6	12	1.5296531546164247
6	13	0.2882722432449904
6	14	-0.08132381061336681
6	15	-0.7552812537148462
6	16	0.6997233217611079
6	17	0.8393415993533113
6	18	0.22265280433584933
6	19	1.4909834796662458
6	20	3.2929092182324062
6	21	-1.186530803378948
6	22	-0.31996930703796317
6	23	-1.7786057367578731
6	24	1.594189459252362
6	25	-1.4328181004608298
6	26	-0.989345296381271
6	27	-1.6986352593956673
6	28	2.7480962446991244
6	29	-0.9347140947401018
6	30	-0.5566030176925508
6	31	-0.9115817996784095
6	32	-0.27587996190617026
6	33	0.0995838778289843
6	34	-1.5242350433774445
6	35	2.7998354575263478
6	36	-2.846441493418066
6	37	-0.750221704028385
6	38	1.103565685983289
6	39	-1.771275624232243
6	40	1.3819667096274693
6	41	-0.38802444380930756
6	42	-4.237257604014946
6	43	-1.3263206116719346
6	44	0.38172550355262463
6	45	-0.2548402814334763
6	46	-2.2039050337368082
6	47	4.857850632598529
6	48	0.44719165915347336
6	49	-0.2315350375797148
6	50	-2.06467925960865
6	51	-0.8882510968003575
6	52	3.820893389337449
6	53	0.9025940463062069
6	54	-0.7230734184089843
6	55	1.6822556558666624
6	56	3.528481952366774
6	57	0.8937239314820541
6	58	-1.5861695995016005
6	59	-0.733818559746939
6	60	-1.6017672025137
6	61	-2.46939109969112
6	62	-2.966410931478409
6	63	0.562660172184296
6	64	-0.16464168286737457
6	65	1.3899147964844325
6	66	0.8403479124340156
6	67	-1.374765236404691
6	68	-1.1481795811973448
6	69	0.9278278168477496
7	7	NaN
7	8	-1.451156747602353
7	9	-1.6488292031720224
7	10	-0.9264535460560335
7	11	0.22582267626198083
7	12	0.6556066057247795
7	13	0.8864197422228618
7	14	1.890079905041796
7	15	2.4139307655681033
7	16	1.4875560200925257
7	17	-0.9453279940160377
7	18	-1.7330799945180229
7	19	-2.1373297908625752
7	20	-1.6735996262255644
7	21	2.056939010104524
7	22	-0.4256364435351922
7	23	-1.62514987615348
7	24	0.5538122844926495
7	25	0.6019903313756219
7	26	2.69337693208541
7	27	-2.0633104905588424
7	28	-0.9385097949131624
7	29	1.6916030087726506
7	30	4.93920819778607
7	31	1.3996290021466145
7	32	-2.7553096977950453
7	33	2.1328401986631835
7	34	1.1188793934143608
7	35	-2.0803561129757995
7	36	-0.012001381416752692
7	37	-0.4652786706035746
7	38	2.9402454870007553
7	39	1.1294195218931569
7	40	-1.0689523414347941
7	41	0.39738413563416586
7	42	-0.09431951748461617
7	43	-0.3168757051647857
7	44	2.0182753563914457
7	45	1.8062330025331175
7	46	-0.03535192073263451
7	47	-0.2517427551651036
7	48	-0.5323322878959356
7	49	-0.7431851894849231
7	50	3.8807273093209838
7	51	-0.9348265260695303
7	52	-1.3955654232043755
7	53	-1.5948492281296556
7	54	-2.544461717403645
7	55	-1.9896935649278118
7	56	-0.8356115166557251
7	57	0.30830908154417414
7	58	-1.0987054493376116
7	59	1.4474963556253264
7	60	-2.6201494045489966
7	61	1.6370269151348988
7	62	0.7094020653767695
7	63	0.09304619155877598
7	64	0.08715545551260669
7	65	-2.458725288763398
7	66	-0.07209285061601499
7	67	-0.5267515145389376
7	68	3.7675884979853502
7	69	-1.846500649595074
8	8	NaN
8	9	1.0461014398370827
8	10	-0.05255020753008374
8	11	1.4138557344440037
8	12	0.25569356975447816
8	13	-1.058883388592318
8	14	-1.1063580100618582
8	15	-2.000491336698794
8	16	-1.7575603936098465
8	17	0.38072814453466647
8	18	-1.0612638055135983
8	19	-1.494587680132139
8	20	0.5320127499308025
8	21	7.368581891127114
8	22	-0.5027318018551437
8	23	-2.7981390142528078
8	24	2.0768769441507193
8	25	-0.6302684796569564
8	26	-4.441363756610341
8	27	2.373960870947156
8	28	2.6685891791484906
8	29	0.6335319241246687
8	30	-2.8905169058774542
8	31	-0.729133083356672
8	32	-0.9979625434816246
8	33	-0.5854848017395615
8	34	2.476231029661692
8	35	-3.6488265867270644
8	36	3.464561174706266
8	37	15.981504885365958
8	38	1.1302402669472331
8	39	-0.9527820842878943
8	40	-0.9979313225162155
8	41	-1.080885819290925
8	42	-0.5622880519896994
8	43	0.9651878557368316
8	44	-0.050377545582240474
8	45	-2.534810423424326
8	46	-1.8922203797614807
8	47	0.9603704033122764
8	48	2.083410277034445
8	49	1.8248411465131091
8	50	-0.06724591951478813
8	51	0.9608161301398278
8	52	1.747536058128694
8	53	0.4401626852088346
8	54	1.2984870624121603
8	55	2.0699103052259735
8	56	-0.48578512665675744
8	57	-1.650529244675887
8	58	0.3308915703266867
8	59	-0.6030233629614832
8	60	-3.4746240465178464
8	61	-0.12565459077878047
8	62	-0.9255788645898779
8	63	-1.0405692930525579
8	64	-0.5204626019877333
8	65	1.5247238548895499
8	66	-0.6609301985074194
8	67	-0.7487380565334382
8	68	-2.3125302971459725
8	69	-1.2110539372806377
9	9	NaN
9	10	1.8064378228440858
9	11	-2.5771492611895255
9	12	-1.455022220426768
9	13	-2.638834763780972
9	14	-1.2637025502997945
9	15	-1.620519241080845
9	16	-0.5735573850767538
9	17	1.76283097070885
9	18	0.8765935479931444
9	19	-0.2091544634821344
9	20	1.5077978736314097
9	21	-0.04116679693163846
9	22	-2.655173689206863
9	23	-1.7782124685564469
9	24	3.612527662523407
9	25	-3.174032662052596
9	26	-2.2107348254355967
9	27	0.8578817282713054
9	28	3.549778355650041
9	29	-2.1838050167614393
9	30	-0.9534110691299501
9	31	-3.186280626638427
9	32	-3.189906445018703
9	33	0.999483454656514
9	34	-0.663266941848038
9	35	1.8300559607797509
9	36	-0.34717779482938743
9	37	-0.5136087869583628
9	38	1.4709808994284153
9	39	-3.4027376243512464
9	40	1.413697601764184
9	41	-0.9264018789561804
9	42	-2.1283353127088542
9	43	1.1029819064023838
9	44	1.7586871558964907
9	45	-3.1622539786096397
9	46	-1.3509669446127364
9	47	1.7887726464371743
9	48	-0.7077702678578384
9	49	0.8416158385400885
9	50	-4.364200316283194
9	51	-0.042969672965606505
9	52	2.1356434504848654
9	53	1.69545447023514
9	54	2.5998715997766184
9	55	3.9066661707294794
9	56	4.036080106630048
9	57	-3.063512779583233
9	58	-1.2625170422795724
9	59	1.448663621486604
9	60	-0.05981301483839087
9	61	-6.371798329427863
9	62	-2.247407742478265
9	63	1.5471189030902865
9	64	0.2856564105131878
9	65	1.348847415985624
9	66	4.026497573968658
9	67	-2.915591731697044
9	68	0.8079975418717681
9	69	3.59849869277217
10	10	NaN
10	11	-1.3436853638141921
10	12	-1.1333764978675507
10	13	0.20163979963364245
10	14	0.3717098901407197
10	15	-1.175927517904457
10	16	-1.830183501863767
10	17	6.499733827412611
10	18	-1.1060529509778232
10	19	0.17988084883805
10	20	1.942458287045871
10	21	-3.3801043849539054
10	22	-0.10596033202932134
10	23	0.508549204170239
10	24	2.22603193121718
10	25	-2.953336457551239
10	26	-2.3082360282754726
10	27	-3.170216499107469
10	28	0.890039217147148
10	29	-1.519324646112
10	30	-2.992771969481178
10	31	-0.27953049494172044
10	32	-1.7890468022732706
10	33	0.040247311517822834
10	34	-1.6633003095248833
10	35	0.0026276373079303296
10	36	-0.7055751937272262
10	37	10.032173560058439
10	38	2.754728088177086
10	39	12.679929379044246
10	40	0.3568414183152942
10	41	-2.441067984424132
10	42	0.24840601161748008
10	43	-1.8491042158995663
10	44	0.6960875240822548
10	45	-1.2532650227343487
10	46	-1.937626233793879
10	47	2.144380223826156
10	48	-0.1386304245082754
10	49	2.2018798558575625
10	50	-2.4930780135538937
10	51	1.1189093440248064
10	52	2.24565966502091
10	53	1.2629095798352161
10	54	1.7314328820883542
10	55	2.5381167034708003
10	56	0.5340615821230448
10	57	0.9708954045621145
10	58	-3.6017950972358137
10	59	-1.4379300241667545
10	60	-1.051881160814994
10	61	-1.5532971244949125
10	62	-1.1628201688591753
10	63	0.4100499109185469
10	64	0.6929530600452759
10	65	-0.6566308557253907
10	66	-1.8612774358817123
10	67	-0.9393863472752793
10	68	-2.1221838673579083
10	69	0.4107776129200861
11	11	NaN
11	12	1.9281646117123004
11	13	1.8300108951609235
11	14	-0.27731890362407113
11	15	-0.9105808987138182
11	16	0.2491196629083472
11	17	-2.614189595043783
11	18	-2.5928809060520024
11	19	-0.5775951375507241
11	20	-0.6489916714846878
11	21	0.5279127846335977
11	22	-2.464499139629497
11	23	-3.4500625385079045
11	24	-0.5850155720751044
11	25	-2.8479802359610598
11	26	1.2822556509260952
11	27	0.07245201263090054
11	28	-1.6146474201153518
11	29	0.37630866789466755
11	30	-2.4903564752269998
11	31	0.7613490804893451
11	32	2.7374276249785177
11	33	-1.875544764804208
11	34	1.53731055769169
11	35	-3.0763477859161354
11	36	1.641938107974869
11	37	0.6607785876382085
11	38	-0.5630927743176393
11	39	1.1404464428548016
11	40	-4.007735760724933
11	41	20.473420189128323
11	42	1.9681177229161053
11	43	0.35076717450418415
11	44	2.441348973423405
11	45	2.0736286170427976
11	46	-0.18382198469471786
11	47	0.4106132133127522
11	48	0.3912257826541572
11	49	-0.7833298069184991
11	50	-0.9084648996980181
11	51	-0.746546136824059
11	52	6.256125786578423
11	53	-2.1873774172620077
11	54	-0.13379898468568524
11	55	-1.7167762321286089
11	56	0.9312931390544006
11	57	-0.7313073019107008
11	58	-0.7416505625177934
11	59	-3.420348425956604
11	60	1.6360666881601171
11	61	2.024173487474026
11	62	2.090399218556443
11	63	-1.5862378824722707
11	64	-4.1726366634487695
11	65	-0.8038729157916447
11	66	1.3398088999202373
11	67	1.8543958851732205
11	68	0.3559132956795841
11	69	-4.2903023296904985
12	12	NaN
12	13	2.199004351003345
12	14	2.2640554821367034
12	15	1.9047291994811608
12	16	1.5840677008367325
12	17	-0.5852273605699535
12	18	4.421771796592989
12	19	1.617386974775609
12	20	-2.5827053064413086
12	21	3.8350533965751614
12	22	1.3242948787270385
12	23	-1.0778014976733135
12	24	-0.9275473980505229
12	25	-1.8660112502902588
12	26	-1.897350987441018
12	27	2.3772576861663026
12	28	0.04974526448331753
12	29	-0.18800676047043263
12	30	-1.5541004957080458
12	31	-0.5821390218204767
12	32	0.961436646012611
12	33	-2.2548208068309203
12	34	0.35311734583983556
12	35	-2.9924971755439977
12	36	2.5962839136427207
12	37	-1.0504269137437616
12	38	0.640198541697165
12	39	-3.7834080268006027
12	40	-1.2091965691681823
12	41	-1.019932890805562
12	42	-1.0672676374429186
12	43	-1.775098997359595
12	44	1.181416688407955
12	45	1.5327791725011395
12	46	0.2709215072812128
12	47	-0.4785959223378923
12	48	-1.1700974470982748
12	49	-0.6332921936595782
12	50	-0.14919509692110813
12	51	-0.74148668886924
12	52	1.905596562793539
12	53	-2.079719560301222
12	54	0.6935188218626382
12	55	-2.4105382845832657
12	56	0.710505722631464
12	57	0.07593304204353389
12	58	2.068579074423393
12	59	2.180321651875403
12	60	2.733883645415108
12	61	-0.5865859425195723
12	62	-2.466595968183175
12	63	0.3254564092573063
12	64	-0.6918710858148464
12	65	-0.7719205670648192
12	66	0.7407002726001558
12	67	1.492087209365908
12	68	-0.7495635259641542
12	69	-0.3324605475700292
13	13	NaN
13	14	1.7098522439755652
13	15	0.613636160421783
13	16	0.1797027216836641
13	17	-1.5280563226005894
13	18	0.01695412189056968
13	19	-0.9194151983287508
13	20	-3.3285569070803334
13	21	-0.8225274067430284
13	22	-1.6402715477208156
13	23	-1.8751959017418605
13	24	-2.1758342100194974
13	25	-3.641719266817571
13	26	3.3786737961039317
13	27	3.6070910874542363
13	28	-1.9265270999362847
13	29	-0.8606220653881249
13	30	-1.9054865985642013
13	31	1.1275298109830043
13	32	0.9463701438715428
13	33	-2.317996105977217
13	34	0.3905588700362293
13	35	0.5908893548318578
13	36	1.9564124554133404
13	37	-1.9762605065066985
13	38	-0.556104004095161
13	39	-0.9143976804667995
13	40	0.2009101539081852
13	41	8.074842983314971
13	42	-0.045276782873854164
13	43	-0.2583336298725623
13	44	-3.10096249034149
13	45	1.9790570264201606
13	46	5.539116435789846
13	47	-0.6879865157904967
13	48	1.5788367648304487
13	49	-1.8636364135743853
13	50	2.9031566131140774
13	51	-0.9089360580997485
13	52	0.6108972514498391
13	53	-2.267877491259941
13	54	0.6422913424544408
13	55	-2.2560040669697226
13	56	1.6784740903376694
13	57	0.17509969706817086
13	58	-0.13547960905090967
13	59	-3.333513181270123
13	60	4.19670785999486
13	61	-0.11728683297907504
13	62	0.8521667550265394
13	63	0.8608024642872291
13	64	-0.017991033244387843
13	65	1.2734681726611192
13	66	-0.28347304471986656
13	67	2.404340567182907
13	68	0.9707661542421221
13	69	-2.2043358281424528
14	14	NaN
14	15	1.4258260848752973
14	16	-0.05274451382921864
14	17	-1.436989770835918
14	18	-0.05657954581390249
14	19	1.9785632605562904
14	20	1.040257952196055
14	21	1.6785325842463092
14	22	-0.16225669900891723
14	23	1.0975197004313322
14	24	0.34634642314226
14	25	0.9181677762711407
14	26	-4.492764507771236
14	27	2.4493042681583734
14	28	-0.4028810280925707
14	29	1.104061851220289
14	30	-6.003815933447662
14	31	-0.49809371258266544
14	32	0.6051472499609246
14	33	-0.17135811183913016
14	34	-0.8912994696327896
14	35	0.4465466177452841
14	36	-2.6558609124094072
14	37	-1.6473108737226885
14	38	-0.21577721555328885
14	39	-1.250408714759454
14	40	0.786053056960814
14	41	0.42670609894825645
14	42	-0.6193083825083499
14	43	1.141756530147765
14	44	-1.26031663647835
14	45	2.6576489455903682
14	46	0.7558319934533052
14	47	0.2033325834869408
14	48	-0.055620661148421145
14	49	-0.5580330650425401
14	50	0.4708082833106048
14	51	1.9255521370409596
14	52	1.3117171595387933
14	53	13.613787542390533
14	54	-0.3573334982811228
14	55	0.6533641543870199
14	56	-0.9199846864393157
14	57	0.02197175423270175
14	58	-1.5901863531328375
14	59	-1.293548139978709
14	60	1.0100970719929592
14	61	-0.006551404036811592
14	62	-0.44223391031773424
14	63	-0.7391823861223565
14	64	-0.8503651584102091
14	65	-1.0137005303762976
14	66	-2.631131641545761
14	67	-0.016835635138442086
14	68	-3.9162449116893896
14	69	-1.7086506237089158
15	15	NaN
15	16	1.327152229589046
15	17	-0.4384648367946292
15	18	-1.1189955368868092
15	19	-0.18991618378230152
15	20	-2.3087379721800283
15	21	2.5656883898053984
15	22	1.2124609482581101
15	23	-0.14393155767243027
15	24	-0.3303520983813664
15	25	0.6981966211696847
15	26	1.3047851358051696
15	27	2.9010262016078565
15	28	-1.2286291676433043
15	29	-1.9554030115398844
15	30	-2.428534964911975
15	31	-1.6340095044716991
15	32	-1.4725132996312367
15	33	1.301166307433893
15	34	2.916117127137606
15	35	-0.16894286160045943
15	36	0.20987131040171383
15	37	-1.2360854416606306
15	38	-2.949615778701537
15	39	6.189577824192176
15	40	-1.082597258485907
15	41	-0.13383473989435304
15	42	2.567757724612344
15	43	1.1415959500200588
15	44	-0.7223748073742724
15	45	-0.5672598814532813
15	46	-3.405573978251205
15	47	-4.778916818009749
15	48	1.9456597267916629
15	49	0.488935857095334
15	50	-1.3217079145829531
15	51	-0.739321205796391
15	52	-0.3977709355648687
15	53	2.074137953772127
15	54	-1.0010996643549366
15	55	-2.4810727098264853
15	56	-1.3565095207563689
15	57	0.28865382739272816
15	58	2.098142240267928
15	59	-2.4198934009069184
15	60	-1.9398223772452494
15	61	1.6617428263644747
15	62	1.9976794424906308
15	63	-1.928123170110232
15	64	0.3019707091411191
15	65	0.6206684599211609
15	66	3.6874480860864836
15	67	-1.7615457366499918
15	68	2.8782587228760956
15	69	1.8989230838842872
16	16	NaN
16	17	1.3116432854522315
16	18	0.9362855028737165
16	19	1.05741474787814
16	20	1.125955804083917
16	21	1.111561632238409
16	22	0.6223594666867289
16	23	2.7348938946542574
16	24	-0.07356798571669512
16	25	-2.381793323392991
16	26	-1.4817613890452077
16	27	-0.7904145731319283
16	28	-1.5375815226903888
16	29	2.2451304081621224
16	30	-0.356654225638078
16	31	-0.9569907642405627
16	32	1.4457084173227508
16	33	-3.1377275204581236
16	34	-0.9334146946428127
16	35	-1.973870492568082
16	36	1.2575034729401346
16	37	0.47522573876752067
16	38	-1.229895509010575
16	39	-3.7598275102872676
16	40	-0.47338424301927495
16	41	-2.2974763733347983
16	42	2.3495324656294017
16	43	-0.7576522172954643
16	44	-2.240453371915599
16	45	0.5022588328192201
16	46	0.2981540617043188
16	47	-1.675048367018599
16	48	1.5697049943083545
16	49	-0.8874727212103862
16	50	0.9622588359551592
16	51	3.2818966505144433
16	52	-0.8693652244871458
16	53	7.35907031140124
16	54	-1.964430571334872
16	55	-1.52655304531797
16	56	-1.2528807260718984
16	57	1.2576785045263175
16	58	2.8558701717680255
16	59	-1.1027435418231253
16	60	-0.6622341910947143
16	61	-0.0753171104589633
16	62	0.19572793520316198
16	63	1.8037527782168634
16	64	-0.6820869127566724
16	65	-0.31771280858184825
16	66	1.0529063361812632
16	67	-5.649474872606732
16	68	4.084838930086944
16	69	1.7069348329477383
17	17	NaN
17	18	-0.12887475223486322
17	19	-1.0030776699377921
17	20	1.371954597607615
17	21	0.026189318353997983
17	22	-1.864240669729061
17	23	-0.03174325125033792
17	24	0.16400170383723228
17	25	-0.9354413568156081
17	26	-2.5126384483250574
17	27	-1.0686435147518614
17	28	-0.43172801209764605
17	29	-0.7789677141513525
17	30	-0.8505082211723662
17	31	-0.806968999562978
17	32	-0.24928146734321283
17	33	0.0031939682536132755
17	34	0.7102330794131309
17	35	0.15698171022116542
17	36	-1.871693891641372
17	37	0.18784885088491488
17	38	0.6365958581889266
17	39	-2.1176764034182107
17	40	0.8211058497747742
17	41	-0.422222677423434
17	42	-1.5364075896558151
17	43	-0.4170439098529175
17	44	1.1283699502258904
17	45	1.8002282764423458
17	46	-2.2378286015224793
17	47	1.0742194779309409
17	48	-2.211808372465664
17	49	1.430482356726892
17	50	-0.3494901951935942
17	51	0.1976891448714077
17	52	3.1616306869132305
17	53	9.581742703278733
17	54	-0.6677142963359101
17	55	1.218370662101621
17	56	0.42421680866391737
17	57	1.00887295340161
17	58	-2.6074591799670594
17	59	-1.0322739098118152
17	60	-0.8157643556849868
17	61	-1.77383415079788
17	62	-0.06348729401812953
17	63	1.4254107736074502
17	64	-0.2560402145202529
17	65	-2.4139525488050295
17	66	0.6460294924153686
17	67	-1.9564454772154243
17	68	-0.1100879521818492
17	69	2.2449283245035367
18	18	NaN
18	19	3.5326179322982942
18	20	-2.564084777465754
18	21	-0.6512364196041225
18	22	36.28417684911173
18	23	1.9657088938572749
18	24	-4.891266262553964
18	25	1.3762444691668232
18	26	-1.4212135275521787
18	27	1.563874595643535
18	28	0.6741393056550662
18	29	1.7755906424644707
18	30	-0.05929189134876363
18	31	1.3619360876449855
18	32	-2.0701451228247962
18	33	-0.5671931190139997
18	34	-1.3988823737986764
18	35	-2.784293115468561
18	36	-0.3085396971909053
18	37	-1.6459917640212454
18	38	-0.48121615229108466
18	39	-0.9318525494587143
18	40	-1.1686425375795444
18	41	-1.1195852349658906
18	42	1.8919139642023968
18	43	0.1918957468899194
18	44	-0.8287392467409737
18	45	-0.013237965129414133
18	46	2.2312779952210975
18	47	-1.7746448901928744
18	48	3.1305485446049284
18	49	-2.1515924750382314
18	50	-1.8124929331229573
18	51	-3.840459516864685
18	52	-3.577754370963977
18	53	-2.2599381662882965
18	54	-0.33889356143540406
18	55	-2.871176095285577
18	56	-1.743689031178166
18	57	0.5368864087848491
18	58	-1.8273030403021446
18	59	-0.7251628171078911
18	60	0.7791099602261163
18	61	1.6356109458088601
18	62	-3.1176183907297785
18	63	-1.2075777071393046
18	64	-1.2801439543279134
18	65	-3.2180687025510197
18	66	-2.0987709289751972
18	67	0.1354360034058861
18	68	0.35791870386208946
18	69	-1.0241168630986568
19	19	NaN
19	20	-0.1633559039678136
19	21	-0.27346933435184995
19	22	-2.2749950952289293
19	23	1.7349737481116003
19	24	-1.6157064369597014
19	25	0.35357348758153023
19	26	-2.6031061029492517
19	27	-0.19685781944763167
19	28	-2.1976603245968263
19	29	3.8842043814300915
19	30	-0.8892601052264818
19	31	1.6974782045201127
19	32	1.1888934003697544
19	33	-0.6151671744427782
19	34	0.30014213993475164
19	35	0.9707086432186248
19	36	3.354887531416872
19	37	0.17293703200268304
19	38	-2.4480627875744254
19	39	3.5451113951697413
19	40	-2.28322575406497
19	41	-3.24638559542454
19	42	-1.0051340770296402
19	43	-1.9224159459106915
19	44	-2.605291081005227
19	45	-0.6435891195828759
19	46	0.6394694841560568
19	47	-0.4323158640100168
19	48	-3.4272297138964505
19	49	-0.28109031404095336
19	50	0.310523202608624
19	51	0.6139357380349351
19	52	0.09224397053150613
19	53	-1.3360585849352085
19	54	-2.0306929436956307
19	55	0.5584554059507819
19	56	1.7568091093289042
19	57	-0.883204565505678
19	58	-1.2941561689915158
19	59	-0.7665753078593363
19	60	0.9944646364724882
19	61	-1.65786424548025
19	62	-1.2989251284943548
19	63	0.9556614902944718
19	64	0.17085959096369882
19	65	1.778185816017062
19	66	0.6546557098185622
19	67	0.27097521393277124
19	68	0.6921092268417012
19	69	-0.3433542721202778
20	20	NaN
20	21	0.37827123379407174
20	22	0.03025070657112876
20	23	0.957001869200229
20	24	1.9779925082592034
20	25	-0.0425122985284389
20	26	-0.8440656902037524
20	27	-1.680399033985909
20	28	1.1881541054111506
20	29	-3.18267123029371
20	30	-2.0835937459064704
20	31	0.7389391589853896
20	32	-2.199368277083955
20	33	-0.13499556421642314
20	34	1.1643957621729697
20	35	1.3688397330140643
20	36	-0.7571266738873588
20	37	-0.6308124224624665
20	38	2.08364545978622
20	39	0.9377703905223558
20	40	1.2105429408942363
20	41	-1.8136939366785818
20	42	-2.0586722197504277
20	43	-1.55960894841355
20	44	1.0258333251494034
20	45	-0.5351033400905988
20	46	-1.598641059389381
20	47	1.42265352377444
20	48	1.1542783596133253
20	49	-0.3736660942158395
20	50	0.45830339749071664
20	51	-1.2164935142715958
20	52	2.3541397155918506
20	53	5.262053496530775
20	54	0.774051378757101
20	55	4.061925540215609
20	56	2.1096072548331564
20	57	0.1856336242893014
20	58	-2.4338965873882876
20	59	-0.3039047860719136
20	60	-3.3336883781441804
20	61	-4.725566105197234
20	62	-3.4750098304644097
20	63	1.4083242510411091
20	64	0.8307864645422661
20	65	-1.615191365770826
20	66	1.8982061296756796
20	67	0.9897486793862174
20	68	-2.325689072057406
20	69	3.514038486965999
21	21	NaN
21	22	1.2088894793498035
21	23	-0.5232028518073387
21	24	-0.21023230496448714
21	25	-1.6199365545414635
21	26	-3.0444224162627664
21	27	3.5266359568940944
21	28	0.901885998851378
21	29	0.9512313092686999
21	30	-2.279240493271367
21	31	3.4120371435047026
21	32	1.919249032983449
21	33	-0.39214210624260004
21	34	-1.0749104590698917
21	35	-1.5817294934822
21	36	1.7803070208119591
21	37	-0.020825540951624623
21	38	0.652469890491375
21	39	0.6993662765312318
21	40	-0.04742658018981028
21	41	-0.8056918694944022
21	42	1.3972188916047603
21	43	3.0517565515013407
21	44	-0.3783295083595848
21	45	4.264835032052638
21	46	-1.0243199329170898
21	47	-1.8121075906635356
21	48	2.0775437489679094
21	49	-1.176166440516388
21	50	-0.04533506848209613
21	51	-0.6424063806415606
21	52	-2.570072092253783
21	53	-0.10347258833262601
21	54	-1.9118378003022616
21	55	-2.288102990937407
21	56	-2.0292808386564447
21	57	2.6265520467545533
21	58	-4.095640505740176
21	59	-1.1551743829915535
21	60	0.19586175434454875
21	61	3.5742263265336893
21	62	-1.594434162079497
21	63	-0.6984673087933224
21	64	1.2849623944599118
21	65	-1.1043534551537446
21	66	1.9897373498497535
21	67	-0.1742645948512922
21	68	-0.32450253314695376
21	69	-3.214483625784945
22	22	NaN
22	23	0.6989182473168513
22	24	-2.786956436447187
22	25	0.3704550785518045
22	26	-2.711388710533904
22	27	-3.6623392379501163
22	28	-0.3669111558289012
22	29	1.5053522481042796
22	30	-3.5257963693220056
22	31	0.0710759455442703
22	32	-3.2960401111652167
22	33	-0.3932283606761663
22	34	-1.6918608709312746
22	35	-4.543032248750532
22	36	1.906071455363581
22	37	1.7922962171780736
22	38	-0.735124651700866
22	39	-2.6955790858982387
22	40	-1.7311222737490133
22	41	1.195605489214659
22	42	2.894019763719296
22	43	2.4402003983939684
22	44	0.4614057432398789
22	45	-0.021492377281900205
22	46	-1.0890404386611974
22	47	-1.4012880603690503
22	48	3.8440248370154557
22	49	-0.616136703546032
22	50	1.3433970371228094
22	51	-1.0324022703612203
22	52	-2.8082664836348896
22	53	-4.041247353404164
22	54	-0.4220419358226232
22	55	-0.9436712975643919
22	56	-2.990390689837961
22	57	3.4417996851951975
22	58	-0.432124364966527
22	59	-0.9001564538116096
22	60	3.8282723781591406
22	61	0.6090499079911506
22	62	-0.2639079372354844
22	63	-2.5783406153093185
22	64	-1.7786193992956436
22	65	-0.6897891249695122
22	66	-0.680681914726317
22	67	-2.0147414376882913
22	68	-2.2358952213189855
22	69	-1.2122946742842184
23	23	NaN
23	24	1.7211021438666048
23	25	-1.023959197666477
23	26	-1.0095904638408317
23	27	5.6809541920904465
23	28	1.1948292191135363
23	29	-0.8139454914404132
23	30	-2.059499468089704
23	31	1.3716921673446176
23	32	-2.5485570994374593
23	33	0.327327297074683
23	34	1.3184522675117791
23	35	-0.6305675314530554
23	36	0.8769859708544502
23	37	1.7696799643209946
23	38	1.6127737129765727
23	39	-2.5567890077589905
23	40	1.7431844003836483
23	41	3.147839640046696
23	42	-0.5279014672052496
23	43	-0.07072199242212222
23	44	0.2814479192067571
23	45	-0.17867703621842337
23	46	-4.448832279763257
23	47	-0.6687703247715333
23	48	-0.7501520147129832
23	49	2.8163620660922386
23	50	-1.4998388580602087
23	51	0.4165380232888891
23	52	0.1638947068229824
23	53	0.3535989067166346
23	54	2.2768653116315285
23	55	1.6500859654176712
23	56	1.9091672307639442
23	57	0.9708460186792807
23	58	-1.8661578895289328
23	59	2.702625508496349
23	60	-0.2268757205267148
23	61	-0.5281792437704184
23	62	-0.3824589804416818
23	63	0.2672629663921435
23	64	0.6155939053216172
23	65	-0.7202358721183427
23	66	0.44994906978526794
23	67	0.007361982539503961
23	68	-2.9965320837490665
23	69	3.181099314289844
24	24	NaN
24	25	-1.7198051585171406
24	26	-3.832217001272761
24	27	0.5950832602493263
24	28	2.226473055023497
24	29	0.7193321654611311
24	30	-4.080518483409275
24	31	-3.9265137591888375
24	32	0.3243961819435922
24	33	1.4142886211778263
24	34	-0.28473937603073635
24	35	3.9631772660315026
24	36	-1.6754945315255672
24	37	-2.1470076680822086
24	38	0.5201183049275823
24	39	1.0840985711055342
24	40	2.248971983626319
24	41	-1.8049399729857971
24	42	-1.4246266242652272
24	43	-1.1895137797114979
24	44	-1.1020865549850574
24	45	-1.128458243273458
24	46	0.21755438281357892
24	47	0.6448891915180907
24	48	-0.5627232173659001
24	49	1.4084769036149203
24	50	-1.4606149863607987
24	51	-1.7917554828610727
24	52	1.278021930211541
24	53	1.1019172395712042
24	54	1.1039415618560708
24	55	6.786612497662772
24	56	1.935805355280073
24	57	0.4182905034504648
24	58	-0.012781307960972068
24	59	-0.003636937323296295
24	60	-1.0258064980641945
24	61	-2.4107956754747146
24	62	-2.636480674896298
24	63	1.6862233698614444
24	64	0.3726289212880299
24	65	1.2781668004354696
24	66	1.2186835670789546
24	67	-1.6741458958871949
24	68	-1.7654521536022656
24	69	2.3795280656995055
25	25	NaN
25	26	-1.316933376064061
25	27	2.920439776008086
25	28	0.7939338913890286
25	29	0.9998233425460038
25	30	-0.1290108902862527
25	31	0.5643646401792676
25	32	-0.7075366164144626
25	33	1.0611258423445349
25	34	-1.8506289456552794
25	35	10.508285407107449
25	36	0.6279030909537333
25	37	18.501542892240778
25	38	-3.2522958646727553
25	39	1.057419015210454
25	40	0.24084702398974714
25	41	-1.1331316250492196
25	42	0.9094383180622524
25	43	2.341234056611658
25	44	-1.2696748211825777
25	45	0.9117908492729646
25	46	4.034902388430022
25	47	1.220678588147616
25	48	-0.8635359028134113
25	49	-1.0192592221321757
25	50	1.4781105071848186
25	51	2.2710560005902014
25	52	-0.752493971797813
25	53	-0.5404525546991912
25	54	-0.997441410189664
25	55	-0.832839169819684
25	56	0.28769541594247944
25	57	-3.459759266523251
25	58	0.7840622793013193
25	59	-0.5108734272256397
25	60	2.9724298101075184
25	61	-0.4344427153275567
25	62	-2.5631871677285476
25	63	0.3753510889059152
25	64	-1.8467850323524144
25	65	1.9181654460156519
25	66	-0.6416617286511677
25	67	-2.8106485462307567
25	68	-0.06729649041523866
25	69	-2.515734087000571
26	26	NaN
26	27	0.4502744351803291
26	28	-3.838527395437795
26	29	2.9202903520588404
26	30	77.29081926637647
26	31	0.2759050573294176
26	32	-0.1231519676973801
26	33	-1.0176856441610267
26	34	-1.4279535465513458
26	35	-2.229221569765771
26	36	-1.1960641591912093
26	37	-1.6588109704927831
26	38	-0.9638560182571819
26	39	2.228520575968863
26	40	-3.7870876612847377
26	41	1.670948113480684
26	42	-0.6823216193503324
26	43	-1.798471896710027
26	44	-1.5491251004349673
26	45	0.978134227440585
26	46	-0.5358398278930023
26	47	-2.3271061751891846
26	48	2.582435054164056
26	49	-4.627354999747911
26	50	-2.0221476172586024
26	51	-2.287059806983978
26	52	-0.6074179268072296
26	53	-4.078841376692626
26	54	0.7761244796705941
26	55	-4.212946472366885
26	56	-1.0153060506459408
26	57	-2.2713435990523414
26	58	-2.6609880815510003
26	59	-1.9878737099268946
26	60	1.1660387952803635
26	61	-2.3188418109612603
26	62	1.5979114080552126
26	63	-0.6548470905041525
26	64	2.886291259434194
26	65	1.8102920491764627
26	66	-3.844253695616982
26	67	-2.726416016320417
26	68	-2.384767382252182
26	69	-2.2102666401145905
27	27	NaN
27	28	-1.348763201416951
27	29	4.0044442964819265
27	30	-0.8341407489325969
27	31	2.315539666455069
27	32	1.4775070134294168
27	33	-2.7837505965165477
27	34	-2.8588834670606786
27	35	1.6538368907353038
27	36	-0.19866316313212412
27	37	-2.108265661886564
27	38	-1.261203118645477
27	39	1.5553195813143001
27	40	-2.347518319816153
27	41	1.9344225875463712
27	42	1.033901761633325
27	43	1.9046008226378075
27	44	0.2375283134065461
27	45	-0.09245529262296738
27	46	1.7918470515406402
27	47	-4.767957259920931
27	48	1.6063252071314875
27	49	-0.5240513570110205
27	50	1.8432971638230056
27	51	-1.0299511510894745
27	52	-3.1542373208998913
27	53	1.383213866657014
27	54	-1.4171637418845497
27	55	-3.7710497999237425
27	56	-1.3319129684962332
27	57	-1.7751745920081232
27	58	-2.756035391453345
27	59	1.9280461685676018
27	60	1.5554754975966663
27	61	0.28185625442313417
27	62	1.1201300887426313
27	63	-0.49159986027012365
27	64	-1.0141930494171758
27	65	-0.5710126305273862
27	66	-1.077218428077023
27	67	0.00011445745061362247
27	68	2.0507544796922654
27	69	0.05512723155879191
28	28	NaN
28	29	-2.8554563243180517
28	30	-1.045747763138348
28	31	1.6332141960989002
28	32	-3.2210076736045172
28	33	1.3991059015223302
28	34	2.6048526636004814
28	35	6.351587815989888
28	36	-1.1480045144014572
28	37	0.6880467255417555
28	38	0.7238708646297284
28	39	-1.7412032065583218
28	40	3.7957266252057904
28	41	-1.6711878505679019
28	42	-1.095485132996317
28	43	-0.2506560031072841
28	44	0.21540462818422065
28	45	-2.7297325817394573
28	46	-2.626325654184791
28	47	1.7760003033828726
28	48	-2.6082254605214716
28	49	1.8831015257820625
28	50	-1.6262503256101306
28	51	-2.7833976580911974
28	52	2.661186826730381
28	53	-0.45140095492413684
28	54	0.5306864606725705
28	55	3.1534567033373073
28	56	2.534879824486947
28	57	-2.3130162307656943
28	58	-1.8101610311831675
28	59	0.5818268765956713
28	60	-2.836916111056088
28	61	-2.132371895292485
28	62	-4.617825372490937
28	63	1.9435193389414094
28	64	-1.3072718891133834
28	65	0.8582329851022193
28	66	-0.5401890921580955
28	67	-0.3258283066474868
28	68	2.261005563906511
28	69	1.6041656321243551
29	29	NaN
29	30	0.2717901436031402
29	31	1.16194244742054
29	32	0.8856145459255025
29	33	2.1235871813142144
29	34	-0.9340109492039574
29	35	-2.6037948524018417
29	36	3.10887436868573
29	37	-1.8446602382609607
29	38	-0.8506869678563516
29	39	0.9117925099851434
29	40	-2.0611903599323473
29	41	-1.3186174984769283
29	42	0.7494382270782363
29	43	-0.779339918547071
29	44	-1.8509984956591865
29	45	1.2174327749568377
29	46	1.5051445649994661
29	47	0.3804728958394339
29	48	-2.360732380496237
29	49	0.09000586564663005
29	50	-1.410767024883337
29	51	-0.030575454747463926
29	52	-1.9348062336728558
29	53	-1.6669387255284966
29	54	-4.379643247480114
29	55	-3.368441182827109
29	56	-1.0670201705796807
29	57	0.411355943211936
29	58	0.1967415061597171
29	59	0.3567067234486974
29	60	3.2167718471052087
29	61	0.2015376461246998
29	62	0.19053977638959937
29	63	-0.2687140723756101
29	64	-0.5687518679584805
29	65	0.22485504489279576
29	66	-0.15453628801606842
29	67	1.8988485825469292
29	68	2.8553682135843785
29	69	1.153463533871707
30	30	NaN
30	31	-3.650620835935166
30	32	-2.812492745220695
30	33	-2.710680811202377
30	34	-0.9542929523118716
30	35	-2.7545283966551724
30	36	2.0007730154983805
30	37	1.8814593811677915
30	38	-1.2440196992516763
30	39	3.293850834684677
30	40	-1.291618884058077
30	41	-3.0190091930358016
30	42	-0.1370967948704101
30	43	3.2865855226728247
30	44	0.25129442055054074
30	45	-0.7502963748743069
30	46	0.4437962550190457
30	47	-2.0086700479749373
30	48	4.114098017570909
30	49	-0.36987024318006884
30	50	0.5685463033649895
30	51	-2.6261110337400537
30	52	-3.9752220687110236
30	53	-0.8461450647417216
30	54	-2.756310418470539
30	55	-1.575836929538357
30	56	-3.8410836178212446
30	57	-3.495759438881159
30	58	-3.0059974808920416
30	59	-1.6190047720578136
30	60	1.689302146226829
30	61	-0.9835337417873578
30	62	-1.3285403335849189
30	63	-0.4807130142629824
30	64	-1.7176679425719212
30	65	-1.8832744253893754
30	66	2.7965865427113044
30	67	0.16752891428255365
30	68	-2.9828638504027927
30	69	-1.525726600325808
31	31	NaN
31	32	2.9942073367127873
31	33	-0.7908263982530818
31	34	-1.7135899143851796
31	35	-1.8376229971693139
31	36	0.5866930087228703
31	37	-2.237381659286932
31	38	-1.516160213803905
31	39	-1.4523688826944803
31	40	2.0227173279698945
31	41	2.882342111789352
31	42	2.1425306938029496
31	43	0.20229276738741486
31	44	2.4856063464058016
31	45	0.6169669441374838
31	46	-0.4844768791291913
31	47	0.11561677044913925
31	48	0.16069294968041578
31	49	0.4713197379061912
31	50	0.6293740494006413
31	51	-1.274305687403452
31	52	-0.9449696480048534
31	53	-1.775841532336432
31	54	-1.28515546558722
31	55	-1.8717649005462556
31	56	-0.41619207000069064
31	57	-0.4821334862133284
31	58	-2.6635673076117414
31	59	-0.33223876017978754
31	60	0.8754202122135577
31	61	2.1218599692918385
31	62	3.9514017014953695
31	63	0.8786789194517641
31	64	-1.2918387017578274
31	65	1.1938406328932323
31	66	0.024834167973717392
31	67	0.6226441852309511
31	68	4.03391969844502
31	69	-0.08028521887612167
32	32	NaN
32	33	2.360959072492536
32	34	1.1167137388669262
32	35	-2.9287401222629983
32	36	-1.2918049378426235
32	37	-0.9578444756541901
32	38	-1.4035280776691006
32	39	4.057830918220329
32	40	-0.018085127555249755
32	41	-1.1419628151168657
32	42	-1.1237742746937909
32	43	2.2145418176595477
32	44	0.7106623353516265
32	45	4.081128435563418
32	46	2.00136634777145
32	47	-0.8885718308746275
32	48	1.209702533592001
32	49	-1.047096926957711
32	50	-0.2731258657149722
32	51	-3.6253073765454724
32	52	0.5441734247186274
32	53	-2.4172217723094818
32	54	1.4036124469112565
32	55	-2.330649523633771
32	56	-2.7376604046609994
32	57	2.5492721331681
32	58	-0.44429555378861446
32	59	1.051236346457385
32	60	1.879373949619035
32	61	1.2480870721811723
32	62	0.3143267351595881
32	63	-0.7885575459237151
32	64	3.256053019861718
32	65	0.6401242602987455
32	66	2.5447715837285214
32	67	-0.6325261596421564
32	68	3.302614380240398
32	69	2.883066668403806
33	33	NaN
33	34	-0.09561898379727206
33	35	1.3949445645697254
33	36	0.4504352368256474
33	37	-2.121196911320014
33	38	0.8728484402528579
33	39	-0.10511766885587105
33	40	-0.10273423732035283
33	41	0.7455813384899055
33	42	-2.300879760711976
33	43	-1.455444691469453
33	44	-1.2552031329852122
33	45	0.8490239295978879
33	46	-0.5627203644178227
33	47	1.0517503465989348
33	48	0.5508854645462503
33	49	-0.7487206699830178
33	50	-0.0021738381145169298
33	51	-1.6066894004534624
33	52	0.1933229555111147
33	53	-0.8297057606905881
33	54	0.16516064905489475
33	55	1.9373011076272275
33	56	1.1678397716454567
33	57	-1.8566132992953404
33	58	-1.5844139036854437
33	59	-0.3532286340820595
33	60	1.4819932512121086
33	61	-0.41773016564731
33	62	-1.402421114162055
33	63	1.1445414618763843
33	64	1.1251490956890013
33	65	-0.7466736854539472
33	66	-2.1346189843671657
33	67	-0.5446129209383976
33	68	0.2326729534088497
33	69	0.46893494542931474
34	34	NaN
34	35	0.740522975538086
34	36	-0.4160999556109583
34	37	-1.7161794465896647
34	38	0.6788941221187498
34	39	-1.6156915852202403
34	40	-1.288976606323934
34	41	-0.12517962974559763
34	42	0.7811085805836991
34	43	-0.9733201149384696
34	44	-0.3032670526869524
34	45	-0.6735575862968681
34	46	3.263079135249485
34	47	0.3572525418827856
34	48	-0.6202856381339604
34	49	-0.7055461607519571
34	50	1.204371610592054
34	51	-2.3918127142252277
34	52	0.339167989221633
34	53	1.2722040122599854
34	54	-1.1888871493153303
34	55	1.156602767433603
34	56	-1.3016047343892585
34	57	-0.050033904513183125
34	58	-3.4859226997608963
34	59	-1.7935248334992748
34	60	-0.12476943536657378
34	61	-0.2808659366529192
34	62	2.4833441848949978
34	63	-1.2152225766860654
34	64	-2.385149889033608
34	65	-0.7660856360183385
34	66	-0.17046772831986023
34	67	-0.623683729253536
34	68	-2.0312869198031254
34	69	2.382069510350883
35	35	NaN
35	36	1.7943728605542464
35	37	-0.4505420469919735
35	38	-0.11058347931888021
35	39	-4.6535992769771015
35	40	2.713984304292738
35	41	-1.1101725685035058
35	42	0.9039260298773972
35	43	-0.22050517456218371
35	44	-0.7020515538509895
35	45	-2.5832615495545035
35	46	-1.700473762958793
35	47	0.4007909953582881
35	48	-1.8189873218675283
35	49	-0.32606294226645666
35	50	-1.0068791576727196
35	51	-0.2596050768792757
35	52	1.118838587894937
35	53	0.8196392127635339
35	54	1.9568249628713854
35	55	2.3655114100101184
35	56	1.2472475327395018
35	57	-1.7109704565444037
35	58	-1.4458062143977126
35	59	-0.7170473806417813
35	60	2.1119652785180105
35	61	-0.5402533917473907
35	62	-1.7516388754679533
35	63	2.85966927324222
35	64	-1.0353925092083627
35	65	-0.9029466130898306
35	66	1.274052591153079
35	67	-3.7337897834867015
35	68	0.7088273761282884
35	69	3.2985064086557085
36	36	NaN
36	37	0.7539654884242286
36	38	-0.24545795151762215
36	39	5.081683409078341
36	40	-2.16900704834202
36	41	0.23755579206608501
36	42	-2.1605478966033433
36	43	0.9081913978788108
36	44	0.4352890938210966
36	45	0.13265344565530737
36	46	-0.27118624566980853
36	47	-2.17608075497234
36	48	-0.18720018736622865
36	49	0.3092246243235691
36	50	-0.11990025827226894
36	51	2.5165722704529387
36	52	-0.6321013800156694
36	53	-1.3895187073525084
36	54	-1.3807948402642696
36	55	-3.9112425835768616
36	56	-1.39350399546815
36	57	1.2530366109939093
36	58	-2.9523801569047334
36	59	-1.1862620145121274
36	60	-1.6317102705105948
36	61	3.696661309428096
36	62	-1.1390616206426865
36	63	-0.4988899826079396
36	64	-2.6068640634411313
36	65	3.52410692048823
36	66	-1.343795408768147
36	67	0.18489149898350268
36	68	0.3755884350340749
36	69	-1.427962116978451
37	37	NaN
37	38	0.38614836422924176
37	39	2.3244167947496672
37	40	-0.552550198846411
37	41	-0.4174450187353779
37	42	1.1437094197023638
37	43	-0.6079281193402319
37	44	0.04190197928274382
37	45	-0.4562989661206348
37	46	-2.557600156247824
37	47	-0.43292630820823347
37	48	-0.6474546803954611
37	49	-1.2314246956980903
37	50	0.8647715951784289
37	51	0.18764070113239303
37	52	-1.6164180964656334
37	53	-2.004710975422813
37	54	-0.402856650499787
37	55	-0.16749818770863031
37	56	0.08954749022776647
37	57	1.2261501062354767
37	58	-3.710560168876357
37	59	-0.035451692851012295
37	60	-2.185809438436848
37	61	0.005033184938602887
37	62	-2.0654900604260664
37	63	-2.2475373103330414
37	64	-0.15780780063717526
37	65	-1.2549852214363495
37	66	-3.071376241552836
37	67	-1.3161563110060808
37	68	-2.995374384703539
37	69	-0.07546372094184067
38	38	NaN
38	39	0.6054495336628454
38	40	2.679219177556719
38	41	-0.9643124852895069
38	42	-1.6817926772357636
38	43	1.4401742677803768
38	44	-1.1507295763515084
38	45	-3.3629732419583087
38	46	-0.2277243023506873
38	47	0.6570154196725188
38	48	-3.2793618221686036
38	49	0.8175480261581403
38	50	-1.692585626218054
38	51	1.0212746689704253
38	52	3.8906702489908573
38	53	-0.7549771529951165
38	54	0.7568399005922343
38	55	2.8040055987282164
38	56	1.3067880424572424
38	57	-1.069309935773077
38	58	-0.29813383251713826
38	59	1.8842147425878633
38	60	-0.7338271792100357
38	61	1.1716517001620983
38	62	-1.4722652397215032
38	63	-1.0826127552666716
38	64	1.4674320005744605
38	65	-1.026352348728932
38	66	-1.5842069608568259
38	67	0.5022133032065907
38	68	-1.8042314437284879
38	69	0.6485127138924971
39	39	NaN
39	40	-0.2984117210269666
39	41	-1.735814963341211
39	42	0.5727335073823502
39	43	0.2931781577726025
39	44	-0.48732645915735334
39	45	-2.0403340483474612
39	46	4.1345053465144765
39	47	-2.1100879084434263
39	48	0.5976204373817908
39	49	-3.1035109263124263
39	50	2.5353577801345892
39	51	-0.0993097795140127
39	52	-1.757911757166847
39	53	-2.092894026085305
39	54	-1.3948508114946512
39	55	-2.8390906018340223
39	56	-1.1138566051491323
39	57	1.029400795121068
39	58	1.7961454437826097
39	59	1.3306340247846764
39	60	2.5261620317630467
39	61	5.147985617060912
39	62	4.651728137159886
39	63	-1.8392808653823518
39	64	-1.148204120768449
39	65	1.6128727580392137
39	66	-1.4359580904870426
39	67	-2.1045572858453583
39	68	-0.089224037543015
39	69	-1.810899166312544
40	40	NaN
40	41	3.040588070805338
40	42	1.0221053148618555
40	43	-3.309435443840646
40	44	1.4090465383589403
40	45	-2.206946659013207
40	46	0.40503429560997295
40	47	0.8802315058943146
40	48	1.0166440609553058
40	49	0.5612186965569678
40	50	-1.1209426303484968
40	51	-0.358656951780367
40	52	1.7467117701743158
40	53	-0.5403439798282037
40	54	1.392809395318497
40	55	1.5275364835739282
40	56	3.6082850691461488
40	57	-1.8864400923318074
40	58	-2.6954966648623406
40	59	-1.0728762399190042
40	60	-1.167983034938163
40	61	-1.6757801602215134
40	62	-1.4760093569335202
40	63	2.1017887212635764
40	64	1.2773275879028148
40	65	-0.4536658740233055
40	66	-0.8028594504926339
40	67	-0.6272232392036438
40	68	-2.8121507528782925
40	69	2.561068856750771
41	41	NaN
41	42	4.461737571935859
41	43	0.08388514464101632
41	44	-2.4744000394008636
41	45	-2.248561174900484
41	46	-0.1320202819269264
41	47	-1.557680557895704
41	48	-0.8192129440427065
41	49	-0.55384712631361
41	50	0.6828111434004726
41	51	0.9839108741293737
41	52	0.40802901125594454
41	53	-2.264770039998499
41	54	-2.5885671968161974
41	55	-1.0270664886349203
41	56	-1.2429327970954982
41	57	-0.6769500568032478
41	58	-0.7486028073277367
41	59	3.4484283278824726
41	60	-0.3967061310013612
41	61	-2.816933181513565
41	62	0.40225119639112816
41	63	-0.5846989558021352
41	64	-1.6659898016222408
41	65	3.257868831907561
41	66	-1.4201328512112221
41	67	-2.426309126446373
41	68	2.5498885341291455
41	69	-1.7469230575539634
42	42	NaN
42	43	0.7063191487928593
42	44	-0.42528776333604507
42	45	3.7720969575054633
42	46	4.802051411856931
42	47	-4.3144500482807855
42	48	1.1956846392118246
42	49	-1.112301831198783
42	50	1.5867933706336588
42	51	-1.1018916673616632
42	52	-1.1258521535600443
42	53	-5.769090427860087
42	54	0.12280398204439943
42	55	-3.400309537841634
42	56	-2.915521762321724
42	57	-1.0450358901009695
42	58	5.246269047381694
42	59	0.4560153740375451
42	60	2.5611356372034475
42	61	3.7576556704324995
42	62	1.1688919276555556
42	63	-0.9983408343668493
42	64	-0.7245720403608028
42	65	-0.022636608097243507
42	66	3.4621598965164844
42	67	4.353404676216247
42	68	-0.8647561435140343
42	69	2.6835078869081177
43	43	NaN
43	44	-0.4827474271843433
43	45	1.6175347527724215
43	46	4.2055434626340835
43	47	1.0553101590486724
43	48	-0.395930734817867
43	49	-1.526471509227689
43	50	5.422838866097293
43	51	-2.3836049283695084
43	52	-0.021324098288348796
43	53	-0.18587831560162665
43	54	0.12033823399096262
43	55	-3.1912790860606965
43	56	-0.9450359090194019
43	57	0.28562018937466993
43	58	-0.9607877051326429
43	59	-1.1536093013754016
43	60	-0.5411294370566637
43	61	3.953322616596599
43	62	-0.7608858781188464
43	63	-0.18933596525784052
43	64	-2.293308224941383
43	65	0.3078117593197349
43	66	-1.2700791170740904
43	67	-1.3193080391346887
43	68	-0.08496553393781706
43	69	-2.8694686827039195
44	44	NaN
44	45	0.27889718307863703
44	46	-0.6844908797105976
44	47	1.315145276880328
44	48	-2.1676191712521096
44	49	2.571365775656251
44	50	2.430363253036737
44	51	1.0343911446281286
44	52	1.1236696254505576
44	53	0.29764645985895444
44	54	0.06292269057193935
44	55	0.5335065721246156
44	56	0.701039214010421
44	57	2.626068531895818
44	58	-0.5973961125980005
44	59	0.30787157273746174
44	60	-1.4923819181503222
44	61	-2.6132854095388636
44	62	-0.769645701542691
44	63	-1.456746031506034
44	64	-1.6821059965387106
44	65	-2.1666706712164814
44	66	1.2540865079448626
44	67	-1.0739954198161212
44	68	0.7314627919871545
44	69	0.8445824310972647
45	45	NaN
45	46	2.266838519252451
45	47	-2.9876401346940322
45	48	0.4575565329130221
45	49	-1.1693664144727791
45	50	1.270650212182876
45	51	-0.7238033889292508
45	52	-1.8137291343583075
45	53	-0.933007007694622
45	54	-0.8038129815329843
45	55	-0.3523561871247951
45	56	-2.8533683718259373
45	57	-0.3485864422210267
45	58	1.0789590263980688
45	59	-1.774296542951991
45	60	-4.154155047332441
45	61	0.09483959523004279
45	62	-0.45296485934102204
45	63	-1.7400610921424446
45	64	-2.8274116766292465
45	65	4.075206916475265
45	66	2.330642039974238
45	67	1.763569498760619
45	68	0.32729242157969696
45	69	1.297866560850349
46	46	NaN
46	47	-1.5295749992984398
46	48	2.6430094528681445
46	49	-1.3324548319789526
46	50	-0.43680713347096045
46	51	1.1433304246454283
46	52	-0.2951023724400821
46	53	2.189305701043012
46	54	-3.545370036056032
46	55	0.2937145220271518
46	56	-3.354772779256342
46	57	2.371837720228824
46	58	1.277385676828688
46	59	1.1854454415784543
46	60	1.6724532542643147
46	61	2.5448552880176214
46	62	-0.1171430649386081
46	63	-1.2289981168312096
46	64	-1.5462474254714271
46	65	0.7157264600434547
46	66	1.0950585248524534
46	67	-2.550392957415314
46	68	4.878952421738885
46	69	-3.693693392328784
47	47	NaN
47	48	-1.6720570005700068
47	49	1.6909469369411807
47	50	1.101907425247322
47	51	-1.7813435339668202
47	52	2.9868876973989265
47	53	1.5645029029715782
47	54	0.330016318167589
47	55	1.1929833357255546
47	56	4.664595833792767
47	57	4.717341017326894
47	58	9.368271501454755
47	59	-1.5787613117571937
47	60	-2.6573764871130123
47	61	-2.1356686073800124
47	62	-3.5011071829344402
47	63	2.2379994267255756
47	64	-0.5380080943941795
47	65	-0.7296635992350405
47	66	-0.5560305402696097
47	67	-1.219402695023357
47	68	-2.3539797175818125
47	69	1.142870816593621
48	48	NaN
48	49	-0.029563267334795813
48	50	3.7769758737475736
48	51	0.6601933286870613
48	52	-4.707922866557643
48	53	1.2804146905061247
48	54	-1.1534810030120632
48	55	0.899181703102387
48	56	0.5519612612212897
48	57	0.6568130690438241
48	58	0.4293454343313601
48	59	-0.5898857547233091
48	60	-0.26036794903592636
48	61	0.24658479104970643
48	62	0.7504912528577287
48	63	-3.001115172483815
48	64	-2.3514968482251235
48	65	-2.7275655980858016
48	66	0.997543411453153
48	67	-0.33246682260408583
48	68	1.962159221696086
48	69	-2.2041457827550004
49	49	NaN
49	50	1.2861412043735234
49	51	-1.1679502108776771
49	52	0.8843096865021975
49	53	1.8458731921232798
49	54	5.06341733454355
49	55	2.297097219472179
49	56	1.5634247446894376
49	57	1.3457059968541483
49	58	-1.655441560383823
49	59	-0.15648558582288588
49	60	-2.997360770099665
49	61	-0.15497263817929788
49	62	0.9910194773191816
49	63	1.7590634049868
49	64	-0.3424940112763545
49	65	-1.457627052493882
49	66	0.29069537045290733
49	67	-1.3417439778702664
49	68	-1.8913390538109711
49	69	1.655014293239141
50	50	NaN
50	51	-0.13604902588243203
50	52	-4.248861747772803
50	53	-0.884107165892133
50	54	0.4476316838321357
50	55	-1.6639798801847598
50	56	-2.8744187557729366
50	57	-0.5346682911510773
50	58	-3.431501087991501
50	59	0.49176179201717185
50	60	1.6761644868298375
50	61	2.6121572932841395
50	62	0.26021044800656196
50	63	-1.7849038767963177
50	64	-0.4580975689186962
50	65	0.8594068753525789
50	66	-0.8720096316241798
50	67	2.504963776356838
50	68	-0.5380024040965481
50	69	-1.9451058504016265
51	51	NaN
51	52	-1.693965165252623
51	53	-1.2246138415451184
51	54	1.1580977053992103
51	55	-2.4752663813449094
51	56	-2.5013025675677403
51	57	-1.459544395361525
51	58	0.3313679147214216
51	59	-2.2378692449590205
51	60	-0.4245478886225115
51	61	0.6816080437664289
51	62	-2.208599987853789
51	63	-1.0172019147426548
51	64	-0.15619915926097655
51	65	-1.6690563033871153
51	66	-1.4923741611279018
51	67	41.08062395996773
51	68	-0.3523274511475833
51	69	-3.577756488821385
52	52	NaN
52	53	2.373866926262892
52	54	0.7354126998214668
52	55	3.120234065389996
52	56	1.908762304837644
52	57	-3.461443445175319
52	58	0.8344267552298636
52	59	0.5187823883238477
52	60	-1.5340084600191588
52	61	-2.438180759610141
52	62	-2.7049512305034793
52	63	0.9387729321997159
52	64	-1.2977781437853766
52	65	-0.784007412626511
52	66	-0.7615360099049675
52	67	-1.7776972420980295
52	68	-1.9599108772023857
52	69	1.986998638343942
53	53	NaN
53	54	3.030321336293661
53	55	0.8019536680098392
53	56	2.529914544143885
53	57	-0.18709907577774823
53	58	-1.5966972998313065
53	59	-0.853442474705749
53	60	-1.4416893019583703
53	61	-0.3530712972203726
53	62	-3.576580837365205
53	63	1.4593066594386963
53	64	-1.3196758309073864
53	65	-1.0688658335228274
53	66	1.4233145585373708
53	67	-2.4444456236584733
53	68	1.0309049463735833
53	69	1.288889728704148
54	54	NaN
54	55	5.217225925948307
54	56	-0.110324039212153
54	57	-1.0256316431085741
54	58	-1.1397468786233975
54	59	0.08213434635238842
54	60	-4.4613140672209814
54	61	-2.073040937690046
54	62	-2.7386912311856615
54	63	-1.2669794937435712
54	64	1.01542977396203
54	65	-0.3040305111642433
54	66	0.06392478422974032
54	67	14.390280888592391
54	68	-2.3664545592028285
54	69	-0.0859461045509132
55	55	NaN
55	56	2.8571608684068854
55	57	-0.5545529440609781
55	58	0.433056189736932
55	59	-0.3968090680128211
55	60	-1.8186123233742144
55	61	-3.2967995641098824
55	62	0.8297456430493064
55	63	3.336169473954463
55	64	-0.7813292502591742
55	65	0.02220019333021235
55	66	1.2281426876837334
55	67	-1.2871296532107313
55	68	-1.812279101560078
55	69	3.919547261792505
56	56	NaN
56	57	-2.563117244902395
56	58	0.39267852142285115
56	59	1.431819674508883
56	60	-3.573749866376152
56	61	-0.3330127152555698
56	62	-2.464835756585857
56	63	2.4910122788575615
56	64	1.5552808718753577
56	65	1.0726315529353605
56	66	-0.8403906670680458
56	67	-1.4885628191369085
56	68	-0.9864965963299288
56	69	0.44508191862367985
57	57	NaN
57	58	-1.847424314384238
57	59	-3.45291003407088
57	60	5.7107629531085005
57	61	-2.5416260828230834
57	62	-2.3906554739365675
57	63	-1.5034817876460418
57	64	18.154495300872966
57	65	-0.5328197911185096
57	66	0.43643160954766846
57	67	1.0006006296430892
57	68	2.318124918661275
57	69	-2.1769201414717245
58	58	NaN
58	59	-1.8906769074598428
58	60	1.012274395361776
58	61	-1.7838288229173722
58	62	39.72422425585073
58	63	2.7958459348844578
58	64	11.353302516537685
58	65	-2.689415034758529
58	66	0.13413152408546622
58	67	-4.008766870665409
58	68	-0.09649483609707699
58	69	-0.9873907584670654
59	59	NaN
59	60	0.5918753694958261
59	61	-3.9759517076128503
59	62	-0.767291326645866
59	63	-0.08634575350713951
59	64	0.07268992210823792
59	65	0.2557974877674553
59	66	-2.7368376343158016
59	67	-2.231914898475846
59	68	-0.38572526882869346
59	69	1.1861384513863191
60	60	NaN
60	61	4.284484784208775
60	62	5.0900800680314315
60	63	-4.02548323324181
60	64	-0.32739864860834295
60	65	0.18641762685044896
60	66	1.3658100782942069
60	67	1.7618995228483487
60	68	0.008928194421926564
60	69	-1.5655267211036605
61	61	NaN
61	62	1.31686215538878
61	63	-2.7167515357691916
61	64	0.1628096208498469
61	65	0.34151275190524316
61	66	-1.5332778454500122
61	67	-0.0447969820696539
61	68	3.1281813246806274
61	69	-2.9820490604829883
62	62	NaN
62	63	-2.6217571123146377
62	64	1.1062279865503577
62	65	0.9539815331481157
62	66	-5.118764373512644
62	67	1.4837983007549949
62	68	3.7631694008459733
62	69	-1.4725486165854471
63	63	NaN
63	64	0.2255609723278869
63	65	0.5826300810934837
63	66	2.206014801259145
63	67	-1.539102203151386
63	68	-0.3686484258662668
63	69	0.6708590618648623
64	64	NaN
64	65	-0.6371104472904514
64	66	0.7255980540427652
64	67	0.014553162587375275
64	68	-1.2252291686817924
64	69	-1.1106805772617365
65	65	NaN
65	66	2.3901573512905254
65	67	-2.3379775087432004
65	68	-1.7489833973850188
65	69	-0.8566719534109328
66	66	NaN
66	67	-2.399199909028367
66	68	1.7879122128767426
66	69	3.341097227547517
67	67	NaN
67	68	1.3843440786082746
67	69	-2.3980107530577297
68	68	NaN
68	69	-0.638356426304814
69	69	NaN
