1	1	NaN
1	2	-1.673507644817441
1	3	-0.3851962180277043
1	4	3.506233258353075
1	5	2.340400285065188
1	6	4.834020643911733
1	7	0.3282971156457232
1	8	-0.1415603867169215
1	9	1.6366927202420765
1	10	2.1729453349814447
1	11	-2.631049178298146
1	12	-3.149079758371492
1	13	2.7427079640125664
1	14	0.6518013526651193
1	15	-2.663651857627208
1	16	0.9384913913076127
1	17	0.36202581956416197
1	18	0.365667112467746
1	19	-2.7446650011691753
1	20	0.929672628394405
1	21	-1.9092072960923216
1	22	-0.9461520123962482
1	23	0.4310183530947287
1	24	0.9081074060010093
1	25	-2.490377813219829
1	26	-1.4678379009007592
1	27	-0.011211025350826447
1	28	-2.324393716554993
1	29	-2.5275052774426987
1	30	0.752617823094954
1	31	-2.6140849602821854
1	32	-0.28741720717325026
1	33	0.131813489821813
1	34	-0.9150835989247667
1	35	-0.73594613385204
1	36	0.18198914450292594
1	37	0.9103184837783505
1	38	0.09450198090145003
1	39	-2.930664977293695
1	40	1.0309659077025493
1	41	1.0222689010490085
1	42	1.093117110523907
1	43	-2.8556868535699707
1	44	-0.8529818377568477
1	45	-3.887187107186571
1	46	-0.6022857541416584
1	47	0.2698280199971981
1	48	-1.3358908496901674
1	49	4.843499867758874
1	50	-2.5151319211965832
1	51	-0.9663306588334714
1	52	2.1610478795775228
1	53	2.0916064033961006
1	54	0.7492062518267993
1	55	4.093855497402768
1	56	2.3474332115526133
1	57	1.873425803913509
1	58	1.6739797463375612
1	59	1.4524410896834579
1	60	-2.8321579410966873
1	61	-3.2436704042349622
1	62	-1.6188974250523618
1	63	1.0341465028443955
1	64	3.1242193379493717
1	65	-0.9458452816583335
1	66	0.2779163289560876
1	67	-1.4930332622659404
1	68	-3.3425673590070595
1	69	1.198941724629125
2	2	NaN
2	3	1.299743512138419
2	4	1.2445949099608364
2	5	0.2896075739969305
2	6	-2.9855573302817544
2	7	0.024000389148704965
2	8	1.0816155146494864
2	9	-3.5878980444804656
2	10	-1.0903747874576568
2	11	2.174149905479545
2	12	-3.4689789058139153
2	13	0.34680463745352513
2	14	-3.1331773872002913
2	15	1.8979215366375835
2	16	2.31287910348362
2	17	-0.27434557496354783
2	18	-1.941617972119033
2	19	0.43926398075843076
2	20	2.963245661803191
2	21	-0.6517763510405571
2	22	-0.581047461115505
2	23	-2.846921418306223
2	24	-0.4174099609086633
2	25	-2.607332063017196
2	26	1.538475099988607
2	27	-1.7152651732780348
2	28	2.7078166741278173
2	29	-0.7746649157178949
2	30	-1.9619797958462042
2	31	0.020503313296406228
2	32	2.800536970386921
2	33	1.407511019224435
2	34	2.248502694659492
2	35	-0.9309976984531358
2	36	2.4798862605435
2	37	-0.5868225817656626
2	38	-1.677977683290361
2	39	0.5439006971319366
2	40	-1.4719519637521377
2	41	2.0272307294148733
2	42	-0.22303205384765112
2	43	0.34420225547324057
2	44	3.745734689800677
2	45	-1.3071544631717802
2	46	1.8385752590724294
2	47	-0.23461318498761757
2	48	-3.8696103176430316
2	49	0.13569040584996223
2	50	1.5572681258250567
2	51	-1.123694914057138
2	52	-0.2710734368364606
2	53	-0.9694218874605134
2	54	-2.0278045537913663
2	55	-1.569559408597315
2	56	-1.8148389864585313
2	57	-0.4138597143031556
2	58	5.37192110212237
2	59	-1.0144453337400037
2	60	1.4909087658270785
2	61	3.063399095136938
2	62	6.554001790219385
2	63	-3.4529443825572095
2	64	-0.07590915487872268
2	65	0.8187850653340983
2	66	0.8494637757576442
2	67	0.2728970680204169
2	68	0.39585293799510934
2	69	-0.3225691507778165
3	3	NaN
3	4	-2.640422710806369
3	5	2.638391819982606
3	6	-2.5873472129768778
3	7	1.2704461283810549
3	8	-1.9697955407882923
3	9	-2.1058210500990953
3	10	-1.9261580933691853
3	11	-0.2514497210916048
3	12	2.2950810486435693
3	13	1.4425893904310891
3	14	-0.4097186445262938
3	15	-0.6656196541910563
3	16	1.7270184312345271
3	17	1.7393337577135453
3	18	-3.5880100133314654
3	19	1.260811158569395
3	20	-1.9304204496613828
3	21	-0.14683631216158222
3	22	-0.2594743023423685
3	23	0.8246070151391227
3	24	-2.1283531022860234
3	25	3.4637787988118345
3	26	0.477677403497516
3	27	-2.175629853788855
3	28	2.8925533366945553
3	29	3.141792689094525
3	30	-1.6820580344132214
3	31	3.712950298964696
3	32	2.8660259125743828
3	33	-1.8354963874570236
3	34	-1.8489965670336452
3	35	-0.36401834472069
3	36	-0.19320686840960336
3	37	0.4512483102047123
3	38	-3.2360817635101435
3	39	1.5867254709856093
3	40	-0.015354142925559132
3	41	-1.1510405019781744
3	42	1.5118130097233808
3	43	2.207523200419247
3	44	-0.9159396404425542
3	45	2.7742667022572682
3	46	2.454113827063586
3	47	-1.0557611649023764
3	48	0.36195082260900197
3	49	-1.995645451895409
3	50	2.6683598501429473
3	51	3.787098703534189
3	52	-2.0253087637474123
3	53	-0.8121648553452722
3	54	0.35692084244248334
3	55	-3.43008144833027
3	56	-1.9079960174324835
3	57	-2.299073267934747
3	58	1.196680753106887
3	59	-2.3563688299671894
3	60	0.6715127862921898
3	61	2.4508566502967692
3	62	-1.0316793120393644
3	63	1.9553665812898846
3	64	-1.2661027084939132
3	65	0.13037738768166438
3	66	0.41541329642289115
3	67	0.18547447183866217
3	68	2.0240173080537534
3	69	0.6030109823837374
4	4	NaN
4	5	0.04855446659220448
4	6	3.1819702072503917
4	7	0.2125448287885061
4	8	2.2335840803541394
4	9	3.5349366680041214
4	10	0.3611222255066792
4	11	-0.5032311719149958
4	12	-2.482841618348358
4	13	-0.598168083292426
4	14	-0.2970056477324022
4	15	-1.6492816585057477
4	16	-2.723028899251898
4	17	2.076246757709031
4	18	0.605877781796736
4	19	1.2498631527181974
4	20	-0.758290561231549
4	21	-1.5190005298561045
4	22	-1.141812754648178
4	23	-2.5319467625611995
4	24	1.479591866327873
4	25	-2.3676006273158134
4	26	-1.8483973983543767
4	27	0.016971554964404008
4	28	-0.23719145796942726
4	29	-1.3849366846584668
4	30	0.03181710094103905
4	31	-2.249309717300157
4	32	-1.8360635724722776
4	33	2.7581347650889234
4	34	-2.8465813799415276
4	35	1.6589669942281842
4	36	-2.134954924443381
4	37	-0.43003734747902644
4	38	0.601517385684511
4	39	-0.20533258550095443
4	40	2.661744022182096
4	41	0.13578506008426003
4	42	-0.9577702022156162
4	43	-2.0291174824187452
4	44	0.19566029906562055
4	45	-1.3945320953754459
4	46	-1.72109222054236
4	47	-1.3988219853315615
4	48	0.8926657644961977
4	49	0.6503593439030105
4	50	-1.7331131278860181
4	51	-1.839748258528482
4	52	3.2956121610060554
4	53	2.2376713823592396
4	54	-0.07717199997940669
4	55	3.012642346287638
4	56	-0.15318048198980508
4	57	1.0398800553187706
4	58	-0.2438968633180685
4	59	0.46076228971643185
4	60	-2.2305530281368178
4	61	-0.0020205858637401836
4	62	-1.4816959983298723
4	63	1.13457910357861
4	64	3.7967417953836566
4	65	-0.750239379434164
4	66	1.7436975763771019
4	67	0.13979253015046028
4	68	1.5851721565351051
4	69	-2.9781763962687138
5	5	NaN
5	6	-3.1156508032811603
5	7	-1.2749225924685113
5	8	-2.5969227636152783
5	9	-1.9361486717906227
5	10	-0.8116069438477466
5	11	-0.32187323935383816
5	12	0.29823527708950465
5	13	-2.2504884596982153
5	14	1.080147267528946
5	15	-0.6055793337612912
5	16	-0.5991469009620582
5	17	-2.803243464693372
5	18	-2.3747002658208167
5	19	-0.623668953444293
5	20	-2.314823461074648
5	21	-0.8599471249247227
5	22	1.9825440564895365
5	23	2.0998683940496883
5	24	-0.5751477065299505
5	25	0.8577546369565857
5	26	-4.059745122593817
5	27	-4.183561796041361
5	28	0.8707918580027925
5	29	-0.5214614923755468
5	30	-2.1994062304536586
5	31	-4.218588335913082
5	32	-0.2936143839173949
5	33	0.03414856913136755
5	34	71.65501144721871
5	35	-2.564741602447214
5	36	-1.944878849772051
5	37	-1.7419006379933577
5	38	-0.6050355130539652
5	39	-1.125929140082791
5	40	-3.850804661219144
5	41	-1.695528032104608
5	42	0.6777878533141986
5	43	0.6265186174034441
5	44	-0.16581669155875722
5	45	1.340567594573979
5	46	-1.9067497642147715
5	47	-3.7056873378542763
5	48	-0.522588598954085
5	49	-2.9348065571038235
5	50	-0.7315040313593584
5	51	-2.049122563168428
5	52	-3.211398316781207
5	53	-3.657351193153716
5	54	0.48580588441059924
5	55	-2.1686657731120174
5	56	-1.0267716861047242
5	57	-3.439098506261181
5	58	1.6719618699703067
5	59	-1.0430823044155735
5	60	3.3474309005843517
5	61	0.7449775468779508
5	62	-1.1500452284262388
5	63	-1.037570751419418
5	64	-3.244697356988015
5	65	-2.0631760394150915
5	66	-4.443398596505404
5	67	-0.5716641814302302
5	68	-1.0834246935966283
5	69	0.9313864936474027
6	6	NaN
6	7	-0.9047082788008021
6	8	2.478062523022961
6	9	4.200776038440724
6	10	3.0085480653465506
6	11	0.2423284686895448
6	12	-1.633238732493587
6	13	-0.7355604302763723
6	14	2.0346507353600196
6	15	-2.5520138247207287
6	16	-0.20128626062638935
6	17	0.5556872079353367
6	18	-0.18433651379736357
6	19	1.376770622952116
6	20	-0.08788687122755588
6	21	2.3200981876251365
6	22	-1.0854125628701932
6	23	-0.7097678663753982
6	24	0.2760762637939826
6	25	-1.3174654478101737
6	26	-1.80408301278681
6	27	-0.7062390877785856
6	28	-1.1381562284081694
6	29	-2.2373347081711055
6	30	-1.0055257787793428
6	31	-3.5042219103549153
6	32	-2.968413279917775
6	33	2.254403707296831
6	34	-4.520249570706848
6	35	2.4847043446457486
6	36	-0.5188348428771352
6	37	0.5381194043703805
6	38	1.3685089577896237
6	39	-0.5610267529533659
6	40	2.8017799911141372
6	41	1.7965596553798544
6	42	-0.3946064920715479
6	43	0.8217716573659478
6	44	-0.10781924281519494
6	45	-2.1397088369583157
6	46	-1.2041089172671682
6	47	-3.3577409695518563
6	48	-1.0961348649737177
6	49	5.294041832018342
6	50	-2.474620228484689
6	51	-1.2515221429683434
6	52	2.4012978051441416
6	53	1.49721727743784
6	54	0.20631876525514511
6	55	2.0518986928699605
6	56	3.288331484924414
6	57	3.2058776108302807
6	58	-3.9560045549809555
6	59	1.102329987844022
6	60	-0.7786223458824482
6	61	-3.6171679948212314
6	62	-4.528265485594961
6	63	0.293917635981183
6	64	3.8777509546668365
6	65	1.2464543109975113
6	66	-1.0456841820198595
6	67	-0.10855185459202478
6	68	-0.5733326725740762
6	69	-1.7240404738642578
7	7	NaN
7	8	-2.1268076050833424
7	9	-3.52326505143618
7	10	-1.4317374939137169
7	11	-1.6011510044249724
7	12	0.03827745439195247
7	13	2.8274806527969036
7	14	-0.42746276010292733
7	15	4.879845679902738
7	16	-1.2608582279072125
7	17	0.5180943430543989
7	18	0.887371170308066
7	19	2.9761524286357357
7	20	1.6734463727234292
7	21	1.2865722705082026
7	22	-1.2780276583393404
7	23	1.1201511344561659
7	24	1.5343545599901347
7	25	-2.7083898553339427
7	26	-3.7581045412185676
7	27	1.8253736131693168
7	28	1.8352084073559813
7	29	-3.4410841845157703
7	30	1.9984013329305559
7	31	0.6797136478454662
7	32	1.0156415901163323
7	33	-1.1288907861504425
7	34	-1.258414754465157
7	35	-3.2450201890180153
7	36	-0.20297333168788548
7	37	-1.9218329516928239
7	38	-1.5188824808401808
7	39	3.1386572287600445
7	40	-2.796263220702276
7	41	3.3239129337164868
7	42	4.6887689605813225
7	43	0.5457034567773231
7	44	-0.342862005916752
7	45	0.022889793851674393
7	46	0.07662421731854965
7	47	0.23262473226491917
7	48	2.671979110273492
7	49	-1.858804081221571
7	50	1.0928093167638977
7	51	-0.9328228639290599
7	52	0.4351698496780017
7	53	-1.96038557373505
7	54	-0.27941697715974884
7	55	-1.6035198090151181
7	56	2.144026543023907
7	57	-1.5263887466971084
7	58	0.5405182109127937
7	59	-0.7282559234399589
7	60	1.6546575976969669
7	61	0.8066903801955128
7	62	1.3056032536657536
7	63	3.050605085176297
7	64	-3.070297460459616
7	65	-1.1884185448060633
7	66	0.6055110474178654
7	67	0.762751509419332
7	68	0.43157678442365177
7	69	-0.8969128584410713
8	8	NaN
8	9	-0.2597695203768794
8	10	1.3902350407571784
8	11	-0.5477720667614815
8	12	-2.816670599936744
8	13	0.7675539553471252
8	14	0.05619427823068193
8	15	-2.2980763911096624
8	16	-3.44609373649703
8	17	-1.2554872420852066
8	18	0.6342047446646418
8	19	-1.230084009077466
8	20	-1.8975986067622999
8	21	-1.0406791000593325
8	22	2.0458794809317027
8	23	0.6667934669892993
8	24	0.7670959816806926
8	25	-0.6690274698037074
8	26	0.16025391148880117
8	27	-0.8576370766709231
8	28	-1.6107619995205338
8	29	-1.2082566711000933
8	30	-1.326837137672658
8	31	2.1659114227024756
8	32	-2.3620751170522287
8	33	-1.2684289293753854
8	34	-4.027147796335387
8	35	-2.2007300355524086
8	36	-2.944770799795175
8	37	29.117427186202235
8	38	0.2650239321382974
8	39	-1.3268064068314656
8	40	0.7902097855318708
8	41	-1.6234338318356243
8	42	0.26961721170197295
8	43	-2.5826097761299636
8	44	0.17101291163036444
8	45	-2.7745316345665447
8	46	-2.4911038368847223
8	47	-3.1637990150197717
8	48	-1.6117504210691629
8	49	-1.1205936829788872
8	50	0.6980605274594246
8	51	-1.4381719185073245
8	52	1.9231715590002745
8	53	24.444146151934547
8	54	-2.218159580832884
8	55	4.273039935212152
8	56	1.3008305959450444
8	57	1.1719122268270592
8	58	-1.5277595133529664
8	59	-0.8031964503514103
8	60	-4.320922508514183
8	61	-2.0034712858280836
8	62	-3.6852321411211117
8	63	-0.2264465610433041
8	64	1.2971365968875619
8	65	-1.0746138890561123
8	66	-1.7035196644087731
8	67	-0.33857153969171355
8	68	-5.055582658374424
8	69	1.2027796610868415
9	9	NaN
9	10	3.0606053766721892
9	11	-1.8453357163433382
9	12	-3.959945486069283
9	13	-0.11117480623760544
9	14	0.6106591235836185
9	15	-1.3928701870737172
9	16	0.5429485188574535
9	17	3.0620652860175404
9	18	0.18161337325108945
9	19	2.819053348708997
9	20	0.836856933217869
9	21	-2.97279762402233
9	22	2.65632750927198
9	23	-1.172310887226865
9	24	0.10086928315622089
9	25	-1.7063963505366175
9	26	0.8871874730436512
9	27	-2.027607916283737
9	28	-2.537240530784842
9	29	-0.04952525582532143
9	30	-1.633279374256096
9	31	-0.9021071356966874
9	32	0.09054005862429133
9	33	1.8712092762362758
9	34	-4.802270907873243
9	35	0.962700149772488
9	36	-0.38130898974416594
9	37	1.4847052229586415
9	38	1.7360101495952343
9	39	3.0491899028268437
9	40	2.4079845889414813
9	41	0.745203562231699
9	42	-3.16136339172374
9	43	-1.0299093027345263
9	44	1.0028992075927663
9	45	-4.382759076621163
9	46	-3.797038880965511
9	47	-0.920241448246665
9	48	-2.2748347542816885
9	49	3.1578751416031565
9	50	-2.072927075370738
9	51	-3.7561046552605024
9	52	1.888692300660303
9	53	0.7651018367214498
9	54	-0.6312236465133965
9	55	3.703246406871372
9	56	5.185112846304965
9	57	2.440961686019471
9	58	-2.426954676499179
9	59	1.624748546354627
9	60	-0.09442442939686138
9	61	0.20012757081538443
9	62	-2.1419855649238615
9	63	1.7034271244283925
9	64	1.915990905037115
9	65	1.731509666017174
9	66	0.7826550234546004
9	67	-2.379196800320536
9	68	-1.4381869231578694
9	69	-1.6835754607491011
10	10	NaN
10	11	-0.3199397016410211
10	12	0.3103922046743317
10	13	1.2175988133287015
10	14	0.04578874712700244
10	15	0.7329235865244335
10	16	-1.4426559122358846
10	17	2.9952429660664253
10	18	2.300841782970423
10	19	2.5404268899849236
10	20	2.792284026648912
10	21	-3.2490434749794623
10	22	-3.143980738800155
10	23	-3.616380423231821
10	24	1.8971581249577412
10	25	0.40619281166985866
10	26	0.3276663135331132
10	27	1.6110010596260658
10	28	0.7790473031216878
10	29	-1.1999916101073462
10	30	1.0250260239040665
10	31	3.698572524674537
10	32	0.09043565647692596
10	33	-0.24781834043114276
10	34	-4.860169688532716
10	35	0.46005679586275516
10	36	-3.7750537043971764
10	37	0.0939866979476627
10	38	3.9681890800931297
10	39	4.744385367161738
10	40	0.7952337700370192
10	41	-3.4257593435809164
10	42	-2.5925710095812597
10	43	-0.8633723582829945
10	44	-0.3393276193465576
10	45	0.8847128748183443
10	46	0.7726275002722264
10	47	-1.54424926548743
10	48	0.27432032262683886
10	49	0.45799990897138315
10	50	-3.7926775505848096
10	51	-0.5968269085722859
10	52	1.068311459963137
10	53	0.28063083835218683
10	54	2.4360507167212884
10	55	1.8045415702489864
10	56	0.9432836654881772
10	57	-1.2886947440990069
10	58	-2.6573853930010563
10	59	2.1180770628126786
10	60	-2.6235353153921657
10	61	-0.5393285558661363
10	62	-0.7224846526365283
10	63	-0.23785111810408868
10	64	-0.6590680662005001
10	65	1.7546113811763806
10	66	-2.3250621369614755
10	67	-5.011319185414865
10	68	-0.627300177985079
10	69	-1.8817403292687707
11	11	NaN
11	12	3.984588543930054
11	13	0.8166310305905051
11	14	-1.098317604020379
11	15	-3.765352784664778
11	16	-0.6600570450363288
11	17	-0.7353882239889328
11	18	-1.888034707704599
11	19	-0.6322122506599773
11	20	-0.12505882394873172
11	21	2.558556361512382
11	22	-1.5822008011469952
11	23	0.38789429437516093
11	24	-2.6725351777834008
11	25	-0.9352869155855843
11	26	1.3886772795605942
11	27	1.698634517649354
11	28	4.718942935528973
11	29	2.1080011952817665
11	30	0.9235918847993686
11	31	-1.820709209030165
11	32	2.010351687326556
11	33	-2.6640398475208844
11	34	0.0015588544438864384
11	35	0.6142663737154362
11	36	2.672915553322768
11	37	-0.6084584082915107
11	38	-0.7553386570799131
11	39	-1.6241855231135554
11	40	2.6039308543392834
11	41	9.818424513748433
11	42	0.04561310788238776
11	43	2.3185717210095578
11	44	0.2156764068509598
11	45	-1.0173655812226643
11	46	1.7165139688314248
11	47	-1.228395821910094
11	48	-1.0299422762134547
11	49	-0.7984963953710447
11	50	1.0614248891632803
11	51	1.4581704270469507
11	52	-0.09589239224577555
11	53	-0.1783646716437216
11	54	-2.4123579700676885
11	55	-2.910519659539606
11	56	-3.2174621883195678
11	57	-2.0282196280344555
11	58	1.439987350530852
11	59	2.464632009397322
11	60	-1.1594355423704177
11	61	2.5194604196294814
11	62	0.858610530283052
11	63	-0.9475042073657902
11	64	-0.36617601692744867
11	65	-0.3730354136040769
11	66	-5.563085027496337
11	67	0.6950634035041128
11	68	-1.6419281651056232
11	69	-1.6049455414155263
12	12	NaN
12	13	0.7262670306778682
12	14	-0.03303277920260201
12	15	-0.13419279453171928
12	16	0.065470996617349
12	17	-1.2096117398779227
12	18	-2.4329823049662314
12	19	1.4681288608095855
12	20	-3.040549860499501
12	21	-0.8299025102641424
12	22	-1.0851415857655247
12	23	1.4846802405725061
12	24	-1.0250741177023357
12	25	1.7180299713455869
12	26	2.07643821697142
12	27	1.4571238567816038
12	28	1.0368882510086803
12	29	3.496491965751752
12	30	-0.3454870915381403
12	31	3.4492849386816804
12	32	1.6157072059874642
12	33	0.14879653102985677
12	34	5.5739757525806874
12	35	-0.08704345304840737
12	36	0.4327024147677147
12	37	-2.651509645304648
12	38	0.6936376314796625
12	39	-1.708464788546483
12	40	0.14005952150410966
12	41	0.2174134113623107
12	42	0.5407274658680657
12	43	1.331231122151355
12	44	-0.3739525585374686
12	45	-1.3010521021862933
12	46	1.6588669103183946
12	47	1.9249317331929738
12	48	-0.08478281928885782
12	49	-0.9239301013656844
12	50	3.070704150769743
12	51	4.321871328337084
12	52	-1.875127540310802
12	53	-1.4343026773535084
12	54	-1.3424580201943273
12	55	-2.6953852025546348
12	56	-1.1995825139208312
12	57	-0.7321756359914935
12	58	-0.5639433097006505
12	59	-0.27337782865617044
12	60	1.7954630176112574
12	61	2.481468433156836
12	62	-0.3038353423674444
12	63	1.9588982406307567
12	64	0.06937497215416538
12	65	-3.4414930979163825
12	66	-1.245756000271564
12	67	-0.9160579681078419
12	68	2.955613113228679
12	69	-0.280680743143061
13	13	NaN
13	14	0.1176312185468902
13	15	2.2422223852285685
13	16	-0.7393747706068197
13	17	0.8825435098399619
13	18	5.9262901027966395
13	19	-1.7059335743034547
13	20	-0.2291292288765537
13	21	-2.672218809046495
13	22	2.3075428988715685
13	23	-0.4196496907845005
13	24	-0.08868948141166162
13	25	-2.5020481450064396
13	26	-2.406538936485847
13	27	-1.7869398456259142
13	28	-2.5315438441023743
13	29	2.666417133035446
13	30	-0.36031974957291923
13	31	-3.9236548198113863
13	32	-1.9805211073458058
13	33	-1.459500590677988
13	34	-2.196034411284988
13	35	-1.1989431854305588
13	36	5.6808140537947045
13	37	-1.334629962270657
13	38	-3.2796326673868714
13	39	0.8366363781223275
13	40	1.280584486596446
13	41	-2.659127701815884
13	42	-1.092834913020093
13	43	-1.4810297447614982
13	44	0.07242202800770414
13	45	0.521554626156058
13	46	0.20216011787732543
13	47	0.705139017416673
13	48	-0.3588724645818501
13	49	-1.4376553552121039
13	50	-0.350887230147187
13	51	0.6532970871661454
13	52	1.3137774256043202
13	53	-0.37331012944561753
13	54	-0.2964453549969469
13	55	1.8196473972623808
13	56	0.7687851891118649
13	57	1.7958334830241094
13	58	2.1169603898870646
13	59	2.6368552753150314
13	60	1.8420289511443084
13	61	-2.7504256748930835
13	62	0.029951571310816046
13	63	-0.43508544852351033
13	64	-1.3507887464756878
13	65	0.7849236580243535
13	66	0.11223846881776917
13	67	1.2031266778444376
13	68	-1.3471010759576105
13	69	-0.2961403452591695
14	14	NaN
14	15	0.1420323722161184
14	16	2.8125734327963854
14	17	1.8252843600737991
14	18	19.238773421535676
14	19	-2.771560789155201
14	20	-0.8518211957048982
14	21	-0.65725889840091
14	22	-0.4689751491193899
14	23	-1.6467778113748957
14	24	2.3967482942550244
14	25	-1.4040603751080294
14	26	-3.4108144807476015
14	27	0.37138413946510773
14	28	-1.7680754068640243
14	29	0.8476849658503112
14	30	-2.8067340427909926
14	31	0.7029717464310887
14	32	-0.1574347303129006
14	33	0.007224433411312906
14	34	-3.0209193017392404
14	35	1.9325784397720833
14	36	-1.553935402190592
14	37	-1.7500058853063938
14	38	0.18462959841358928
14	39	-1.4910191415256788
14	40	0.5900251410869656
14	41	-0.36234241940504175
14	42	-0.5549987396883695
14	43	-2.756760726052785
14	44	-0.5181335342003484
14	45	1.6462064643476277
14	46	-1.211501873726288
14	47	-0.9246586744752688
14	48	-0.9929370594543416
14	49	0.7248651524908681
14	50	-2.7312740919754455
14	51	0.053213351137101045
14	52	-0.07693504350617589
14	53	5.761407805148314
14	54	1.026429971382138
14	55	0.7963413316058201
14	56	0.21842531741268725
14	57	-1.1322565377891705
14	58	-0.6084039911350125
14	59	-1.1712760395054211
14	60	-1.2713124686979485
14	61	-1.129633769220152
14	62	-0.01600340526453066
14	63	0.48919250238354484
14	64	0.031030660818178242
14	65	-1.7955535257008137
14	66	-1.5115114406046273
14	67	-1.1391188956685911
14	68	-3.1076083265698298
14	69	1.6310145957819053
15	15	NaN
15	16	5.360620864415349
15	17	-0.67351069954644
15	18	-0.24832898630590844
15	19	2.0002590712167487
15	20	0.37346315238080086
15	21	0.8344118373750858
15	22	1.5070964061144045
15	23	-0.022913641127844803
15	24	-1.610124203134779
15	25	4.071814181512315
15	26	-2.1668769500526848
15	27	-0.7930843908078568
15	28	3.182019647312003
15	29	-0.555624062905924
15	30	1.472182613461686
15	31	0.9295653382274444
15	32	2.3401185274428165
15	33	-1.4795722413943404
15	34	-2.6392017345301233
15	35	-2.889809782347742
15	36	0.03668787532452128
15	37	-1.124838139455472
15	38	-0.6809805177756819
15	39	-0.5024441582553466
15	40	-2.885353807267526
15	41	-1.5985087215769622
15	42	-0.7221891532066071
15	43	-1.061099436769017
15	44	-1.0400159883850444
15	45	-1.1510649299861102
15	46	-0.28123397755725277
15	47	3.065705860771374
15	48	3.4411676258165764
15	49	0.7235912143768913
15	50	-0.2987864724164377
15	51	3.325607048129777
15	52	-2.7509729873559925
15	53	-1.3963874802818237
15	54	-1.3783616158530225
15	55	0.1502865881595689
15	56	3.861367741639044
15	57	1.9504850026249523
15	58	4.365349056752921
15	59	0.5969141020089398
15	60	0.32199066025821715
15	61	4.832266540993223
15	62	-0.44142185744497076
15	63	-0.8156594487415858
15	64	-2.38063809884008
15	65	1.6586390902553987
15	66	-1.7595694133677233
15	67	-3.2339400903162745
15	68	0.1642491877228827
15	69	1.1669215480556125
16	16	NaN
16	17	-3.326765998702067
16	18	-0.19977032229665995
16	19	1.5908021701666317
16	20	-1.4936313173532092
16	21	0.4504665363023427
16	22	2.0940162553755597
16	23	-0.25943939831800467
16	24	-0.39496807606162393
16	25	0.8499483164151567
16	26	1.4481261013223365
16	27	0.1192309196511507
16	28	2.4891702202415877
16	29	-0.9139970783381655
16	30	1.0302660729531576
16	31	-4.766262122646226
16	32	1.3661348918887621
16	33	-2.4999129533878137
16	34	-2.226774245703065
16	35	-2.771499823534884
16	36	-1.9448722820566526
16	37	0.46657988269111794
16	38	-1.720634066612028
16	39	-1.2499739589445469
16	40	-1.6612648823498415
16	41	0.38253442740229454
16	42	2.061340872314426
16	43	-1.7487657921428401
16	44	0.023195453615625843
16	45	0.37393238544958884
16	46	0.9821511093988318
16	47	-0.9074077084230037
16	48	2.110905165616632
16	49	-2.6145708917693002
16	50	2.77635464310974
16	51	-2.7757637145789755
16	52	-0.9126473854646633
16	53	4.395160941919772
16	54	0.8518236160216055
16	55	-2.9388982986818535
16	56	-4.184426651355682
16	57	-1.729990755634639
16	58	-1.744965413143776
16	59	2.622940267166501
16	60	-1.1280302532939244
16	61	0.990806748617088
16	62	0.8656153921202734
16	63	-1.692242298670169
16	64	-1.3273686316067164
16	65	0.42584076292431244
16	66	-2.7909375265392167
16	67	3.417304818407951
16	68	4.319927940307555
16	69	15.329435703476168
17	17	NaN
17	18	0.5663535253575246
17	19	0.2161698434474761
17	20	1.1000280080720577
17	21	0.6753179638261063
17	22	-4.012297510258084
17	23	0.416262156936088
17	24	1.7959709899116185
17	25	1.1939693894142573
17	26	-2.867326775454583
17	27	-1.2757421269034561
17	28	0.17389550740398574
17	29	1.559477293500416
17	30	-2.216321705571671
17	31	0.2731794553037973
17	32	-0.4394456504740851
17	33	0.7000354889017544
17	34	-1.6204013683893563
17	35	0.2755317878436969
17	36	-0.5748438530474009
17	37	-0.7602082690972908
17	38	0.019463552430041317
17	39	-0.7860025754528568
17	40	1.3348848828644968
17	41	0.6298808855800744
17	42	-2.9491114509011136
17	43	-1.802677240088247
17	44	1.7884201654531733
17	45	-5.319123242223912
17	46	0.8126854248043137
17	47	-1.3994517910518536
17	48	0.31485491127673215
17	49	-0.026747138000251806
17	50	1.9190201123483965
17	51	-4.320992243320591
17	52	2.7764200247985995
17	53	3.699170303093499
17	54	-1.3107068331548775
17	55	3.463766561819828
17	56	0.7220842038107818
17	57	2.2380937866172794
17	58	-0.29919714206343634
17	59	-0.8242941452494194
17	60	-0.7217957105059608
17	61	-0.7289637227354019
17	62	-1.7842440860930422
17	63	0.12862832697186383
17	64	1.5155873332023504
17	65	0.11331287487572664
17	66	2.5694253378569782
17	67	-4.685216642018481
17	68	1.6058230659617594
17	69	-0.7197426250658825
18	18	NaN
18	19	3.181273368207254
18	20	-0.43551284366990045
18	21	0.5737660488753942
18	22	0.6038368805678356
18	23	-3.684806153562893
18	24	-0.12490315402684726
18	25	-1.4337762279490287
18	26	-0.0824790479061941
18	27	-1.2799651926213056
18	28	3.2837537562170884
18	29	-2.6012526444264354
18	30	1.4848935686134705
18	31	0.40427554845651703
18	32	-1.7395613015629883
18	33	0.2118688307713644
18	34	-2.3608679265851427
18	35	-0.9974170341948597
18	36	-1.443184267137773
18	37	-3.0312727867941773
18	38	-1.5124521748918944
18	39	1.4154207669669445
18	40	0.19360215171973377
18	41	-0.22520137776015006
18	42	-0.8815284830210379
18	43	-2.6135918195469903
18	44	-2.1025318411566576
18	45	-0.4913712014221825
18	46	-4.90552849348838
18	47	1.1576517656961467
18	48	0.6280915294428119
18	49	2.507437956730811
18	50	-2.7621861325418933
18	51	2.4688943104127725
18	52	0.8779431537726918
18	53	0.9164908452012772
18	54	1.2877550670457694
18	55	-0.13748190624391124
18	56	0.0045591057124435485
18	57	-0.9544693952896339
18	58	-0.20612490135611242
18	59	0.7964689264546452
18	60	-1.0204687415879579
18	61	1.1394044692632679
18	62	-0.9150561563854194
18	63	-0.5706140886050638
18	64	-0.30718187694983345
18	65	0.16395507527467926
18	66	-2.125598378008491
18	67	-0.9735223560400577
18	68	-0.5273586339175058
18	69	-0.7524959628239013
19	19	NaN
19	20	0.44681479696633936
19	21	0.7068828833616398
19	22	0.556038824242341
19	23	0.8625468342095735
19	24	-0.9190982362003763
19	25	4.9008423030975345
19	26	-0.5097450565998367
19	27	0.05431210477171584
19	28	-0.18088886171913668
19	29	3.328821489388961
19	30	6.880618537698165
19	31	3.092048374796747
19	32	0.9948000553260176
19	33	-0.840631478796965
19	34	-0.7185425699649138
19	35	0.08031746158088125
19	36	0.12378330717771839
19	37	-4.50563183262056
19	38	-2.740114892466777
19	39	2.3485106007884746
19	40	-0.5000651958123532
19	41	-1.4885437966995787
19	42	1.39702825107263
19	43	-2.0725486867322327
19	44	-1.8711816282717892
19	45	4.953178010697422
19	46	0.7088086858498612
19	47	0.7525278594141157
19	48	0.1726591596464302
19	49	-0.7940228236410448
19	50	0.06770686695533623
19	51	1.8214844757567945
19	52	-2.9453897668121582
19	53	0.7624888768061265
19	54	-4.906519738190573
19	55	-4.010271103305741
19	56	-1.9881944568419956
19	57	-0.9290260738416395
19	58	-1.5944336017719272
19	59	1.455956730657965
19	60	0.40509047799665376
19	61	-2.1653140008782046
19	62	0.7940244400390959
19	63	-0.5119332334079837
19	64	-2.5965761570252512
19	65	-0.8497528481652685
19	66	-2.1356817286749328
19	67	-0.07385085564300287
19	68	3.108473456516869
19	69	0.560129604090799
20	20	NaN
20	21	-2.85687533597648
20	22	3.1012376323301996
20	23	-1.7647048622746904
20	24	-0.1870770852237289
20	25	-3.950766275086454
20	26	1.0329985817594454
20	27	-2.9733004650971564
20	28	-0.38612876063538426
20	29	0.7654892376891884
20	30	0.7867917500289225
20	31	-3.619635778875807
20	32	-1.7391826827799892
20	33	-1.338600741520127
20	34	-2.786946615310429
20	35	-0.16468255334912216
20	36	-1.542112126122975
20	37	0.27283102100661855
20	38	3.102636474119031
20	39	0.008539080191725295
20	40	1.9868131310033603
20	41	0.1730560842538195
20	42	-1.3611145238903326
20	43	1.227303995941894
20	44	-2.9802331779725946
20	45	-1.784189674580986
20	46	0.8001626317493462
20	47	0.1580979642116359
20	48	-1.448544429257451
20	49	0.38133017003039976
20	50	-0.6485339952145013
20	51	-0.17385556126246507
20	52	1.2061707449017298
20	53	4.740127344100764
20	54	0.44289692380829365
20	55	4.177662618966537
20	56	2.7662590009109977
20	57	0.5594058058518377
20	58	-1.0349273119554205
20	59	0.5235136378805276
20	60	-1.0030704701782196
20	61	-0.13267637208116312
20	62	-3.34277935617601
20	63	-0.8913560352731273
20	64	1.217734432778946
20	65	0.39886292270991647
20	66	-0.3184672867068271
20	67	-1.1295561663771554
20	68	-2.344461404548224
20	69	11.330510035565764
21	21	NaN
21	22	2.071932455079613
21	23	6.040714086921726
21	24	-0.6406416268376572
21	25	0.7641079507588473
21	26	0.9513424635153933
21	27	-1.0965250663504984
21	28	-0.426122196883412
21	29	0.686861326495221
21	30	1.8350540589288578
21	31	-0.6953176049511395
21	32	-0.6892804012230506
21	33	-0.9539857126740081
21	34	-1.5069936532427686
21	35	0.34284633039853935
21	36	-0.6509422050892314
21	37	5.96906548605075
21	38	-0.09462039201434069
21	39	-0.7997313047218011
21	40	-3.3339849512788655
21	41	-1.4364253534184144
21	42	0.9075247779549452
21	43	0.9690453946703925
21	44	2.2647023044628014
21	45	-0.19410809073211316
21	46	-0.2527532806578552
21	47	1.2915438793602556
21	48	-0.34636605928046343
21	49	-0.4228539434311103
21	50	2.765107011595987
21	51	0.3565673536121603
21	52	-1.4250546687929542
21	53	-1.011060091159922
21	54	-0.8079990315559201
21	55	-1.8248923562599793
21	56	-0.9908342953838574
21	57	-2.3654134111333227
21	58	4.061961728104111
21	59	-1.6646931298231378
21	60	2.1853779513695324
21	61	-0.5197374943528552
21	62	0.9736114322840558
21	63	-1.478042532979078
21	64	-1.649642908876131
21	65	-2.1209815338714573
21	66	1.859035720568151
21	67	1.9702908615336154
21	68	1.6777940706447079
21	69	0.33038768043013134
22	22	NaN
22	23	0.7373131073649817
22	24	2.2727439581377986
22	25	0.7369263163433372
22	26	1.8614408771648916
22	27	0.9807789372068592
22	28	2.8983711506652257
22	29	2.0554873557890887
22	30	-1.9251180174430838
22	31	2.433575502238783
22	32	0.23069357918811956
22	33	-1.233213021818696
22	34	0.06465430503835817
22	35	0.924674933420676
22	36	-0.8807233399093776
22	37	1.3941983658193644
22	38	-2.3115360037249864
22	39	3.7388997012829646
22	40	-2.3607078137872284
22	41	0.7919997162266887
22	42	0.6200297313859084
22	43	1.6508769747508323
22	44	-2.433022852349794
22	45	2.1696951628017844
22	46	5.015457494022721
22	47	-0.9952995154348565
22	48	3.18226969237697
22	49	-1.655432539791178
22	50	-1.3574719439634784
22	51	0.920622541856841
22	52	-0.5120064381603427
22	53	-4.050004747837723
22	54	-2.5995005440280443
22	55	-1.907892700376529
22	56	-0.8027070099118953
22	57	-1.827317740661013
22	58	-0.7772971408660037
22	59	-0.9607307368354889
22	60	0.3345243463704753
22	61	0.6151534203100307
22	62	-0.49725183784496646
22	63	-0.9664319003058408
22	64	-4.1473075055975075
22	65	-2.8452654199507283
22	66	1.51542845149174
22	67	-0.36488094568300566
22	68	1.506947914148247
22	69	1.4569779147572497
23	23	NaN
23	24	2.3071807428876134
23	25	2.58781902166198
23	26	2.4488149528529193
23	27	4.8615235564958255
23	28	0.5016126138146284
23	29	2.762822065460636
23	30	5.4037882562638435
23	31	-0.15691224828505906
23	32	-0.5463049904528005
23	33	2.4618826412681485
23	34	1.396078094335631
23	35	-2.274893627819155
23	36	-0.4642350770517972
23	37	-0.1970608565740243
23	38	0.20611275206956858
23	39	-1.1520796984091268
23	40	-1.2066002981358814
23	41	-1.2231277970330923
23	42	-0.08249404603210263
23	43	-1.4404777595910845
23	44	-2.6826554814397436
23	45	0.49854967021874047
23	46	1.6256600767517593
23	47	2.7449089877394393
23	48	0.3130338473452499
23	49	-0.6800565985735422
23	50	0.768022051610261
23	51	0.47268795922781065
23	52	-2.2411037145839914
23	53	0.5704919712091157
23	54	-1.3238574074466791
23	55	-0.8731155268741405
23	56	2.1207316932975737
23	57	1.3108084300245955
23	58	1.0356806913809813
23	59	-1.8623642269534213
23	60	0.28295689035682436
23	61	-1.1080067845154964
23	62	-0.16713129709183197
23	63	0.8471360910518059
23	64	-1.3970252494915762
23	65	-0.8042593466709151
23	66	-1.2908431674472578
23	67	-1.5856002960170792
23	68	-0.14942793522680403
23	69	-4.010133274516066
24	24	NaN
24	25	-0.7955344982577964
24	26	4.559759543254199
24	27	-1.4013463148796683
24	28	-1.8216052978132053
24	29	-2.674059155063326
24	30	-1.055877596662346
24	31	-1.7954243754425745
24	32	-0.8815423913612005
24	33	-1.2219160417715615
24	34	-0.5323454402812695
24	35	6.9675584482082575
24	36	-0.8867991111452576
24	37	0.12622993039470132
24	38	0.5530988717914563
24	39	-0.20363071046669232
24	40	-0.21041080104126256
24	41	-1.7858490930172362
24	42	-2.7742242621509785
24	43	0.2893836984591178
24	44	-0.38704415701575473
24	45	0.1076234914374501
24	46	-1.1758586333497705
24	47	1.122004591271328
24	48	-3.958639756963596
24	49	-0.7069684020379348
24	50	-1.694925973352569
24	51	-0.9668788028157783
24	52	1.9374739763152982
24	53	0.3536600959787552
24	54	-1.2678499156444976
24	55	3.245607469129681
24	56	0.930156174621327
24	57	-0.1547526584288196
24	58	-0.8888102352890186
24	59	2.057714931721846
24	60	-0.719077526846582
24	61	-0.2665400872791737
24	62	-2.2798986459495802
24	63	0.8673695473649078
24	64	1.1813164428808407
24	65	2.8370897316562393
24	66	-0.9841572145323545
24	67	0.2636465895353834
24	68	-1.380157506434775
24	69	-0.7205886515969047
25	25	NaN
25	26	2.870408139009462
25	27	1.4489365137763448
25	28	0.7145065259623412
25	29	1.8225299958696775
25	30	1.6872998430906758
25	31	1.8916923351026962
25	32	2.146982995848802
25	33	0.05960894700504723
25	34	0.08046015210341897
25	35	-0.4126998961336502
25	36	0.34376071393670554
25	37	0.6130205501789305
25	38	-1.2642345400913053
25	39	-0.044265119136172565
25	40	-0.27371707003021967
25	41	1.0950301920843069
25	42	0.7573231084593246
25	43	0.3331317815285901
25	44	-1.0920805996029683
25	45	4.12387804304291
25	46	0.7582566447407857
25	47	-0.9898482313729197
25	48	0.4160610920574673
25	49	-1.3321813482661622
25	50	1.3490296549311314
25	51	0.4130867654469346
25	52	-2.4008145350773082
25	53	-2.5946380912889215
25	54	-0.34716472055608816
25	55	-1.3691524734081562
25	56	-2.443481969251075
25	57	-1.9793730741666846
25	58	-1.3183227922646221
25	59	-0.3898525355502591
25	60	-2.3508211347920462
25	61	2.578210789181793
25	62	2.2556961120961745
25	63	-0.6624071134222238
25	64	-0.3069068582224944
25	65	-1.2593195883498747
25	66	0.8306721229161477
25	67	1.7236865595662136
25	68	-0.9044599934615138
25	69	1.4039746419469967
26	26	NaN
26	27	1.5290648368402902
26	28	7.9950494449874405
26	29	-4.533276988794336
26	30	1.3268604411665894
26	31	1.6429247893510437
26	32	-0.34998284447223654
26	33	-0.08192074865470701
26	34	-1.3140673286117415
26	35	0.48815364443320897
26	36	1.88283670142224
26	37	-3.3966541609147476
26	38	-2.7268594805728705
26	39	3.740623219979563
26	40	-1.5642687485872628
26	41	-1.286467576327831
26	42	3.7560935878115616
26	43	3.119064069867116
26	44	-2.2621268540431747
26	45	2.320213968020906
26	46	6.057208062597775
26	47	2.847991161211385
26	48	-0.2855142651927266
26	49	-3.853608838305526
26	50	3.3812560139710537
26	51	1.2441995990169852
26	52	-3.8811903610091036
26	53	-4.1468548814528345
26	54	-2.6958244144136114
26	55	-2.69627912748457
26	56	-2.0692034563437476
26	57	-1.4692811696183055
26	58	1.324506370748309
26	59	-0.6811463019060978
26	60	4.389493374813169
26	61	2.1344942559939213
26	62	2.285451540180674
26	63	0.44860526232741715
26	64	-1.7784328162987857
26	65	-0.974793631618471
26	66	0.734977943222254
26	67	-1.7164139430856182
26	68	2.6878654367198016
26	69	-1.2998640552850975
27	27	NaN
27	28	-0.2525174702164304
27	29	0.5235952739219253
27	30	-0.3344994581281378
27	31	37.952798797593346
27	32	-2.6905665144077866
27	33	-3.6737941568639023
27	34	-1.7287865925950394
27	35	0.11630122253602805
27	36	-0.20219285525164782
27	37	-2.6090965284782137
27	38	-0.276655888880678
27	39	-2.0523630067415546
27	40	-0.9241181282713025
27	41	-3.0029261005461905
27	42	0.4414073256681867
27	43	0.7204772969243939
27	44	-1.8410074519122146
27	45	-0.3960936860651637
27	46	2.678336627653236
27	47	0.6974801202429007
27	48	-1.4172766111707433
27	49	-1.4650854780533056
27	50	-0.8084058894165866
27	51	0.5371568498968583
27	52	0.4441918603859693
27	53	-0.6588210335823232
27	54	-0.4266959723917507
27	55	-2.206053589115921
27	56	-0.03042540987680038
27	57	-1.4799405130583958
27	58	-1.7182714160193526
27	59	-1.5524288941780435
27	60	-1.3418075217022403
27	61	-1.8636140327008524
27	62	2.6082277047043174
27	63	-2.0739772033741852
27	64	0.7217473407895146
27	65	-0.4473431988588856
27	66	-0.3713597448773627
27	67	-3.5479506554635996
27	68	-0.6731695244293386
27	69	-1.673298337374577
28	28	NaN
28	29	0.3659249637305716
28	30	1.3284745964701496
28	31	-1.4288856193268946
28	32	0.41721868578991145
28	33	-1.6647508647829432
28	34	0.6611054587997187
28	35	3.023310931416697
28	36	2.8586137863435357
28	37	-1.1720268616341976
28	38	-0.619413537083127
28	39	1.876301055812528
28	40	-1.497365881504494
28	41	-1.1707582643087222
28	42	-0.6165608427545122
28	43	0.4435966176396707
28	44	0.0840872348771068
28	45	0.4919524228068878
28	46	-0.41293467946845125
28	47	-0.8013240689386029
28	48	1.43491799701708
28	49	-1.3304609736058317
28	50	1.0099632501308906
28	51	-0.18532953846245903
28	52	-2.798416206078549
28	53	-1.5164205978386858
28	54	0.681017187695654
28	55	-3.988353332066146
28	56	-1.674442005869457
28	57	-3.0963792151575915
28	58	1.481204146602904
28	59	0.8388423590563733
28	60	-4.969562566442451
28	61	-2.07623847100545
28	62	-0.7505351514862652
28	63	-2.0747702903047758
28	64	-1.4016576413709483
28	65	-0.5412145262878494
28	66	2.0011570395052627
28	67	0.6075682767670412
28	68	-2.923929768425428
28	69	-1.2465254755272825
29	29	NaN
29	30	5.3002015884853515
29	31	3.090929896044426
29	32	-0.6246724858365338
29	33	-2.3808580798180987
29	34	1.7011529275519341
29	35	0.849753987046356
29	36	0.8093652105406259
29	37	0.29315575426817364
29	38	-2.415934322818104
29	39	-1.7917795651531494
29	40	-0.77227283517987
29	41	-3.5169493249235746
29	42	2.4265321321762996
29	43	0.22491585406212697
29	44	1.812412523324316
29	45	-0.6450066769322381
29	46	-0.06367217592925209
29	47	2.1285555589097083
29	48	2.0076133365047295
29	49	-4.3936194948820315
29	50	0.6241130245039896
29	51	1.8186575247575818
29	52	0.23667094548404477
29	53	-5.335529394148616
29	54	-1.1482862823498698
29	55	-1.1944991989301252
29	56	-1.1366847247129954
29	57	0.5761431320125904
29	58	0.38064380116166036
29	59	-3.1720024758126937
29	60	2.827514006832831
29	61	-1.1733808820913383
29	62	2.176677338642578
29	63	-1.8579362727789346
29	64	0.20012707371299315
29	65	-1.638397970737396
29	66	-0.15653163092410874
29	67	0.5319951723934189
29	68	0.7013566776530871
29	69	1.7711241085607052
30	30	NaN
30	31	-0.8920278397166501
30	32	3.485419505416625
30	33	1.22420078128484
30	34	1.5489537733837972
30	35	1.1351609425694027
30	36	0.2690697388946205
30	37	1.4185611961149498
30	38	-0.30667589766255215
30	39	-2.1630988435397196
30	40	-2.97762206975931
30	41	-1.8204914184473897
30	42	0.32422029043252365
30	43	1.9430705991922101
30	44	1.4748622888959724
30	45	1.99741934370903
30	46	-0.07138491028831816
30	47	1.6534420639773084
30	48	0.6389196767336625
30	49	-3.3144985901138577
30	50	-0.4569081230068149
30	51	0.2953035296431517
30	52	-2.6690545050470718
30	53	-3.405403107246756
30	54	1.0315888844987013
30	55	-1.9910330241978615
30	56	-1.3438575873531182
30	57	-4.157099445914361
30	58	-2.736229531264296
30	59	1.7745050567125278
30	60	0.8102859444638235
30	61	5.35302483583936
30	62	-1.7440346968625984
30	63	0.4209105706137048
30	64	-2.163914103784344
30	65	-4.612205855231566
30	66	4.3949337397970405
30	67	-3.571101774325325
30	68	0.6351275016166409
30	69	-0.20565241033398832
31	31	NaN
31	32	0.910409498235407
31	33	-2.0356907807661675
31	34	-4.242522400831997
31	35	-2.2210804797825285
31	36	-0.3869427627612208
31	37	-1.4980326530399055
31	38	0.895535543897086
31	39	-3.580021438961604
31	40	-1.4523770230317556
31	41	-1.8313239874261165
31	42	-0.16627624375238323
31	43	-0.09612192158812914
31	44	1.77033676819546
31	45	-0.0849001932762152
31	46	-0.9124805173133168
31	47	4.586131878289795
31	48	1.611712610218629
31	49	-2.786647449835309
31	50	-1.8578974221002542
31	51	-1.8478173422736692
31	52	-0.9878996329598028
31	53	-2.31863508655095
31	54	-3.344361743639008
31	55	0.30967950903931213
31	56	-3.643795398045777
31	57	-1.7687569966831658
31	58	0.004586436857838529
31	59	-0.9623854536932275
31	60	-0.3920929095829054
31	61	0.3520112490065204
31	62	2.56605284565625
31	63	-2.2507623772670744
31	64	-0.337991442158407
31	65	-3.1167698060315474
31	66	-2.9504289502099823
31	67	0.7275196249476925
31	68	-0.04559032720767607
31	69	2.6074340104667124
32	32	NaN
32	33	1.270176725916803
32	34	2.5141893668250153
32	35	1.3788399769620712
32	36	0.73368227846246
32	37	-0.682220759101967
32	38	0.80048502603752
32	39	0.6007439160599565
32	40	-0.1682929194893435
32	41	2.562889300848841
32	42	1.3833590745484825
32	43	0.7954280124559255
32	44	0.5835417092556475
32	45	0.7878062105566735
32	46	-0.5123714198928804
32	47	-0.14751439206116565
32	48	0.9085229292510307
32	49	-0.24156991613552037
32	50	0.33532010465746365
32	51	0.0628121430639333
32	52	-0.38214661746668566
32	53	-1.8050548897824021
32	54	-0.2141408086838403
32	55	-1.2031453420060825
32	56	-2.049516377583217
32	57	-2.8768390101870196
32	58	0.46425162817778165
32	59	-1.4924563003124014
32	60	0.6473078460502553
32	61	-0.9931715961661349
32	62	1.398744082568559
32	63	2.9909829182918197
32	64	-2.7106122387869536
32	65	-2.6494706483347157
32	66	1.8182339811384152
32	67	-2.888665537342842
32	68	-0.6316742385979496
32	69	-0.6597185838813517
33	33	NaN
33	34	-0.9399576834253024
33	35	1.9843621349867362
33	36	-0.34664226308247853
33	37	3.2282130249212218
33	38	0.798095075643099
33	39	-2.2143421722286933
33	40	-0.3296639387937891
33	41	1.1305083930667743
33	42	0.587984553253606
33	43	0.11448232234013213
33	44	0.4749109570648207
33	45	-2.8172005626957604
33	46	-0.44043277966873123
33	47	2.2456456389340715
33	48	0.7087317271516014
33	49	1.7603572883749496
33	50	2.666082270096588
33	51	1.8265078817374902
33	52	-0.15269712671773683
33	53	-1.1952436340626256
33	54	0.7584054467521966
33	55	0.7774913246449718
33	56	0.9512597514531193
33	57	0.38552817630290426
33	58	-0.6401215937665083
33	59	-1.5029810947219622
33	60	-1.317449924386932
33	61	1.1655313999544257
33	62	-0.013043239154979559
33	63	0.9134743227173537
33	64	1.3171287480593026
33	65	-0.2877113929177717
33	66	1.003869410986319
33	67	1.253918918156179
33	68	-2.1608227744568547
33	69	-1.9140107088882619
34	34	NaN
34	35	1.986603359754774
34	36	0.020809956100858257
34	37	-3.7080894759204077
34	38	-2.282958619006291
34	39	-0.2173090153483356
34	40	-5.461115098165717
34	41	-1.4987338034809514
34	42	1.3286908613219859
34	43	-1.6297463626152642
34	44	-0.4901031057504621
34	45	0.3283821895133929
34	46	0.4869925581104486
34	47	2.0723587243637054
34	48	-0.7302523014873504
34	49	0.14754272837178592
34	50	-1.0871331838295804
34	51	0.16847747482839087
34	52	-2.176451987707156
34	53	-1.8454038864957765
34	54	-0.40995486428696537
34	55	-3.778425080477256
34	56	-3.7960670876083333
34	57	-1.5955888761819872
34	58	-1.9189576792846204
34	59	-2.1428430110517778
34	60	1.3180193407851082
34	61	0.26930975394332685
34	62	-0.4305593526014548
34	63	-2.1015691837858324
34	64	-1.8832516314057857
34	65	-1.0467148918707037
34	66	0.4029955830307675
34	67	-2.1404187704554136
34	68	-0.18188669468662247
34	69	-1.395555622135783
35	35	NaN
35	36	-1.1592382655429996
35	37	0.5838505501146263
35	38	0.34452874234695896
35	39	-3.8113851896739446
35	40	3.2203545006913292
35	41	-0.3888176429052106
35	42	-2.3894783327139297
35	43	0.6538015401180292
35	44	-0.5485440511714097
35	45	0.4485192681262895
35	46	-1.2954856215492194
35	47	-3.9860426878895594
35	48	-1.1140547760743102
35	49	1.9592365428723015
35	50	0.756252146944222
35	51	-1.5406558360260707
35	52	0.7635794723596453
35	53	0.5687675231590297
35	54	1.7855478912898195
35	55	2.3591944083586087
35	56	-0.27602155212907775
35	57	0.6855781198551297
35	58	-2.966113182972858
35	59	0.4865686989064304
35	60	1.2795989038143003
35	61	-0.45095762799058164
35	62	-1.5130095706015776
35	63	-1.3612574136724422
35	64	0.6437728123542903
35	65	-0.05848362259013242
35	66	1.412635720206363
35	67	-0.15404954984832428
35	68	-1.4393051763378966
35	69	-1.704706745707328
36	36	NaN
36	37	0.9333887703575561
36	38	-0.49483042461522636
36	39	1.3771672218356228
36	40	-0.19834707201428078
36	41	-1.3185199467204618
36	42	2.615931226206651
36	43	-0.36550570658523396
36	44	0.5073348053628013
36	45	0.5495717609748808
36	46	3.4368954818025537
36	47	3.183980102228068
36	48	3.5700890361966344
36	49	-2.4101937082808647
36	50	-0.13308610726207717
36	51	0.12445965329260542
36	52	-2.456600653396641
36	53	-0.10254957402464548
36	54	2.497529541387459
36	55	-2.1130105250910205
36	56	-2.275428806763018
36	57	-1.6871229879092282
36	58	0.5751575820969653
36	59	1.0999552913024586
36	60	0.8724207314713127
36	61	2.019905335981344
36	62	1.0981727420892742
36	63	-0.1110199215254561
36	64	-1.9014296341953767
36	65	-2.293275895209382
36	66	1.50433454892249
36	67	2.838977160635695
36	68	-1.7094179330109542
36	69	0.8988146755788048
37	37	NaN
37	38	0.16555650279984113
37	39	-1.562509786002947
37	40	1.5974561539057193
37	41	-3.3527356732191187
37	42	-3.5731723265774784
37	43	1.394371395410567
37	44	-0.2473494404263164
37	45	1.0678479068332993
37	46	-1.5377084254287428
37	47	-2.564052953889271
37	48	-1.8369097030511305
37	49	-1.5475135718133415
37	50	-1.5127471741147456
37	51	-0.36538959759484574
37	52	0.38269025540981566
37	53	-0.45515437025521455
37	54	-0.2530933165471967
37	55	-0.48445682202535767
37	56	0.8498820514091076
37	57	0.6045652530203603
37	58	3.3391595579966995
37	59	-1.1895387643779856
37	60	-1.3975710893884363
37	61	-2.2713395987377827
37	62	-0.6720492360027422
37	63	-2.4963391850536873
37	64	0.21869841468325996
37	65	0.18794700553597077
37	66	-0.6168000377844437
37	67	-0.11351998983646483
37	68	0.9444775590620474
37	69	0.31579019964680693
38	38	NaN
38	39	0.9403376109459858
38	40	1.170176684852231
38	41	0.4493113851669378
38	42	-2.460729910298295
38	43	4.109137055848
38	44	-0.8573920909178372
38	45	-1.6095888776092535
38	46	0.500136325132122
38	47	-3.019587655137246
38	48	0.1324361776691297
38	49	3.4871226895933694
38	50	-0.461227525583864
38	51	-1.0183003545698508
38	52	2.9649192080056275
38	53	0.1924490091118476
38	54	-0.6655933847003684
38	55	1.4169987533631219
38	56	3.0087145371573305
38	57	2.08408150718691
38	58	-1.804771953041386
38	59	0.615353411735517
38	60	-2.0642379557270045
38	61	0.7697645689876803
38	62	-0.20087832308462314
38	63	1.5341852729149101
38	64	3.6046655039748154
38	65	2.625885565839771
38	66	-0.1321617980244716
38	67	-1.365682732771685
38	68	-0.020889081862431973
38	69	-3.1959900337425564
39	39	NaN
39	40	0.5619155590509354
39	41	0.7561679034364855
39	42	-0.19367915031947855
39	43	-0.05231708826537135
39	44	-1.921086852399361
39	45	4.076027915911839
39	46	-1.0741944707438087
39	47	1.8548099986135618
39	48	2.771803899399596
39	49	-1.1524274010604072
39	50	0.7968452283278773
39	51	0.6923629324456223
39	52	-2.7640597485253258
39	53	-1.073717431533544
39	54	-1.1033883700276907
39	55	-2.7015888701617037
39	56	-0.8539941898614241
39	57	1.1776943864842295
39	58	-1.4163345561017793
39	59	0.28847130947554395
39	60	3.283815229503306
39	61	3.232758213361857
39	62	0.8873528817720758
39	63	0.34749716030668626
39	64	0.6325700821878721
39	65	1.2348294431587163
39	66	0.2157643473995219
39	67	2.3177865147065506
39	68	0.2470276042535771
39	69	-3.4279677998926266
40	40	NaN
40	41	0.7360676948356084
40	42	-2.6872622671375272
40	43	-1.608049506336056
40	44	2.7654821776621294
40	45	0.6957687877907549
40	46	-1.1120202421685004
40	47	-0.5213667647221761
40	48	-2.1535522267121294
40	49	3.9391006875710888
40	50	-2.750882865413344
40	51	-5.334160641664251
40	52	4.489664222583053
40	53	2.309464821117533
40	54	-0.3131059998974726
40	55	1.4459265272358681
40	56	2.464486517008168
40	57	1.9926818958537345
40	58	0.45983306916245936
40	59	2.8824184518424447
40	60	-0.26441462147603795
40	61	-3.1946194934600562
40	62	-0.5843587164857205
40	63	1.0824043510052401
40	64	0.8591727737311974
40	65	-1.0247693148048966
40	66	2.3902122280439415
40	67	0.18456739943040507
40	68	-0.2631354349672387
40	69	-0.9528468767562616
41	41	NaN
41	42	4.4611480405266315
41	43	-0.49384331283884497
41	44	-0.960867832062997
41	45	1.1899389291706797
41	46	0.9859428415671415
41	47	-0.0790069363052449
41	48	2.7191485123218597
41	49	-0.017089427046847693
41	50	4.297854423323528
41	51	2.084673848526406
41	52	1.5867636233047535
41	53	-1.8279612443482063
41	54	-0.343696281442752
41	55	-2.1971539639507043
41	56	-1.249087840545543
41	57	-1.8074496151074189
41	58	0.941815433275538
41	59	2.4515263667433698
41	60	3.453845433114777
41	61	-1.019369531814272
41	62	1.3795214297727278
41	63	1.4656965341941586
41	64	-0.7292912517622314
41	65	-0.5826118004254478
41	66	3.467694513674572
41	67	0.01399361369433976
41	68	-3.7346663521500263
41	69	-0.7181831004641114
42	42	NaN
42	43	4.037482796192846
42	44	-1.0049806561706736
42	45	0.9404506479761889
42	46	-0.3413907932473029
42	47	1.4200711865990554
42	48	0.7656528962147044
42	49	-2.9928110399244874
42	50	1.087381601847365
42	51	0.5467235398993965
42	52	-2.7428450698927143
42	53	-2.0146677382845812
42	54	-2.9399354683334726
42	55	2.095110660347305
42	56	-1.127051559196953
42	57	0.6068170949650126
42	58	0.26342141325637314
42	59	-0.7554213965810141
42	60	-0.528504218280286
42	61	2.050670892373381
42	62	1.8220172273242747
42	63	1.7380196841546807
42	64	-2.713282474246197
42	65	1.3820167115891453
42	66	4.033772579165008
42	67	-2.547706766053046
42	68	0.8119481779875527
42	69	0.982835180263209
43	43	NaN
43	44	0.1467050909546366
43	45	3.001475673677865
43	46	-0.24289915869944056
43	47	1.6830574495483441
43	48	-1.9032822011274644
43	49	0.18348584066004905
43	50	0.7113184670613724
43	51	-0.007235768653128147
43	52	-2.0981856134758616
43	53	-2.689491039243858
43	54	-2.156313935143985
43	55	-1.0233262322138212
43	56	0.5817341083531782
43	57	-0.5262018259124305
43	58	2.963768913747303
43	59	-1.0968734063681067
43	60	2.648175695825552
43	61	1.7359641825486427
43	62	0.22056560955381993
43	63	-0.4334107412465769
43	64	0.871777612324711
43	65	-2.8632459996469453
43	66	-1.1526894424116358
43	67	0.1614114333577002
43	68	3.1335438054920353
43	69	-1.1496099640269606
44	44	NaN
44	45	-0.5288326636841123
44	46	-1.5381672468889624
44	47	0.8089656619639001
44	48	-0.9114611362833777
44	49	2.7306056329089943
44	50	1.6127454104937138
44	51	-0.609348379305386
44	52	1.933344946919768
44	53	0.47549694742053505
44	54	-0.8526481309926512
44	55	-1.3384847578664454
44	56	1.1695701455670198
44	57	1.580529439585038
44	58	0.46855044545880803
44	59	0.2966570759501135
44	60	0.3912846087170117
44	61	-0.4391742615722961
44	62	0.30709743436536874
44	63	-0.4631449361158392
44	64	0.06813726441746581
44	65	2.5479366850296916
44	66	-0.8765297605649591
44	67	-1.108664899987258
44	68	0.6121216701001324
44	69	-1.4415923033433076
45	45	NaN
45	46	4.378238050244546
45	47	5.059499784542256
45	48	1.5928045472438679
45	49	-2.430050159093164
45	50	2.345730034437819
45	51	-0.5761916876312653
45	52	-0.3623958306808018
45	53	-3.717731744184997
45	54	-0.08648317255586706
45	55	-0.07032002222558373
45	56	-3.7149634293948566
45	57	0.17343499160975953
45	58	-1.5482220455165085
45	59	-0.895426410662648
45	60	4.364564967539539
45	61	2.7605263564191183
45	62	-0.07212099695630245
45	63	-1.6821667321739215
45	64	-3.401626504871798
45	65	-1.4084182061726143
45	66	1.324497823064415
45	67	-1.5111178806731806
45	68	0.35448687360725173
45	69	0.7664782549864032
46	46	NaN
46	47	9.155415900687661
46	48	1.4346929878521122
46	49	-2.201117640478723
46	50	-0.35414502755291116
46	51	-0.45330391841214795
46	52	-1.328087847900327
46	53	-3.545092863163854
46	54	-4.692537984630108
46	55	-1.3603075626492205
46	56	-1.9011767269165103
46	57	1.9634276159561905
46	58	1.5204863709914032
46	59	-0.013674126417354666
46	60	1.3747198458390284
46	61	-0.5959342413209199
46	62	1.9332617033120463
46	63	-2.140984785307854
46	64	0.5749913883128953
46	65	0.11316300524261272
46	66	2.217931477442238
46	67	1.016058618450057
46	68	-0.025756364577347406
46	69	-1.445801440258991
47	47	NaN
47	48	5.915913413345624
47	49	-1.9407992246107864
47	50	-0.8570967484777459
47	51	-1.2381207347621968
47	52	-4.801205972078949
47	53	-4.226007949592847
47	54	-2.130876340531346
47	55	1.4095070659970041
47	56	1.5348866214362795
47	57	0.9348629008783342
47	58	-1.6442136908319185
47	59	-3.3548199434025383
47	60	2.7133940374615695
47	61	0.5468728774247721
47	62	4.688173798379348
47	63	-2.022235437560838
47	64	0.46595529590906615
47	65	-0.07983759439971065
47	66	-2.7574608839868247
47	67	-1.7097677767744142
47	68	1.317946854049685
47	69	-0.30015842699344686
48	48	NaN
48	49	1.3492974860911162
48	50	1.737867063181427
48	51	0.773001377758453
48	52	-2.876135128363388
48	53	-2.2151757112701715
48	54	0.5314447633990517
48	55	3.9500659055288145
48	56	-1.3916928616128366
48	57	-2.7540235455084905
48	58	-2.5697237250781355
48	59	0.6965130032298311
48	60	2.9334704341822158
48	61	1.090214132691782
48	62	-0.8112911092943634
48	63	-0.3658973865333215
48	64	-2.7707501648159445
48	65	-2.7174369932928077
48	66	-2.098429993132908
48	67	1.6619683541282715
48	68	-0.2690805851257637
48	69	0.642638753962368
49	49	NaN
49	50	-0.36463493323007673
49	51	-0.8796639645851688
49	52	3.442527711425289
49	53	1.007487391813842
49	54	5.470192916977092
49	55	1.3708216813085063
49	56	2.207056187289559
49	57	0.5376420869801549
49	58	-0.6969807337490103
49	59	1.8874744452257948
49	60	-0.9037778951000183
49	61	-0.8658818706325412
49	62	0.5971838869734106
49	63	1.666792857478554
49	64	3.2914374640531423
49	65	0.2673241671005999
49	66	-0.8695781117074509
49	67	-0.5285707456463666
49	68	-2.2489573566097545
49	69	-3.0250502118271307
50	50	NaN
50	51	6.161050711805823
50	52	-0.2966863777720199
50	53	-2.966777228092829
50	54	1.3599194252258338
50	55	-3.072119285326877
50	56	-0.8660076258381221
50	57	-2.559188848643533
50	58	-1.4299296456429575
50	59	-0.9970031909445107
50	60	-3.879934262006836
50	61	-0.898037267409967
50	62	0.2534293285428066
50	63	1.827869529573522
50	64	-0.6155532118421422
50	65	-1.2257478351209337
50	66	-0.5329592937855742
50	67	1.8513345309195246
50	68	1.9796745945540741
50	69	-0.935139911562316
51	51	NaN
51	52	-0.6627814185630383
51	53	-0.7741666239198955
51	54	0.7220536742213753
51	55	-4.299750031208881
51	56	-0.5518401853644636
51	57	-2.8944177913603175
51	58	0.7734793837152479
51	59	-1.0285114283628356
51	60	-1.4954533268684733
51	61	-0.3496588831294998
51	62	-1.6065183961456553
51	63	-3.94935046652217
51	64	-1.0661471843508672
51	65	0.855612478661252
51	66	-2.5765141800915945
51	67	24.78877845450038
51	68	-0.5000618695054895
51	69	0.42445362624430905
52	52	NaN
52	53	3.5190994258762354
52	54	2.4187526200599323
52	55	2.3009199909058244
52	56	3.0036795783063885
52	57	3.3976657230377474
52	58	0.09177896685844417
52	59	1.9546025498432036
52	60	-2.145706337236503
52	61	-3.663362788235143
52	62	-2.469633534614085
52	63	2.6880172875974724
52	64	2.172176535516831
52	65	1.6215420674534262
52	66	1.5207475199099427
52	67	-1.4531880780793538
52	68	-3.3495996001831734
52	69	-0.939618659478928
53	53	NaN
53	54	-1.03384121859239
53	55	-0.06571824698171451
53	56	0.9696410368134496
53	57	-1.3254992009159743
53	58	-1.4444704166608109
53	59	1.3588698033475453
53	60	-3.725883149997826
53	61	-1.47489227417781
53	62	-1.312710017640077
53	63	-0.05092310502840366
53	64	2.8258036053856963
53	65	0.5704501492731721
53	66	-0.37218295691889525
53	67	-2.7483719282186976
53	68	1.0420491581508409
53	69	7.99551352232448
54	54	NaN
54	55	-0.3410109405341174
54	56	1.507698565951605
54	57	0.9097536943528209
54	58	-1.8227479285275099
54	59	0.3531041130060546
54	60	-0.3441825482961287
54	61	-1.0263697645163765
54	62	1.0558517882646712
54	63	1.4742655015513204
54	64	-0.5028419446342977
54	65	6.384077209339123
54	66	0.8255023847738491
54	67	11.107395224697893
54	68	1.568891486716304
54	69	-1.6722332671065405
55	55	NaN
55	56	3.053625001456183
55	57	5.166670557505312
55	58	-0.3561237193775951
55	59	2.418307880560133
55	60	1.2952755695625275
55	61	1.5026664507579697
55	62	0.32527438168582207
55	63	0.5927486727122193
55	64	1.5064599918088961
55	65	0.9671468047502559
55	66	0.9621840927334608
55	67	-2.9449230233576076
55	68	-0.9889409781738681
55	69	-2.7819639297703977
56	56	NaN
56	57	2.709604591592583
56	58	0.5169346651118254
56	59	-0.2914462102645748
56	60	-0.5116727208801668
56	61	-2.7246269917532406
56	62	-1.4426476225662352
56	63	-1.0081467858402875
56	64	3.1343044211627276
56	65	1.1606284602522245
56	66	1.4950367885734415
56	67	-0.5801609099583805
56	68	-3.183742668057278
56	69	-0.07748178861885363
57	57	NaN
57	58	-0.8738009446832548
57	59	2.2896489924355223
57	60	1.2072193588186355
57	61	-1.9825561185713196
57	62	-0.838490420869885
57	63	0.3211734098650708
57	64	0.6884790264832567
57	65	6.76095176964332
57	66	2.031260081925952
57	67	-2.933740203661675
57	68	-0.5312953883720756
57	69	-0.5233531647382432
58	58	NaN
58	59	-1.0142780433898202
58	60	0.5776546851609476
58	61	1.4575024558242764
58	62	0.5754416007784097
58	63	4.89751694181791
58	64	4.311890738762843
58	65	-0.63017939355315
58	66	-1.2981724327328044
58	67	0.34104910510525865
58	68	3.555553118296141
58	69	-1.027633386278362
59	59	NaN
59	60	-3.8899528950805187
59	61	-1.2092500342309542
59	62	-0.41691355981948924
59	63	-0.5589760780455075
59	64	0.889565588780538
59	65	1.3567541721744514
59	66	-1.730223482969069
59	67	-0.9787359684967567
59	68	0.4446138244487519
59	69	-2.4688135504922624
60	60	NaN
60	61	0.6672016761535619
60	62	2.1066735849702187
60	63	2.8699053477788166
60	64	-1.6247615270062128
60	65	1.3925844156343965
60	66	-0.6148412251236791
60	67	-1.9721603150427012
60	68	1.846186421000232
60	69	1.428242715964486
61	61	NaN
61	62	1.6764547257682534
61	63	-0.3881735636476992
61	64	1.7329991500198596
61	65	0.512027660508956
61	66	0.17672822347224132
61	67	0.29184214152464405
61	68	-0.07972306327344218
61	69	-0.12729464218789266
62	62	NaN
62	63	1.206879762593961
62	64	-0.931740529785536
62	65	-0.9567538362791987
62	66	0.08826898936025879
62	67	0.8683198135484951
62	68	0.3199613346794938
62	69	-0.32468067228387126
63	63	NaN
63	64	0.13726956088060932
63	65	2.1613668310499627
63	66	-2.5882937160098862
63	67	1.9394049601878776
63	68	0.0009449330857311575
63	69	-4.03215629144897
64	64	NaN
64	65	3.103147802207909
64	66	-0.5011725164606412
64	67	-2.2402527895648903
64	68	0.09776938787326847
64	69	-1.1385708495882658
65	65	NaN
65	66	2.96924556574272
65	67	-2.5947823452656222
65	68	-0.5678036593101847
65	69	-2.00832058025883
66	66	NaN
66	67	-0.031738025286711026
66	68	5.05984279547237
66	69	-2.7922957192286315
67	67	NaN
67	68	3.3375240044733614
67	69	2.616929977472634
68	68	NaN
68	69	3.790336878422486
69	69	NaN
