1	1	NaN
1	2	44.031739201947424
1	3	12.210987699766102
1	4	6.202203898545564
1	5	15.579472748919983
1	6	2.6662668290785017
1	7	6.339702590162409
1	8	-9.755460934655549
1	9	-1.9506718676286263
1	10	-5.881867556046372
1	11	-4.146363879055224
1	12	-2.9299920796133017
1	13	-3.994524158395092
1	14	-1.9966058078876814
1	15	0.06573427106995562
1	16	-14.824715910195415
1	17	-1.3096850351460152
1	18	-3.361921414474967
1	19	-5.607497681054309
1	20	-0.42990485166810466
1	21	-3.8637498959804764
1	22	-0.17399805131507634
1	23	-4.570757142240538
1	24	-4.8058695889730085
1	25	-1.3743954229909472
1	26	1.4738772270056846
1	27	-2.226188495046898
1	28	-0.04672087495926686
1	29	3.4180646027145887
1	30	0.9745839976904326
1	31	-0.4356881028483413
1	32	3.15957882093955
1	33	-2.1543788460032496
1	34	7.205149535830308
1	35	1.3388220867789478
1	36	3.9160218809053347
1	37	-8.172132115329415
1	38	-0.9499808571899311
1	39	-1.9553190747736928
1	40	-12.69468484141476
1	41	-10.432597181385555
1	42	-1.6805043903520809
1	43	5.354386773864394
1	44	-5.472948795733455
1	45	2.2162454984317477
1	46	2.214891918609489
1	47	-1.5072547613541014
1	48	-0.08819733154048039
1	49	0.25828610221766
1	50	0.4273102236333889
1	51	-3.3281539813169125
1	52	-6.677640946144447
1	53	6.507805453404178
1	54	-3.777795905281268
1	55	1.6451472597467578
1	56	-5.319824346010922
1	57	-0.5791767545074652
1	58	4.96278923714135
1	59	4.739554787382644
1	60	4.142523794637439
1	61	1.4211838727481845
1	62	-0.9789160442393522
1	63	4.360296640020792
1	64	3.1230817215942435
1	65	-5.053122063532085
1	66	-7.412637942340401
1	67	-3.116578031930261
1	68	-2.9926370336714165
1	69	-7.9818527909174675
2	2	NaN
2	3	19.61305336234632
2	4	16.06134083933113
2	5	7.953745909867985
2	6	-2.7314435373166597
2	7	3.109471271344872
2	8	-11.769641415891114
2	9	-2.0145884626763233
2	10	-2.05350492480085
2	11	-3.828273241911317
2	12	-7.388875964308527
2	13	-2.9672451286316064
2	14	2.8477402628178314
2	15	-3.0398281935919
2	16	-20.988249883950232
2	17	-0.5014948612266381
2	18	-2.203127425582892
2	19	-8.067828250029432
2	20	-6.8121071950309116
2	21	-1.2834310772258024
2	22	0.45071779852882216
2	23	-3.945909263757001
2	24	-8.154513941377617
2	25	0.5401974518893872
2	26	0.1371367889656866
2	27	-0.8408136877390823
2	28	0.40346368792521353
2	29	3.3725548227416144
2	30	8.059546804413847
2	31	-0.963872026855511
2	32	3.495598774243614
2	33	4.609216348288064
2	34	4.515850560099552
2	35	0.7594714184053568
2	36	-1.3105848226043748
2	37	-6.580738939847127
2	38	-0.07892137052759773
2	39	-1.7569992357481021
2	40	-15.220918289977714
2	41	-10.249570729264383
2	42	-0.5559175077698797
2	43	1.9945319339039873
2	44	-5.112818458289174
2	45	1.983187045039831
2	46	6.799782629664977
2	47	7.3556295303973345
2	48	2.768742468909204
2	49	0.4683904997140774
2	50	-2.6798325598338497
2	51	-5.6602420244627565
2	52	-16.184557846096403
2	53	-0.26892913524405954
2	54	-0.7445905115068316
2	55	-0.2594874929165321
2	56	-8.507381423114207
2	57	0.3062961262904147
2	58	0.5028917116761592
2	59	3.4855976779457074
2	60	6.807348037007929
2	61	3.9178067481360674
2	62	6.544457198450714
2	63	2.258500932603732
2	64	2.8886363123551195
2	65	-2.7809787010651297
2	66	-9.162775556862448
2	67	-2.2982393232146516
2	68	-1.2788301031488456
2	69	-6.294280381564649
3	3	NaN
3	4	6.42961690685437
3	5	3.132123169966408
3	6	-2.8792258249987994
3	7	2.5836542357263235
3	8	-10.996746957317983
3	9	-0.7638960061677242
3	10	-5.730524875994045
3	11	-3.700066892284582
3	12	-2.599661207045591
3	13	-4.265897699287953
3	14	-0.8205924450579781
3	15	1.9811100696897848
3	16	-15.142583788412399
3	17	0.22677005586625504
3	18	0.8093024438567435
3	19	-3.088445132995211
3	20	-3.8963513151421814
3	21	-4.583581896187319
3	22	0.792734085810109
3	23	-3.620615717467449
3	24	-6.063413969249476
3	25	0.7307462027449926
3	26	3.0752429942135886
3	27	-0.6917148828172808
3	28	-1.098639704553053
3	29	5.213130459367034
3	30	2.81669737104429
3	31	0.6279557405680015
3	32	0.4951899599580526
3	33	2.361443750717605
3	34	6.606518882593146
3	35	2.053413233580786
3	36	-1.2143911335079502
3	37	-3.7646077727341662
3	38	2.5582581886597735
3	39	1.413645389522569
3	40	-12.41220431359478
3	41	-4.65079536012949
3	42	6.919003891716118
3	43	-1.1616593030782358
3	44	-10.350085437217443
3	45	2.523967121789166
3	46	7.596332227470405
3	47	1.4243487687664385
3	48	3.360027679356127
3	49	3.667369063461973
3	50	-0.43544120521410795
3	51	-3.468221368382361
3	52	-16.194827488451985
3	53	-0.32857046082591457
3	54	-0.16187383902835722
3	55	-0.9531394003942221
3	56	-5.573772242854167
3	57	-0.4401095727319538
3	58	1.4782737071811611
3	59	7.062176662845116
3	60	8.693428674453274
3	61	0.8325791062160242
3	62	4.439164375044692
3	63	4.047005634100728
3	64	6.79749038022071
3	65	-1.3785968613708326
3	66	-5.222120584144037
3	67	-3.440360911875207
3	68	0.1710090947217132
3	69	-2.7877673095957274
4	4	NaN
4	5	13.005930192993754
4	6	6.409847522959523
4	7	-3.7619471833669405
4	8	8.99348055701954
4	9	-3.0319776125284457
4	10	-5.436298505540834
4	11	-7.9241618807679535
4	12	-5.213895616126512
4	13	-11.44622875947534
4	14	-5.145449463666312
4	15	-9.003097925600168
4	16	-3.269699994971073
4	17	-2.962609816076819
4	18	-3.05152427398727
4	19	-5.781970532507351
4	20	-8.063418186441305
4	21	-7.309246105613578
4	22	-9.927263727478497
4	23	-9.330420974780312
4	24	-4.467964478402704
4	25	-5.692992504446239
4	26	-2.7498642862849865
4	27	-3.1670323054006047
4	28	0.24218369504445703
4	29	-0.019168589632802043
4	30	5.1717347683487285
4	31	-1.3559174879074976
4	32	9.140652508079306
4	33	14.752832495868615
4	34	3.014546328101533
4	35	4.481495071527988
4	36	-1.3995485530074163
4	37	-15.27929229068969
4	38	2.491027573304925
4	39	-6.89988087003794
4	40	-13.007400800423149
4	41	-0.4147987903708328
4	42	-4.157971644950621
4	43	5.748356250207291
4	44	0.2179780700339369
4	45	4.326386479956441
4	46	4.149997644268689
4	47	-3.105418890196028
4	48	5.665629832858661
4	49	-0.7880732325930235
4	50	-6.111600665122904
4	51	-9.530449084088966
4	52	-8.085660630388645
4	53	-3.0341431867422655
4	54	-8.532349241299624
4	55	1.6566911271721672
4	56	-7.583640984138536
4	57	37.98939401388672
4	58	-0.08266198409576467
4	59	26.837153442371324
4	60	12.967194905341422
4	61	-5.779481102853251
4	62	0.7592652071506771
4	63	-2.1274880723336094
4	64	16.889460808218058
4	65	-6.654880738945645
4	66	4.853681883648217
4	67	1.7488778907535005
4	68	-0.8238358491181218
4	69	2.3030251172482443
5	5	NaN
5	6	2.9381537520118615
5	7	10.027028755873864
5	8	1.0284558886138802
5	9	-0.3241248128387234
5	10	6.9965959864483
5	11	-6.802849111401216
5	12	1.038837867045478
5	13	-4.714453761058045
5	14	-7.799957262439999
5	15	-7.0569999926660945
5	16	-14.119708319972135
5	17	-4.653630581193761
5	18	-4.510770232289666
5	19	-2.9394309777426386
5	20	-1.7325181469537734
5	21	-7.814097413026893
5	22	-6.259755907170077
5	23	-4.631409295666221
5	24	17.1165697653303
5	25	2.2248155742735998
5	26	-6.4589919820088255
5	27	-3.2873512488745713
5	28	3.2923790124870975
5	29	0.5677580877278235
5	30	-2.952300292082751
5	31	0.5434430194698835
5	32	-1.8043243030014364
5	33	-5.811559532410291
5	34	47.07545113734893
5	35	2.3533799207571806
5	36	47.13667722504116
5	37	6.554618132161821
5	38	-2.420089029179132
5	39	-0.9376135123814225
5	40	5.17017337028971
5	41	-1.74220467621161
5	42	0.4190565981873906
5	43	5.746281950602466
5	44	8.575531005275211
5	45	-7.885864640583329
5	46	-3.602136589996274
5	47	-1.6082995738181463
5	48	-4.8318313389385725
5	49	-1.3754729850956682
5	50	-4.07528803334549
5	51	-15.126308053946119
5	52	-8.539144266126879
5	53	-2.3627020420138423
5	54	-3.186963939292778
5	55	-7.14663393015523
5	56	-10.00647263522695
5	57	2.102014622808353
5	58	2.873065883375494
5	59	-2.843056682704631
5	60	-0.12095109548549887
5	61	1.6715369789677454
5	62	-5.074862789443203
5	63	-5.996014085446191
5	64	5.866356518201791
5	65	-10.793139492856506
5	66	-3.34900151130395
5	67	-4.126370211575252
5	68	-2.39205218209704
5	69	-8.309525001307438
6	6	NaN
6	7	1.8041745824215827
6	8	4.2407364137149095
6	9	-4.8197795027810155
6	10	-6.3059602612543735
6	11	-7.628398010246185
6	12	3.898279176802995
6	13	-7.378600409989092
6	14	-5.407141649715837
6	15	-5.9628449484559125
6	16	-2.500336761848293
6	17	-2.0351736097157884
6	18	-5.669619050862752
6	19	-6.871215551501052
6	20	4.498650671791122
6	21	-6.287866634521109
6	22	-5.804240146518824
6	23	1.6086468767848654
6	24	23.175834421463264
6	25	-3.5688622058210084
6	26	1.7814974311156015
6	27	4.676870330262411
6	28	-2.864357423628496
6	29	-2.7248417728336403
6	30	-0.8527402901911824
6	31	1.961821001268207
6	32	1.8748905468604795
6	33	2.986580317132559
6	34	1.9808772300129192
6	35	51.09363801997854
6	36	4.710360184537243
6	37	-10.779210412189526
6	38	0.4692870766294688
6	39	-0.739846042993369
6	40	-3.272419410450507
6	41	3.139945540398059
6	42	-5.4541673486449165
6	43	11.305031228278342
6	44	-3.1029733674010895
6	45	-3.645259932350071
6	46	-3.12337506291069
6	47	-4.5721933947561135
6	48	-4.434872700071127
6	49	-3.406723462069758
6	50	-8.262117942929867
6	51	-0.5318209725890661
6	52	8.678879276610237
6	53	-0.03335851998783978
6	54	-6.323143218193787
6	55	26.38756129547122
6	56	-5.598259539884275
6	57	29.124506071219855
6	58	-4.839205782279476
6	59	-6.609374460573386
6	60	-5.761200325987712
6	61	-2.696300452394221
6	62	-5.514423033952769
6	63	-9.232879292176264
6	64	-2.0064338579793097
6	65	-12.414384989792731
6	66	11.037965561543512
6	67	-6.077627015380401
6	68	-7.600208046754801
6	69	-2.229319027290149
7	7	NaN
7	8	3.6196388548982528
7	9	10.270591317790036
7	10	-2.1886934036506234
7	11	0.5111841727488037
7	12	-5.750261216120871
7	13	-3.1117784387945266
7	14	1.3363048175167866
7	15	0.607052604974152
7	16	-9.075406886650569
7	17	0.09460948664785625
7	18	-3.214198127444272
7	19	-0.5614324548927855
7	20	-1.9790302644530864
7	21	-0.46373896896059946
7	22	3.1264505009065595
7	23	0.601186657693506
7	24	3.137417137888088
7	25	-0.756275883935454
7	26	-2.079183423377976
7	27	-1.465409736199513
7	28	-0.5288810728694476
7	29	-1.2841326241899351
7	30	-2.1122468270141526
7	31	0.5567325069820886
7	32	3.105199725790642
7	33	3.8895567137258347
7	34	3.830657223346638
7	35	1.1942615545452797
7	36	14.434361489849758
7	37	-3.7658569759786995
7	38	7.488238434006334
7	39	-2.5329977768760217
7	40	-7.11188042359854
7	41	-6.728909579640322
7	42	-5.111779798550596
7	43	0.5981314671603424
7	44	-5.985085426067557
7	45	-2.1679388013194445
7	46	1.899829723626223
7	47	9.459775391624271
7	48	-1.0757951243268642
7	49	0.3550802505075478
7	50	-3.2842599284844884
7	51	-4.487434076868111
7	52	-15.268880747951318
7	53	3.7158686392110623
7	54	-1.8770145464640624
7	55	-2.562983057842394
7	56	4.484410464372258
7	57	-0.02353573510734942
7	58	38.64372918456137
7	59	-4.446827800202437
7	60	-2.1133039705063528
7	61	-0.8476097186737142
7	62	-2.5193849682322687
7	63	-1.0519180591158361
7	64	-2.558588463346693
7	65	-3.7950713904207745
7	66	-6.636033830312085
7	67	-6.3686736763523575
7	68	-0.831244990287336
7	69	-7.542323319300935
8	8	NaN
8	9	-2.345742791780578
8	10	35.7695486382733
8	11	9.154456615836805
8	12	5.018225701456591
8	13	16.4221487578053
8	14	24.90507399495884
8	15	15.53414069777615
8	16	103.0979338057447
8	17	14.055244006745381
8	18	2.3304273241595936
8	19	11.676078459806089
8	20	6.233392287622693
8	21	52.06080169614503
8	22	3.490916418013974
8	23	-5.6212248790588015
8	24	25.161210574200506
8	25	-7.278168281045375
8	26	-7.41179358476924
8	27	-13.915509154484125
8	28	-19.92406989167112
8	29	-11.498404721903132
8	30	-9.770442816912404
8	31	-10.588250659648516
8	32	-4.356394022896854
8	33	-4.50040395632128
8	34	-11.05500907864582
8	35	-11.724581415975543
8	36	-16.771427015244953
8	37	60.798452994860945
8	38	-7.507202223507065
8	39	-7.103577139632227
8	40	9.197570785979808
8	41	12.694671852195837
8	42	-9.414865609638985
8	43	-10.1858547712885
8	44	4.293656974677224
8	45	-8.772851135266789
8	46	-12.099760122379635
8	47	-8.693022765461885
8	48	-3.864611941205292
8	49	-9.877563920804176
8	50	0.9956146576131958
8	51	20.62740676218599
8	52	15.358597613538095
8	53	-3.7739096598938273
8	54	-4.4895315442794415
8	55	-8.839959541417075
8	56	-14.246346135173393
8	57	-8.080894373019104
8	58	-11.133768882142826
8	59	-18.921408053507186
8	60	-8.727293858356761
8	61	-11.053996787052665
8	62	-8.450134094971562
8	63	-16.500916705502735
8	64	-6.4219336756723155
8	65	-15.22896281688931
8	66	2.7139111546403165
8	67	-0.41178268636151616
8	68	0.3070283856228884
8	69	6.3831557077549474
9	9	NaN
9	10	0.38713723850639437
9	11	2.5558655670603407
9	12	-2.5198056294840305
9	13	-0.28547905869042367
9	14	-5.998592487022466
9	15	-2.551789938762829
9	16	-12.066941590799264
9	17	-0.28247066966287787
9	18	2.399454541728032
9	19	-0.8799479029115991
9	20	-3.815407159645733
9	21	-3.415047338051485
9	22	-2.6688162448970907
9	23	-0.8542513039244023
9	24	-11.825112657362617
9	25	1.6287460566830216
9	26	1.0906135283364315
9	27	-3.968750914983825
9	28	4.068191187828789
9	29	-0.02551325258459467
9	30	2.167741271652251
9	31	-6.787540517813678
9	32	2.935975071355988
9	33	1.2547459605995241
9	34	0.7856625967624246
9	35	-2.499519943661363
9	36	-6.678471572933088
9	37	2.4609074708454375
9	38	11.47569664954124
9	39	0.515395336582223
9	40	13.212827502518076
9	41	-6.101234768404156
9	42	2.742948973819923
9	43	2.0955765431649893
9	44	3.9613010122142827
9	45	-0.2419193170385244
9	46	3.748940820548884
9	47	35.421145463406816
9	48	-1.4882066603768052
9	49	15.089313179952663
9	50	-1.5460970197185273
9	51	-6.60984162771868
9	52	-8.523101128976776
9	53	1.882612903406553
9	54	2.7565204609242926
9	55	-2.36102019294023
9	56	17.98979534924958
9	57	-5.079550603658974
9	58	10.953254064644604
9	59	-2.464152921658149
9	60	-3.4992716501670134
9	61	-2.7029479620843806
9	62	-3.486315530919446
9	63	0.35846822372501724
9	64	-4.2805165868300525
9	65	-1.5920893615325562
9	66	-14.402003371489887
9	67	-2.8158311131649354
9	68	-1.9909535415707338
9	69	-8.815414607546993
10	10	NaN
10	11	-4.573719590624573
10	12	19.27805159781558
10	13	-6.466789358048824
10	14	-11.06199058029236
10	15	-2.776683835477627
10	16	14.405436364944315
10	17	-3.278362504776688
10	18	6.548728709807314
10	19	-1.3174154749911122
10	20	-7.280108120430292
10	21	9.466761511301868
10	22	-11.781377567826706
10	23	4.221658731419343
10	24	0.44541416243827947
10	25	-4.166100833147671
10	26	-4.9108379786365655
10	27	-10.066247062613204
10	28	-6.606535781093143
10	29	-7.032487057652475
10	30	-2.0568251412135186
10	31	0.5003199750297861
10	32	-2.976152901030982
10	33	-10.274215936679155
10	34	-5.173970927733672
10	35	-10.33319437393685
10	36	-3.5451517372906163
10	37	48.69347470928163
10	38	-2.225436250203932
10	39	19.552383180267228
10	40	8.329923434629363
10	41	1.9862212103603214
10	42	0.4110967914423461
10	43	0.9174362592894774
10	44	1.3579472882498231
10	45	-1.7246861068426818
10	46	-2.4449054524361746
10	47	-7.966717436685948
10	48	-1.8589574162028017
10	49	-9.233554729111972
10	50	7.529369696040399
10	51	3.7864401197526
10	52	30.626188652021913
10	53	-3.1452469526216507
10	54	-6.851902415870994
10	55	4.309675267384425
10	56	-2.682735305977331
10	57	-4.536055622085492
10	58	-0.05190021956125897
10	59	-5.255376127834231
10	60	-4.643327348829942
10	61	0.08275001072627282
10	62	-0.43749325564567587
10	63	2.540059410649246
10	64	0.13682163284119603
10	65	-7.082133778992993
10	66	3.623703147511212
10	67	0.358192032295356
10	68	-3.5789761805500375
10	69	-6.847932140059453
11	11	NaN
11	12	-2.1476892856761753
11	13	160.04392338180503
11	14	17.050834450995
11	15	15.235098578591192
11	16	-3.5336413461942517
11	17	0.6019190988039871
11	18	11.604455810248876
11	19	0.9550134946275671
11	20	-2.4378174937366275
11	21	5.141913891341746
11	22	9.1216724006828
11	23	-0.2674510673738073
11	24	-19.51347397358703
11	25	2.3945438583770557
11	26	-2.8949243207174815
11	27	-12.678462287870124
11	28	1.7960431391560712
11	29	0.27655322258664183
11	30	-5.673550874234022
11	31	-10.94420829873827
11	32	-0.7715139771155041
11	33	-1.1474258836325892
11	34	-2.620268133772106
11	35	-17.518342544017337
11	36	-10.724272965605145
11	37	-1.0500716234418954
11	38	-4.156151605002617
11	39	5.582285952055942
11	40	-9.656776341885454
11	41	41.7568893497489
11	42	0.9644596954983354
11	43	-1.8500586710364282
11	44	-9.469741806949042
11	45	-1.693629544764237
11	46	-3.62360555996861
11	47	-2.7676191837366915
11	48	-2.0671569910249765
11	49	1.8423378433957602
11	50	-3.554387575827562
11	51	6.52751505670098
11	52	14.448837998553458
11	53	-4.187767424066819
11	54	8.360648186593812
11	55	-14.76205316595404
11	56	-12.328934328194682
11	57	-8.820600659597298
11	58	-6.654144828459124
11	59	-5.421736360376175
11	60	-8.367923084481369
11	61	-5.6479053151046035
11	62	-2.070121670368987
11	63	-12.340654505361627
11	64	-10.906137420931517
11	65	-8.787574114454383
11	66	-18.039247820394053
11	67	-5.13565075582417
11	68	2.9493010773208033
11	69	-10.727460963131254
12	12	NaN
12	13	-0.1946729974559356
12	14	-8.641501357137953
12	15	-0.0788456122356175
12	16	21.44698099536521
12	17	-3.0444482799061494
12	18	-1.278312054919469
12	19	0.08368587756892339
12	20	4.249765633937613
12	21	-6.300688189518783
12	22	-4.858611195187705
12	23	-3.4873817939349236
12	24	3.992509039411069
12	25	-2.4163586058237736
12	26	-7.967053815282816
12	27	4.035248347644792
12	28	1.2876795325615136
12	29	0.717502620497034
12	30	-1.6229644710535112
12	31	0.4388170463302262
12	32	-1.578628839907934
12	33	-5.673274474959668
12	34	-5.541082525918858
12	35	1.7083381072570738
12	36	10.976571396761116
12	37	2.114864983433616
12	38	-1.4300566682740017
12	39	20.80747574688362
12	40	14.991771403848922
12	41	21.935999066669133
12	42	5.045414424739399
12	43	-0.47541321426015115
12	44	4.605894211246497
12	45	-7.181921303559506
12	46	-3.647572451342474
12	47	-8.682456800589096
12	48	-3.9327192138639617
12	49	-6.1190724279181685
12	50	-8.736494084934936
12	51	-1.8945146319447044
12	52	14.332559436861446
12	53	-1.1505096279289895
12	54	-8.738068344210413
12	55	11.412420893167988
12	56	-1.945611272598956
12	57	-2.912950325757005
12	58	-2.7152375591204687
12	59	-3.1793201550891634
12	60	-6.118031676301899
12	61	-4.683502951148349
12	62	-6.039717318416826
12	63	-7.604664659096585
12	64	-0.7511573332498138
12	65	-4.934366273851147
12	66	7.617685267961783
12	67	-4.258922767166133
12	68	-2.3416546228400783
12	69	0.44219980747805127
13	13	NaN
13	14	13.735357003635121
13	15	19.126046545738244
13	16	3.3660087566566834
13	17	-1.6112342516077278
13	18	18.71631941250645
13	19	-4.597493726722048
13	20	-5.821478067841843
13	21	1.6986569870355073
13	22	11.072816209432279
13	23	-2.892764203837756
13	24	-17.373927820048586
13	25	-1.3922379871360158
13	26	3.8289682630142057
13	27	-9.098618544396023
13	28	-0.8370298395120997
13	29	-1.2138023090501782
13	30	-4.264321502766533
13	31	-8.702107898793457
13	32	-0.8568253653966296
13	33	-1.4295656917977688
13	34	-4.003859257771043
13	35	-7.1831720879148255
13	36	-6.819918717832407
13	37	0.7211198206705908
13	38	-1.5352801978946466
13	39	1.7482078005358788
13	40	-18.480323110797496
13	41	36.72080658205849
13	42	6.370791827224382
13	43	-7.466062550355134
13	44	-13.04820823269381
13	45	-4.643232157905687
13	46	-3.7483818311354273
13	47	-6.967290210749702
13	48	-3.8379995992637634
13	49	-3.7884696111865597
13	50	-1.2713061991696326
13	51	-1.1930431224183364
13	52	11.83802755244661
13	53	-4.090226402736084
13	54	11.839888624601844
13	55	-7.083257806662269
13	56	-13.506096952531966
13	57	-4.681216852419691
13	58	-7.886657179559197
13	59	-5.2192404115823505
13	60	-8.170129501969308
13	61	-7.579872049864505
13	62	-4.786706669657561
13	63	-6.603493498199239
13	64	-13.173447415074524
13	65	-7.142876500544623
13	66	-15.118757237157542
13	67	-2.5045544679344207
13	68	4.597747033879566
13	69	-11.894438773276523
14	14	NaN
14	15	23.126695974514533
14	16	22.374905745829796
14	17	35.33080731169607
14	18	1.0307094775522683
14	19	11.060555818154949
14	20	-7.055792094143319
14	21	16.73598588949801
14	22	25.49341093405293
14	23	2.8604181957307455
14	24	-12.740432192485141
14	25	-3.8394355026144917
14	26	-0.9660496567202428
14	27	-5.1219358657894265
14	28	-11.785451614787394
14	29	3.0389609225247614
14	30	-3.682282195867787
14	31	1.1208754404791108
14	32	2.2248637086121144
14	33	7.1594825773753
14	34	-4.318885457169098
14	35	-8.81312768384033
14	36	-10.633529660174343
14	37	-6.379669434782058
14	38	-5.499008908272594
14	39	-3.738039764100324
14	40	-14.093932162001336
14	41	-2.8458939975950077
14	42	1.8033262806998631
14	43	6.031685592663698
14	44	-6.313693081549096
14	45	2.1048695060117244
14	46	0.9930458380025948
14	47	-0.6640182002327135
14	48	-2.3816737928996132
14	49	-4.562765370485462
14	50	1.969500906348136
14	51	8.5816897466897
14	52	-11.07496194266864
14	53	-1.4332493320277515
14	54	0.3017248726817282
14	55	-4.023864829785003
14	56	-8.270885373369513
14	57	-3.06347875506694
14	58	-5.004555091269639
14	59	-8.0672234350761
14	60	-6.478628133998176
14	61	-4.460986906696015
14	62	2.9253547706820155
14	63	-1.9192263514315484
14	64	-2.5136433730426595
14	65	-2.357396076564274
14	66	-11.629516119074568
14	67	-1.3218954315317857
14	68	-4.596411422578494
14	69	0.7357773263644237
15	15	NaN
15	16	29.87802664992956
15	17	16.57090898110016
15	18	20.856690317050447
15	19	14.810091361188604
15	20	-10.115618640831547
15	21	14.183024086806371
15	22	13.32451949682322
15	23	-4.765038893457656
15	24	-10.771009763140588
15	25	0.84601733099717
15	26	-0.5802631734716418
15	27	-4.979624391787696
15	28	-0.02461573192629778
15	29	-2.759914883425527
15	30	-0.3124758127573872
15	31	-3.855092520652215
15	32	-2.8766055072828562
15	33	-1.5944581119601642
15	34	-4.608881095689749
15	35	-8.781809262419246
15	36	-12.435931027452023
15	37	7.217615664752722
15	38	-3.2298714633558454
15	39	3.0007800293201665
15	40	-13.733836439604516
15	41	3.207631138274704
15	42	-0.013938793580048667
15	43	-6.62082964541413
15	44	-7.386123171898723
15	45	0.3234731980495567
15	46	-1.8682067599014518
15	47	-5.146628649761966
15	48	1.1344845877362832
15	49	-0.5704586406120845
15	50	7.569869954608049
15	51	8.152173384085861
15	52	-7.741395334161177
15	53	1.4634491487054184
15	54	5.794819874774976
15	55	-5.6187697769309075
15	56	-5.954421420250084
15	57	-3.733320109104131
15	58	-0.6365715194269704
15	59	-4.141210073119265
15	60	-8.833298542770423
15	61	-3.519424281614155
15	62	-3.5913192188951912
15	63	-6.384260347335615
15	64	-6.426188559197458
15	65	-1.412109612936867
15	66	-11.72226129441906
15	67	-6.952092854794677
15	68	2.7488536636047427
15	69	-0.3232387398121302
16	16	NaN
16	17	10.176723104248584
16	18	7.904262774877747
16	19	47.593804625810634
16	20	-2.706711089868104
16	21	2.837931975194838
16	22	9.686585059712812
16	23	4.216088459082806
16	24	13.49205594545076
16	25	-10.126017972313628
16	26	-12.487690811605159
16	27	-14.477463075047615
16	28	-6.596863160816457
16	29	-14.894440178882968
16	30	-11.217583280907135
16	31	-1.7955266809343309
16	32	-7.373680737338012
16	33	-4.904341242391297
16	34	-24.050724974099392
16	35	-16.91699973809194
16	36	-11.073935983986487
16	37	4.767477973995108
16	38	-13.835749177435737
16	39	-18.101908004145454
16	40	39.66816271329217
16	41	23.09800682993982
16	42	-7.9704429083498916
16	43	-19.497418845994822
16	44	4.661522760917458
16	45	-4.787379585448223
16	46	-20.806306660335846
16	47	-13.565254790485417
16	48	-11.144834870738883
16	49	-15.235831376634604
16	50	10.002341632023365
16	51	47.46323773546556
16	52	42.31261575819078
16	53	-0.9084205336421325
16	54	2.6610171312589084
16	55	-5.071934788973304
16	56	-0.01519810169980056
16	57	-10.723990143178332
16	58	-22.825897184289968
16	59	-20.802454992194136
16	60	-14.188214700996905
16	61	-16.85165903622544
16	62	-15.356228798583857
16	63	-8.193189262829835
16	64	-5.956430019673377
16	65	-2.836275498806768
16	66	33.89267895457783
16	67	9.516226015490249
16	68	31.593876504615146
16	69	38.31871466852772
17	17	NaN
17	18	5.656141045463978
17	19	-2.0341252831674885
17	20	-1.809339018187166
17	21	3.1828929964817774
17	22	6.771612045892223
17	23	-3.3497629267007802
17	24	-5.171313293210504
17	25	-1.3326161797972256
17	26	-0.07391791062567755
17	27	-2.1744145932929664
17	28	-4.338932935955032
17	29	0.4361853480383451
17	30	2.198334257755537
17	31	-1.9041346549152516
17	32	-1.7987775203470897
17	33	0.6980685796393323
17	34	0.6502505462997572
17	35	-3.5557216755343646
17	36	-4.321901633454109
17	37	-1.0762365508705927
17	38	-1.5696032006437532
17	39	-3.0011412326079583
17	40	-10.595991102616297
17	41	-2.8842188070611576
17	42	0.3958028958794141
17	43	-3.449864743642587
17	44	-5.584140439745004
17	45	1.140427297837896
17	46	0.38935487116487133
17	47	-4.246895339119406
17	48	-0.31614471704701524
17	49	0.8210010508895498
17	50	1.5967714021587356
17	51	0.015398668267218023
17	52	-8.931290111314187
17	53	3.537550813722796
17	54	-2.2638195924080433
17	55	-1.3877430954165346
17	56	-4.886439064205895
17	57	-0.23520589895648458
17	58	-3.8694506759296305
17	59	-1.8111496377667267
17	60	-1.9301866045547846
17	61	-1.8211754070624098
17	62	1.3177495243845014
17	63	-0.7069929578952748
17	64	-0.30497629791770664
17	65	-0.3727252567725761
17	66	-3.433357520858437
17	67	0.7726801933272578
17	68	-0.21277718099328613
17	69	0.602174979054981
18	18	NaN
18	19	1.8990376747013982
18	20	6.13311878505305
18	21	9.61119989829898
18	22	13.427003670033828
18	23	-3.465313315481043
18	24	-9.62787552100821
18	25	3.666444508655178
18	26	5.35592332678201
18	27	-4.810542510781605
18	28	-0.1326476516608929
18	29	4.879641323142478
18	30	0.7612955633282796
18	31	-0.5166858084629325
18	32	1.0044644951210104
18	33	-0.7285008763381978
18	34	-1.7244240916689981
18	35	-3.7945309859778007
18	36	-4.475649300075806
18	37	3.5605564818158992
18	38	0.2829557661005273
18	39	0.7162771820405527
18	40	-9.572306545671008
18	41	0.4633635530311026
18	42	1.7570161195584475
18	43	-3.958100138141007
18	44	-5.086059844041496
18	45	1.2329416634707655
18	46	0.4809285708964168
18	47	-3.7855882767456337
18	48	1.9169620088248804
18	49	1.5219051269133184
18	50	3.815236061592851
18	51	1.6825900619733503
18	52	-7.87229777649205
18	53	-2.00340480101133
18	54	0.9908204820088564
18	55	-3.1416323835807765
18	56	-7.310590771294812
18	57	-3.2712556541116986
18	58	-1.8714522940129739
18	59	-4.038609465353303
18	60	-3.799282062042431
18	61	-1.613686772741985
18	62	-1.436714751712105
18	63	-7.328571495367536
18	64	-2.1993677524414292
18	65	-2.0531257391300186
18	66	-8.71748020459789
18	67	-3.8348468667785744
18	68	3.657334382330257
18	69	-5.519219760001447
19	19	NaN
19	20	-0.5184687443981868
19	21	9.570386615361729
19	22	2.353741325373516
19	23	8.047216748241825
19	24	6.063958661511196
19	25	3.9979308982697823
19	26	-0.44292922074578767
19	27	-6.454091836432109
19	28	-10.119753182262752
19	29	-2.5073278495493727
19	30	-1.4639820475690553
19	31	-4.642168868140135
19	32	-0.7973315784144288
19	33	0.7846005059454677
19	34	-7.63860999593189
19	35	-8.089365291802947
19	36	-5.124514713442692
19	37	1.6881370721849336
19	38	-5.557182286557552
19	39	-3.0703334752851723
19	40	-1.3595761410178602
19	41	6.11473495635075
19	42	-2.734971353659719
19	43	-7.516747034321444
19	44	-0.2893941664673414
19	45	0.861389869464013
19	46	-5.3620573179776
19	47	-5.5828414545212555
19	48	0.4061449735478871
19	49	0.28905682489652684
19	50	6.465709674100228
19	51	8.556991102422852
19	52	4.432884801896338
19	53	-1.6763745125324878
19	54	-3.7605956982453157
19	55	-4.890839805698286
19	56	-8.570700745152498
19	57	-5.625878573665198
19	58	-2.750771557099915
19	59	-4.770616695904116
19	60	-1.5337255886256116
19	61	-0.3441231881088105
19	62	0.4622956323734499
19	63	-5.998524415045824
19	64	-2.049813813930039
19	65	-7.501377166679795
19	66	3.5047131738106234
19	67	8.039504788311891
19	68	3.5542308585299303
19	69	20.883964074479316
20	20	NaN
20	21	-1.053325591030564
20	22	6.659634118188419
20	23	12.466285324123692
20	24	11.09702816634954
20	25	-3.382303348207823
20	26	-0.10771010153847473
20	27	11.790530901628111
20	28	1.8745702596413751
20	29	-3.5003228850346497
20	30	-6.65892017288512
20	31	-5.9294568504673055
20	32	-6.014937736378016
20	33	-6.1213406879757
20	34	-4.969990163137038
20	35	9.77253175866546
20	36	1.7096385050574823
20	37	0.07370908497076664
20	38	-1.4456727733220678
20	39	-1.2799663400486612
20	40	1.8164010015857908
20	41	9.127001496421535
20	42	-3.3060733257679438
20	43	4.57361611467667
20	44	-4.0283793348950265
20	45	-5.543356652738259
20	46	-1.0969367922583348
20	47	-5.117086465708796
20	48	-3.7610654926598865
20	49	-4.831764243219019
20	50	-8.71787567272748
20	51	6.7637783732330465
20	52	13.535095726033594
20	53	7.230421742936727
20	54	-3.64269675121416
20	55	47.28268434757296
20	56	0.15536996687698362
20	57	1.2278927088030773
20	58	-0.19689598745499845
20	59	-8.894372983009577
20	60	-4.3324943944871315
20	61	-3.6158060685444053
20	62	-4.548580744586157
20	63	-4.8450213911618105
20	64	-5.110188409189119
20	65	-3.334035365991643
20	66	5.642274226668828
20	67	-1.048380085562729
20	68	-1.9265692275620518
20	69	10.301530975950088
21	21	NaN
21	22	26.86891909533613
21	23	6.027529887636573
21	24	-6.696884757592313
21	25	13.721054654382877
21	26	2.007616233659841
21	27	-3.991734519610764
21	28	-0.7825281392174236
21	29	-0.8533574150424655
21	30	-5.700044431328025
21	31	-3.6568444178121924
21	32	-2.121365390869263
21	33	1.4109987017955963
21	34	-2.615327078185573
21	35	-8.28171385057017
21	36	-7.82977360550601
21	37	48.51512519424748
21	38	-1.033176149639277
21	39	3.09728055831544
21	40	-11.872081197705699
21	41	-0.5089721107346822
21	42	-3.1128640415761124
21	43	-2.9170098233476676
21	44	-6.619525723375702
21	45	-1.1004001927210034
21	46	-1.2820420240224282
21	47	-5.5138548442831725
21	48	0.14096090576427495
21	49	-0.6425691091062027
21	50	0.3412457772504524
21	51	5.458653349414968
21	52	-12.114712182280266
21	53	-2.4277036798056217
21	54	-1.3890203339860396
21	55	-5.800515786827283
21	56	-8.400448875967713
21	57	-0.5839201223289046
21	58	-5.175234688437947
21	59	-5.212867327134612
21	60	-7.587552130155686
21	61	-2.9371483333311383
21	62	-5.421283631510664
21	63	-11.22756303427367
21	64	-5.786316733531396
21	65	-8.352801847929808
21	66	-8.643798516854353
21	67	-2.933685502521754
21	68	-3.2595154722279327
21	69	-1.733339652129538
22	22	NaN
22	23	10.425261650485417
22	24	-9.753142634101486
22	25	10.207008950426477
22	26	8.701989062003971
22	27	1.2103614786213657
22	28	-1.3607179952604103
22	29	7.431568508414764
22	30	-2.0437266224680966
22	31	-5.069064895523886
22	32	1.1602848087189417
22	33	6.950409821640616
22	34	-4.078211097673547
22	35	-5.978030519974588
22	36	-7.740820323554617
22	37	-4.238339217497281
22	38	2.4321625551465713
22	39	-1.1660802550395126
22	40	-16.134413356955054
22	41	-4.4629323414275275
22	42	6.088482346491711
22	43	-7.181124886082837
22	44	-6.692595444643898
22	45	6.113799044800513
22	46	-0.5835615455352308
22	47	-3.2908099845812453
22	48	-0.341321694883932
22	49	1.367961142159301
22	50	0.5285047485355253
22	51	2.1720639178416605
22	52	-14.320313598340512
22	53	0.8123888976938325
22	54	10.028764570065071
22	55	-5.413345532669997
22	56	-8.643335164564046
22	57	-5.682619890261802
22	58	-0.4948575050186778
22	59	-8.00240938725375
22	60	-2.52186859508293
22	61	1.2316270470532082
22	62	-1.5642460090887473
22	63	-8.856235477248275
22	64	-8.300433646473477
22	65	-1.9831858101365996
22	66	-12.185986640424268
22	67	-1.0882395035171828
22	68	1.7183891303043104
22	69	-6.65752648995444
23	23	NaN
23	24	-1.7318788721794278
23	25	10.360926018529701
23	26	26.639497195930122
23	27	22.86633829802051
23	28	-2.134598409163122
23	29	-1.4729428775121605
23	30	3.8076200829669045
23	31	11.151836427190535
23	32	4.418245193173436
23	33	6.287485839221854
23	34	-2.8063594094431816
23	35	1.8753259498865362
23	36	-4.226024720032109
23	37	-3.1337589143145594
23	38	-4.75491141111248
23	39	0.0774794074076839
23	40	-7.123105734148225
23	41	-1.0537491032323199
23	42	2.8451937118303308
23	43	2.1941095501915395
23	44	-4.4210622536807
23	45	-4.90656873950809
23	46	-7.647610636212838
23	47	-1.8199615065277701
23	48	-3.954080326701498
23	49	-2.441509826341388
23	50	2.545406150789538
23	51	6.310618770023402
23	52	-6.607405666276138
23	53	-3.7521378617079577
23	54	1.6395841391053274
23	55	-3.566375838789312
23	56	-2.695868271513613
23	57	-5.111141824614283
23	58	-6.038093659215543
23	59	-5.804417145055618
23	60	-7.317366120459962
23	61	-6.257751552310273
23	62	-5.426028409946194
23	63	-5.861718655381801
23	64	-1.9429104155141825
23	65	-2.916631846241716
23	66	3.0687642247028992
23	67	0.7276120613393301
23	68	7.546550166336317
23	69	9.294027321637564
24	24	NaN
24	25	0.11729439245187956
24	26	-8.448531594155192
24	27	11.3819689372313
24	28	17.47496741023545
24	29	-3.945698206958336
24	30	-2.591726334927136
24	31	-0.7757111716901416
24	32	0.14139668979308984
24	33	-3.278029490879418
24	34	-3.169616950845791
24	35	28.896746751277636
24	36	23.047021734469165
24	37	-9.19006965188846
24	38	-5.199055374231962
24	39	-8.869879229577453
24	40	12.940936121238911
24	41	2.263873947098073
24	42	-6.563856580831448
24	43	-9.93889738809508
24	44	11.145371290467015
24	45	-15.140666340047353
24	46	-12.247186324834077
24	47	-8.627443694376385
24	48	-9.492669935026042
24	49	-5.626870250861074
24	50	-4.335233944568534
24	51	-9.933892525876848
24	52	39.82100310641447
24	53	-1.2427662238777861
24	54	-5.445716634171384
24	55	9.329755828218614
24	56	9.624109141104219
24	57	-1.310792844373427
24	58	-10.659796203687092
24	59	-1.7018004649135008
24	60	-3.2266282803040776
24	61	-8.292517505745105
24	62	-8.583674405354593
24	63	-2.5843672500320674
24	64	-2.4878405206210013
24	65	2.1986403159640653
24	66	26.390623061432258
24	67	8.809181998391857
24	68	-11.256864492640878
24	69	9.440502298865018
25	25	NaN
25	26	9.39382099237361
25	27	7.1737778412582145
25	28	8.493791601146036
25	29	7.910010221240606
25	30	5.118687349706224
25	31	1.6079894245837452
25	32	1.0189965872175495
25	33	2.6817414249561176
25	34	3.0126025736458684
25	35	3.791213495065439
25	36	-3.5495461673375095
25	37	23.54286046185665
25	38	-0.47120800802173923
25	39	1.71141755480114
25	40	-6.342217216432343
25	41	-3.2683622390686553
25	42	-0.9955597718597997
25	43	-0.3287001488484872
25	44	-0.12078814483358633
25	45	1.9723560701239977
25	46	0.49839492496569504
25	47	-3.0017576478020414
25	48	0.7117039313943385
25	49	0.46385601676868954
25	50	5.38535741036241
25	51	-8.404877881980388
25	52	-15.502410876279052
25	53	-0.9110104146293126
25	54	4.958840650678144
25	55	-4.222926645538201
25	56	-9.693805269486822
25	57	0.9981263041932507
25	58	-2.279953524687819
25	59	-1.7676589229151753
25	60	-3.868474235433652
25	61	2.666738109072396
25	62	-1.8416109230639348
25	63	-4.5200245717222725
25	64	-5.055734176901798
25	65	-6.759598193568112
25	66	-14.19072052322533
25	67	-0.3454146366934861
25	68	8.835833274688074
25	69	-2.8462103518226805
26	26	NaN
26	27	2.7258452910904247
26	28	4.102532575533404
26	29	10.169028692360458
26	30	13.167316460209507
26	31	1.3208479898770893
26	32	10.121417171517791
26	33	3.870865527135373
26	34	4.436837261629897
26	35	1.1582805694840905
26	36	-5.131602025195985
26	37	-1.6842200711001394
26	38	2.4385233077060926
26	39	-2.028882352861537
26	40	-10.870134434277363
26	41	-0.48687270228704094
26	42	8.427595408834975
26	43	-2.3962616011322586
26	44	-3.430606644168864
26	45	1.612296329251468
26	46	2.3962021980518093
26	47	-1.3661470782805545
26	48	0.470209101847243
26	49	0.8332919192790759
26	50	1.4713495483291885
26	51	-6.164670567986463
26	52	-12.487155769439521
26	53	0.043034735914642956
26	54	1.9627968352157374
26	55	-6.532634561605393
26	56	-6.150902590631899
26	57	2.5179094824206767
26	58	-1.1105739577912679
26	59	-1.8239243773763973
26	60	-2.575641926787501
26	61	0.00394354622736673
26	62	1.6407849489756534
26	63	-2.246417683378651
26	64	-2.52589966874071
26	65	2.0542449427437077
26	66	-8.570256891193088
26	67	-3.2852163647997723
26	68	-1.7114785439638578
26	69	-2.4571764622153864
27	27	NaN
27	28	10.487882475069242
27	29	4.293188275522264
27	30	10.146913090775293
27	31	29.34243379972618
27	32	0.6693476750073581
27	33	3.2575719398702168
27	34	2.650699999162321
27	35	20.581184562326065
27	36	1.9507514006866595
27	37	-5.485698054875512
27	38	-0.8836486290650973
27	39	-1.600956313821723
27	40	-6.481188384444882
27	41	-4.65210270172585
27	42	-1.2559221428024645
27	43	1.2902777603660243
27	44	-10.896612030932786
27	45	-3.101920940793824
27	46	-4.0335493383486
27	47	-2.952272093787184
27	48	-3.25894232776159
27	49	-2.184218808154679
27	50	-2.562343069123752
27	51	-2.3489547912039686
27	52	6.857506022696865
27	53	3.000425323179029
27	54	-2.9070078411429208
27	55	6.664527034975695
27	56	1.557633707834443
27	57	1.5464013117925888
27	58	-2.344162315336721
27	59	-1.9189762202032747
27	60	-2.106554081623119
27	61	-2.5354632665401273
27	62	-2.7600610747232133
27	63	-3.5105822819855352
27	64	-3.040216411033923
27	65	2.372101350153564
27	66	4.434102941932743
27	67	1.9893629582522698
27	68	-6.209194335964528
27	69	1.8338106078694003
28	28	NaN
28	29	13.24286147907078
28	30	13.131567898422727
28	31	6.964011885670111
28	32	14.540194797542446
28	33	3.60793285747965
28	34	2.7711982159263395
28	35	27.487532448621028
28	36	11.480990076444964
28	37	2.5647646453607478
28	38	-2.619055930758944
28	39	-2.7908030638267287
28	40	-5.736864915083421
28	41	-2.8228776901498596
28	42	-2.0316357237789164
28	43	0.15306040227238818
28	44	-10.659855092462031
28	45	-2.4534463731273815
28	46	-3.7492787082543626
28	47	-1.7138275632494118
28	48	-2.234061667783409
28	49	0.0034141570938133214
28	50	0.8101971314541125
28	51	-5.726018258089176
28	52	-2.939978604794514
28	53	0.3459760460567561
28	54	-0.6374839667249903
28	55	3.929201217202214
28	56	-4.679560421405525
28	57	0.12187929556337414
28	58	-2.147887792890228
28	59	6.287995076879964
28	60	-0.7493482298450799
28	61	-4.749644166209789
28	62	0.8001441732386314
28	63	-3.040475824295217
28	64	-3.3968213412914707
28	65	-1.9958478142993217
28	66	-9.793485984159135
28	67	-9.296435916834621
28	68	5.268374358309737
28	69	-0.5732236798259563
29	29	NaN
29	30	10.214733988944662
29	31	1.4435929498347249
29	32	6.690515341066191
29	33	3.5713871678695615
29	34	4.6756738685062516
29	35	-1.6917523241515833
29	36	-2.069054582899937
29	37	-3.3511960243397207
29	38	0.874417465750969
29	39	2.973942631895291
29	40	-12.53333811166614
29	41	-6.629696901444025
29	42	6.423432246319465
29	43	0.45888584271331173
29	44	-6.768910290588491
29	45	2.8308268260712697
29	46	2.970053399167678
29	47	-0.5687500880537771
29	48	3.7515276522185808
29	49	6.064154098876561
29	50	-2.4760014914469775
29	51	-1.8080444203453088
29	52	-13.089276670333893
29	53	0.36356322080273507
29	54	-0.7350231890756044
29	55	-4.763310277160271
29	56	-5.823779497601781
29	57	-1.9014927304191458
29	58	1.7934924335074511
29	59	1.6401694723594136
29	60	3.107217217423606
29	61	4.810409834926929
29	62	4.520636218651673
29	63	-1.9067753463582997
29	64	-0.6858332337281327
29	65	-3.151819635716182
29	66	-4.517746666038639
29	67	-2.01865923428111
29	68	0.8999753041879877
29	69	-3.2847694843001256
30	30	NaN
30	31	15.480237150951444
30	32	10.423536989979935
30	33	1.828103058843667
30	34	4.886260866876861
30	35	1.6414236143097227
30	36	-4.194767604094745
30	37	-4.379886708839971
30	38	0.4650715960226564
30	39	-0.48232473112158164
30	40	-8.763272184909379
30	41	-2.684470461415376
30	42	2.3548382156043965
30	43	-0.9835423235388241
30	44	-0.8038250302598959
30	45	3.927667723655907
30	46	-0.20109019016006996
30	47	-1.978714009797432
30	48	4.250868792004577
30	49	-0.40345709598829693
30	50	-1.4406902684401568
30	51	-5.763071450006353
30	52	0.052253292621948166
30	53	-1.5625215054436772
30	54	-1.1948163943300207
30	55	-3.453558718814313
30	56	-9.159336526639928
30	57	0.29661250362853947
30	58	0.3245530253251165
30	59	0.4444021097371953
30	60	3.2892547853816256
30	61	0.639441690377284
30	62	2.730871106378197
30	63	-1.298223214481257
30	64	2.6634199709930235
30	65	-8.16016107574252
30	66	-5.697458097055971
30	67	-3.0080917086540153
30	68	-0.7364174837181351
30	69	-5.339286918113383
31	31	NaN
31	32	19.382590660430118
31	33	9.969099157624616
31	34	-1.1625446629858212
31	35	19.81775536842042
31	36	4.232529034920502
31	37	-4.958575192566516
31	38	-3.8464012446919336
31	39	-4.439170153937564
31	40	-7.296675788857509
31	41	-3.9565007710074656
31	42	-4.105395461260768
31	43	0.5803006724187624
31	44	-6.472109509904993
31	45	-2.319414971685851
31	46	-3.035892461333143
31	47	-5.720831905754581
31	48	-4.09902064639912
31	49	-1.9621341496530056
31	50	-4.205552260596316
31	51	-4.594376767918705
31	52	3.2197467118144973
31	53	4.6739226324022045
31	54	-4.610855146227383
31	55	-0.07355905902330612
31	56	0.9372862564931909
31	57	9.118503648819434
31	58	-5.3517143991756795
31	59	-3.776484316717198
31	60	-5.060764439875761
31	61	-1.282738508708827
31	62	0.7271916557555451
31	63	-4.465167407465623
31	64	6.683587069221756
31	65	-2.057251705745968
31	66	12.494777563063517
31	67	0.38793572004368826
31	68	-3.2677005207807537
31	69	-2.8743478725749707
32	32	NaN
32	33	6.702285435574558
32	34	2.3916150051111633
32	35	7.417949957962636
32	36	-1.603539963192676
32	37	-7.296821143173961
32	38	-1.976891507866997
32	39	-2.2718059506347275
32	40	-10.026799273230653
32	41	-3.6105687338877823
32	42	-1.7958895074719488
32	43	4.322902913756417
32	44	-7.466954112779763
32	45	-1.0864094009818623
32	46	-0.45561418194865194
32	47	-2.332797501421589
32	48	0.6370276964712415
32	49	-0.1506933808531856
32	50	-3.7326345934713325
32	51	-1.650466726000259
32	52	-3.9886966095633176
32	53	-1.6020759576900043
32	54	-2.8641552012201927
32	55	-3.8503966994472507
32	56	-2.979746778964318
32	57	-2.522914105870682
32	58	-1.4828987453982068
32	59	-3.783298900070834
32	60	1.530257955700637
32	61	-0.8178394764348589
32	62	1.5030935820274618
32	63	-3.3752388647195946
32	64	4.357728330391773
32	65	-3.0283308068088948
32	66	-2.0625073001654592
32	67	-5.664669199667058
32	68	-3.398238707922872
32	69	-6.22443403043552
33	33	NaN
33	34	5.816504209478634
33	35	13.832341053182942
33	36	-0.8368294992253267
33	37	-1.9834537710308642
33	38	-0.41402176128370793
33	39	-3.2652379270359413
33	40	-13.332140734632958
33	41	-5.4262765570382525
33	42	1.5408379287062914
33	43	2.8322531237893482
33	44	-9.842970983482893
33	45	2.6734255607075017
33	46	1.9700570647986677
33	47	-1.1345448474927369
33	48	-0.37591677014060987
33	49	-1.5097688203275166
33	50	-0.830353030064417
33	51	-3.602225674605667
33	52	-18.083983576449157
33	53	-0.713018701858556
33	54	2.8313721348586074
33	55	-0.9937462715646201
33	56	-5.785757439358932
33	57	5.995395167372865
33	58	-0.30017313248611344
33	59	2.1734101312602077
33	60	-2.8327439197913313
33	61	-0.8582875593266547
33	62	1.392534838943287
33	63	-0.7504181457855018
33	64	1.4400444678159154
33	65	-4.451977722905781
33	66	-5.893177045741916
33	67	-1.951217050356115
33	68	1.8744725193965277
33	69	-4.027271235818229
34	34	NaN
34	35	6.143570828819231
34	36	27.41938950625577
34	37	7.4360031936832
34	38	7.200637609768689
34	39	3.9806994654939074
34	40	-7.136876433197135
34	41	-6.391910983303746
34	42	2.3879643259475816
34	43	-2.5297225723839993
34	44	-9.02386026943514
34	45	2.233693034527608
34	46	2.201221348081458
34	47	-1.1980505948660165
34	48	1.283640214713551
34	49	-1.036698675968088
34	50	2.3285136362411976
34	51	-7.723172109874398
34	52	-17.176127020910705
34	53	-0.25790749087005915
34	54	-0.8240971374567486
34	55	-6.2950447532054925
34	56	-9.649046215597886
34	57	4.528734485317811
34	58	4.227046994550583
34	59	0.9026540549029967
34	60	-0.885774140101781
34	61	-1.3968586072791769
34	62	2.162981963334132
34	63	-0.8238749401282831
34	64	-0.8440017197987434
34	65	-1.0934162794826006
34	66	-9.914301546114785
34	67	-5.037622153202657
34	68	1.1215878924865905
34	69	-5.9415924636385045
35	35	NaN
35	36	15.165431927537066
35	37	0.8712783180606607
35	38	5.958012246925205
35	39	2.6821942865225132
35	40	-6.346350019527641
35	41	-7.892619692613169
35	42	-6.9707330993880925
35	43	25.037533878513116
35	44	-19.650483622922547
35	45	-4.066161463781242
35	46	-4.005114239105169
35	47	-3.3127293702662355
35	48	-5.695379362211864
35	49	-6.00219819584467
35	50	-5.376311492751035
35	51	-1.1547494553972795
35	52	-9.34084690529877
35	53	-3.1125396464712627
35	54	-8.198337901478737
35	55	25.531822910257706
35	56	-4.60873730005715
35	57	-0.3221855110869001
35	58	-1.9046897936130183
35	59	1.938871726479205
35	60	-5.73714426800904
35	61	-4.003402011667566
35	62	-4.162349195525369
35	63	-8.098683784483711
35	64	-7.695288615922124
35	65	-3.39031299417234
35	66	0.2632464820321023
35	67	-5.146277725639422
35	68	-5.965961644745667
35	69	-8.20198715349216
36	36	NaN
36	37	-6.887866950046124
36	38	6.753694468176142
36	39	-1.7456965021601587
36	40	10.175986797084287
36	41	-1.556459352698234
36	42	2.735835247258649
36	43	6.331727846100021
36	44	-4.813427446707447
36	45	-4.49276454898334
36	46	-1.4999945678983657
36	47	-2.6621866120731377
36	48	-3.8682652361586456
36	49	-3.232446465887993
36	50	-6.342736079030419
36	51	-8.384805278484315
36	52	6.542212456611746
36	53	-0.7612237684164908
36	54	-7.852542437216794
36	55	6.563756929508135
36	56	3.5283566379046913
36	57	-1.0366747200179165
36	58	2.259981697775601
36	59	-2.6678443723893515
36	60	-2.8370646070363823
36	61	-5.388184715791361
36	62	-3.023395117329141
36	63	-0.31287979990454695
36	64	-1.0774368159271202
36	65	1.7230685954852387
36	66	13.528345533477463
36	67	-4.654306718179847
36	68	-5.990580282150515
36	69	-3.99866012859073
37	37	NaN
37	38	1.1885953185944922
37	39	3.8841103551421616
37	40	11.821774349823169
37	41	-1.0321694637727599
37	42	-4.3257345919417505
37	43	3.3636435227194967
37	44	10.47178734246616
37	45	-0.34903837407783384
37	46	-5.080589597318808
37	47	-5.54144631181324
37	48	1.368224976967046
37	49	-1.625500385476837
37	50	3.846338791829338
37	51	-3.013701066773818
37	52	-11.937956416194694
37	53	-2.2272040975585212
37	54	0.9879344608870779
37	55	-3.2704683628914477
37	56	-12.14435179269589
37	57	-5.17854800578453
37	58	0.21271958420425308
37	59	0.6822809285537069
37	60	-3.237345538770331
37	61	1.2462118935233102
37	62	-5.768107105009962
37	63	-11.32252557003969
37	64	-5.975322689668393
37	65	-12.440852299723765
37	66	-15.45856094107928
37	67	-7.623361217247361
37	68	-2.66720062078872
37	69	-8.492196455116481
38	38	NaN
38	39	4.030195265541608
38	40	-0.8022804003281165
38	41	-1.1072351656945885
38	42	6.447518830823439
38	43	21.176987481793365
38	44	8.51154409969251
38	45	1.5468209068912284
38	46	3.5367040102560963
38	47	4.666952077332693
38	48	1.8988699726250138
38	49	6.167257780123446
38	50	-1.155152666467963
38	51	-7.798415921873795
38	52	-11.16987939386051
38	53	1.0083195667740559
38	54	2.1823451291116975
38	55	-0.03523026109367993
38	56	-2.63038418093022
38	57	-0.49330157569766925
38	58	1.7258445543873953
38	59	0.2554041642528759
38	60	1.701494730888998
38	61	0.32112145264917424
38	62	-0.2310051482866203
38	63	-4.625865394058891
38	64	-4.243669575337761
38	65	-4.696655152192123
38	66	-6.907694480069742
38	67	1.3089534304636254
38	68	-2.247260583227901
38	69	-4.13185547763444
39	39	NaN
39	40	4.564110888634998
39	41	18.2412585771674
39	42	16.799005311822164
39	43	4.507875938837356
39	44	0.8830053939491354
39	45	0.2820043470999713
39	46	0.47499952654125055
39	47	-4.235930331657965
39	48	-0.3012670285578979
39	49	9.219357970316437
39	50	-0.4755976766176862
39	51	-0.6727588779626027
39	52	2.025434710759043
39	53	-0.8700906266968266
39	54	-2.7051774279525085
39	55	-1.8444555373575124
39	56	-6.037691607238691
39	57	-4.72308285718038
39	58	-4.052743530581178
39	59	-3.4359025912108674
39	60	-3.556098693531584
39	61	-1.4189941781942887
39	62	-0.7807378119640397
39	63	-5.700900540753066
39	64	-3.0727077484739245
39	65	-3.1207932075081963
39	66	-8.168734575591248
39	67	0.7424758315098806
39	68	-3.1896837291424114
39	69	-2.405983991222504
40	40	NaN
40	41	18.975523588969125
40	42	-2.99762147460003
40	43	8.666756430758596
40	44	138.74362876989824
40	45	-8.805521686271188
40	46	-10.65660226386579
40	47	2.5394602827661625
40	48	-9.198389815984944
40	49	-4.051154687781471
40	50	-7.052411941898728
40	51	-3.386587180416038
40	52	100.39571622010835
40	53	5.374689473742528
40	54	-5.519646767783923
40	55	-12.209036940302694
40	56	11.063361492456119
40	57	-3.373305412216036
40	58	-9.690083750275269
40	59	-3.7661204227692
40	60	-6.190856426009639
40	61	-2.426924717651539
40	62	-10.520886041978574
40	63	-15.054458769933316
40	64	-15.575377681746739
40	65	-5.067327365239657
40	66	14.819433516420379
40	67	11.316160805263069
40	68	2.140606474505788
40	69	8.97175814292576
41	41	NaN
41	42	16.41483262419587
41	43	-0.7394090803204971
41	44	-0.34337289393814585
41	45	-5.157534645675607
41	46	-4.859515787900963
41	47	-9.645614357813553
41	48	-7.148501538058658
41	49	-4.021800768991056
41	50	-8.324479851754782
41	51	4.768459319533029
41	52	24.077753011628012
41	53	-4.466063191994955
41	54	1.5950604252737683
41	55	-8.670525387000694
41	56	-10.973665153019704
41	57	-5.161705109877373
41	58	-6.361921059112763
41	59	-9.493436786620356
41	60	-7.370343409847266
41	61	-7.59689454785692
41	62	-8.690405720079799
41	63	-10.45155156062645
41	64	-1.4357272568656303
41	65	-7.5966816498461
41	66	1.130037821730563
41	67	4.944354839272926
41	68	-1.3847024614526868
41	69	0.14888898487157645
42	42	NaN
42	43	11.870658843563008
42	44	-3.390773837792124
42	45	2.974527790717586
42	46	1.9584314424630858
42	47	-1.337456118698559
42	48	0.5260382299093411
42	49	3.736874433924743
42	50	0.15699007472805138
42	51	-3.1892712258870857
42	52	-14.48556322330405
42	53	-1.3873861095477829
42	54	6.117278831619288
42	55	-7.321745154779515
42	56	-7.978988798315944
42	57	-0.22103509754679937
42	58	-0.5159334223833403
42	59	-1.3197906728898987
42	60	0.22987109829659927
42	61	0.06403547740897059
42	62	0.7542064350344743
42	63	-5.1894523064731946
42	64	-2.8403734400528107
42	65	-0.5607541786113941
42	66	-8.81139825494266
42	67	5.657530071355678
42	68	1.3793478316814656
42	69	-2.595292318508983
43	43	NaN
43	44	6.996377919132777
43	45	-1.2542137724787525
43	46	1.2674982380384037
43	47	-0.6854152048868475
43	48	-2.0581800844294507
43	49	0.6147526389005583
43	50	-3.7428127069111
43	51	4.578667500581561
43	52	1.0879155365317503
43	53	-2.722997562739522
43	54	-1.033823295769379
43	55	8.193665710034434
43	56	-2.837716088876548
43	57	-2.0452778227635937
43	58	-2.0861950634507562
43	59	1.3962142569466252
43	60	-5.226471633355126
43	61	-3.1100449258376526
43	62	-3.3537638135288743
43	63	-8.526607036898692
43	64	-2.9702598019562454
43	65	-7.675559397594577
43	66	-4.932571591745317
43	67	-5.122301006980851
43	68	-0.48178020077646755
43	69	-6.340161543944334
44	44	NaN
44	45	11.153077855631684
44	46	4.124956868008854
44	47	17.922912314353464
44	48	2.0927698754426833
44	49	2.359618766476288
44	50	-2.6927498574743955
44	51	-3.990875959670116
44	52	31.465883577192777
44	53	-0.8359526858708485
44	54	-3.048354925520065
44	55	-16.52788553216773
44	56	11.934661684027361
44	57	-4.335781497514568
44	58	2.255022604402254
44	59	-4.896742361017227
44	60	0.4663495033806033
44	61	1.556209830807516
44	62	-7.473468854936739
44	63	-3.5586615362343057
44	64	-5.769656573002321
44	65	-9.871241376867667
44	66	1.1096656223459593
44	67	-6.5819632591989
44	68	-6.155591574839792
44	69	0.10994692969612271
45	45	NaN
45	46	10.847436769902247
45	47	5.224567443803433
45	48	16.893637383183133
45	49	8.233444324151966
45	50	13.330080738341868
45	51	4.4348986618889965
45	52	-19.853473768504774
45	53	1.657771470530897
45	54	1.914491407742072
45	55	-5.984453980844991
45	56	-7.238488587271757
45	57	4.4349930370057375
45	58	0.5711072291752558
45	59	-0.31958272231887486
45	60	2.1137682340940835
45	61	3.275726151461202
45	62	5.960292921025759
45	63	0.4568934278312961
45	64	-0.3455207235728232
45	65	-3.6637396077645312
45	66	-5.599584976754925
45	67	-1.8623872156299266
45	68	7.536196567371432
45	69	-5.319339325369487
46	46	NaN
46	47	31.710475148210126
46	48	9.892997836933223
46	49	5.28081210744384
46	50	4.191451751038442
46	51	-5.345009921792594
46	52	-18.26342713792745
46	53	-1.2487794596154578
46	54	4.693615698043113
46	55	-1.7547284653175204
46	56	-1.532011731757386
46	57	2.3376229465005043
46	58	15.583982442676268
46	59	1.4673402414163932
46	60	2.8678735089883154
46	61	0.8910718088002066
46	62	4.9703259064513095
46	63	5.748369607812374
46	64	5.047409441682328
46	65	-0.6250966864230415
46	66	-6.975913541943848
46	67	1.9467087440775803
46	68	0.1326282074987075
46	69	-6.808962144605916
47	47	NaN
47	48	3.7068549239210276
47	49	3.6744130290461543
47	50	-9.199713477090551
47	51	-5.457927272214028
47	52	-13.70574604478637
47	53	-0.7622680155744945
47	54	-0.9325841193175327
47	55	-2.9520974773420146
47	56	30.401386496827264
47	57	-5.248027312963437
47	58	66.99681548958779
47	59	-7.072329089007432
47	60	-2.892109505081942
47	61	1.4374003093982344
47	62	-0.24649176446970866
47	63	9.393151146955235
47	64	-5.566573145209056
47	65	1.5242250090940452
47	66	-9.285494174130141
47	67	-2.4839673791569115
47	68	-1.5210569128778686
47	69	-6.223092925278515
48	48	NaN
48	49	12.139323716285867
48	50	9.791424882884082
48	51	-0.5015807418384262
48	52	-12.145729347005886
48	53	1.0645783437493788
48	54	-1.7265290553081707
48	55	-4.398149983059076
48	56	2.6948475353532038
48	57	1.359730372090291
48	58	0.20872099800212102
48	59	-0.007990321551094564
48	60	-0.9135249579353069
48	61	4.564133883395724
48	62	4.03318067636086
48	63	3.378307978974522
48	64	2.5822859586436326
48	65	3.217206160181534
48	66	-6.121717435442775
48	67	1.7122746228202794
48	68	2.8777426641885357
48	69	1.5692822915069176
49	49	NaN
49	50	5.661682536399068
49	51	0.2493189148417851
49	52	-1.9838712479456617
49	53	1.9992870654503097
49	54	12.018446347196134
49	55	-2.127012824307104
49	56	1.4577023300120784
49	57	-2.65832671803354
49	58	-1.025995548375453
49	59	1.2893362833067041
49	60	2.321535710081144
49	61	0.6904273568793472
49	62	0.9589152546915605
49	63	-4.529285093307517
49	64	-1.6240831301492136
49	65	3.2208031851070555
49	66	-6.956934234013812
49	67	3.147917646038216
49	68	-1.3641862901342536
49	69	-2.2661298577754914
50	50	NaN
50	51	13.863144276149214
50	52	-4.635751147576809
50	53	-0.7116653327163986
50	54	11.670469588992654
50	55	-4.417576725117796
50	56	-6.998660377956016
50	57	-3.171875646506389
50	58	-2.8310248806597222
50	59	0.8952466503738815
50	60	-2.5072515205577797
50	61	3.2409910044032153
50	62	-1.3664374318948809
50	63	0.24760924801240253
50	64	-4.359727729365701
50	65	3.0683858803138007
50	66	-10.570672997165936
50	67	8.010853068255367
50	68	12.045703839651699
50	69	5.770973186801794
51	51	NaN
51	52	32.71831947212263
51	53	3.3422707723606937
51	54	5.243010061697254
51	55	0.9651556866753302
51	56	-4.21139569006929
51	57	-5.0079330818365495
51	58	-5.247935974613341
51	59	-9.398900957945543
51	60	-8.102692708825709
51	61	-6.688885434516698
51	62	-7.901392138979089
51	63	-9.545507573142405
51	64	-3.1370658462116214
51	65	-3.6148796388788798
51	66	7.493418303268341
51	67	-1.8523556253445768
51	68	8.210361472090831
51	69	14.548932178618104
52	52	NaN
52	53	14.76930248647235
52	54	-9.047198422050224
52	55	15.420132501070224
52	56	9.522293876060882
52	57	-8.280375575890787
52	58	-23.316871636368013
52	59	-9.931914398840252
52	60	-5.20575787451362
52	61	-13.250578085894546
52	62	-17.882281106353915
52	63	-5.883558429720209
52	64	-2.4687790611419285
52	65	0.17760424080246834
52	66	50.456110872719094
52	67	15.541413143627965
52	68	-15.674120383570234
52	69	16.114267718416865
53	53	NaN
53	54	-1.4675765586844276
53	55	0.9914133303271025
53	56	-1.1721117974417599
53	57	2.9440323219917324
53	58	1.241311673840283
53	59	-2.635488298648309
53	60	-0.06147215107056052
53	61	1.013948134832138
53	62	-1.0037282267636265
53	63	-1.272075381911141
53	64	-2.8289444733741416
53	65	-1.4614153884012353
53	66	1.6632631651930652
53	67	-2.3398019638753826
53	68	-0.06491909440795379
53	69	-1.736683508749351
54	54	NaN
54	55	-2.8523425180440007
54	56	16.662344154577884
54	57	-6.458256517127498
54	58	0.295872858378465
54	59	-7.052326678344944
54	60	-4.778441548979407
54	61	0.5574876910224027
54	62	-2.438653584432886
54	63	-1.1191002840364739
54	64	-2.326868804502425
54	65	8.504059943347634
54	66	-11.53822681916704
54	67	7.599464409387125
54	68	11.384372849249221
54	69	1.4661240924768035
55	55	NaN
55	56	-0.5201580167349623
55	57	6.794841985091822
55	58	-2.6122439536435786
55	59	-0.8242877331374961
55	60	-7.399516629714881
55	61	-2.3420346539201984
55	62	-4.290169028135772
55	63	-1.6528969247230287
55	64	-2.327324618325144
55	65	-3.144729134384558
55	66	24.824077334710132
55	67	-2.955089404603825
55	68	-4.471017158375274
55	69	10.620419503088598
56	56	NaN
56	57	-0.2836112609993301
56	58	28.286796998182954
56	59	-6.879290820492999
56	60	0.9431438085139846
56	61	-1.7841758476308869
56	62	0.7581997190205829
56	63	46.10920766508846
56	64	-1.9437263755091718
56	65	76.41228615849127
56	66	29.17469119759746
56	67	-0.3141565933158095
56	68	-6.353990222361382
56	69	1.4035645127401961
57	57	NaN
57	58	-1.190301472645197
57	59	8.427831462575249
57	60	-1.2251702696977502
57	61	-2.0654631514157478
57	62	2.4644377972501776
57	63	4.510890519765841
57	64	5.399187332733357
57	65	-3.147803551179847
57	66	10.077499481840126
57	67	-1.7159188108376602
57	68	-0.06580901364727651
57	69	-1.1581981090856424
58	58	NaN
58	59	-1.1208460957469515
58	60	1.496097998600433
58	61	6.29604718393546
58	62	-0.8497537689593162
58	63	18.750452150444843
58	64	-0.4354917577175078
58	65	0.9248888197087646
58	66	-12.540899749504728
58	67	-7.277423611577649
58	68	-5.298119388624995
58	69	-6.904980097955874
59	59	NaN
59	60	64.89928767773908
59	61	19.278909736369894
59	62	25.32613105429596
59	63	10.396657932254833
59	64	28.99420758464968
59	65	5.429491748248433
59	66	-4.713711614710403
59	67	-0.31929242701904614
59	68	-5.981846629172699
59	69	-2.8701508509000817
60	60	NaN
60	61	34.22311013779298
60	62	23.95156799848281
60	63	9.270343500068675
60	64	20.73663580442315
60	65	0.27903099630629197
60	66	-2.3298661869799853
60	67	2.0490201864793183
60	68	-5.295891929865771
60	69	-4.522381279467873
61	61	NaN
61	62	32.92600818450664
61	63	15.906705823735681
61	64	7.531902513394453
61	65	-1.7440316776735019
61	66	-4.833635248453056
61	67	-1.5777516656110542
61	68	1.1755654586152786
61	69	-0.62948495440097
62	62	NaN
62	63	14.551292821900457
62	64	17.23953535760068
62	65	2.4764299884705734
62	66	-1.7873999898423596
62	67	1.1983432901232238
62	68	-1.3478665554792917
62	69	-1.0742576763906808
63	63	NaN
63	64	14.12734256749776
63	65	86.10895461847518
63	66	4.539166827144035
63	67	-0.12284341036963622
63	68	2.3769900454892663
63	69	-0.9377179229606107
64	64	NaN
64	65	7.652491772576804
64	66	6.084066689043552
64	67	0.8633282261985664
64	68	0.20029810648081492
64	69	5.406017578809794
65	65	NaN
65	66	18.17300639860206
65	67	16.55814601045215
65	68	-0.3852802851996234
65	69	4.867499516008926
66	66	NaN
66	67	24.074513122373773
66	68	-6.0912862553169385
66	69	30.661281241574052
67	67	NaN
67	68	9.150488190086346
67	69	2.3816341533695993
68	68	NaN
68	69	9.315095878726133
69	69	NaN
