1	1	NaN
1	2	-1.03981604277729
1	3	1.5487125183899952
1	4	2.0924637987430867
1	5	1.8946792938974548
1	6	3.996963948958412
1	7	1.773695839569335
1	8	1.5975876709281107
1	9	0.4822588612807501
1	10	-1.4658013602303432
1	11	-1.7432688302214625
1	12	-1.6096254593164718
1	13	-1.998687569859234
1	14	-1.1136022613419283
1	15	-1.3497006066715445
1	16	-3.9145988671473235
1	17	1.0394204991924973
1	18	-0.7087788505220168
1	19	-5.973663224478693
1	20	0.27383279297535057
1	21	0.9008899878219955
1	22	-2.2350725812005114
1	23	-2.3265013053004973
1	24	1.6046202583420497
1	25	-1.4780585705774336
1	26	-1.5993060701024628
1	27	0.012531597312932751
1	28	-0.9607865070325461
1	29	-2.0434358920501956
1	30	-2.1323529514579924
1	31	-0.5928732932164459
1	32	-1.3704389025977861
1	33	2.743087073474622
1	34	-0.6583032268176571
1	35	1.2736359403291768
1	36	1.5271524579898663
1	37	-0.11492971388954977
1	38	1.951224994741971
1	39	-0.22660598791562903
1	40	2.2700841773189846
1	41	0.47939149831097805
1	42	0.5797637823885698
1	43	-0.6861662065522098
1	44	0.4615872011258839
1	45	1.4656054012551396
1	46	-2.4687043351929274
1	47	1.8110240140613907
1	48	-1.0100680424922162
1	49	1.6408605958569213
1	50	-1.0140465818478401
1	51	0.010204207205022369
1	52	2.771890401780451
1	53	0.04118687338659829
1	54	2.6670895053015506
1	55	2.460514475575968
1	56	2.0620908712146573
1	57	1.8735254548481606
1	58	3.300304065961505
1	59	0.4972909850946244
1	60	-1.0657249834850346
1	61	-1.0502231047048414
1	62	-2.3552102019624948
1	63	-1.2255522543169421
1	64	-0.2919264659807771
1	65	-0.6558579777230552
1	66	-1.6516889834876771
1	67	-0.5838764054722108
1	68	-1.1938057949383274
1	69	-1.2304882060189346
2	2	NaN
2	3	1.9102580026253466
2	4	-1.8840505208477838
2	5	-0.7276669454457662
2	6	-1.9067313832574693
2	7	-2.677941360996973
2	8	-2.5393623146029016
2	9	-2.170759020690232
2	10	2.798719074050792
2	11	0.43538811816153555
2	12	-1.248859411751575
2	13	-2.717619555483095
2	14	-1.2937283958022554
2	15	2.026099323526551
2	16	-0.05951270107788692
2	17	0.003413057150346823
2	18	2.2853446735971854
2	19	0.24548769248241545
2	20	-0.20181849472706528
2	21	0.13797103277974324
2	22	1.760663764726624
2	23	-0.541994571168099
2	24	-0.645212833656098
2	25	1.783063307881686
2	26	0.9761060491996043
2	27	0.8429923542287149
2	28	3.558502031123226
2	29	2.5498968143332044
2	30	0.12342682723817906
2	31	-0.11966922052660174
2	32	-2.698530823285762
2	33	-0.1726806139228295
2	34	-1.9106048669792721
2	35	-1.2133208658545693
2	36	3.0880603180722233
2	37	-0.8703313657039399
2	38	0.28325682020493864
2	39	0.3705939998039462
2	40	-2.584277232917942
2	41	3.6634027998575984
2	42	4.481296916468097
2	43	1.993687709038853
2	44	0.18482431743161856
2	45	-0.8591208776442859
2	46	1.828638939401379
2	47	-0.10396686258216752
2	48	2.4896056479151643
2	49	-0.5940671949994188
2	50	2.9372441284206188
2	51	1.3432682539322356
2	52	-2.3828472740790207
2	53	-0.2953192562896678
2	54	0.2713455916726879
2	55	0.2156752921560185
2	56	-2.3885372301556056
2	57	-1.7158582770829691
2	58	-1.1480147764958608
2	59	0.7890860551247462
2	60	1.3921047129234982
2	61	-0.18415031614306127
2	62	-2.820864925528982
2	63	-0.26203855200818144
2	64	0.599986669635561
2	65	-2.696616229849472
2	66	-2.181744689328086
2	67	0.1300747520182387
2	68	1.810081854240433
2	69	-0.3162201098291214
3	3	NaN
3	4	0.5740027988215977
3	5	0.9380348689905087
3	6	-2.3335037472831606
3	7	-0.3934984661746879
3	8	-3.703872077533269
3	9	0.5548042165769377
3	10	0.7942790660238106
3	11	0.4114257053586257
3	12	-0.511920607267359
3	13	0.30488734805741347
3	14	0.08141383009365004
3	15	4.353090088029131
3	16	-1.782332073473173
3	17	0.40738619213647287
3	18	-4.970173418430147
3	19	0.7186144426031508
3	20	0.9282660756897099
3	21	-1.289370213789614
3	22	-0.3322778733708602
3	23	1.547965492096614
3	24	-1.233861706934369
3	25	0.5813483164088415
3	26	0.05913363464343098
3	27	0.9019854782938567
3	28	0.1590309508926307
3	29	-1.6395686072907356
3	30	2.25841178803028
3	31	0.001086335023796471
3	32	1.1749454350040975
3	33	-1.0781655134187647
3	34	0.6691663903803259
3	35	-0.7210972147855059
3	36	4.330896579814562
3	37	0.14352998592320554
3	38	-1.2316468141087236
3	39	3.739521184246922
3	40	-3.5092214621034983
3	41	3.968998692753832
3	42	-2.0984122607190008
3	43	-0.23540715574419227
3	44	0.9679615886100459
3	45	-0.06354712033890793
3	46	-0.03832473690350698
3	47	-2.220591325917844
3	48	-4.273793011511464
3	49	-1.8379974148082234
3	50	-0.6863229352641885
3	51	2.955364668093294
3	52	-1.8656555290503634
3	53	-1.8442063997962244
3	54	-1.6236468554307617
3	55	-0.7817449750746519
3	56	0.2591340249764032
3	57	-0.025088868051933198
3	58	0.6916030858837059
3	59	4.160358617837907
3	60	-0.3939642467745717
3	61	2.0257527280635794
3	62	-0.834203845441304
3	63	-2.947367066873247
3	64	2.854134501675327
3	65	2.9908616735548645
3	66	0.37123562502332186
3	67	-0.7650177917579025
3	68	3.422468414991315
3	69	-1.1345009632161542
4	4	NaN
4	5	-2.3567340847007094
4	6	2.6001750141153277
4	7	-2.4161855780610173
4	8	1.944166051524225
4	9	2.948091391970521
4	10	0.06043808592216398
4	11	-0.3338607841530715
4	12	-0.8151145851092897
4	13	-0.7677822523250465
4	14	1.2350161880475838
4	15	-0.551319725467538
4	16	0.9750347753029914
4	17	-0.17566739304402645
4	18	0.38200657801530247
4	19	1.5246989193817801
4	20	-0.4146393363365725
4	21	0.6370841382022011
4	22	-3.3615840711996077
4	23	-1.654468138725417
4	24	1.317288479890721
4	25	-0.7709533887304061
4	26	-0.304941134096386
4	27	-1.856221019560899
4	28	-0.06902263564158036
4	29	-4.000654386119452
4	30	-4.107683551706133
4	31	-0.49709384756228475
4	32	0.13938944537469503
4	33	3.0924168454256704
4	34	-3.4743862563804675
4	35	3.413846364376283
4	36	-1.409340673320341
4	37	1.1323674245860578
4	38	0.4386906181053216
4	39	-1.5392906190184277
4	40	2.2801368864934597
4	41	-0.7845069014853332
4	42	-0.5515102896166801
4	43	0.3652949629765898
4	44	1.7408048837615449
4	45	-2.952289577946507
4	46	-1.1283877756082656
4	47	0.778582180437845
4	48	-1.0919725479006916
4	49	2.7623943442897216
4	50	-1.2973160645185327
4	51	2.9880515872619617
4	52	0.5099916609418967
4	53	1.4428675641916675
4	54	0.5550325179626512
4	55	0.4369764144096167
4	56	0.5651267567164274
4	57	2.0867616802879945
4	58	-0.4669942894186808
4	59	0.1180968608407198
4	60	-3.3686068921750834
4	61	0.013847966885821307
4	62	-2.8567759829745705
4	63	2.3319167312200766
4	64	0.9710142939394939
4	65	0.2792647248075081
4	66	-0.796088549118857
4	67	-0.3199208207773057
4	68	-1.6195473271918321
4	69	0.5671011789420477
5	5	NaN
5	6	-1.8374159711302822
5	7	1.5139708771181133
5	8	-0.8404322954003263
5	9	-1.530357830811636
5	10	-3.668240246742284
5	11	1.0038689195668586
5	12	-0.07293215928500195
5	13	-1.6745595033510308
5	14	0.0584225008306533
5	15	0.7717379364176752
5	16	0.3777544166377396
5	17	-2.2752098396934715
5	18	-0.8184260201630414
5	19	0.5873683287899464
5	20	-3.211217205079692
5	21	-1.0092773434113358
5	22	-0.12945102547719348
5	23	2.74113653509009
5	24	-2.209396615279004
5	25	-3.282381531440569
5	26	-0.848245351930037
5	27	0.2589628096835771
5	28	-2.284161824230915
5	29	2.156761115248881
5	30	-0.6987612459151784
5	31	-1.0958365309131315
5	32	-2.3132775040751223
5	33	-2.3522780560372936
5	34	57.10646501751241
5	35	-1.5742024024941246
5	36	-1.4075198835362739
5	37	-3.0878414711209325
5	38	-1.1130387135246955
5	39	0.5861717523601588
5	40	-3.074553894927657
5	41	-3.8719286861047046
5	42	-0.5691934311868011
5	43	-1.3493302738514064
5	44	-0.7965443244903624
5	45	-3.3977951163099167
5	46	0.61028993171268
5	47	-1.2851215881045555
5	48	-1.937213765897538
5	49	-2.8427839500323304
5	50	0.5805660260766139
5	51	-0.5918683810970379
5	52	-3.795741713876286
5	53	-3.5543076344293003
5	54	2.9997515748094945
5	55	0.02006365847718252
5	56	-2.081014440985556
5	57	-6.122281745857314
5	58	0.2313727456877221
5	59	-1.6302126192984314
5	60	-0.11060862374342272
5	61	-0.9036927780252013
5	62	0.36327490092594444
5	63	1.1211623407698286
5	64	0.8467793498757035
5	65	-0.7299278796256891
5	66	3.38198280943459
5	67	-3.5970723706733287
5	68	0.6198175969466613
5	69	-1.9449246101390176
6	6	NaN
6	7	1.643475001847878
6	8	4.252043132763405
6	9	3.3554403458521547
6	10	-0.009250008909514789
6	11	1.16509242464334
6	12	-2.4138710281723235
6	13	-1.931371262384319
6	14	0.14142965435427404
6	15	0.37515692414930407
6	16	0.5279678348902737
6	17	0.9838273258207424
6	18	-0.28905261825640277
6	19	-1.7337416864726343
6	20	0.2792665292629485
6	21	2.1595068020541746
6	22	-0.7621837616029835
6	23	3.4535571902591347
6	24	-0.13176452006304729
6	25	-1.4355116107631212
6	26	-2.9714137496768798
6	27	-2.6491910875449958
6	28	-0.6039932206058553
6	29	-3.147047697700202
6	30	-3.3053134507557513
6	31	-0.6228710119438317
6	32	-1.1685277888264813
6	33	2.136377448958394
6	34	-1.511781746963774
6	35	1.3341256464746314
6	36	-3.4904600473877596
6	37	0.535399963927901
6	38	0.19476388708859418
6	39	-0.20966399814445688
6	40	3.2812846423270625
6	41	-0.4192432333963341
6	42	1.4146087537831304
6	43	-0.7946971009234943
6	44	0.06487162177579582
6	45	-2.4316188684072904
6	46	-0.3949088428197465
6	47	1.4637034592779818
6	48	-2.2561825573271115
6	49	2.983057217317677
6	50	-0.4496687082778802
6	51	-2.66830457579158
6	52	2.3737886452846557
6	53	2.0760146497151184
6	54	-0.3685557281626921
6	55	1.851535514939639
6	56	0.8959038168195377
6	57	2.8225068413072756
6	58	-1.98621371321018
6	59	0.4216067585923585
6	60	-3.2639112231695893
6	61	-2.1078284739025483
6	62	-1.6724123217411517
6	63	1.3263018439093928
6	64	-0.08813936987736017
6	65	0.974323006154286
6	66	0.633468296851304
6	67	-3.6903618458234906
6	68	0.40119377497137826
6	69	0.44280626133573353
7	7	NaN
7	8	-0.5751144801738848
7	9	-1.3774788187893763
7	10	0.3654391159784699
7	11	-1.1861273333267988
7	12	0.6479619833687962
7	13	-0.885724444610677
7	14	1.9840004386565973
7	15	-0.6315652407672552
7	16	-0.28285392872987103
7	17	-0.9180000071260139
7	18	3.3667489977723317
7	19	-4.613852771351811
7	20	-2.18114063204068
7	21	0.2730915523650169
7	22	-0.008049819118401287
7	23	-1.0354349553668887
7	24	3.4883078737177646
7	25	1.1132087974432292
7	26	-1.426357087156892
7	27	0.7929161550389385
7	28	-1.7427386504909568
7	29	1.7358615929215375
7	30	-2.036718711692807
7	31	1.0437815591365762
7	32	1.9895190438938881
7	33	-0.7271504572546788
7	34	1.7040198157363249
7	35	1.0050102476889824
7	36	0.13460961329936935
7	37	-0.6287510412508964
7	38	-1.8403164976538124
7	39	1.9029756865930023
7	40	-0.9638908018173207
7	41	-1.5354981418026308
7	42	-2.9300696944736893
7	43	-0.028184982364321053
7	44	1.0521329107329567
7	45	0.7498855063698382
7	46	2.1464634604208883
7	47	18.46733328208899
7	48	2.223062660535608
7	49	-3.1822572077298426
7	50	-1.328530027614852
7	51	1.8017746423162617
7	52	-0.4671776329187446
7	53	-3.018465913877951
7	54	-1.796752387770109
7	55	-4.446630553199437
7	56	1.7835129497074607
7	57	-6.277803361882397
7	58	1.4044115306370826
7	59	1.2270597052945362
7	60	2.6883086894668016
7	61	2.8678696109078063
7	62	1.2165309504446065
7	63	0.6548796509540776
7	64	2.6466585474988626
7	65	-3.9410912893054415
7	66	-2.783129141674732
7	67	0.9471034282113384
7	68	-0.7137507789268982
7	69	-2.9381162578880295
8	8	NaN
8	9	3.4226005169939193
8	10	2.9289279389351517
8	11	0.27489430257650055
8	12	-1.6919779430204063
8	13	-0.04249238750305509
8	14	-2.535295008236689
8	15	-1.0922889061000827
8	16	0.6039904433155779
8	17	4.623813531067142
8	18	-0.47436926339339075
8	19	-0.4467305514747671
8	20	-0.007205220199002245
8	21	-0.2902502055356408
8	22	0.07333052997008438
8	23	-3.6239726877812846
8	24	2.118217812013491
8	25	-1.9317197623533688
8	26	-4.398605243785556
8	27	0.2794246970137817
8	28	-2.1742896074064433
8	29	-1.7743736473759346
8	30	-2.2921567036511177
8	31	-5.249311969720355
8	32	-2.9853846087990084
8	33	-2.2421737229852856
8	34	-3.1250631463437504
8	35	0.4222508652559857
8	36	-2.323785193556272
8	37	20.33473657882094
8	38	-1.2015679146812106
8	39	1.0641325314391794
8	40	2.3187599287129177
8	41	-1.218130039905488
8	42	-3.9293007099474506
8	43	-0.038795232653993164
8	44	-0.43049712087391734
8	45	-0.08883523164069554
8	46	-5.056048006312305
8	47	-1.1564332777661024
8	48	-0.5397071949601604
8	49	-0.27008809169500914
8	50	-2.6411866674253934
8	51	-1.4196043477575417
8	52	1.1530180821189597
8	53	24.211055916713093
8	54	-2.448816018613412
8	55	3.8089001542491774
8	56	2.6617658028914857
8	57	0.7002946604520335
8	58	-3.163302610397606
8	59	1.051307759900171
8	60	-1.6812660262621264
8	61	-1.5990846915997246
8	62	-1.7617036254282465
8	63	-0.4285437930640263
8	64	-0.04103439406578492
8	65	-1.2838750504262282
8	66	-2.7344550579938174
8	67	-5.613187078601506
8	68	0.8409096739996841
8	69	-0.08508462294826313
9	9	NaN
9	10	4.2154867906775175
9	11	-1.2159533733227907
9	12	-0.10558052365128913
9	13	-0.47332923091560075
9	14	-0.10836750257413465
9	15	-2.061667474181024
9	16	0.26127044720127285
9	17	0.33651524187889204
9	18	-0.5280947396694895
9	19	3.2635001680142026
9	20	1.3196618238348048
9	21	-1.4904786833642651
9	22	-2.824294198637343
9	23	-1.6644158713723478
9	24	1.3744856018478782
9	25	-1.6474747912390295
9	26	-1.8015434506947356
9	27	-1.052808449764874
9	28	-2.571284059386287
9	29	-3.3366548473774666
9	30	-2.9133506406932232
9	31	-3.533074559426245
9	32	0.2719391332607724
9	33	3.404302555812008
9	34	-1.365868681407932
9	35	3.567099454573608
9	36	-2.7358301462245502
9	37	0.6666208726745374
9	38	1.1963341051820027
9	39	-0.2266111091405916
9	40	1.4440992019633019
9	41	-0.07996378199295089
9	42	-1.564729891343157
9	43	-1.9452179730606594
9	44	0.6158512572001984
9	45	-0.20646410982058466
9	46	-2.773472025131354
9	47	0.6136710478700876
9	48	-1.336625513084914
9	49	1.7135089120491533
9	50	1.3759960454307851
9	51	-1.4425089668154278
9	52	3.0512512063942308
9	53	3.606861907884376
9	54	-3.2887267612603943
9	55	4.825763686670207
9	56	0.24480217215007605
9	57	5.494084699359672
9	58	0.23487924011983327
9	59	1.097464442588208
9	60	-0.6614281743853309
9	61	-4.372648512607458
9	62	2.6291188627041846
9	63	-0.4056261768582596
9	64	-2.681898220870798
9	65	0.6887072150975289
9	66	1.5610554721881802
9	67	-3.881660678250955
9	68	-2.824232211456502
9	69	-1.454468939554002
10	10	NaN
10	11	-0.3966264310951285
10	12	3.2204653882556378
10	13	-2.4654616801773024
10	14	-1.6885267557213417
10	15	-1.642668481626809
10	16	-0.29856058390066664
10	17	5.11117560978333
10	18	2.3503267406968935
10	19	-0.4484470232154269
10	20	0.5772485616550517
10	21	-2.579397191264272
10	22	0.37046152855781334
10	23	-3.3562687960778637
10	24	1.496132515620224
10	25	3.0685267497670545
10	26	0.2024433930332348
10	27	-4.468879875071065
10	28	-0.12878293649314
10	29	-0.7931096154973085
10	30	1.1875272279800437
10	31	2.5077878245069294
10	32	0.6910575359543026
10	33	-2.3032372830984387
10	34	-2.668135146641082
10	35	0.8026997799238692
10	36	-0.12748680538413082
10	37	2.719474775939237
10	38	-0.9792093401539783
10	39	7.5582194293076155
10	40	0.9165180772629171
10	41	-0.3645205668011056
10	42	0.8983210252889826
10	43	-1.4937268719692793
10	44	-0.9036775839286785
10	45	1.4817463291994935
10	46	-1.8672485404385708
10	47	-1.7200860228309027
10	48	-0.43556909656361104
10	49	2.434057236791259
10	50	-2.491279519237831
10	51	-0.35859251405996295
10	52	1.1229268282947407
10	53	-0.3950793229198242
10	54	-1.5786164237506188
10	55	2.468503899451189
10	56	1.1013879289099684
10	57	2.6148691132416872
10	58	-0.8783236684130794
10	59	0.0718952528264618
10	60	3.272817482089866
10	61	0.017357467265128153
10	62	-3.973211202228267
10	63	-0.5433695009952667
10	64	-3.139572700892713
10	65	0.5654971322968833
10	66	-1.030756942578858
10	67	-3.547586362694367
10	68	-2.398494448216958
10	69	-4.3219696201081925
11	11	NaN
11	12	2.2100590618320286
11	13	-0.8807216459587829
11	14	0.11508720068704742
11	15	-0.17884837980563453
11	16	0.7984255113322682
11	17	-0.7177439373492628
11	18	0.7693510777338078
11	19	-0.8334221145856182
11	20	-1.766298049155957
11	21	1.6980718222622573
11	22	-0.6377255306159021
11	23	-0.6493462681189037
11	24	-2.7653452000431806
11	25	2.484019445230354
11	26	-3.169328051987827
11	27	0.9709888155701858
11	28	1.8329984380530953
11	29	1.6540410570442334
11	30	1.778950500736445
11	31	-2.363204072787814
11	32	2.642859789564217
11	33	-0.04006966960690418
11	34	-3.056705339831284
11	35	-0.22084080272246126
11	36	2.0374502645306434
11	37	0.02870947246502424
11	38	-0.19797900031838028
11	39	-2.4323034725595907
11	40	4.597534020110394
11	41	0.22209322266824003
11	42	1.8454229576294676
11	43	-0.15085323788607047
11	44	2.6600286731120755
11	45	-1.5075384362800175
11	46	0.5133932725260151
11	47	1.6867930666911453
11	48	1.3451307148855178
11	49	-1.3428790936061061
11	50	2.0036922029185704
11	51	0.31350964914965246
11	52	-0.2220638202491754
11	53	-2.621772347685953
11	54	-2.573157544991414
11	55	-0.34610523786455694
11	56	-2.037435472505705
11	57	-2.009421197800597
11	58	0.4589296548905076
11	59	0.2797121973087813
11	60	-0.15112430729402831
11	61	1.1784339360950329
11	62	0.12409549391312881
11	63	-0.37187820805056643
11	64	1.0911882708246456
11	65	-0.05505123669220135
11	66	-2.8247037573696394
11	67	0.7582646548258711
11	68	-0.8732945923602988
11	69	-1.9580511827628913
12	12	NaN
12	13	-0.7887803694017078
12	14	-0.0849163671620556
12	15	-0.7234110603710535
12	16	-1.5448917999550646
12	17	1.1645731065640106
12	18	4.680061035131397
12	19	0.23773448226545746
12	20	0.18871649107900368
12	21	0.0784281883566102
12	22	0.6037904369438511
12	23	1.4817722006397223
12	24	-1.7497813010082448
12	25	-0.7179851813778936
12	26	-1.2109902443996599
12	27	0.06993814176463517
12	28	1.2334303861711684
12	29	1.556107097034476
12	30	-0.15731712564040953
12	31	0.18330617444017028
12	32	-0.6842761167949027
12	33	-1.3101239999282368
12	34	-1.5274102487062955
12	35	0.30379622320374106
12	36	1.1590591820725533
12	37	-1.7388904657368216
12	38	-2.88627037828932
12	39	15.086828766400302
12	40	-4.389216943012485
12	41	0.8801391658823375
12	42	3.3417602540975104
12	43	-2.357885050123483
12	44	0.5905062866392926
12	45	0.6943921352187169
12	46	1.1522161260802843
12	47	-1.945761151725943
12	48	1.1047345366172283
12	49	-2.009062168597567
12	50	3.423036766912237
12	51	2.770976741359501
12	52	-2.54638460737387
12	53	-3.6025820351011717
12	54	-0.3701394758079919
12	55	-1.8033811286264687
12	56	-0.8543787997862045
12	57	-1.276357242659455
12	58	0.10295484188988828
12	59	0.07287917039216897
12	60	0.34449179175228617
12	61	2.1039588929435866
12	62	-0.7967723923761418
12	63	-1.5139997513583079
12	64	-0.11360362870530204
12	65	-0.7976608109978438
12	66	2.128377452514354
12	67	-1.9858539899477605
12	68	1.8935719075546684
12	69	1.9366400077662091
13	13	NaN
13	14	1.5098540037669808
13	15	3.956927089741296
13	16	0.643726950957326
13	17	1.821855036047437
13	18	5.111698966997319
13	19	-2.4420954589257127
13	20	0.1174680969225468
13	21	2.536172751434951
13	22	0.9408847384463073
13	23	1.24487852133145
13	24	-0.9740352764193012
13	25	0.0012605143125623232
13	26	0.6616850034629578
13	27	-2.2448746347078905
13	28	-1.1145308475034228
13	29	3.1553603226363167
13	30	-0.4139418893758374
13	31	-0.3606728287814821
13	32	4.094296644991008
13	33	-0.08500025384915028
13	34	-1.270764269680777
13	35	-1.4945768432477267
13	36	0.5247044175602251
13	37	0.21297302516620836
13	38	-0.8344456319414751
13	39	-0.5360768877780239
13	40	0.4744989591609237
13	41	-1.330476928616848
13	42	0.22461278180826688
13	43	-2.1979329147468314
13	44	-0.17343803114866846
13	45	-0.6340196694153297
13	46	-3.0419353000072418
13	47	-1.572480914897089
13	48	-0.2216995955908221
13	49	-0.5742454913403517
13	50	-0.6923697911435336
13	51	0.7735405545499511
13	52	-0.46038141770023705
13	53	-0.19634902563819528
13	54	-1.5045409121075062
13	55	-0.11311414898375288
13	56	0.300542907519363
13	57	-0.8814393779084043
13	58	0.8557217363846646
13	59	0.043763791917221774
13	60	2.1684042806147934
13	61	0.2563790621273908
13	62	1.0948966000651752
13	63	-0.28583862871731097
13	64	1.4927851404423684
13	65	3.8900765196052474
13	66	1.8068962510691078
13	67	1.2169165809346723
13	68	0.34901766557618913
13	69	-1.7086805608044444
14	14	NaN
14	15	0.17495061191700234
14	16	-0.2259898819113606
14	17	-1.1554987357120363
14	18	0.24223019596940887
14	19	0.3295915336013321
14	20	-0.21958691510202555
14	21	0.9765340182843949
14	22	-0.10253176721203912
14	23	-1.561245982310748
14	24	1.286604216930979
14	25	0.295060911005611
14	26	-1.321283504078881
14	27	0.4728519102186492
14	28	1.6287492177575227
14	29	0.46753447155739464
14	30	-0.8651141617948931
14	31	1.2212868200182505
14	32	1.5145931211285386
14	33	-0.053675123469712364
14	34	0.3380552891141809
14	35	-1.2541000868771077
14	36	-0.23037647519167137
14	37	0.5417284406854598
14	38	-0.5045487880189591
14	39	3.9088643133569367
14	40	0.7219615159568147
14	41	-2.9541304403603434
14	42	-0.1556423561111542
14	43	-1.8829875394901239
14	44	-0.32469108659747126
14	45	-0.3735024942775847
14	46	-0.2643195763840593
14	47	-0.8669047091637662
14	48	0.9848247487684125
14	49	-0.7295684423933998
14	50	-1.3564100758365063
14	51	-0.42255063255358066
14	52	1.4029837080764993
14	53	7.632124389855398
14	54	-0.5467309221929727
14	55	-0.5604562349208143
14	56	-2.484663451215597
14	57	-0.5821574719650595
14	58	3.3393334137303445
14	59	2.6168899407270247
14	60	-0.6549440229705737
14	61	-5.249945961671291
14	62	-0.6585511641211106
14	63	-2.902352079925473
14	64	-2.4838529089106705
14	65	0.15284347127456227
14	66	2.313476578504092
14	67	-0.33619253456083387
14	68	1.0989845163656344
14	69	-0.9520546062377299
15	15	NaN
15	16	5.509108858569758
15	17	3.971996103209822
15	18	2.119756028024548
15	19	-4.201340148792508
15	20	-1.0839307566571648
15	21	0.8131313511147439
15	22	2.8534461018459365
15	23	1.050991790041298
15	24	-3.178802198352709
15	25	1.0105088633711823
15	26	-1.6651803089992898
15	27	0.5058658171612052
15	28	1.4415648486703814
15	29	1.6223463555158264
15	30	-2.049644816567417
15	31	3.251505616063984
15	32	1.2461221391083108
15	33	0.3496375481923989
15	34	1.3775238172038917
15	35	0.4038664871740339
15	36	0.4884599779965403
15	37	-1.9055620448841002
15	38	-0.28705473734578796
15	39	1.3186216942104798
15	40	-1.4711177826721087
15	41	-2.312515040797596
15	42	-0.2247138534694021
15	43	-0.5523254761955243
15	44	1.360637511859444
15	45	2.7466946230732496
15	46	3.997358429284794
15	47	-0.898097954021392
15	48	1.5798029332398986
15	49	-1.2324201861584596
15	50	1.7121001609764455
15	51	0.18858776625385185
15	52	-2.6197490187555066
15	53	-3.9297955098617585
15	54	-3.2102359993168883
15	55	-0.35771756129508264
15	56	-1.0102738010468328
15	57	-1.3091486276405497
15	58	-1.5440180123101837
15	59	1.352599233428031
15	60	1.4914110357795658
15	61	-3.0040642481647883
15	62	-1.431424909993135
15	63	-2.308982153192765
15	64	0.0137440734999776
15	65	-1.5807280566421305
15	66	0.2262270603314966
15	67	2.479085216638756
15	68	-1.4124310763729453
15	69	-0.1929286690417134
16	16	NaN
16	17	2.0604225346672247
16	18	-2.7251346916743673
16	19	5.014482526123052
16	20	-2.4555277557100497
16	21	-3.598372103206946
16	22	1.562760933665685
16	23	-1.1397344288065359
16	24	-2.5812573031795676
16	25	-0.1448105225727846
16	26	-0.04214529393555098
16	27	0.8912815707035666
16	28	-0.8643198076574683
16	29	3.886849049659149
16	30	0.022905130345901262
16	31	-4.195471662765789
16	32	1.8808247821145885
16	33	-3.763013144577908
16	34	0.8131442038316425
16	35	-3.7496912797849307
16	36	-0.806608279919943
16	37	-1.618199193493446
16	38	-0.21454918910407872
16	39	-2.1116770345504485
16	40	-2.4098642234427503
16	41	2.3819111995852693
16	42	2.8949541108602945
16	43	2.9866507946789826
16	44	-3.6609082123175645
16	45	-0.3517012132663213
16	46	1.3218942935890798
16	47	-0.24069142224775228
16	48	3.9574839152051493
16	49	-1.6769542614009665
16	50	-0.9377253630157456
16	51	0.7989457091424542
16	52	0.406227355101425
16	53	3.5941155926883206
16	54	-2.752022283408544
16	55	-2.0082690823766307
16	56	-0.5550733175886595
16	57	-0.38819765766897446
16	58	2.414310041972871
16	59	1.134120004219994
16	60	-0.9665879375371417
16	61	0.9013337546677408
16	62	1.7366670875442876
16	63	1.437595108685814
16	64	-4.478524123656689
16	65	0.610039607344018
16	66	-3.9804374089265075
16	67	-0.10973595060171291
16	68	3.411962950115381
16	69	9.299925339980042
17	17	NaN
17	18	2.38723957092097
17	19	-0.2121766661916591
17	20	-0.37762791815365904
17	21	1.731906452186769
17	22	-0.9214642678405824
17	23	-2.7784576705272923
17	24	1.1893765631220266
17	25	-1.4074159667305985
17	26	-2.6711414857771807
17	27	-2.5004883877484856
17	28	0.9154032867052583
17	29	-1.8264777546388433
17	30	-3.768890559288175
17	31	0.6739252044308485
17	32	-0.7611084103875517
17	33	-0.9667975888843467
17	34	-2.256737051968004
17	35	0.40218163456059475
17	36	-1.200233809474685
17	37	-0.7691739035733106
17	38	-1.1123073577658438
17	39	-1.872783603889065
17	40	0.6309712298014428
17	41	-1.0764212546068488
17	42	-1.658448893204116
17	43	-0.7424410583535318
17	44	1.3179294827650176
17	45	-0.23660217896495042
17	46	-1.4110051808280093
17	47	-0.10420427259906283
17	48	-2.0358318584945096
17	49	1.9393429844406977
17	50	-1.3777991180396962
17	51	-1.6985266112552875
17	52	0.1182595978163385
17	53	6.105654690686318
17	54	0.17495249677793098
17	55	-1.422437309797046
17	56	-0.4197469479611734
17	57	0.9072230758146422
17	58	0.20467581266462276
17	59	-0.4693016580113827
17	60	-2.182604069955125
17	61	-0.03790539718495364
17	62	-1.0857173846973485
17	63	1.7978994356609959
17	64	-0.5268943002999216
17	65	-0.5378768318557186
17	66	-1.0950809285185306
17	67	1.1339709519082726
17	68	0.5061316052622639
17	69	1.686990446633675
18	18	NaN
18	19	-0.09675822357263322
18	20	1.3409046538820169
18	21	3.3572086879835354
18	22	-4.28917797912279
18	23	-1.0391584361441188
18	24	-2.63021885187196
18	25	-1.6055922908278484
18	26	0.815926390660246
18	27	-3.21553738875896
18	28	-0.05822325523891221
18	29	2.2823899496459203
18	30	-0.9277714146483739
18	31	0.1058798069255137
18	32	0.6364214495909792
18	33	1.0720734672608825
18	34	-4.344572962184873
18	35	2.1631736980321064
18	36	-1.9565308443482026
18	37	-2.4752549679609466
18	38	-2.3402007795194497
18	39	-2.773915451100958
18	40	-0.2661774997337021
18	41	1.0571761905063952
18	42	-1.027325097471109
18	43	1.7561939834565603
18	44	-1.3188584288464724
18	45	-1.0302837553461488
18	46	-1.9892845561044823
18	47	-1.5819763394308664
18	48	1.2581125238424409
18	49	0.8993120042032495
18	50	2.4209426613530383
18	51	0.9510268746705219
18	52	0.9283882801067119
18	53	2.384528706392551
18	54	-0.7966992562051685
18	55	0.1487654721257069
18	56	0.8732603048117045
18	57	0.17386497791259126
18	58	-1.5699233176253657
18	59	-1.3243491012604716
18	60	0.5121720930125199
18	61	0.5442546709588016
18	62	-1.2219008709929455
18	63	0.6874952188980236
18	64	-0.7153332187586945
18	65	-1.589613399997198
18	66	2.125844024804915
18	67	-0.4106820169313589
18	68	1.1713358749315124
18	69	-0.6897024864098141
19	19	NaN
19	20	0.9050872464510438
19	21	1.2082678616139275
19	22	-0.22971037521015245
19	23	4.571955561520105
19	24	-3.8776178536838244
19	25	0.12939625956355336
19	26	-2.491257411011535
19	27	-5.455041005692522
19	28	-0.3324271422822761
19	29	-0.8313208107904083
19	30	1.1622843467593615
19	31	-3.691354593339049
19	32	-1.0546543449170138
19	33	-0.4287072074496974
19	34	0.304060288949286
19	35	-1.6139275333017737
19	36	-2.4299822572179863
19	37	-2.347487560237303
19	38	0.0778614921036806
19	39	-0.1524976192749759
19	40	-0.5364293883468698
19	41	1.6715088429232428
19	42	-1.6057775796325562
19	43	1.1030161358084125
19	44	-1.1184457187293961
19	45	4.593866380983528
19	46	-2.6543562232865314
19	47	-3.15745717183324
19	48	4.085987183946451
19	49	0.0826466863625291
19	50	1.0981200079408002
19	51	-0.8122191321466197
19	52	-2.3084949027553296
19	53	-4.414494491949358
19	54	-0.14229414038316332
19	55	-1.566381342482364
19	56	-0.7549931666410827
19	57	-1.3216346588574872
19	58	-1.488975527863354
19	59	-1.1699269853463585
19	60	0.04463861965640393
19	61	0.8642806337478584
19	62	1.659876737986129
19	63	-2.4147712148690066
19	64	1.8023012937888092
19	65	-1.8893767106918096
19	66	3.3196169268132993
19	67	0.028480929525856635
19	68	-1.9124702902779307
19	69	42.44517910699427
20	20	NaN
20	21	-0.14265063111211237
20	22	1.94000735536262
20	23	-1.0489486668444552
20	24	-0.7029086766980093
20	25	0.9722509634076067
20	26	-0.7058386297082598
20	27	0.5541450856770368
20	28	-0.15346340508855633
20	29	-1.8429060051638912
20	30	-0.2838310372697714
20	31	-0.1658650277661056
20	32	-1.1808381895931468
20	33	2.382125755442973
20	34	-1.5829674463627117
20	35	0.6673211003776531
20	36	-1.5841404749473718
20	37	-1.473622589650904
20	38	-2.3384135033778772
20	39	1.8016939160677092
20	40	1.5415989266412506
20	41	-1.6319529493409903
20	42	-0.7497422101059277
20	43	-2.2396787735785755
20	44	-1.0398290887287371
20	45	-1.5176140220141723
20	46	-0.9838044960616594
20	47	-0.7058155730860286
20	48	-1.1238727936919624
20	49	0.3446366641426304
20	50	0.6437200876664131
20	51	-0.8262724548276089
20	52	0.45172494653714107
20	53	2.9641657681850395
20	54	-0.2873525722459924
20	55	1.5770487779530542
20	56	2.122146844920424
20	57	2.4655439116355384
20	58	0.16150719778774383
20	59	1.1591749407935548
20	60	-0.6101241995705089
20	61	-2.534864366599465
20	62	-1.0692394932134808
20	63	2.267565115575486
20	64	-0.7824991850097759
20	65	1.1896308852741477
20	66	0.9222611234580791
20	67	1.2529537678909415
20	68	-2.529104670970196
20	69	7.267279455253143
21	21	NaN
21	22	4.570511219497895
21	23	2.3419468357424926
21	24	-0.7299863731501496
21	25	-3.816191929805979
21	26	-1.8495376236153092
21	27	0.7421508670198922
21	28	-0.38192508547967197
21	29	-0.5303456962420916
21	30	0.043286255956016824
21	31	2.061446598316727
21	32	1.0051303542272072
21	33	1.3412793361367574
21	34	-1.6131446456785057
21	35	-2.9768312854206473
21	36	-2.651412156496907
21	37	4.935160521367715
21	38	0.07217901555155687
21	39	-1.3942472756033915
21	40	-3.3287776670620444
21	41	-1.0997400719859292
21	42	-1.6215756970787067
21	43	3.1938777879171427
21	44	0.5807265209886293
21	45	0.5746586349040759
21	46	-0.269830533705889
21	47	-1.7438381591217063
21	48	-1.8606361208907283
21	49	-1.1010852684763048
21	50	-0.42608909759033226
21	51	2.8437414652527173
21	52	-3.173321016462475
21	53	-0.4302199641582662
21	54	0.9367845766981756
21	55	-2.255777391098947
21	56	-2.1231851205214696
21	57	-1.5820460149935227
21	58	-0.6941537852441938
21	59	-1.4800604318296071
21	60	2.021908255793291
21	61	0.20871722010813235
21	62	0.6203024733641448
21	63	-1.4741501137331545
21	64	2.784448262330811
21	65	0.8068217650088307
21	66	-3.7711742111872746
21	67	1.784645726833452
21	68	4.923294062508994
21	69	-0.25711102865792634
22	22	NaN
22	23	4.411487172784915
22	24	1.7456983573499325
22	25	1.0036944549554592
22	26	1.7204282206985415
22	27	0.3479883034577905
22	28	-0.7097271655242541
22	29	0.5671744165923792
22	30	0.6016888620496205
22	31	1.1529772811359342
22	32	2.2973338034323363
22	33	-0.867660728477716
22	34	-0.8628588402253119
22	35	1.9184013785947465
22	36	2.4405288886657197
22	37	0.29757177463439877
22	38	1.1326844876787694
22	39	1.1780534806384442
22	40	-2.6417289816348073
22	41	0.7076880597449431
22	42	3.1871274400373455
22	43	2.029901013852301
22	44	1.1834043493467257
22	45	-0.31765719239469636
22	46	-0.351878304345702
22	47	-0.80294406888297
22	48	0.6936776536088138
22	49	-0.8339525822714078
22	50	1.0366805200848235
22	51	-0.5212015445802985
22	52	-1.6440304441331994
22	53	-1.709738385051663
22	54	-1.9448323775613998
22	55	-1.4889264275057126
22	56	-2.68945559368291
22	57	-3.421447499242305
22	58	-2.3418122890042645
22	59	0.8048056134644422
22	60	1.835258450684408
22	61	-0.8979753686087569
22	62	-1.3396968904001252
22	63	0.015817767480056453
22	64	1.9709292413326005
22	65	-0.9348716320898945
22	66	-2.43557879529052
22	67	-0.4799434796387965
22	68	2.093890383043135
22	69	-1.7894874251834145
23	23	NaN
23	24	-0.1623970802455042
23	25	2.242403314302684
23	26	2.4581406801699317
23	27	6.879962355875875
23	28	-0.7897250163320411
23	29	-2.4781958874161587
23	30	-1.5129803962212398
23	31	-0.7682367238323837
23	32	0.5115066053624971
23	33	0.34711610316235214
23	34	-0.26980835495116695
23	35	1.7558601634458446
23	36	2.515356112873344
23	37	-0.702909516466365
23	38	-0.16273649000315848
23	39	-1.6366200063096048
23	40	0.07648267687643429
23	41	2.960974783562817
23	42	-1.6409493222026326
23	43	1.455808030237656
23	44	-1.5015379584599002
23	45	0.14254034702439
23	46	1.349881772988282
23	47	-0.6209803869017089
23	48	-0.3560568289391536
23	49	-3.5011415707954887
23	50	-0.7746605672375839
23	51	-0.1946439860233992
23	52	-2.4769945685593107
23	53	-2.468568097713885
23	54	-3.264454299408328
23	55	0.1382781517459076
23	56	-0.14216876864778974
23	57	-0.41990708718079744
23	58	1.978837129677833
23	59	0.026272250921600317
23	60	1.3555853381415204
23	61	3.7518195974311515
23	62	2.515352619061565
23	63	2.398925899017037
23	64	-3.421314244456136
23	65	-0.8701184477814848
23	66	-1.7068839098966129
23	67	-0.14040187893742687
23	68	1.4616922847148028
23	69	-1.4358057668858075
24	24	NaN
24	25	-0.16529709165382242
24	26	1.7814562846731166
24	27	2.6418507317084607
24	28	-1.9039576942438445
24	29	-3.0364738784459755
24	30	-0.5069167618401274
24	31	1.1308917981002513
24	32	0.7591163471136363
24	33	-1.0804417461890174
24	34	-0.4688593042722588
24	35	6.085741234367055
24	36	1.4401789170210193
24	37	0.4654272434589345
24	38	-1.4019102446613254
24	39	0.7884631722200078
24	40	0.8272967487358495
24	41	-0.28995937802975924
24	42	0.9686235866837302
24	43	-1.841409328661073
24	44	0.37901372325770166
24	45	0.02320898963761185
24	46	-0.7116764923763684
24	47	1.1145026561012181
24	48	-0.7582127521654887
24	49	0.13705525628528592
24	50	-2.9564562521294904
24	51	-1.540316430818431
24	52	0.36747220525497776
24	53	1.8361555838763197
24	54	-0.3069434741879663
24	55	2.474972196442083
24	56	1.0716570888020112
24	57	3.2095436098730863
24	58	-0.46062742985596483
24	59	-1.352537012894394
24	60	-3.211351671357243
24	61	0.2970561468461348
24	62	-0.6569369903699458
24	63	-1.1690372600896901
24	64	1.2965303887769266
24	65	0.06689371515950053
24	66	1.713155331517059
24	67	0.567137250728618
24	68	-1.8753246622244082
24	69	-1.5166758601607238
25	25	NaN
25	26	1.9975651811267523
25	27	-1.067778353003383
25	28	1.3569952046959441
25	29	-1.1165518099301106
25	30	3.2066838246262557
25	31	-1.3698000000358468
25	32	-1.6816011486222708
25	33	1.061763793317159
25	34	0.7209310087842709
25	35	1.1605208325827825
25	36	2.118150382096602
25	37	-2.2531864036929963
25	38	-0.6473499160220697
25	39	0.7112974366346233
25	40	-1.3886017186927182
25	41	2.782471169928489
25	42	0.3201838396839567
25	43	1.0593954847286515
25	44	0.20427712793169456
25	45	2.3139538406536997
25	46	-1.3491499171397066
25	47	-1.0637240765255094
25	48	-1.8706508409636768
25	49	-0.5550661911638873
25	50	-1.6874765549252342
25	51	-2.550711009013513
25	52	0.3648272833111623
25	53	0.816065060890241
25	54	-0.08033972676927874
25	55	1.4726227631055377
25	56	-0.6161244848214049
25	57	0.06361543865932377
25	58	1.1299218545285128
25	59	1.0191812144434351
25	60	-0.8679714474022705
25	61	0.861663855316969
25	62	0.7737167995630986
25	63	-0.6851774596977779
25	64	-0.6060663591019206
25	65	0.6443137411397998
25	66	-0.22427253068374528
25	67	1.1520858062783859
25	68	1.9602612785214177
25	69	-1.099049268600724
26	26	NaN
26	27	-1.8259933862506357
26	28	0.7635146825000767
26	29	-0.962245336156505
26	30	34.06134232097932
26	31	-3.434465605577825
26	32	0.15650821432941434
26	33	-3.214114036118761
26	34	-0.617916491630189
26	35	-2.5051912836742267
26	36	0.3057271676806418
26	37	1.0128708455717035
26	38	-1.8464646890232723
26	39	1.3607204918726106
26	40	0.380501800877924
26	41	0.4345958397840222
26	42	0.9776357995421261
26	43	-1.0475700757597033
26	44	0.1911074311322848
26	45	-1.0846371645424193
26	46	1.174256042616134
26	47	-2.4326384180721274
26	48	-0.03809030860158131
26	49	-0.8978460207315885
26	50	2.344022329496986
26	51	-1.4434981979520107
26	52	-1.3303607505219566
26	53	0.46746450616501495
26	54	0.8068717644310996
26	55	-1.2634869903029433
26	56	-0.6941714922806732
26	57	-2.8750560762750674
26	58	-1.51875478255174
26	59	-0.6689203910940155
26	60	2.9696892802884904
26	61	-0.16184203619169396
26	62	2.0354405065626744
26	63	1.4877571484670966
26	64	2.6037025877467737
26	65	0.18519601661417087
26	66	-0.8076326265381975
26	67	0.26943805892962686
26	68	-1.637330232099465
26	69	0.6901866630102576
27	27	NaN
27	28	1.2079277227909635
27	29	2.5834283421600666
27	30	-3.904625170086386
27	31	45.399047360320694
27	32	-0.8360345832095881
27	33	-0.8846075574706819
27	34	-0.6500596934706976
27	35	1.9181010279671498
27	36	1.6139549923807446
27	37	-0.39497827933051305
27	38	-0.7556855984854632
27	39	-0.2280435598755952
27	40	0.3555614563071894
27	41	-1.9470102964346607
27	42	1.0846352267154613
27	43	-2.3294436390901017
27	44	-2.0087302817310615
27	45	-0.04551656722017168
27	46	-3.1468373431445418
27	47	-2.0541411448081868
27	48	1.1803560147881755
27	49	-1.9559501433473825
27	50	0.08117981877088717
27	51	-0.4702591698612142
27	52	-1.9949955176732732
27	53	-2.410089680835533
27	54	-1.8843889323608387
27	55	-3.7057581013725946
27	56	-0.05405923782600603
27	57	-0.175957871108346
27	58	1.0175522130981356
27	59	-1.5389806630924867
27	60	-2.1852118368805167
27	61	-1.1066668427386608
27	62	0.8130940421454642
27	63	-0.9865135343595184
27	64	-1.2181906690754638
27	65	-0.2527693412698123
27	66	-3.9132981160990528
27	67	-2.390302499769267
27	68	-0.4354672595616686
27	69	-4.198526395505393
28	28	NaN
28	29	1.9132736532271095
28	30	-0.12005189248005134
28	31	2.93956179970832
28	32	0.6115450031854509
28	33	0.41829562678870397
28	34	-0.9733434843201505
28	35	-1.0404383534475021
28	36	0.8415956590107035
28	37	2.0910885785228093
28	38	-1.0815887529593664
28	39	0.07324385203507806
28	40	-2.2046422222940296
28	41	4.233440447306649
28	42	0.6826692637952628
28	43	1.2142655402160099
28	44	0.0692489068708152
28	45	0.37121059068245266
28	46	-0.6792685284773747
28	47	-1.1656727396924897
28	48	-2.9710951246270794
28	49	-0.7725505629034914
28	50	4.175471284474494
28	51	-1.4590120338491308
28	52	-0.42212889360025674
28	53	-1.59934588449334
28	54	-2.1322944530644543
28	55	0.03847643341640828
28	56	-2.0205511625300017
28	57	0.04212558901997118
28	58	-0.7007833434878021
28	59	1.5052905356106356
28	60	-2.2711186330108664
28	61	3.6080491714228677
28	62	-0.04885395068985361
28	63	-2.322328846914013
28	64	3.86677522899355
28	65	2.478387913083905
28	66	-0.2869631099404766
28	67	1.4072795163275196
28	68	0.13777350263530463
28	69	-3.055860464334688
29	29	NaN
29	30	-0.9599550547282697
29	31	-1.1601606893362815
29	32	-0.008535875132078234
29	33	1.3981558122855415
29	34	1.5594415324169184
29	35	-2.5760691617809472
29	36	3.2647578646931477
29	37	0.4982133141957086
29	38	-0.13826795421253513
29	39	1.2836841554658107
29	40	-3.1529650915504632
29	41	2.9920152813889773
29	42	0.009771919843848152
29	43	1.9269546258332644
29	44	0.2934654299872573
29	45	1.2270145182895549
29	46	-0.4988027549239874
29	47	-1.7673266273071633
29	48	-0.21335458494511217
29	49	-1.3480498807432755
29	50	0.6683470352801615
29	51	1.0580418934160902
29	52	-0.5410563745982775
29	53	-3.141095401997914
29	54	-0.34058331712976864
29	55	0.5599414439872095
29	56	-2.035692913858913
29	57	-2.191996972273999
29	58	-1.3849715646258902
29	59	1.1262086978393562
29	60	-1.3253033646626684
29	61	4.0288370130101
29	62	1.0360447875682115
29	63	1.1451691924519478
29	64	2.9208545054906208
29	65	-3.321089386980684
29	66	1.8219802452410032
29	67	2.1620076727995095
29	68	-2.361764499896021
29	69	2.434844996736096
30	30	NaN
30	31	-0.12453787923636561
30	32	2.642526133658182
30	33	-0.7865439506082655
30	34	0.15623214639687602
30	35	-3.4184372025866496
30	36	-1.4823055835691288
30	37	0.2390670540676812
30	38	-0.8701596779764571
30	39	3.36197382490839
30	40	-1.400667081996746
30	41	2.689795053147834
30	42	2.5554742557161174
30	43	-1.965265152523131
30	44	-3.9487624940826818
30	45	0.8029867735502958
30	46	-0.22789142216730254
30	47	-4.624786971004394
30	48	3.7589562211032237
30	49	-2.043596649897668
30	50	2.92746749852771
30	51	1.7093627274571408
30	52	0.6882977365475744
30	53	-3.0373963653302343
30	54	1.3798757378188475
30	55	-3.661855570244223
30	56	-1.9026356075359798
30	57	0.8466813168225202
30	58	-2.5874250021792373
30	59	0.332156870350842
30	60	2.3256882320761316
30	61	3.6385965636680178
30	62	0.15854468655284662
30	63	0.973976909707357
30	64	1.7917502830904142
30	65	-1.8800631661
30	66	-2.0831743279802297
30	67	-2.0797956800820265
30	68	-2.5929989701181437
30	69	-0.6423856419512434
31	31	NaN
31	32	1.3193118844300775
31	33	-0.5624739811827255
31	34	-4.420146339619227
31	35	-4.66326699678431
31	36	-1.2578341570880986
31	37	1.3559953889745207
31	38	-3.2683866682965896
31	39	-1.2462430260807273
31	40	-2.330805276190135
31	41	-2.34502281720051
31	42	5.153070731248643
31	43	-0.532126339975736
31	44	-3.7455750022678327
31	45	0.5049004874421085
31	46	2.264766519150027
31	47	-1.8697313902266988
31	48	2.815065012907017
31	49	0.007890631949844322
31	50	0.10887421728441882
31	51	-2.6974214677253623
31	52	-1.7710664328894343
31	53	-2.782485379358949
31	54	1.4028041016882424
31	55	-1.8776523685149769
31	56	-1.4839574675902083
31	57	-2.5685406588900963
31	58	-0.46433438931514237
31	59	-0.6565109693111714
31	60	4.668127059612878
31	61	-1.2115609842655468
31	62	1.1029872147816153
31	63	-3.824329234501498
31	64	1.7618873774303725
31	65	-1.6109365103401023
31	66	-0.7051756063486714
31	67	1.8707911427660247
31	68	0.3133826464915438
31	69	-4.0586196434027855
32	32	NaN
32	33	-2.1134285287862284
32	34	1.757410766819769
32	35	0.17443026863998068
32	36	1.435761750323138
32	37	-2.2225363974057974
32	38	0.8443184567681393
32	39	-2.234307694947119
32	40	-3.082696172809061
32	41	1.9032624113731111
32	42	0.4613173209176536
32	43	-1.7300690133557277
32	44	1.1695580667112906
32	45	1.1290476656096922
32	46	6.795336664997498
32	47	0.04421793503178706
32	48	0.11099480087177678
32	49	-2.684391646234638
32	50	-1.7923623737574195
32	51	-0.6092996686114579
32	52	-1.8981418442719804
32	53	-3.1978493174468916
32	54	2.88296440450407
32	55	-2.1940334187507515
32	56	-2.421108851099068
32	57	-2.3937887895078083
32	58	-0.16695458420497825
32	59	-2.229204758107694
32	60	2.549601189740669
32	61	0.7704475586692523
32	62	0.5611299384552244
32	63	1.4755721107838302
32	64	0.1053895201697567
32	65	-0.13439047851723088
32	66	-0.6003937758589293
32	67	0.13194574261793326
32	68	2.2637370533192054
32	69	-2.013896849047536
33	33	NaN
33	34	-2.0664080012759287
33	35	0.6617511028457044
33	36	-1.2827264580192894
33	37	-2.3525726153750797
33	38	0.7621152435328893
33	39	-2.182513571439252
33	40	1.5951848534576032
33	41	1.1111847579833332
33	42	-2.300086231348405
33	43	0.5783122404213703
33	44	-1.684676731611637
33	45	1.7559344793556264
33	46	-0.6997239471053431
33	47	-1.049615233254438
33	48	0.2623899125979454
33	49	2.067509594615781
33	50	0.14068545168409352
33	51	1.580778528110168
33	52	2.4768277447065365
33	53	2.4913200888048053
33	54	1.6437487808827818
33	55	0.5790504218868497
33	56	0.7322486720224757
33	57	-0.15720632444510893
33	58	1.5501586705953982
33	59	-2.009733014716582
33	60	1.5898462603199957
33	61	1.033326914220066
33	62	0.4908787623592476
33	63	1.0112604769992204
33	64	-2.0797612688053397
33	65	-1.5836325655894554
33	66	0.20630833823435915
33	67	1.3792507013227848
33	68	-2.849741147611539
33	69	-1.7039401564263588
34	34	NaN
34	35	-0.23855778371986086
34	36	1.601877105637944
34	37	-3.2096258859980096
34	38	-1.7172494337987199
34	39	-1.9869905690259266
34	40	-1.3306146515237502
34	41	3.409618547245137
34	42	-1.6674224979399301
34	43	-1.5741616148568505
34	44	-2.342745290945553
34	45	-2.404366696430043
34	46	-0.613350904129646
34	47	-0.7992668817971175
34	48	-1.6282104318990036
34	49	-0.03723950467138354
34	50	-0.28188309114693477
34	51	2.994433616854505
34	52	-1.9043065707293707
34	53	-1.03789584538959
34	54	-3.093555626596382
34	55	-2.454927039793958
34	56	1.4293010937185975
34	57	-1.7492906663421361
34	58	-1.2238957498257121
34	59	-3.2711565439554366
34	60	-1.484404415062991
34	61	1.0890484986665467
34	62	-1.0576194807633066
34	63	-0.8985558053579489
34	64	0.8631276658057196
34	65	-0.8357268475605827
34	66	-2.283147232157027
34	67	1.6994199881859928
34	68	0.4262877273484752
34	69	-0.9753574870718598
35	35	NaN
35	36	0.6408436292607664
35	37	-0.4895274945935889
35	38	0.21411759046528073
35	39	0.5343381450173754
35	40	2.41705214055429
35	41	-1.7710147964658025
35	42	-0.3480073295157919
35	43	-2.8464165776016905
35	44	0.6344647466234874
35	45	1.069922309860707
35	46	-3.665248035679354
35	47	1.6918528021740362
35	48	-3.1949866792085944
35	49	0.27198092080308595
35	50	-0.20774722597141898
35	51	-0.03857417070624391
35	52	0.47538833184247226
35	53	-0.1308530610423317
35	54	0.5278351393452764
35	55	2.289424240640065
35	56	0.16849551859309797
35	57	4.628712830801044
35	58	-2.4766363124339343
35	59	1.0977309714648367
35	60	-0.5711751371570217
35	61	-3.0632060194240593
35	62	-1.2356741427580566
35	63	1.575999140529868
35	64	-0.799998093893571
35	65	0.22739531081242073
35	66	-1.1119290798074868
35	67	-0.24140186995762164
35	68	-2.1198719779767563
35	69	0.05614176159968426
36	36	NaN
36	37	1.3918296921518776
36	38	0.9761371531926087
36	39	0.7947532612592482
36	40	-1.615167890084249
36	41	-1.3204981994766254
36	42	1.8541330545031103
36	43	-0.25959651249824844
36	44	2.5540638978642747
36	45	-2.8103986577351474
36	46	-0.9403235023255502
36	47	-1.6645064985550286
36	48	3.0653332829927376
36	49	-0.970096106353469
36	50	0.6223502436524465
36	51	-1.3970923713185552
36	52	0.3229420700047203
36	53	-2.512323380744202
36	54	-1.1971055146929583
36	55	-1.5033241595020268
36	56	0.7562280144180027
36	57	0.6686698424502403
36	58	-0.7731207476015209
36	59	-2.4801883152962696
36	60	0.12287516278540837
36	61	0.5493846760183357
36	62	1.2266673843130451
36	63	-0.20605437647704525
36	64	0.879400822667826
36	65	0.788102080944349
36	66	-0.12987396630240136
36	67	-0.3631475393667909
36	68	0.48816447614799446
36	69	0.6957695084050084
37	37	NaN
37	38	2.2505255984518473
37	39	-0.2167416910558583
37	40	1.921375328841975
37	41	-0.5209663557901045
37	42	-0.9854053988548175
37	43	-0.5495510111234448
37	44	0.8276509312590277
37	45	-2.9623008892227842
37	46	-2.088000983018485
37	47	0.10397771940315373
37	48	-1.12041494681577
37	49	0.48869826072030165
37	50	-0.49596998751289556
37	51	-1.8982837065996818
37	52	0.10804659393977391
37	53	0.009821489846690413
37	54	-0.07568966910065134
37	55	-1.9152954767059571
37	56	1.1895750689502897
37	57	0.28966438851836246
37	58	-0.9952900019409885
37	59	0.20395146211787088
37	60	0.18164592638138413
37	61	-1.5857218433471139
37	62	-1.8272169525329724
37	63	0.41090922278076086
37	64	-0.8202441600913518
37	65	-1.4810720074462231
37	66	-0.6491794082929888
37	67	1.6923287092815051
37	68	-1.9439576253461115
37	69	0.02704086736030846
38	38	NaN
38	39	0.36505750565716993
38	40	0.6556158100774033
38	41	0.5671591555023948
38	42	-1.8678827301028311
38	43	19.25441689429584
38	44	-0.14570627882928527
38	45	1.6336281814890647
38	46	0.9736639093420647
38	47	-0.4335490890543198
38	48	1.7975144335996625
38	49	-0.32206274332315543
38	50	3.4131220646223106
38	51	0.05711497533665937
38	52	-0.9063253575202107
38	53	-1.076272113287757
38	54	-0.4415065924458337
38	55	-2.220308434432097
38	56	-2.2415697682895694
38	57	0.8699977672267144
38	58	-3.2462939543524127
38	59	-1.8661802696028111
38	60	2.7031000704086514
38	61	0.13061022010853962
38	62	0.5464971044467513
38	63	1.4387845919836297
38	64	-1.2697817203644668
38	65	-0.16874771458311677
38	66	0.6161386268033846
38	67	-0.7616800221964531
38	68	0.8302325961376268
38	69	-0.9319896308593173
39	39	NaN
39	40	1.4876331824539353
39	41	3.849317632327646
39	42	-1.5169540885144488
39	43	-3.6673262617364304
39	44	-2.502671832832472
39	45	0.24998652312919695
39	46	0.31198979731575194
39	47	-4.218374829959471
39	48	1.030898445846177
39	49	-0.3358886764893996
39	50	-2.0510045372492436
39	51	-0.3704948176537397
39	52	-1.2693070257242058
39	53	-2.8937943972788416
39	54	-3.7405702360599666
39	55	1.8334277332312596
39	56	-0.7568144635534951
39	57	0.7465892030454234
39	58	0.031649158044156314
39	59	-1.9180013444298722
39	60	-0.3891448320471882
39	61	3.1866184624440286
39	62	-1.7032103394836147
39	63	-2.080370863033051
39	64	-1.6086380521306014
39	65	-0.6969333413908768
39	66	-0.61435685213286
39	67	-0.7821684643360852
39	68	0.21464498092704593
39	69	-0.3621584761290669
40	40	NaN
40	41	0.21175552065619457
40	42	-0.7415124427075435
40	43	-0.9613342563361532
40	44	2.8269248880466016
40	45	-2.702516243499553
40	46	-1.291289913223211
40	47	2.2353341465076157
40	48	-3.090070675861134
40	49	2.919185374480649
40	50	-1.8627651149323157
40	51	-1.9662949945827743
40	52	7.334550765915904
40	53	1.8753898960723494
40	54	1.1052812420788034
40	55	2.802807703485923
40	56	3.5332556647563176
40	57	1.1394035548802952
40	58	-3.3940599171331747
40	59	-0.8169522203923519
40	60	-0.8400418436637188
40	61	-1.0311215925453459
40	62	-2.0124003109269224
40	63	-0.8475329578280917
40	64	-1.5431409197072188
40	65	0.21052357054773121
40	66	-0.3801491861574582
40	67	1.0020571424054727
40	68	0.8654624843733597
40	69	0.3147972727130068
41	41	NaN
41	42	3.5920532052574985
41	43	1.011820776985719
41	44	-3.364721061399058
41	45	-2.8907733704665497
41	46	3.4789676697826204
41	47	-2.7499255581932656
41	48	2.1522029004778043
41	49	-0.5453837163920277
41	50	-0.4020178043378114
41	51	0.006581645698034856
41	52	-1.219243703815824
41	53	-2.7570705656879073
41	54	-0.9611309278597975
41	55	-2.7276336069813936
41	56	-3.78029993526313
41	57	-1.770432648204155
41	58	-1.4493169590070234
41	59	-0.0006052469316005075
41	60	0.8970098047753683
41	61	0.8394630984253264
41	62	-0.8822179425750505
41	63	-0.01661065838908008
41	64	-0.693912138657642
41	65	0.41146431050687104
41	66	0.5761854930457977
41	67	0.20174378613589067
41	68	1.7029278302549624
41	69	-0.027978388815781782
42	42	NaN
42	43	2.59352907896738
42	44	-2.592632620579858
42	45	-0.5726187578705005
42	46	0.3290180690370449
42	47	-1.7429854339765598
42	48	0.8342958094938582
42	49	-1.792477317119482
42	50	0.46382295025989684
42	51	0.024239620342821736
42	52	0.8226476120067107
42	53	-2.301229811773194
42	54	0.3238485587070421
42	55	0.5227611359293428
42	56	1.8123430878603275
42	57	-2.1507946398943925
42	58	-0.5018012360859977
42	59	-0.4051071451857086
42	60	0.7077685234306489
42	61	-1.320746565968938
42	62	2.133264228889103
42	63	1.5990752162805282
42	64	0.5335744894090353
42	65	4.945827076762681
42	66	3.0081699240232793
42	67	0.5018485392248753
42	68	-1.8681668578857415
42	69	-2.394449741399505
43	43	NaN
43	44	-1.126972413585548
43	45	2.1407743858548547
43	46	1.773074281687933
43	47	-3.050561391588262
43	48	1.4642020554211483
43	49	-1.2131152144165054
43	50	0.9409227608509143
43	51	-1.8378365018389327
43	52	-3.0817814254750013
43	53	-1.813830488989786
43	54	-0.767489734732704
43	55	-1.3810585187013127
43	56	-1.7159339826476305
43	57	-2.778672809511526
43	58	-0.6748217790823593
43	59	1.0594603411514811
43	60	3.2011076570439476
43	61	0.8692589451397114
43	62	-0.019448039009380615
43	63	1.6993191589276002
43	64	-0.2114101197217408
43	65	1.1373691000097932
43	66	0.41917562914501094
43	67	1.209057613986152
43	68	2.1167473307947904
43	69	-2.764598285976532
44	44	NaN
44	45	-0.8817942037384265
44	46	0.024958554415880442
44	47	2.7880047078186077
44	48	-0.5158965351024437
44	49	2.191836782288104
44	50	2.2835434580280047
44	51	1.0987969236350643
44	52	2.0976397434534366
44	53	0.852691466281653
44	54	1.3969170245217626
44	55	0.33413663354192386
44	56	1.2119163365388668
44	57	-0.8068320921142719
44	58	1.768907877521001
44	59	-0.7425793470763887
44	60	-0.28711785184335276
44	61	1.114721954391673
44	62	1.4203033611691658
44	63	-0.1761221219315347
44	64	-2.0446445047400443
44	65	-1.2446293693747743
44	66	-2.163002153142454
44	67	-4.032327477154222
44	68	-1.0171342526805947
44	69	0.8516852219879097
45	45	NaN
45	46	0.01630835500317769
45	47	-3.089275964108477
45	48	6.7806015369006385
45	49	-1.7751111520905267
45	50	2.0931574405528535
45	51	0.5560341284411899
45	52	-1.9266293530513852
45	53	-5.046377128845727
45	54	0.45767110712551334
45	55	5.86629770342056
45	56	1.7415533876790552
45	57	2.1640082968782606
45	58	3.323567389100195
45	59	-0.5889032972850842
45	60	1.9074004343977893
45	61	1.2715920597459558
45	62	1.7748982438145646
45	63	0.9599283893528461
45	64	-1.5528076404580406
45	65	-0.012377620255609005
45	66	-0.6642379067341754
45	67	-0.6705088331886989
45	68	3.051081779961061
45	69	-1.7135480631474667
46	46	NaN
46	47	-2.9042093706428296
46	48	2.73984528264467
46	49	0.5717769899231229
46	50	5.057484895190354
46	51	-0.4568708368737993
46	52	-0.83920742638802
46	53	-3.2593699862619934
46	54	-0.1537092431954072
46	55	4.329571898743925
46	56	-0.21497619000563423
46	57	1.8400328480583137
46	58	0.20789062263400124
46	59	0.7593950694775039
46	60	-0.36222003968426386
46	61	6.401457090595502
46	62	-0.9888904061937409
46	63	0.841835623173199
46	64	2.8380097242387574
46	65	-1.4427080445727714
46	66	4.480535565718559
46	67	0.07039331878487894
46	68	0.8668895051523354
46	69	-4.600772032113624
47	47	NaN
47	48	-0.03014382878969951
47	49	2.6764630362137
47	50	0.5723721469192699
47	51	-2.272699511774246
47	52	2.171356398106922
47	53	2.6225369098696083
47	54	-1.1661075087271378
47	55	-0.8617134367941653
47	56	3.497713107765947
47	57	1.009506726521109
47	58	19.06757149894665
47	59	-0.2808519411424473
47	60	-2.556457680398275
47	61	-0.2423072026833608
47	62	-0.637025964322288
47	63	0.301140682327058
47	64	0.09854117658046814
47	65	-0.8610854163290574
47	66	0.3899434454033666
47	67	-2.7165067035121457
47	68	-0.4171992117188686
47	69	-1.508817607227352
48	48	NaN
48	49	-0.1795354084647646
48	50	0.7079506655522289
48	51	1.056933255388658
48	52	0.20121355211214367
48	53	-1.556895450426399
48	54	-0.5680732874636719
48	55	-1.0113404743946792
48	56	-1.6031885663627186
48	57	-3.102218180484338
48	58	-0.2129890426144462
48	59	-0.007074468360187738
48	60	3.5819682631078056
48	61	1.196541912039385
48	62	-1.3669569170667784
48	63	-4.786165075065353
48	64	0.7775863721499503
48	65	1.2145156639690082
48	66	-2.2100166654767226
48	67	3.9851927551137467
48	68	-0.47101071975620357
48	69	-2.6709995230884025
49	49	NaN
49	50	-0.34405465499357485
49	51	0.6701136303445911
49	52	3.117110627473767
49	53	1.9030777595676824
49	54	3.6066978247740082
49	55	1.5532918147230792
49	56	2.352419699930815
49	57	3.0421876784387134
49	58	-4.009302893946329
49	59	0.9736192601521123
49	60	-0.7168432556653666
49	61	0.27917719491793697
49	62	-1.5829992297970783
49	63	1.087461045870234
49	64	-0.3153227694734507
49	65	0.8449574719226928
49	66	0.18082464206796825
49	67	-0.5670893796648943
49	68	-2.2477814690364757
49	69	-1.765218449885388
50	50	NaN
50	51	-0.25335694954900345
50	52	-1.973979450379437
50	53	-2.149466012867842
50	54	-0.2685731094321303
50	55	-2.3062399649197705
50	56	-0.6627813230437298
50	57	-2.9963281632336214
50	58	-1.7632028368396229
50	59	-3.388473436639924
50	60	-0.33714701954456683
50	61	-0.2550586100494972
50	62	3.0890066381864987
50	63	1.7339788991374008
50	64	-0.6672268477895434
50	65	-5.623967822883985
50	66	0.5499448559955946
50	67	0.903315419590542
50	68	-0.5495872925631677
50	69	1.3880126416920782
51	51	NaN
51	52	0.6659221144534674
51	53	-2.011207942601981
51	54	0.46370508131803523
51	55	-5.734262311826788
51	56	-1.2704169849249547
51	57	-2.2471083325130103
51	58	-2.1482409560758464
51	59	1.0544562260621406
51	60	-4.450909842439046
51	61	0.47323763956064574
51	62	0.9065444626404023
51	63	-1.2202301370559034
51	64	0.44853896689922396
51	65	-1.198681545569616
51	66	-1.5962332371792163
51	67	22.383735215903503
51	68	0.6965542935111932
51	69	-0.7923391662774031
52	52	NaN
52	53	2.1872781530603946
52	54	1.3025186320116495
52	55	1.8902776036501383
52	56	1.3990325445676108
52	57	2.7556928614170966
52	58	0.7642897843436129
52	59	1.2455897823085977
52	60	-2.163434155674946
52	61	-1.3866239663949071
52	62	-0.8304562731666913
52	63	-0.14338416468155693
52	64	0.296291423037294
52	65	-0.5793053992635546
52	66	1.1569213825809064
52	67	-1.553894851003589
52	68	-2.608246848774432
52	69	0.29739240920970117
53	53	NaN
53	54	2.57265405471448
53	55	2.3179219914222804
53	56	0.5388921487232058
53	57	0.2806536488449726
53	58	-1.1474466286125589
53	59	-2.1125453153765132
53	60	-3.466470042209132
53	61	-3.4073461794693856
53	62	-1.2229343837184041
53	63	0.4733567433167469
53	64	-2.254578067226583
53	65	0.4107898296859117
53	66	0.4632762713905692
53	67	-2.4114237280229553
53	68	1.7705812989818972
53	69	5.346998653559519
54	54	NaN
54	55	1.6301956449380182
54	56	-0.2691932062493692
54	57	-0.7877044894463797
54	58	-0.14231097163743733
54	59	0.3030529728511072
54	60	5.71841924476854
54	61	-1.5711574476979668
54	62	0.8170155686553924
54	63	-1.18720084023782
54	64	-1.8577803865849853
54	65	8.458781038325862
54	66	-0.576208165900116
54	67	7.790456489954246
54	68	-0.1061702361766116
54	69	-2.4377536953779413
55	55	NaN
55	56	2.651018512725991
55	57	4.309217393379557
55	58	-0.5682388378164831
55	59	0.34582299781415327
55	60	-1.535791217523656
55	61	0.29194430678872274
55	62	-0.1829182475800316
55	63	0.4915964715801104
55	64	0.10174724548056933
55	65	0.24902522374254554
55	66	1.4592980788658632
55	67	-3.962134502301695
55	68	-2.623136303194354
55	69	-1.441393957927791
56	56	NaN
56	57	4.404592484663
56	58	-1.4294326098233865
56	59	1.2904774844947486
56	60	1.1414769345841687
56	61	-3.5148752362516857
56	62	-0.12953234636405545
56	63	-0.7466397089100317
56	64	-2.6649514963543557
56	65	0.6514397253888795
56	66	2.6897007023107182
56	67	-1.0810496792386488
56	68	-0.2148398125477876
56	69	-1.3815405325267396
57	57	NaN
57	58	-0.8257818674738713
57	59	1.5947362310791895
57	60	0.16992320833561503
57	61	-2.1035574609029077
57	62	0.8912890608607631
57	63	1.1869684273462773
57	64	0.5809610299870123
57	65	8.455345433834077
57	66	0.6003650675572975
57	67	-4.1225926723155855
57	68	-0.4708038996407926
57	69	-3.408853609624751
58	58	NaN
58	59	1.4097643026739812
58	60	2.9570341845065387
58	61	1.5134105474417276
58	62	1.784954036006877
58	63	0.8650177157676254
58	64	-0.6422017881646941
58	65	-3.527988340686513
58	66	1.5022876817911914
58	67	0.403206183178295
58	68	-0.002015258998183821
58	69	-0.1631137554033019
59	59	NaN
59	60	-0.010220026103007863
59	61	-0.8441521098179509
59	62	-1.7689605625679725
59	63	-0.5274074627610436
59	64	2.2829055374478266
59	65	0.5002500511513733
59	66	-0.1828047310617571
59	67	-2.840966918672287
59	68	0.14755076293668792
59	69	0.7178631460737881
60	60	NaN
60	61	1.332360631444781
60	62	-1.1800316029427778
60	63	0.3134268852534865
60	64	0.1472357074054579
60	65	-1.7914672468307287
60	66	1.911899270899843
60	67	-2.471169222346026
60	68	0.09583737314437672
60	69	-1.6974800188763743
61	61	NaN
61	62	1.3549614196304982
61	63	0.630749359988694
61	64	0.8432186602604473
61	65	-1.1998385989297065
61	66	-0.19242934536971962
61	67	2.6223120360517393
61	68	-1.125696807919211
61	69	-2.3639501090620687
62	62	NaN
62	63	2.5627876834723637
62	64	5.142788697792153
62	65	0.275525927499933
62	66	0.34861325440049046
62	67	0.12696514448485696
62	68	1.023306923914149
62	69	-0.33227620435537175
63	63	NaN
63	64	-0.8846485160317674
63	65	1.0391526632227785
63	66	0.9698649158549715
63	67	-2.5709564898556434
63	68	-0.9565284634879316
63	69	0.5066932773051395
64	64	NaN
64	65	-0.807579718262279
64	66	-1.7915389820684546
64	67	-0.05536298450433302
64	68	-1.5343970674454197
64	69	-0.9519988461250661
65	65	NaN
65	66	1.759153809225941
65	67	-0.33121868052966474
65	68	1.5449653251345887
65	69	-1.5018531342666372
66	66	NaN
66	67	3.3910650391453263
66	68	5.240332463452985
66	69	-3.520254356723895
67	67	NaN
67	68	-0.23183082766090884
67	69	-2.8139016754881574
68	68	NaN
68	69	2.5229278754528845
69	69	NaN
