1	1	NaN
1	2	-0.7870082872278176
1	3	-1.1977418525557957
1	4	-1.8277571409450917
1	5	51.67278618454694
1	6	-4.847973696160765
1	7	-0.3836686615243314
1	8	-1.2885536135974014
1	9	-2.122849733182051
1	10	0.08606294065850373
1	11	-2.6785081213933712
1	12	-0.5177792722958757
1	13	-0.9705362332360831
1	14	0.4336235009066737
1	15	2.509829020877839
1	16	-1.053527977276654
1	17	-1.5480567569939019
1	18	-2.6338286642886786
1	19	-0.7708707095170612
1	20	-3.884483556168707
1	21	-0.7449418184611305
1	22	-0.2977629736590972
1	23	0.7309880282659504
1	24	-4.069641083066223
1	25	-3.009215918918773
1	26	-1.140603733405275
1	27	0.19663261905321067
1	28	-0.5229337159873877
1	29	3.9262201416321876
1	30	-3.597312976423518
1	31	-5.115826741708915
1	32	-4.01157554849054
1	33	1.128539549942979
1	34	5.162388121142288
1	35	-2.1916649158216734
1	36	-2.6830496236489525
1	37	-1.4805778496812434
1	38	-2.6426596867442784
1	39	-1.7073107992261942
1	40	-0.671075492283115
1	41	-5.60832819907701
1	42	-4.7882949558560055
1	43	-0.7549569566269778
1	44	0.07861045150026634
1	45	-1.3243878675021727
1	46	-2.937321664602331
1	47	-0.7599745834360028
1	48	-1.3070688110846551
1	49	-2.209691118033095
1	50	-0.17405469357457834
1	51	-0.459225786247866
1	52	-1.4937779168520469
1	53	0.8052272918058777
1	54	-2.644718509847208
1	55	-2.8008109641803776
1	56	0.4302570384469788
1	57	-1.49390024677951
1	58	34.38602263017164
1	59	-4.318569354934169
1	60	1.61681922766947
1	61	3.920007355062277
1	62	-2.849841898351289
1	63	-4.040477359747987
1	64	-0.6502003811729594
1	65	0.3252659367961121
1	66	-1.9935261046393358
1	67	4.283863733405197
1	68	0.29888806699997766
1	69	-6.9395009477682645
2	2	NaN
2	3	-0.5728658835061755
2	4	1.4995158951951213
2	5	-6.519701574821626
2	6	-0.24910003134903194
2	7	-0.5528488055219476
2	8	-0.7700595513403923
2	9	2.3332360040293962
2	10	-1.0449762765409238
2	11	-3.417818628903074
2	12	0.5707920078495013
2	13	-2.464059237679347
2	14	-2.345251092565084
2	15	-1.2621742478185938
2	16	0.7472278460575099
2	17	-1.0320011870486938
2	18	-0.9464843800696706
2	19	0.34413459116381223
2	20	2.8453126043851134
2	21	-0.5119109262462823
2	22	-0.3051638034632035
2	23	2.1818738527056394
2	24	0.40211598294255224
2	25	0.745384216289596
2	26	-1.0301162128107144
2	27	-0.6194602011391661
2	28	-4.204110423943082
2	29	-0.05425061841011635
2	30	-1.66222686429907
2	31	-1.6773958448741457
2	32	2.5532194952975122
2	33	-3.0540178692636606
2	34	-2.5816313699734637
2	35	1.5971595762513051
2	36	-4.772343157602266
2	37	-0.45158643893174527
2	38	0.39900410802394637
2	39	2.1388653765185306
2	40	-0.2972472989403173
2	41	1.4057255737581789
2	42	-0.5803731295106367
2	43	2.6672594955856117
2	44	0.041109923344226466
2	45	-2.0187964863617043
2	46	15.001191444045615
2	47	-0.7168143750172655
2	48	-3.0712267714154784
2	49	-0.6543629553097394
2	50	2.3020051690149415
2	51	-0.43307501253348113
2	52	0.039006236718442236
2	53	-0.11714457617165015
2	54	-3.051095701712566
2	55	0.2729032521845175
2	56	-1.908359399404674
2	57	0.1835160219780465
2	58	11.054593281968343
2	59	-0.7113733484357553
2	60	-1.7218508429738664
2	61	-0.806504943987047
2	62	-3.6852478401473876
2	63	1.7438844232267454
2	64	4.586334289129393
2	65	1.1127428509012955
2	66	-0.3054974382958877
2	67	1.7423047335324169
2	68	1.007995106426469
2	69	-0.2111716120772024
3	3	NaN
3	4	2.176245775952277
3	5	-0.20134391201889468
3	6	-2.2289784451710872
3	7	0.06091061444189109
3	8	-1.1216548654529501
3	9	-0.30365227385753146
3	10	-1.276410093772882
3	11	-2.6700309713337895
3	12	4.81885744243225
3	13	-2.1001183505785215
3	14	0.6459132050556652
3	15	-3.5279661930389588
3	16	0.05605786501607976
3	17	0.7461278640296581
3	18	0.6672084902932202
3	19	1.7496897725549663
3	20	-1.137252810208404
3	21	-1.7835015309844306
3	22	-0.767138170828433
3	23	-0.5353590407683998
3	24	-3.075285788281221
3	25	1.720558105946308
3	26	2.0909113997936926
3	27	-1.5420404330349389
3	28	1.348349485481847
3	29	-1.131913186745185
3	30	1.9213275310500582
3	31	-1.56799837633349
3	32	3.398513506953196
3	33	0.5377673799314854
3	34	-2.0348697880406714
3	35	0.14361998664223763
3	36	1.6285327971855552
3	37	-3.219213286915858
3	38	-1.1693096269510022
3	39	0.4966051401577031
3	40	0.17901530067905339
3	41	-1.859236587144559
3	42	2.295635867479137
3	43	1.6734950503948796
3	44	-0.13833953266478788
3	45	0.9542615840732496
3	46	-1.0066645533685494
3	47	-0.8064294244577471
3	48	6.107265363732655
3	49	-1.3440739477708061
3	50	1.1490106631150188
3	51	-1.5535438169239209
3	52	0.4376779559827453
3	53	-1.6155439030784449
3	54	-0.7874039067398978
3	55	-0.4446452666576691
3	56	-2.371391599337784
3	57	2.573612977295306
3	58	3.685015090607146
3	59	1.804269515747289
3	60	-0.6615821629777618
3	61	-1.3909462068211975
3	62	-0.19253309712565406
3	63	0.17460631408947336
3	64	1.773395962176211
3	65	-0.572851204569706
3	66	1.338783479855848
3	67	3.00320916320702
3	68	5.488149979404833
3	69	1.269702399962812
4	4	NaN
4	5	5.036517399703927
4	6	0.6595472947682954
4	7	-0.0620997118685912
4	8	-0.34036159662765025
4	9	3.828168900716716
4	10	0.4639522439975831
4	11	0.02029506267145792
4	12	0.7373268405237268
4	13	0.16000705278178887
4	14	-0.1403545212960455
4	15	-0.6674026393762542
4	16	-4.129057189392909
4	17	-1.4672881182809905
4	18	1.6136884752049727
4	19	-2.1532545464048267
4	20	-1.1026610116586963
4	21	1.4811741354213959
4	22	0.6327961717166953
4	23	-0.8991685078203151
4	24	2.8614468233077366
4	25	-4.056933796808513
4	26	-0.0123107244559817
4	27	-1.5235984781395384
4	28	3.0177459921427623
4	29	2.2549589719986964
4	30	-1.3524251486294903
4	31	0.41503115519574213
4	32	1.0989029957451009
4	33	10.191947298594226
4	34	-2.763419418181688
4	35	0.27239999825347433
4	36	-2.0707373310555135
4	37	-0.7692660893996628
4	38	2.1326145928467817
4	39	-2.1492460754630405
4	40	-0.018488062781481643
4	41	-4.469982287971303
4	42	-0.7863461477271666
4	43	-1.0384369850067516
4	44	-1.7522502376266251
4	45	0.5314819608263385
4	46	1.506170958247899
4	47	-1.0582826138500956
4	48	-0.44614527988943914
4	49	-2.2978034372016602
4	50	-2.1842748315159435
4	51	-2.1191204054581987
4	52	1.7280369042599273
4	53	-2.0329703535426757
4	54	-0.343684851234677
4	55	0.1753384061510937
4	56	0.767806381835257
4	57	4.783956835421604
4	58	3.4103885674770917
4	59	2.7772191411696636
4	60	4.149540790423343
4	61	-4.279186742215544
4	62	-4.33591544301037
4	63	-4.4112304060200245
4	64	1.3340215107148172
4	65	1.6210605804719278
4	66	-2.0557393093967544
4	67	-2.510805057722717
4	68	-0.09745935145418264
4	69	-2.7874057803706287
5	5	NaN
5	6	-3.581634168897947
5	7	-2.5106817338225316
5	8	-0.5815905038985818
5	9	-4.041705248056414
5	10	-4.561123601464095
5	11	-0.5672605018632096
5	12	-4.275908248199617
5	13	-4.54088292579052
5	14	-2.3258000404226102
5	15	0.25919867908790967
5	16	0.12825024973388618
5	17	-4.085523927296225
5	18	-1.6476606674593937
5	19	-1.4844041733204691
5	20	-5.009842230263537
5	21	3.4012996048760957
5	22	0.4870792520012943
5	23	-5.270964858906578
5	24	-5.290535164821034
5	25	-1.7092527767219843
5	26	-3.229241742610786
5	27	-2.1102088815992266
5	28	-4.408070985717917
5	29	-2.8131626265286367
5	30	-1.4655362210859835
5	31	-1.9391101509597666
5	32	0.4385491463369329
5	33	-2.366348774980811
5	34	70.28147967530752
5	35	-2.490145865753299
5	36	-2.6830371856676933
5	37	-2.171744968768094
5	38	-1.1325612580633633
5	39	0.45281457426126553
5	40	-0.9083414745954032
5	41	0.30679230272397384
5	42	-2.6442233153128214
5	43	-4.30163691192665
5	44	-3.3090307636216942
5	45	1.1282684682921746
5	46	1.1140113691226887
5	47	1.6577052541046309
5	48	-2.220037599229133
5	49	-2.96299731048758
5	50	-1.7854527008352417
5	51	-0.018916148844338503
5	52	-4.357476812585008
5	53	-1.5237610104623536
5	54	-1.2714450941061104
5	55	-4.431808443065063
5	56	-2.102811100874604
5	57	-0.6466088719696832
5	58	-3.417180125483656
5	59	0.6679986024086585
5	60	-0.675325405479677
5	61	-1.501619461951166
5	62	0.28374368390887467
5	63	1.6340663522809227
5	64	-0.18225978218310324
5	65	-2.671672459938364
5	66	-3.5188262139468094
5	67	-5.951481282475679
5	68	0.6921616798335888
5	69	0.9289738472167194
6	6	NaN
6	7	0.973801715132999
6	8	1.8827262163507572
6	9	5.705916102551821
6	10	3.8979151589368164
6	11	-1.3512992289889436
6	12	0.7895952805221277
6	13	-1.4790023600355413
6	14	0.24742616366340303
6	15	-2.269746001134555
6	16	-0.6526271643640471
6	17	2.2859660572092992
6	18	-0.9578623486319677
6	19	-1.5965508544068028
6	20	2.965460623956628
6	21	-0.7769999016987874
6	22	0.008670053071968338
6	23	-1.7249333559452276
6	24	4.22923363494876
6	25	-1.1846808314058899
6	26	-0.27890009553157524
6	27	3.1063361105755405
6	28	1.5089446219671545
6	29	-0.666211822921248
6	30	-1.3575328623809388
6	31	-0.2619082719085062
6	32	-0.3221142795346804
6	33	0.8458911402417819
6	34	-2.7331379625712433
6	35	2.327172593446744
6	36	-1.8358595465117644
6	37	-0.938349522658795
6	38	2.543635460905453
6	39	0.29926205923697635
6	40	-1.1848504909549473
6	41	0.369538726672751
6	42	-1.1055739342744257
6	43	0.35121284657795937
6	44	-0.6120036681682424
6	45	2.281168464943273
6	46	-2.2370619661093225
6	47	-3.2317677382720964
6	48	-3.0684003858936886
6	49	-0.4596855424705424
6	50	0.7938617950132155
6	51	-1.6227186027795855
6	52	1.3625252179146292
6	53	0.5152292759951868
6	54	1.0311037837262413
6	55	3.5208827298041174
6	56	3.0788604913700817
6	57	-0.1666719063902572
6	58	-1.676862657091722
6	59	-0.6384912418174331
6	60	-1.2699025324904416
6	61	-0.4238885312295423
6	62	-1.5851451379762689
6	63	-1.964230241957101
6	64	0.3599865000868117
6	65	0.08947406108384474
6	66	-1.9465524025129624
6	67	0.7626657841312764
6	68	-0.6155371028806198
6	69	0.31195369368913356
7	7	NaN
7	8	0.8709778028016113
7	9	0.26888575592660247
7	10	1.1703848536527117
7	11	-2.1305397041655616
7	12	0.7325351081547655
7	13	-3.5530179593627134
7	14	-0.10647379953678963
7	15	1.8530977251498044
7	16	1.0588041703841513
7	17	0.7236856982831908
7	18	-0.9093198936216321
7	19	-1.8357694064158843
7	20	-0.3340033337444646
7	21	-0.9182698322889206
7	22	-0.7564992424424681
7	23	-0.5080565948414424
7	24	3.8180576703309606
7	25	-0.028511102166204023
7	26	-0.2911097238107522
7	27	-2.0723306224482876
7	28	-1.8427507601824444
7	29	-0.6898241919057884
7	30	1.4576156428219924
7	31	-0.5097743950765644
7	32	-2.1831664288874513
7	33	0.1981484381162643
7	34	-1.4814857898048217
7	35	-0.6517713217604012
7	36	0.599221790372579
7	37	1.3673549536872356
7	38	-0.27794882097106605
7	39	-2.937662498449861
7	40	-0.8053524010768583
7	41	0.6854262331008693
7	42	-0.923122158794147
7	43	-0.9152304593553096
7	44	-0.3580458643040227
7	45	1.1535149740426651
7	46	-1.7361407383701426
7	47	-0.2802353620036178
7	48	-2.6835748761839375
7	49	-1.167297475404878
7	50	0.8727700990572662
7	51	3.4845712934319413
7	52	0.8035126065843917
7	53	0.07705571523346195
7	54	-0.17657288150064193
7	55	-0.8756240092925659
7	56	1.2485891225207688
7	57	-0.6468587627519627
7	58	7.3449250116984075
7	59	-2.271905674894137
7	60	3.8050728834032714
7	61	2.9666738554659013
7	62	2.807813848326999
7	63	0.12754266958848257
7	64	0.9515275617563226
7	65	-1.3365509001441147
7	66	-1.0318238025722144
7	67	-3.0191985359770763
7	68	0.730070556357328
7	69	-1.612342840405337
8	8	NaN
8	9	0.9966164561913191
8	10	1.6466669789190564
8	11	1.3253994656748738
8	12	-1.8394593976658755
8	13	-2.777558969833058
8	14	-2.591166696108703
8	15	-1.4933551779922034
8	16	-1.5639439736720577
8	17	1.1939100090007928
8	18	0.7230512922389256
8	19	-0.6801308581949401
8	20	0.25802135846664587
8	21	-2.0646229151359536
8	22	-2.3280736466873946
8	23	-1.7942594813007924
8	24	2.1447159097815884
8	25	-0.8806664610462426
8	26	-2.021149588259149
8	27	0.1527449585606845
8	28	-2.9198251641850863
8	29	-2.631218472969802
8	30	-1.741899737717779
8	31	1.0059333768953456
8	32	-0.23369643382662703
8	33	0.8747423222803168
8	34	-2.4374130990974603
8	35	2.1567728614193586
8	36	-1.3980702202134465
8	37	33.71221615334948
8	38	2.010829208543439
8	39	-1.0536326332906294
8	40	0.9134068534672157
8	41	-2.903352582127406
8	42	-4.816077289970847
8	43	2.4590509019998916
8	44	-2.5397478210986946
8	45	0.3456977142248302
8	46	-2.181479359777206
8	47	-1.5193948481912463
8	48	-0.8637994524509661
8	49	0.5367756907238156
8	50	-1.9448009139350906
8	51	-0.48297920369434844
8	52	-0.313710717896682
8	53	12.155689237060603
8	54	1.1895832988177493
8	55	2.3013340762322736
8	56	1.1189039959653497
8	57	-3.2747890328774742
8	58	-1.7548447110533438
8	59	-1.5732024620697156
8	60	-0.33882828567265794
8	61	-2.1859889990443127
8	62	-3.093549558882037
8	63	-2.101742933814929
8	64	0.13517122404658147
8	65	1.5315135222240615
8	66	-2.4956694383259146
8	67	-1.2813628840298645
8	68	-2.7777615040300754
8	69	-1.9685358377717392
9	9	NaN
9	10	0.6751712665206087
9	11	-0.8836198344671634
9	12	-2.927120378865021
9	13	-6.021311726119252
9	14	-1.2662230279395088
9	15	-4.425874095102113
9	16	-1.309284519222142
9	17	0.30966471208427765
9	18	0.89480145280762
9	19	-1.270824682162776
9	20	2.530944849027543
9	21	-0.21884874050543643
9	22	-2.3149539082217365
9	23	-1.7062290472571924
9	24	7.132212340833331
9	25	0.5195417956292463
9	26	1.5078354729356305
9	27	2.985202002536839
9	28	-1.573174500835224
9	29	-0.10517718715241561
9	30	-2.455731289712646
9	31	-1.3978856267312108
9	32	-2.2672215365015718
9	33	1.1294880467464556
9	34	-5.315748763906133
9	35	3.540436594225041
9	36	-3.688510687742921
9	37	0.48657780966402303
9	38	0.42571921664061374
9	39	-2.4564613296614386
9	40	2.5820835651214673
9	41	1.3838157095468844
9	42	-2.988987624388079
9	43	-2.1558427302717598
9	44	0.3655261362823479
9	45	-1.5922107975767812
9	46	-1.0816148272267192
9	47	2.4843653787515745
9	48	4.003187246924953
9	49	2.7016633504168057
9	50	-1.3569833149557702
9	51	0.43584686858044813
9	52	2.8236336740320325
9	53	2.6825215009710877
9	54	-3.506615584942714
9	55	2.433405855908802
9	56	3.1288759179862673
9	57	1.8121745524939006
9	58	0.31683384808418813
9	59	-0.4012527602870777
9	60	0.8996781474118062
9	61	-4.2295694195919005
9	62	-0.7224086885326825
9	63	0.5221010647207713
9	64	-0.2623839058938229
9	65	-2.550242840181075
9	66	-1.887931007994201
9	67	1.6601978846782808
9	68	-1.5411767310065696
9	69	0.7503782767486982
10	10	NaN
10	11	0.4302073325675423
10	12	-1.9322154070697135
10	13	-1.9590794414545258
10	14	-1.0216089919019429
10	15	-1.9306375367522914
10	16	-3.171934184385195
10	17	17.72541689865556
10	18	-2.5713209278720828
10	19	-3.6352911648555875
10	20	1.5918006618747305
10	21	-1.461334743461526
10	22	0.7564811987472998
10	23	-2.812138668353156
10	24	3.0415866227546644
10	25	-3.519296258916462
10	26	-1.025601092436314
10	27	2.466777120997453
10	28	-1.6535426241506073
10	29	-3.0158629915508577
10	30	-2.7184957905200062
10	31	1.2054192290469854
10	32	-2.249818274179276
10	33	-0.3974750716450753
10	34	-3.003621337494053
10	35	1.7814021051034619
10	36	-0.9981363869816219
10	37	4.166819933381934
10	38	1.9487087993508125
10	39	11.8384642882731
10	40	1.0672401255054675
10	41	0.980840154707983
10	42	-0.9085618243340536
10	43	-1.4300292435852293
10	44	0.28261182129438145
10	45	-1.465549374848767
10	46	-0.19928407362773573
10	47	0.44229690989539344
10	48	-2.5791773261686117
10	49	0.06726806826314063
10	50	-2.537684485003916
10	51	-1.7953548662706467
10	52	0.21825739779122483
10	53	8.904941594452232
10	54	0.4176072252090011
10	55	2.276775471343557
10	56	2.804323699934797
10	57	0.20337817880960113
10	58	-3.230227339064215
10	59	-2.6026498743449293
10	60	-3.4807718489030544
10	61	-3.53444818030468
10	62	-0.8381768787948081
10	63	-4.49668156521616
10	64	-1.493276094460552
10	65	-1.2543749182227573
10	66	0.9004042782908471
10	67	-2.1737833995719984
10	68	0.8135750763921198
10	69	-0.961047732667229
11	11	NaN
11	12	1.6897372342396333
11	13	5.063510090763664
11	14	2.085743301120665
11	15	-2.9827467137114057
11	16	-1.214582639683636
11	17	4.565368951289782
11	18	-0.5733858529821834
11	19	0.25969198092230816
11	20	-0.906831619449241
11	21	-0.12040580396784997
11	22	0.6349894100346214
11	23	0.3336069850048657
11	24	1.1424525819453668
11	25	2.1173198157716286
11	26	-3.409103209501762
11	27	-1.0633128113347783
11	28	-0.009819277352778748
11	29	-2.2224902186785136
11	30	4.706852055022464
11	31	-0.604280526450273
11	32	0.7899120138770613
11	33	-0.8187709950081818
11	34	-3.856499625240313
11	35	-0.026344219668256983
11	36	-1.1711391900506944
11	37	-0.11514119820481128
11	38	0.11759823204583215
11	39	-1.9277284185348935
11	40	-0.887421851388311
11	41	9.908128513754399
11	42	4.160776102675876
11	43	-0.08630467722486541
11	44	0.4401926873899639
11	45	-1.4225726833520997
11	46	0.7052014407563919
11	47	-1.7253050227711297
11	48	-1.2990965355546715
11	49	-3.003820533952792
11	50	-3.090272875474681
11	51	2.367414476040123
11	52	0.04720569875585343
11	53	0.3088795552683557
11	54	0.02185899956487516
11	55	-1.102088647097249
11	56	1.6423994986627137
11	57	-3.3382226090979117
11	58	-0.539373495269206
11	59	-0.6766494438240549
11	60	1.358005764290784
11	61	2.0544356431404585
11	62	0.6347993920327547
11	63	-2.7535078889189974
11	64	-0.25190307225508546
11	65	-0.06464097012526814
11	66	1.178356663808299
11	67	-1.4614371901092378
11	68	0.5611352616335241
11	69	0.3623516862799621
12	12	NaN
12	13	-0.2335055154766313
12	14	-0.6377322960152529
12	15	-0.3203168932900681
12	16	3.311424418825811
12	17	-1.4161839899672426
12	18	-0.06136509297856754
12	19	0.201370425716721
12	20	-2.376477356845632
12	21	-1.2326108698222007
12	22	-0.892688813580534
12	23	0.09232514927359499
12	24	-2.2301594268991183
12	25	-2.4559024233202
12	26	-1.4961997251083408
12	27	-1.3437546635552258
12	28	0.2057425239982358
12	29	-1.4176147936546264
12	30	-1.8004648383954596
12	31	-1.6960472394495998
12	32	-0.3930280362643413
12	33	0.7789650267753024
12	34	-2.623924598447976
12	35	-5.19138961775187
12	36	1.5896482768838587
12	37	-0.7329448412433271
12	38	-1.2302793188543375
12	39	32.34269151511446
12	40	-1.4105176261353554
12	41	9.14258622547908
12	42	-1.8646648397525318
12	43	-0.8718334804309291
12	44	-3.848729341125516
12	45	4.552764881413111
12	46	-0.5669676636000426
12	47	-3.3990784864934924
12	48	0.9949148825232205
12	49	-1.5114020512930446
12	50	1.7912615664708238
12	51	0.508702889008817
12	52	-2.4006149181895067
12	53	-0.044493515825456964
12	54	-0.43770117058097574
12	55	-1.8255399122900104
12	56	-2.905851205087899
12	57	-3.103719474709999
12	58	-1.192933133732867
12	59	-0.06440599043383388
12	60	-0.1305303366007665
12	61	-0.8807283328335312
12	62	2.537391191824308
12	63	0.22839779289394538
12	64	-1.1499074527024578
12	65	1.0336095459176298
12	66	-1.822647085897365
12	67	0.7730697910958929
12	68	0.6284833402464973
12	69	0.5750932134620026
13	13	NaN
13	14	2.980656066180547
13	15	1.791113817352899
13	16	0.23106491358967898
13	17	-1.4361147526097384
13	18	7.841432107397072
13	19	0.9959637186398596
13	20	-1.063707055800764
13	21	2.149349953672905
13	22	2.6274322603744955
13	23	1.3672659516052024
13	24	-4.631698760623353
13	25	0.4789899262055239
13	26	-2.3876443476936546
13	27	-0.6544805225479374
13	28	4.748883189075487
13	29	-2.4688501695547123
13	30	-0.3210484748736029
13	31	-3.473440153853977
13	32	3.353546411033093
13	33	-0.06309331458513258
13	34	1.3511476012400057
13	35	-1.436713051037933
13	36	2.825730070878068
13	37	-4.5917075228516
13	38	-0.19064067917057725
13	39	-0.9957798933084494
13	40	-2.30459636331181
13	41	5.985007263784207
13	42	1.6873702308111402
13	43	0.6346566820741679
13	44	3.2907494822341117
13	45	3.0856486440593254
13	46	-0.2522610410591683
13	47	0.15428702334712807
13	48	1.4042640083270836
13	49	-0.08795520514690379
13	50	0.6786120005273887
13	51	1.6615996589821682
13	52	0.35106998616542634
13	53	-0.12343239833614825
13	54	-1.0409310875299915
13	55	-0.25722859981296137
13	56	-0.5389677172207772
13	57	-2.949363053937449
13	58	2.5636576041055066
13	59	-0.16387391993939998
13	60	-1.4892015357200064
13	61	-0.5155999241223375
13	62	1.7924564814668966
13	63	3.3117455190043055
13	64	1.3812409770628202
13	65	0.6765211266416957
13	66	-0.05007275907851379
13	67	0.9960298627642762
13	68	1.3430827516379893
13	69	-2.4017798704518984
14	14	NaN
14	15	1.3595786144661872
14	16	-3.0051743594929454
14	17	-0.4213114463389441
14	18	-0.6540212090762337
14	19	0.635189074078278
14	20	-0.8167832174039407
14	21	-0.8943882585174989
14	22	-1.5163706158351946
14	23	2.4517883211730136
14	24	-0.8866259653137297
14	25	0.04423686002871537
14	26	-0.07276640061171066
14	27	1.5306683797228857
14	28	1.0103029044774174
14	29	-1.162168653875295
14	30	-2.971442543007144
14	31	-0.18009232477664106
14	32	-2.786174024524938
14	33	1.4517634704521583
14	34	-1.2181917354772813
14	35	1.1005598162042267
14	36	1.2353570952115907
14	37	-0.7714287353381326
14	38	-2.054859828712495
14	39	1.2998898011074334
14	40	-1.3315150408518943
14	41	-3.0529089324135867
14	42	-2.178232485769758
14	43	-0.9405491709867898
14	44	3.432475129676042
14	45	4.037853902685793
14	46	0.23294024429550178
14	47	0.3806802901836021
14	48	-0.33560125829602433
14	49	-0.6711348186981915
14	50	-1.602765051754959
14	51	1.2782180052791146
14	52	9.257100484250593
14	53	-0.5899320284211265
14	54	1.626256538811333
14	55	-1.9108056672875047
14	56	0.34626287246015974
14	57	-2.4648542434201595
14	58	-1.118843328964872
14	59	1.1907380689109295
14	60	2.9865978859115123
14	61	1.1143686489964153
14	62	-0.13440195008860764
14	63	-0.15405811720173
14	64	-1.2583127696067502
14	65	-2.0518816889471796
14	66	2.0182397402321075
14	67	2.25158771631876
14	68	0.48118036106055057
14	69	0.0057375268329511505
15	15	NaN
15	16	1.421878761340653
15	17	-2.6013583744447195
15	18	1.496378675346623
15	19	3.345256870495006
15	20	-0.9789936618902537
15	21	0.9645006554950719
15	22	-1.7072276538052014
15	23	0.8586833974356143
15	24	-1.7212405678197116
15	25	0.9858895325390391
15	26	2.8103882256184933
15	27	-1.8817367555943432
15	28	4.580117261669352
15	29	2.4313439397415317
15	30	0.634312465338278
15	31	2.2113289564490994
15	32	2.300898980204667
15	33	-2.1288998890300372
15	34	-1.5320961626700547
15	35	-0.1365090766726945
15	36	-0.07311972074277079
15	37	-1.4978082120150034
15	38	-1.6942841468395684
15	39	-0.3101805833758179
15	40	-0.7607767243192219
15	41	-0.3559243628905206
15	42	3.1687454465076703
15	43	-0.8115898611993835
15	44	0.39403756528051503
15	45	-4.346708588369842
15	46	3.046033888133629
15	47	1.960432659085849
15	48	3.8247161391786
15	49	1.2113494860958796
15	50	0.37018479217065414
15	51	4.1454986289937965
15	52	-0.34708962634951945
15	53	-1.214320177570229
15	54	-1.222083370340966
15	55	1.3973760944995421
15	56	1.4065359818571108
15	57	-1.0380753750680751
15	58	-0.5080850355049894
15	59	-2.8358637092164325
15	60	1.0787709832360401
15	61	-0.37600034764897455
15	62	-2.0931594772784816
15	63	4.118437934368762
15	64	0.6689156707595828
15	65	-3.2320547956860946
15	66	2.7397021038914944
15	67	-2.5319853020310155
15	68	-1.4400605968580045
15	69	1.423467432672786
16	16	NaN
16	17	-0.36912809025712723
16	18	2.658660820335922
16	19	5.288947795167867
16	20	-3.3701667007651706
16	21	1.9642028470296862
16	22	0.3818975513652374
16	23	2.368544414500032
16	24	-1.105460397042947
16	25	-5.346947285474925
16	26	0.8673230487220818
16	27	-2.623587783293081
16	28	0.7648222514418328
16	29	0.20948081832626178
16	30	0.5776626701748471
16	31	-2.0137506721422787
16	32	-0.9971201124943003
16	33	-1.947137191323071
16	34	1.5274189908768643
16	35	-2.9512670499848945
16	36	0.6454226984790263
16	37	0.6631945212112813
16	38	-2.2318891025158933
16	39	-3.7372087097970628
16	40	0.6974937575718475
16	41	-1.1550004779317327
16	42	2.4476719477247797
16	43	5.222471751047659
16	44	-2.0327003983985166
16	45	-1.788590537107906
16	46	-1.5152340441996677
16	47	2.3390000743277644
16	48	-0.03208160911691911
16	49	1.1221865447953818
16	50	2.6310069671497582
16	51	-1.4635377283435613
16	52	-1.200691098372409
16	53	8.67679123172689
16	54	0.1711440108827113
16	55	-2.7739216663819453
16	56	-0.4940407808824156
16	57	0.40522184894299745
16	58	1.3693325478931884
16	59	2.3150810723806075
16	60	-1.6006892899827205
16	61	1.190133283840897
16	62	1.9620308630217729
16	63	1.6077133302831088
16	64	-2.156254837167335
16	65	-0.5992516590279111
16	66	0.969000691533687
16	67	0.6810528578169619
16	68	2.002776862676162
16	69	2.613654497034741
17	17	NaN
17	18	-1.5590524249407207
17	19	-1.0777910502411392
17	20	3.23878138771396
17	21	-4.596303909994826
17	22	-2.8927806337988504
17	23	-1.1266562756727718
17	24	0.6428614105766599
17	25	-2.052848273600482
17	26	-3.754510112019502
17	27	1.7586757375002133
17	28	-2.0820007273692185
17	29	-2.069177061531211
17	30	-1.414770605822398
17	31	1.2215952331893631
17	32	-3.5330381110625773
17	33	-0.3374286154027058
17	34	-0.7112960245955169
17	35	2.8123359180155467
17	36	-1.5227299517179984
17	37	3.5720378869468887
17	38	4.261986658794952
17	39	-1.0885087493508157
17	40	-0.19528551326908553
17	41	0.8931119048609576
17	42	-2.6795963403239393
17	43	-2.341937300815108
17	44	-0.07589685689522223
17	45	-3.1991552137935666
17	46	-0.8556380793465455
17	47	1.8426177672975983
17	48	0.0745773276971199
17	49	1.0080973058974083
17	50	-2.001946761277283
17	51	-1.5258934984786818
17	52	5.65233273915495
17	53	4.044518323610648
17	54	1.4120208672234187
17	55	2.4897301357541797
17	56	4.818490689857717
17	57	-0.7128243088396112
17	58	-0.7438645183061195
17	59	-0.6565140712871281
17	60	-2.097077222738298
17	61	-1.715371725018289
17	62	0.5450898241047802
17	63	-2.5989933612484286
17	64	-0.7368139454279603
17	65	-0.5860629644748354
17	66	-0.2387613937518363
17	67	0.13432660399429996
17	68	-2.8436383696849674
17	69	-1.2788926988576241
18	18	NaN
18	19	0.6047252096326037
18	20	-0.7339328421786655
18	21	-0.046152137274512284
18	22	-0.7701804707004687
18	23	-0.10595069947783313
18	24	-2.8695828998614354
18	25	0.8566241164141868
18	26	-2.94985587224538
18	27	-2.2656919086043885
18	28	1.3323070040035319
18	29	1.7131168555836382
18	30	-0.02119237668058601
18	31	-2.2912590512062705
18	32	0.6727743881992404
18	33	0.4792999041521561
18	34	1.224633952881994
18	35	-0.6189176179845967
18	36	-4.857508217619827
18	37	-0.879541591072781
18	38	2.1216231041635294
18	39	-3.3010205283110614
18	40	-0.7228800100453323
18	41	-0.9307340831726753
18	42	2.3344344319614367
18	43	5.050376200007351
18	44	1.1655378489766695
18	45	4.226098018387079
18	46	-1.1949388127528513
18	47	-0.2823685993638753
18	48	-2.60920332301407
18	49	-0.598786292940267
18	50	0.7656173146446117
18	51	0.005065370607179018
18	52	0.205323095666007
18	53	-1.54962493251864
18	54	-0.048338594887066294
18	55	2.5535418242764205
18	56	-3.7134142779126145
18	57	0.5720299265278374
18	58	0.9255671084280656
18	59	3.933478547422088
18	60	2.192853086773562
18	61	-1.8055754456399447
18	62	0.36077056043388367
18	63	1.2051359766789158
18	64	3.588311232569073
18	65	0.270716838413655
18	66	-0.9358895271120888
18	67	0.22126390875425356
18	68	-1.7619502071537527
18	69	1.031233534031359
19	19	NaN
19	20	1.0446409886005872
19	21	1.9919589811373744
19	22	-0.6453810652584565
19	23	0.3005209366462998
19	24	-1.196970685004493
19	25	-0.0213332609383224
19	26	-2.290254448956165
19	27	-1.6078233889503484
19	28	1.092737676481374
19	29	1.801226737250685
19	30	-2.3785190408898416
19	31	0.8102121798714216
19	32	-1.0965996081815597
19	33	-0.5709301470101962
19	34	-0.6764652110287189
19	35	1.2283896097351388
19	36	-0.5254467128338094
19	37	-0.05101594860081327
19	38	-0.1768030284435604
19	39	-1.6897338440595766
19	40	-2.8819407884751764
19	41	1.8326276185215944
19	42	-0.5363147428211088
19	43	-0.2782977676737811
19	44	0.3188964584495964
19	45	-2.0365597650603795
19	46	0.7115877666134086
19	47	4.059320681966317
19	48	1.1125306220421387
19	49	0.4639261177005965
19	50	-1.3751127859171224
19	51	0.46449576236772105
19	52	-0.658419295221894
19	53	-0.01274444596693716
19	54	-0.02699938102050211
19	55	0.30345512013421255
19	56	-0.8231317959465879
19	57	1.7849578907087718
19	58	4.443161649771037
19	59	1.4685226951085582
19	60	-0.5000294792333951
19	61	2.954480276331396
19	62	-3.155278034373526
19	63	0.09424312765001712
19	64	0.9579553147653023
19	65	2.531419649344621
19	66	0.5366903542503126
19	67	-0.3681045341934796
19	68	-0.3727827707071358
19	69	0.7904819337391035
20	20	NaN
20	21	-0.46235018934514305
20	22	-0.3550059780486956
20	23	-0.8766415092569136
20	24	6.534427236517306
20	25	-0.45496027647181886
20	26	-1.4473593507024174
20	27	1.4176117538821629
20	28	-0.09140333531903537
20	29	-0.7392712957172232
20	30	-3.589942564724071
20	31	-0.44830732309169263
20	32	-1.2885110308493435
20	33	-0.6695612188259377
20	34	-4.377191202099855
20	35	4.096668261675721
20	36	-0.2657800157130807
20	37	1.8018348837031615
20	38	3.5665857710607085
20	39	3.030059482983974
20	40	0.9396842593449806
20	41	-2.381863765747606
20	42	-1.849057201215968
20	43	0.46142121050510115
20	44	-1.0589323895319531
20	45	-0.829328156053265
20	46	-3.3887880509246466
20	47	-0.8641568460083818
20	48	-0.400913482063168
20	49	-0.39395979113439067
20	50	0.9796751052103962
20	51	-2.078286357723764
20	52	2.417727644354815
20	53	6.645869896758451
20	54	-0.9021095105974225
20	55	4.705462417445847
20	56	2.4893034125862314
20	57	-1.2592782554435027
20	58	-3.7614481644227014
20	59	-0.06094663374215661
20	60	-0.20516037236090545
20	61	1.4739911504228136
20	62	1.5477811997320672
20	63	-1.6158434583871386
20	64	-1.276212901064485
20	65	-2.354659543682374
20	66	-0.7571683325571684
20	67	-1.3694796960001157
20	68	1.436960772520817
20	69	0.37302418668916565
21	21	NaN
21	22	5.128101907710526
21	23	-1.3179670068227367
21	24	-0.23131221965211024
21	25	-0.009442668089264618
21	26	1.6027968024873966
21	27	-0.9133224402089283
21	28	-1.1321739790911987
21	29	0.8076435075833206
21	30	-2.6055829394298584
21	31	3.6586812108428113
21	32	0.35998201010483927
21	33	-0.8102055942123872
21	34	2.1676711007292044
21	35	0.6429762632936978
21	36	0.5330883065206261
21	37	-0.6219511006377687
21	38	-2.186334107023993
21	39	-1.6168467386409202
21	40	2.629106825865714
21	41	-0.8261908935947015
21	42	-2.024771771462542
21	43	0.9538247105806269
21	44	0.8380755293204105
21	45	2.7983450779875523
21	46	-1.7248610181311292
21	47	1.563141796771483
21	48	-4.970376346887316
21	49	-1.0179332705060204
21	50	-3.501216621650406
21	51	-0.00616874784775878
21	52	-0.865334685940085
21	53	2.284109569915093
21	54	4.762957570569899
21	55	0.11985758925623746
21	56	-1.4796108617365937
21	57	3.432279064552058
21	58	2.5032355156274613
21	59	1.8647605787450094
21	60	-2.392700312698015
21	61	-0.8646232368738117
21	62	2.046337672421055
21	63	2.0670390359803217
21	64	0.4505700547303492
21	65	-3.7881922567743476
21	66	0.5306395086004237
21	67	-0.2607266327721115
21	68	-1.1268719695124745
21	69	-2.655816905669066
22	22	NaN
22	23	3.345824141947127
22	24	-1.2884875315777542
22	25	2.606756925765704
22	26	1.2398410909913096
22	27	-0.5332289098007055
22	28	-1.0858447091171872
22	29	2.1210083135004063
22	30	-1.3761663507579154
22	31	-1.192793216543117
22	32	3.2117913480998066
22	33	-0.10594221073683825
22	34	-1.4961868144410524
22	35	0.8656705576814753
22	36	1.1720946746616936
22	37	-0.68397065293682
22	38	1.4519426893540157
22	39	-0.4036698722872687
22	40	2.237111374241864
22	41	-0.4412804532714372
22	42	-0.03435366369687723
22	43	1.1737666050726192
22	44	0.04801239139356152
22	45	1.5553795905588654
22	46	2.345555255748523
22	47	0.3256058555212488
22	48	0.06163737727471955
22	49	1.7025510647550184
22	50	-0.23220054732368822
22	51	-0.5467654763513207
22	52	-2.2123369090041978
22	53	0.5246395101040799
22	54	0.9970457841770556
22	55	-1.606813824726621
22	56	-1.1564743423830712
22	57	0.5809626267862807
22	58	2.9755325904716994
22	59	-0.5699339070995335
22	60	1.0850298676120225
22	61	-0.6962452291697896
22	62	-1.478041503522415
22	63	1.4531964799893144
22	64	0.7735902677518229
22	65	-1.020961912387688
22	66	-0.9502126390484991
22	67	0.23093861511623173
22	68	-3.1184175415704334
22	69	-2.3712630894245184
23	23	NaN
23	24	-0.3242989221785469
23	25	2.7675836126684774
23	26	2.37730380134903
23	27	-0.5188313324373129
23	28	0.6551092042662031
23	29	-0.5590697695365313
23	30	2.7683051268225873
23	31	1.3090039613537368
23	32	2.2805694741840683
23	33	0.7339736940852579
23	34	-2.124135683136122
23	35	-0.4660086085218985
23	36	-0.06092603638935568
23	37	-4.331895292594752
23	38	-4.5279586602249005
23	39	-2.055461216900256
23	40	-0.191026925497611
23	41	-3.061130906014319
23	42	3.6686797792022503
23	43	0.19887777862783554
23	44	-2.788008921638317
23	45	-0.9619522887681036
23	46	-2.399710709096742
23	47	-0.928916362354285
23	48	0.6079951954297871
23	49	0.9741468800232878
23	50	4.952107920855036
23	51	0.872341449996568
23	52	-0.06119130898897059
23	53	1.9680609654633578
23	54	1.209468709498311
23	55	2.6495458313843683
23	56	1.1597112525815314
23	57	-2.3312485647221606
23	58	0.3031537943926291
23	59	-0.5560506148329881
23	60	1.45321658062119
23	61	-0.24062556977541685
23	62	3.290367295398059
23	63	-1.3427570644920042
23	64	-0.8815624526540874
23	65	-0.5929979654967704
23	66	2.945418128574076
23	67	2.394597423167112
23	68	-1.1851226780664568
23	69	-0.7847875089869604
24	24	NaN
24	25	-4.068201032945476
24	26	-0.7147243000576567
24	27	3.8235646687595133
24	28	0.0971585395442588
24	29	1.6120445067804599
24	30	-0.9375261081866365
24	31	-0.761701579156164
24	32	1.1502966970848199
24	33	-1.7345407343888655
24	34	-0.3613179604976379
24	35	4.289992805811674
24	36	2.4519366157824742
24	37	2.852347054037839
24	38	2.48313037597195
24	39	-3.2862140530832242
24	40	1.2863533331273913
24	41	0.9628616476536569
24	42	-1.7917883121518856
24	43	-1.3485847048620994
24	44	-0.660401393212231
24	45	-3.656545010203318
24	46	-0.7328706779664504
24	47	0.7711520099725154
24	48	-3.66431614699786
24	49	2.0366010860226864
24	50	-1.4967979632945618
24	51	-4.367738789390474
24	52	4.725518592091158
24	53	2.097976193037709
24	54	-0.8519812952052317
24	55	5.117995995938519
24	56	2.695484240823073
24	57	-0.7052842230551827
24	58	-3.503956163075102
24	59	-2.06184378031487
24	60	-1.8980273202099265
24	61	-0.851060764485514
24	62	-0.8296510420796507
24	63	1.234001215735414
24	64	0.24757873813026782
24	65	-2.9806697733527443
24	66	0.615305884516111
24	67	-1.4371421236778343
24	68	-1.5032783544239754
24	69	-1.4041485460559893
25	25	NaN
25	26	5.352196739972533
25	27	-3.0500464548662687
25	28	6.285923141501397
25	29	1.245189256802833
25	30	2.0572436568528096
25	31	-1.9017767291130854
25	32	0.5744280726589513
25	33	1.1311909044965338
25	34	-1.7875237970310804
25	35	-0.21189093125935698
25	36	0.7771473091938096
25	37	-1.4741634791193805
25	38	1.209473104890704
25	39	2.4732134717761234
25	40	-0.9355635680611337
25	41	-0.6349816988726038
25	42	7.019553952796226
25	43	2.4110923066524337
25	44	-0.6513305520337216
25	45	-0.5912201485973806
25	46	2.5276706424985105
25	47	0.4803237062253745
25	48	1.8190058717771243
25	49	1.9759041957258303
25	50	4.7672160068016485
25	51	1.075240947684161
25	52	-4.007040092757042
25	53	-3.0146160052811948
25	54	0.5910262134252068
25	55	-0.8844744280344439
25	56	-0.8299155582446504
25	57	-1.2537048971466616
25	58	2.874560952731539
25	59	-0.6899147339047167
25	60	-1.6331612245615807
25	61	3.937764433062179
25	62	-1.599731590257886
25	63	2.2931122318068877
25	64	-1.2991497208401261
25	65	-1.6151339689753732
25	66	-1.5636972184127576
25	67	1.6287138866141815
25	68	1.2107067533082705
25	69	-1.5576660392301314
26	26	NaN
26	27	-0.38938410837729415
26	28	-2.1083248796992167
26	29	5.854611514309826
26	30	24.17417085260728
26	31	-2.0186612243712108
26	32	2.339161291941959
26	33	-1.76284909979179
26	34	1.7662075638634875
26	35	-2.3986321381356364
26	36	1.3348092818005743
26	37	0.2688566668655822
26	38	0.30331348722893864
26	39	-2.6872222461506885
26	40	-2.250276029281197
26	41	-0.05911232798535224
26	42	2.1777633423599445
26	43	-1.6363861546861278
26	44	0.8126777486130435
26	45	0.49294372190470304
26	46	2.258945940609069
26	47	-0.1757568272063697
26	48	0.9216162709589039
26	49	-0.9289626795688151
26	50	1.9328635308134325
26	51	-2.170426622448964
26	52	0.0744726163425161
26	53	-3.1017323268366193
26	54	1.4239977730535527
26	55	-1.1546938227664105
26	56	-0.9890946645177429
26	57	2.033155880520533
26	58	0.8239473513129167
26	59	-2.464225009708051
26	60	-3.496418560300148
26	61	-2.1358662985249213
26	62	-0.5705707731092384
26	63	0.556538425448319
26	64	2.1949351767117866
26	65	-0.18512198925681586
26	66	-0.6371305104050703
26	67	-1.6663250172811412
26	68	-3.7797116219046663
26	69	3.8951639087275103
27	27	NaN
27	28	2.000392228890004
27	29	-0.6176183209369257
27	30	-2.7384342574472997
27	31	4.400791670216754
27	32	-0.09201817140107815
27	33	0.1082383217908708
27	34	-1.8519158383835224
27	35	2.9485912707692883
27	36	-0.902145715085103
27	37	0.9515236495716883
27	38	1.7804339006793137
27	39	-2.6841545816660926
27	40	1.2785618420261056
27	41	0.8226521302007335
27	42	-1.4214408092130606
27	43	2.3581751703599676
27	44	-0.8007321787855305
27	45	0.48998024829704345
27	46	-0.6643188147476624
27	47	-0.8878588685544774
27	48	1.0455095230503526
27	49	0.4537405673334581
27	50	-0.08500993147809402
27	51	1.157633428158193
27	52	2.688890242532119
27	53	-0.1382834229881204
27	54	-1.456809189099843
27	55	1.2812191961811061
27	56	1.2292774324131974
27	57	0.08200082741458725
27	58	-2.575115642718661
27	59	-2.144983282117781
27	60	-0.39379768646918056
27	61	1.243306508347418
27	62	-1.0155486486740455
27	63	-1.6705484601338467
27	64	-0.5176139162635383
27	65	-0.6065478254822291
27	66	1.5318424762309355
27	67	-3.710948874081521
27	68	2.5500035894866433
27	69	-2.8318239136773045
28	28	NaN
28	29	3.6319351417602563
28	30	0.9798012767677874
28	31	2.208465416331189
28	32	-2.4765387567912542
28	33	-0.19437720771554984
28	34	-1.506956943288505
28	35	3.1108864843154382
28	36	-2.2726077701777427
28	37	-0.0639407402634624
28	38	-1.4824007315221919
28	39	-1.0170942359050161
28	40	-0.8670551632689166
28	41	-2.363026957208053
28	42	3.3400759061391447
28	43	-1.460561444830433
28	44	0.6714625462254479
28	45	1.0098808225520497
28	46	-5.038412228754966
28	47	-2.857622431162066
28	48	0.9962455911612231
28	49	0.876214600744608
28	50	-3.8287952892385664
28	51	3.5339918736022113
28	52	-0.9433445572042873
28	53	-0.3516096563718372
28	54	0.8259564549290797
28	55	-0.9077631475005984
28	56	-2.381932069808536
28	57	0.2774307950988254
28	58	1.3349711993756386
28	59	1.5795136318518124
28	60	-0.3652421008963369
28	61	0.9065158360791498
28	62	0.887954541212119
28	63	1.3892469335559776
28	64	1.5246047810162748
28	65	0.03668005774786277
28	66	-2.397112124210461
28	67	0.3443121787779632
28	68	2.990799509874576
28	69	-0.9897389420211424
29	29	NaN
29	30	0.7429313907647929
29	31	1.5169248985137556
29	32	1.293742702162157
29	33	-3.60524138091659
29	34	-0.24106378093410089
29	35	2.298450691427333
29	36	3.0267725305349997
29	37	-3.83009015701439
29	38	-1.2750845258318528
29	39	-1.112921252315086
29	40	-1.7596752538465776
29	41	1.1785757172974523
29	42	1.2181927118426774
29	43	-3.444715166526417
29	44	-0.2550383159659468
29	45	1.1710507009482385
29	46	0.8610398244705031
29	47	0.20313213854321474
29	48	4.275218440031569
29	49	2.2119222287612152
29	50	-1.5809314185405265
29	51	-3.921723801779854
29	52	3.259573546887378
29	53	-5.416416624839498
29	54	0.5691117182751783
29	55	-2.1887910601610048
29	56	0.21620348050023222
29	57	0.5674684554812901
29	58	1.4414929634477387
29	59	-1.8502307818963313
29	60	-1.3836902737489647
29	61	-2.9637760364356063
29	62	1.4910290082147277
29	63	1.5099215230315388
29	64	0.09301675124060116
29	65	3.6488048738028613
29	66	0.05493074406949238
29	67	1.4237446636452324
29	68	-2.4203248486097966
29	69	6.419969824337834
30	30	NaN
30	31	-0.08523671284826821
30	32	-0.7414992176553122
30	33	-1.7123536479639734
30	34	0.36975131860199517
30	35	-0.8174258580300624
30	36	3.6567320637252037
30	37	-1.3620033405034628
30	38	1.6582399561322372
30	39	-1.3731156998713294
30	40	0.27411864623757043
30	41	-0.1645028123779619
30	42	1.6046611958208665
30	43	1.6428098661574015
30	44	-2.078468379486701
30	45	-2.0750173089363027
30	46	-0.2137974828226895
30	47	0.5147245506479555
30	48	-0.591582798703044
30	49	1.1133884319786571
30	50	2.9749274689481116
30	51	0.6225301697604441
30	52	-0.19859642307363295
30	53	-2.7416442432661645
30	54	-3.105434824716376
30	55	-0.21337958339313598
30	56	1.1522550517398784
30	57	1.677551649753127
30	58	-2.464575640846863
30	59	3.2068227899273007
30	60	-0.6089960481340663
30	61	2.4541543816755893
30	62	-0.176759815702775
30	63	-1.6806171168758923
30	64	-1.2938762110870439
30	65	1.523901675256603
30	66	2.1550935616706544
30	67	-0.49235160646721243
30	68	-3.062182288245787
30	69	1.3742923258690287
31	31	NaN
31	32	-0.9529381881788974
31	33	0.17466367665901775
31	34	1.0257461651386175
31	35	3.275693254058529
31	36	-1.162661322324646
31	37	0.9144493563065276
31	38	-1.3155782622743712
31	39	-0.27891897495005
31	40	1.1537893113617554
31	41	1.064555471609976
31	42	-1.6575450528204363
31	43	-3.886172072059899
31	44	-1.787039246650024
31	45	-1.6192847624769788
31	46	0.7652499167867682
31	47	1.669514408836326
31	48	0.34324182309337153
31	49	0.6218684407077623
31	50	2.478427223445335
31	51	1.5480084647975925
31	52	-1.435547409678259
31	53	0.22690963869149325
31	54	0.44904586276044584
31	55	2.170638981150637
31	56	1.5233283440244407
31	57	1.7293894433437507
31	58	0.2803797244903641
31	59	3.6975937884321195
31	60	-0.684218705372791
31	61	0.5949869961835086
31	62	-0.13940734550148004
31	63	1.882627630229346
31	64	-3.099899470088172
31	65	-1.78599311068025
31	66	0.9380732270682012
31	67	0.7650820696442964
31	68	1.7741249161386727
31	69	-4.104301983869271
32	32	NaN
32	33	4.125670916350869
32	34	2.592345292104134
32	35	1.1490681915511205
32	36	-0.272194864717753
32	37	-3.052425741427379
32	38	-2.2797501050748994
32	39	-2.3081806450875577
32	40	-2.4684800449185578
32	41	-1.278244565420474
32	42	-1.9933241395672057
32	43	1.175136095920238
32	44	0.9868486826001566
32	45	3.45441255608414
32	46	-0.4181552631352686
32	47	0.28309454732840583
32	48	-0.8272445242613335
32	49	-1.5951781540515206
32	50	6.394953701219574
32	51	2.5925918689157643
32	52	-1.4305547075994056
32	53	-0.7410194591283862
32	54	1.057289868219561
32	55	-0.2537319508536041
32	56	-3.917828611116477
32	57	4.405125349933741
32	58	0.9221108760093272
32	59	1.6550779375592808
32	60	-4.47853507465892
32	61	-0.6799727629848515
32	62	0.774425674578264
32	63	2.3793552971481033
32	64	-2.068613225021518
32	65	-2.051357014750214
32	66	-1.6552693094006037
32	67	-0.4475432165115281
32	68	3.4423569397078535
32	69	3.0724720435307087
33	33	NaN
33	34	-0.4664464532732573
33	35	0.7411293177111966
33	36	-2.886753173758945
33	37	-0.714511647552504
33	38	-2.013541919058622
33	39	-1.5646836999040439
33	40	0.2529941060271811
33	41	-3.045220495599638
33	42	-3.5427518835036462
33	43	1.5228569980454791
33	44	2.5612995743203415
33	45	-0.6270199437868118
33	46	-3.0569652490347936
33	47	1.5553085504227306
33	48	3.293887397199614
33	49	1.4465613072121957
33	50	3.59795955661619
33	51	-0.4390220533236555
33	52	-0.37408003661766936
33	53	-0.12507707822841538
33	54	0.9375603726746431
33	55	-0.6271823519421745
33	56	-2.3517257390118513
33	57	1.3076037110288652
33	58	-0.07305292679662395
33	59	-0.09708969183307724
33	60	2.922156959607126
33	61	-0.35692882471558784
33	62	-0.13860758325814318
33	63	-1.849838871237974
33	64	0.3680705891386885
33	65	3.2059689300731073
33	66	3.7060799514759535
33	67	-2.9108447452772404
33	68	0.4660966291222345
33	69	-0.45654025586902264
34	34	NaN
34	35	-0.8077548324794972
34	36	1.3477976496696447
34	37	-1.5335089612681083
34	38	-1.497415826197003
34	39	-2.5053722063738513
34	40	2.3146440890341786
34	41	-3.102184137763813
34	42	0.3199468039944411
34	43	-3.8221300491741714
34	44	-1.425293677836
34	45	-1.4739707625763634
34	46	-0.8881940315741215
34	47	2.2013374327406834
34	48	-3.7916027397997847
34	49	0.8377764819975606
34	50	0.39221371211400174
34	51	2.259948378321853
34	52	2.297001472035388
34	53	-2.65521241941404
34	54	-1.733458499427426
34	55	-3.727567974951008
34	56	-1.7637833392136248
34	57	-1.6888955112735418
34	58	-1.260212943710051
34	59	-1.0207236131221966
34	60	-4.467261590413545
34	61	0.6029725729211846
34	62	-3.7112724050220356
34	63	-0.9663200766268999
34	64	1.2675597953178657
34	65	0.9634193503370472
34	66	-2.4437202455134046
34	67	-1.3334311486408892
34	68	-4.095556500207329
34	69	0.8948035612017182
35	35	NaN
35	36	-1.093460748741467
35	37	1.5230553360264503
35	38	3.0434313401635356
35	39	-2.1442500929090915
35	40	-0.4948367548352394
35	41	-0.3608519170544233
35	42	-1.6355191486789333
35	43	-1.8992529697180769
35	44	-2.0507837981307944
35	45	1.8793131650364807
35	46	-0.9296591612872326
35	47	-1.1701796024351134
35	48	-2.3763793959212642
35	49	0.4034077518935093
35	50	-1.6216783338910545
35	51	-5.247104858881106
35	52	-0.5718234363398583
35	53	1.1885457208725656
35	54	0.7682395276204994
35	55	2.2043177338905697
35	56	1.9914549890464284
35	57	-2.282644692034524
35	58	-1.555353623604109
35	59	-3.7161143383327997
35	60	-1.3096180956218464
35	61	-3.586039026462424
35	62	1.5561635760215546
35	63	-0.6993256292696955
35	64	0.4227606567118812
35	65	-0.4328624011200993
35	66	-2.0291789820840607
35	67	-0.5265072921053356
35	68	-1.8823412923506573
35	69	-1.6927709865495255
36	36	NaN
36	37	0.3320932390362338
36	38	1.6368612360402268
36	39	3.228670660494219
36	40	0.06516521298764513
36	41	0.4377562803330245
36	42	-3.1215645431587045
36	43	-3.4846935642558425
36	44	-0.7452688934153932
36	45	-4.008400074057989
36	46	0.23968727100451961
36	47	2.5708138505663753
36	48	2.936756121333332
36	49	2.1943759519841777
36	50	1.9747231914273864
36	51	1.716149988775233
36	52	-1.4440068456933937
36	53	0.29980032185475786
36	54	1.9953377487974746
36	55	-3.309766025763832
36	56	-0.8782296767348071
36	57	2.0876163473669673
36	58	-3.6693972176233602
36	59	-0.15322356516253519
36	60	1.4168777863224555
36	61	1.2212483225847994
36	62	4.018336077611791
36	63	5.380628950818124
36	64	-1.5564349193737366
36	65	3.9976477448104677
36	66	-0.3484877534564276
36	67	0.936177291596128
36	68	-0.8717834525349872
36	69	-1.5045916621787456
37	37	NaN
37	38	1.5298420276579983
37	39	-2.075416482101743
37	40	0.2816761250205503
37	41	-1.5035293912644636
37	42	-3.7860503613710326
37	43	-2.1153889749783215
37	44	0.7192978176127234
37	45	-1.7590778140359644
37	46	-0.64933855511874
37	47	-0.15855559606962952
37	48	-0.05094453619111277
37	49	0.807836690734564
37	50	-1.2839100820299985
37	51	-0.9694497477076173
37	52	-0.025696955735511468
37	53	0.260464869831787
37	54	-2.15011417016751
37	55	1.8522169436270122
37	56	3.698358955837981
37	57	-0.7609926781966375
37	58	-4.180788378949621
37	59	-1.5873489198893251
37	60	-2.0990524319429973
37	61	0.9896246119299466
37	62	-0.913195881085825
37	63	-1.7647238837786194
37	64	-0.9104443438516181
37	65	-3.850128992431736
37	66	1.7562237376259473
37	67	0.06439400936433058
37	68	-1.534786708798335
37	69	-2.5934745838623585
38	38	NaN
38	39	-0.058588691438658136
38	40	0.7778399261700476
38	41	0.8489312864317385
38	42	-2.8670300262553714
38	43	0.08947701491907228
38	44	1.417692520323117
38	45	-0.3500814362648324
38	46	-0.49880624938073775
38	47	-3.3623722099745597
38	48	-1.0234248382896378
38	49	-0.25189829769506783
38	50	-1.9955721075955846
38	51	-1.9456196263537928
38	52	2.807893151296973
38	53	1.0300179815002892
38	54	-2.340330875627677
38	55	3.7097762929199902
38	56	1.0216192934957316
38	57	1.0236947586049545
38	58	-4.326707723778138
38	59	0.41902671269177955
38	60	-2.280675967980685
38	61	0.13492227812994861
38	62	-2.708866089017462
38	63	-0.4297578760002657
38	64	-0.6438586032047915
38	65	1.7265062341199047
38	66	-0.8708554352469766
38	67	-2.1407103569536696
38	68	1.8170765048772346
38	69	3.1875047163913477
39	39	NaN
39	40	-1.0533741678816977
39	41	0.7876476274642511
39	42	1.1781086100967564
39	43	6.88777210039071
39	44	-1.0829445882289144
39	45	-0.4463720989973155
39	46	-2.1294849044032653
39	47	-1.965664571313839
39	48	-0.1379882188624498
39	49	-5.074995300129024
39	50	0.9910653088291569
39	51	-0.535615802607044
39	52	-1.8464736760845304
39	53	-1.9749557040633523
39	54	1.197861514857598
39	55	1.2866339674833134
39	56	-1.2436088145096444
39	57	-1.3158697152752854
39	58	-1.1373525096489292
39	59	-0.9768483355332751
39	60	1.004070001417994
39	61	0.7610899500644347
39	62	0.6717769165750124
39	63	0.5821700010231229
39	64	-2.972233323756916
39	65	2.546876868771803
39	66	1.0949073495105448
39	67	-0.4697848654992369
39	68	-0.986405387367693
39	69	-1.9969785059148464
40	40	NaN
40	41	1.0282174305629654
40	42	1.702334882757836
40	43	0.2612602782983883
40	44	1.3107313897051924
40	45	-0.16143223676620738
40	46	-0.8319543119453383
40	47	-1.2949938994722505
40	48	-2.620064061570737
40	49	1.0101161795033542
40	50	0.6200253815267546
40	51	0.3458189741426643
40	52	3.188761692596784
40	53	-1.0229779839657525
40	54	-2.4656243698368705
40	55	-0.7500797610976728
40	56	-0.13819241191925097
40	57	3.5317264215822743
40	58	-2.407496340946022
40	59	-2.972192908400539
40	60	0.7594303525675149
40	61	1.0769473188068168
40	62	2.7141410778283146
40	63	0.9059003799528553
40	64	-0.25579737824350735
40	65	3.239645550026979
40	66	1.4916369124617537
40	67	-0.8031869205338761
40	68	-2.155704440951548
40	69	-2.766217446348664
41	41	NaN
41	42	2.9756744368750536
41	43	-4.028915095614135
41	44	1.4041934814180306
41	45	0.6735139088239257
41	46	-0.9710751040374933
41	47	-1.7439828164041005
41	48	-2.7735000861618913
41	49	-0.838596361986067
41	50	-0.8431609659306426
41	51	-0.750061442716381
41	52	0.7602371643916683
41	53	-1.7025662476955867
41	54	-1.9833076140536738
41	55	0.9016825257813742
41	56	-1.2824524890306535
41	57	0.1288121825800938
41	58	-2.433677389419421
41	59	-0.02474092719488915
41	60	3.6282922988394652
41	61	2.4347194517012247
41	62	1.6264665545217987
41	63	0.5808625695532886
41	64	-1.2435735116407263
41	65	1.5262473898483029
41	66	-1.759269369841758
41	67	2.1330497116545963
41	68	-0.5975581541917141
41	69	3.2057009876715465
42	42	NaN
42	43	4.046029433377541
42	44	0.4458918744411368
42	45	0.8689522219179138
42	46	0.840288822504946
42	47	-1.342957821491234
42	48	-0.911057813364639
42	49	0.315222998654287
42	50	-2.617327793063496
42	51	0.02054543582641025
42	52	-0.08705830354482277
42	53	-0.5154195222713419
42	54	1.8782195670036657
42	55	-0.41191355553145453
42	56	0.4148092049621736
42	57	4.039079934813525
42	58	-6.140804828441539
42	59	-0.0046060324017408
42	60	-0.5730577937008989
42	61	-0.38558239421395274
42	62	0.01009644716374314
42	63	0.6499395362106516
42	64	1.1191317092997553
42	65	0.6303829627493799
42	66	3.4423500659306874
42	67	0.02549808100351771
42	68	2.8155569430661544
42	69	4.5610794520947335
43	43	NaN
43	44	2.063818265523126
43	45	2.322008908312839
43	46	3.7026965735489497
43	47	2.5203846716950284
43	48	1.4735053401269191
43	49	-1.3610668382364361
43	50	0.9428716796770658
43	51	-0.01399085325223188
43	52	-1.9976266200868822
43	53	1.0009946097023783
43	54	-0.8177895782850265
43	55	-3.808829321259807
43	56	-1.5230134056747602
43	57	-2.039243866995134
43	58	1.068516696771049
43	59	-1.533936050749967
43	60	-0.47362145876699024
43	61	3.731536230075673
43	62	-1.3391737302774502
43	63	1.0156387558688234
43	64	-1.086337960034741
43	65	-0.5110933293668318
43	66	0.13257121268856206
43	67	-1.2608690622525085
43	68	1.6028767225824931
43	69	0.9050499312931337
44	44	NaN
44	45	1.6746059592472453
44	46	0.3224117963087341
44	47	-3.189706481484695
44	48	1.0208676358084845
44	49	-2.480851741386646
44	50	6.004138073009034
44	51	-0.28166768793187374
44	52	-3.0348215018589326
44	53	1.3345261355205746
44	54	1.9065907573487955
44	55	1.4660983028603294
44	56	2.03243767084667
44	57	0.27459663973835235
44	58	0.6545265439055062
44	59	1.3451875576704113
44	60	1.6407912185129325
44	61	0.6009107595485882
44	62	-0.7338374683623992
44	63	-0.67161328476865
44	64	-0.6512045330000602
44	65	-0.811203909664347
44	66	-1.0604574185803108
44	67	0.9377701764396601
44	68	-0.9854849382582976
44	69	-0.9946920617526088
45	45	NaN
45	46	-1.1491093339854894
45	47	-0.3803472848396119
45	48	3.0404846736402873
45	49	0.28869305384928307
45	50	-0.7144831685640809
45	51	-1.0275601485217079
45	52	1.811874812864777
45	53	-1.4377652320291603
45	54	-0.1047157074906541
45	55	-3.4730849319027275
45	56	-4.126405638791449
45	57	1.383448082558899
45	58	-0.5146767161661933
45	59	-0.2860922963096849
45	60	2.3368914088392065
45	61	-4.668929560389668
45	62	-1.1533644902897593
45	63	0.33921815392608246
45	64	1.1305388174865865
45	65	4.0753083957819465
45	66	-0.1279729750115175
45	67	4.105358419596766
45	68	3.87764363712881
45	69	0.5362774488109884
46	46	NaN
46	47	2.907853065861405
46	48	1.8449157400561893
46	49	-0.7357369235451456
46	50	0.43831242714012053
46	51	0.5882701960834765
46	52	-0.9831682376473783
46	53	-1.3908216708147942
46	54	0.5471035392035666
46	55	0.18346038100200707
46	56	-2.5651929302225427
46	57	-0.9257385985657586
46	58	-3.7071286406176482
46	59	4.032576975834326
46	60	2.7159952623030046
46	61	-0.7909362066730092
46	62	2.3623563645335786
46	63	-1.3345709667223966
46	64	5.814422251413989
46	65	0.24123685226473154
46	66	-3.8037024259308447
46	67	2.1719262130726564
46	68	0.09565065000112495
46	69	-0.3236788749291136
47	47	NaN
47	48	0.6062389548300291
47	49	0.8914845283941119
47	50	-0.7976445253398745
47	51	0.7575399816446472
47	52	-1.2894674277651565
47	53	-0.1790420602808532
47	54	0.4480597496558214
47	55	0.0068848129739659866
47	56	2.7825836412150413
47	57	-4.423960845268108
47	58	0.18149240151254167
47	59	0.4401579680923999
47	60	0.602902163350456
47	61	1.6003795683750133
47	62	-0.27614950596901694
47	63	-0.4927059690625581
47	64	-3.2141332503290347
47	65	-1.9408363801090607
47	66	2.4532002882848425
47	67	-0.333854079889324
47	68	0.2823647797738399
47	69	1.1737887672347873
48	48	NaN
48	49	1.978028236742302
48	50	0.0015296189213285642
48	51	3.8132423787982543
48	52	1.4969767833744165
48	53	-1.8406531720178287
48	54	-1.8685821272547154
48	55	-2.9832352390885126
48	56	-0.7052592106214763
48	57	0.8292525859926825
48	58	-3.2638553984221406
48	59	0.6994881854060437
48	60	1.7498211150948388
48	61	2.0407457545364887
48	62	0.8722004842436843
48	63	4.10716429883409
48	64	2.7552393675987505
48	65	0.3114291825747504
48	66	0.9081034080583482
48	67	-1.9233534528681
48	68	-0.0038136422041617
48	69	0.5991211121792421
49	49	NaN
49	50	-1.3504811902301637
49	51	0.5957101630052527
49	52	0.8323532868910164
49	53	-1.0738702066006653
49	54	4.679285711323797
49	55	-0.5428289946674155
49	56	2.105773163166832
49	57	-1.0907198618651384
49	58	-2.1187795534703793
49	59	0.5519428303926505
49	60	0.6189128414697795
49	61	-0.7982885524001925
49	62	-0.6281104797739656
49	63	-1.6262750528862133
49	64	-1.3056701420090255
49	65	-0.8376441379230746
49	66	0.45101149089706755
49	67	-0.11437627567403794
49	68	1.4018284351013122
49	69	-0.8997111409178083
50	50	NaN
50	51	-0.09292543758097047
50	52	-2.872530180539748
50	53	-4.933090597357098
50	54	-2.065924036327021
50	55	-2.426926035564481
50	56	-3.7989904367401683
50	57	-0.9776152407715324
50	58	5.179283763272636
50	59	6.822471300847412
50	60	-2.5597917042225387
50	61	1.4554493981243641
50	62	4.185527012249082
50	63	-1.993425771566132
50	64	-0.5315036064495127
50	65	-1.0342175039250578
50	66	-0.24145523135002486
50	67	1.54278894003793
50	68	-1.9517564014901245
50	69	1.3504253909175656
51	51	NaN
51	52	-0.5374266635932398
51	53	-2.5357544500327482
51	54	0.3714324822386676
51	55	-1.1928092066901161
51	56	-1.2283669994829538
51	57	3.8300355580416223
51	58	0.08701455200056998
51	59	3.0500692243331335
51	60	-0.2433021900868531
51	61	1.451730284308985
51	62	0.9100647158955715
51	63	-2.535415773868181
51	64	-0.6166547980610759
51	65	-0.9701958991553736
51	66	3.2312332314326673
51	67	-4.27340786832216
51	68	0.468655263051322
51	69	0.23064881980723526
52	52	NaN
52	53	4.282739741686091
52	54	0.23935739289803754
52	55	1.7897903533749777
52	56	3.3197754378108186
52	57	-1.6636462972476667
52	58	-6.339933940713263
52	59	-2.122518929530121
52	60	-3.1223635502685116
52	61	-3.766372145996992
52	62	-3.0421721243093818
52	63	-2.682448523673011
52	64	-1.2857560854304035
52	65	0.06072785875157732
52	66	-2.54397333290695
52	67	1.0672591476740751
52	68	-3.6189525756449195
52	69	0.882970495641428
53	53	NaN
53	54	-2.5568189624593147
53	55	0.8256886593804501
53	56	-0.7537053765571203
53	57	-2.3964422429239485
53	58	-4.537923041781989
53	59	-2.6897553126257967
53	60	-1.0352991182184395
53	61	-0.5991835938697364
53	62	-2.4407707472700984
53	63	-1.6192667579663533
53	64	2.1775052133995203
53	65	1.5162988545854632
53	66	-0.751544724149786
53	67	-0.4279245289932921
53	68	-2.238439182446728
53	69	-2.43626322867318
54	54	NaN
54	55	1.2012998513658613
54	56	-0.054229554038203044
54	57	-1.6628903756992528
54	58	4.569272160156826
54	59	-2.4534314848617313
54	60	0.9862984594828783
54	61	1.5398747047966101
54	62	-1.5605008860842038
54	63	-0.4957667265786029
54	64	1.6939345601993474
54	65	-2.15107917865198
54	66	-0.5113483065174751
54	67	2.196807959711709
54	68	0.3109805605737243
54	69	2.0325109925885116
55	55	NaN
55	56	2.1563186665403826
55	57	-0.6111496140163598
55	58	-3.8615197957505227
55	59	-1.6858427835497019
55	60	-2.3669612721197444
55	61	0.20044264242659807
55	62	0.5144262523545406
55	63	-2.570742396869532
55	64	-0.34511922951932134
55	65	-3.2259920195034026
55	66	5.126721887532125
55	67	-2.0490428339195823
55	68	1.1220834315489514
55	69	0.17363670692274405
56	56	NaN
56	57	-2.0794639484133883
56	58	-4.297609576830673
56	59	0.31089632793691585
56	60	-1.3759223918425825
56	61	0.3931288766232009
56	62	-1.586596813266695
56	63	-1.8248091012002807
56	64	1.592351719370325
56	65	1.7409178339144804
56	66	0.128403108598145
56	67	-0.2199987159125411
56	68	0.07886514571488831
56	69	-2.4762312851407002
57	57	NaN
57	58	2.57031368956442
57	59	1.7228672658192061
57	60	1.3129791067827263
57	61	1.7677178152942166
57	62	-3.7217585296286266
57	63	-0.8498947873162541
57	64	-2.7926955731746586
57	65	0.5369037484680752
57	66	0.7905248122850059
57	67	0.597355879339126
57	68	3.8969176588901515
57	69	1.768654775743709
58	58	NaN
58	59	-1.0172085156834998
58	60	-2.774781485560085
58	61	-0.8652359675852898
58	62	2.9755542548512843
58	63	2.373587380993551
58	64	-3.4036338450249426
58	65	1.5774382374998133
58	66	-3.213395571330076
58	67	0.8485705852366474
58	68	-3.7085241679270844
58	69	1.1327514320645695
59	59	NaN
59	60	3.048834316662811
59	61	0.8813161591494094
59	62	0.8952883919054383
59	63	0.18229230402062913
59	64	2.941383175288246
59	65	-0.9941639488470363
59	66	-0.7474925463534159
59	67	3.559936489311144
59	68	-2.524853690991623
59	69	1.4219687220115504
60	60	NaN
60	61	-0.6878599965690413
60	62	-1.5250591252132593
60	63	0.6917592926350328
60	64	-2.3972466099000185
60	65	1.5533320044790846
60	66	5.022412335584967
60	67	4.257575334405227
60	68	3.0898844212723144
60	69	1.7821658692010884
61	61	NaN
61	62	3.1781679084138164
61	63	1.918627774110112
61	64	-3.474369224997701
61	65	-2.5623651879183895
61	66	0.07621694581665218
61	67	-1.5713874127490368
61	68	2.5743620852157973
61	69	-0.6335823268327827
62	62	NaN
62	63	2.3614345804915744
62	64	3.0595770690464645
62	65	0.752380157615927
62	66	-0.053951539611373105
62	67	-0.5957193794548112
62	68	3.071931470677455
62	69	0.538623563518434
63	63	NaN
63	64	-0.6483323009338559
63	65	6.123207036609291
63	66	-1.2115998970687565
63	67	2.48854610119797
63	68	2.0905636880074008
63	69	2.386034238438098
64	64	NaN
64	65	0.9612962717415849
64	66	0.6996847622848787
64	67	0.7829393132617699
64	68	-0.4358291392821252
64	69	0.30469773634185376
65	65	NaN
65	66	0.1271769302880031
65	67	4.503993430974347
65	68	-0.030959474741774542
65	69	0.36490237117056235
66	66	NaN
66	67	0.24976928134807952
66	68	-0.3431217284939782
66	69	-1.6414006368418734
67	67	NaN
67	68	-0.8231689054341804
67	69	1.9655743563833952
68	68	NaN
68	69	4.417290335741974
69	69	NaN
