1	1	NaN
1	2	-4.303154196839956
1	3	0.9820352526000753
1	4	0.6167873705915545
1	5	2.1966389840487897
1	6	0.6050375209194981
1	7	5.498800829150537
1	8	0.9381674329570947
1	9	2.225389804841942
1	10	1.592969171468949
1	11	0.850431085353758
1	12	-3.4082423046338373
1	13	-1.5798722779498862
1	14	0.5967113368463708
1	15	0.8466192827350207
1	16	0.26226909669137216
1	17	0.04788770207993452
1	18	-1.3292428014318647
1	19	-2.986786782612169
1	20	2.2031292006637346
1	21	-0.7596368975705597
1	22	-1.5600663446446354
1	23	-3.2842224045965436
1	24	2.2038048085506863
1	25	-0.8510446108961328
1	26	-0.7963174521354626
1	27	0.6981053925191537
1	28	-3.1271822489520087
1	29	-2.8096145250398408
1	30	-2.535492836410488
1	31	-3.6189458498376177
1	32	-1.8670145227146435
1	33	3.2384783509546065
1	34	-1.6230778735055311
1	35	0.31807757880655424
1	36	3.380843210696697
1	37	-2.1969307404539107
1	38	0.14018448071594702
1	39	-0.5895810931122473
1	40	0.7327017661700824
1	41	-1.4655985701231589
1	42	-0.8462283607415932
1	43	-1.5565361984348156
1	44	-1.3201644633039014
1	45	-1.7122989589496236
1	46	2.5916204301382337
1	47	2.783108154196801
1	48	0.8383227896398292
1	49	2.1853658594854273
1	50	0.46861663777714974
1	51	-2.9001060993772745
1	52	0.21600954143741063
1	53	1.0658155717159061
1	54	-0.15269727475216455
1	55	3.0366885605240257
1	56	2.8078177959033863
1	57	4.726544472446985
1	58	-0.06241298328534356
1	59	-0.09823777575136926
1	60	-2.9340144547584375
1	61	-0.8449811546784348
1	62	0.7345613660076329
1	63	0.22406137184970615
1	64	1.806010315768218
1	65	2.286567291590307
1	66	0.9057706063382096
1	67	-3.4545778982193416
1	68	-0.35377605002912754
1	69	-2.3381735001607726
2	2	NaN
2	3	4.697066094017195
2	4	-1.942007473715903
2	5	0.39142625860860475
2	6	-1.3442508326356335
2	7	1.3938416271165186
2	8	-2.1879145945985936
2	9	0.7857839753108585
2	10	-1.1507846000552442
2	11	-1.9575446960298142
2	12	2.473229993800259
2	13	1.1136214397759026
2	14	3.1761632884873126
2	15	0.8355260677812604
2	16	-0.7336692770069716
2	17	-1.7511866373723672
2	18	-1.0814845076789108
2	19	-2.901041129006418
2	20	-0.3616212037715424
2	21	-2.324322505704087
2	22	1.068443313043417
2	23	3.527167051006974
2	24	0.014296509551361464
2	25	1.7699610592836958
2	26	-1.3958893215420833
2	27	2.0517986007945277
2	28	1.95923192226584
2	29	0.13661184795047923
2	30	-0.7206091928905592
2	31	-1.4662766139143206
2	32	-0.799189771062009
2	33	-1.1652942642757866
2	34	-3.4244759958099187
2	35	1.3043595175453389
2	36	3.5676750602250693
2	37	0.16572968383917758
2	38	0.709091318303285
2	39	1.9049348332751384
2	40	-1.4377092399669913
2	41	1.3025770787851776
2	42	2.534631588321105
2	43	-3.910079609540105
2	44	-0.3441794926062767
2	45	1.754561098333649
2	46	1.225994701746115
2	47	-0.8415883263957762
2	48	1.0505238266843901
2	49	-2.6852682739624796
2	50	-3.117962124453862
2	51	2.0502230970009507
2	52	-2.540072839094141
2	53	-2.400760459167839
2	54	-0.009572866515908024
2	55	-1.6623599432069835
2	56	-1.3494612818111391
2	57	-1.7574142794349732
2	58	1.9975261184492834
2	59	-0.1774150509858701
2	60	1.36572668432004
2	61	0.6629233794526376
2	62	2.484862003368849
2	63	-1.3695039063456071
2	64	0.8854285097703004
2	65	0.8456913477552817
2	66	1.4497931752917823
2	67	1.23264967830539
2	68	-0.8303620470271059
2	69	1.3263617965877683
3	3	NaN
3	4	0.20077671376823325
3	5	1.675254711088629
3	6	-2.0669206171063674
3	7	3.4043650188313213
3	8	-1.9130961828019362
3	9	-2.1083326855346987
3	10	-0.000988786321045716
3	11	1.720043724558612
3	12	-1.1408109010993501
3	13	1.3495823657962331
3	14	-0.591465084827798
3	15	3.730735020911662
3	16	0.674436533495137
3	17	0.8429431950557181
3	18	-1.013619059877428
3	19	0.5296705349679178
3	20	-2.063939195814371
3	21	-0.9869476518313214
3	22	-0.1891192890805674
3	23	2.479348733806269
3	24	-1.3883480592487225
3	25	3.3268263226273547
3	26	2.4120001563846145
3	27	-1.3688764306122412
3	28	-0.045227294726375336
3	29	1.4266470833555633
3	30	1.486376039652499
3	31	-3.208301643779591
3	32	3.7432970591921926
3	33	0.43555497717907443
3	34	-2.7972089238164206
3	35	-2.3587272021926244
3	36	0.12684628760031313
3	37	-1.179173889196297
3	38	0.7248379515175286
3	39	-3.8339113983713493
3	40	-1.056769128384603
3	41	1.9567234930898407
3	42	-0.2834606031463082
3	43	-1.797949547507903
3	44	-2.042324126317742
3	45	-1.4257718705455094
3	46	-0.9260848389512849
3	47	-3.1148604873504397
3	48	2.599962563416013
3	49	-3.437824043941679
3	50	2.959854628361017
3	51	2.1920945628407664
3	52	-2.8951525422433564
3	53	-0.5811344921704081
3	54	0.018287784213575742
3	55	1.053394386861754
3	56	-0.431024604625251
3	57	-2.980754064481382
3	58	1.25591908586829
3	59	0.4460813888371088
3	60	-1.3189961366777827
3	61	1.0274553176438137
3	62	2.6585866635465507
3	63	-2.7783492171285844
3	64	-0.05865265588253905
3	65	0.3256683691868251
3	66	4.822266519137449
3	67	-0.9357864288578192
3	68	3.6004001270981227
3	69	-0.16648986246214742
4	4	NaN
4	5	1.3752613554642252
4	6	3.703213554111561
4	7	-0.635117313403632
4	8	-0.8152962139285721
4	9	2.0021311420104073
4	10	-0.028886191648418724
4	11	-1.6506970351855916
4	12	-0.9995833102553912
4	13	2.0131817418522484
4	14	0.4872958608835786
4	15	-2.774327818255642
4	16	0.23381630019365746
4	17	2.8265637393789835
4	18	-0.07605668917274541
4	19	-0.20812598519514278
4	20	-1.4860470633733949
4	21	-0.290178452230535
4	22	-1.5741701817303586
4	23	0.41484003838863703
4	24	-0.4876559490293105
4	25	-1.9539374520389212
4	26	-0.43496420577650863
4	27	-0.04763981054231523
4	28	0.9610783398366152
4	29	0.03073145189481728
4	30	-0.6114804987753165
4	31	-2.7121557227918323
4	32	-2.831635070225507
4	33	4.317658123627185
4	34	0.13944520341596006
4	35	1.6071337512385964
4	36	-2.774133955861888
4	37	-0.2718472898133541
4	38	-1.1640226307886072
4	39	-1.9703767766926317
4	40	3.0820806803512255
4	41	0.8226692517855059
4	42	0.4505185322354828
4	43	-0.3811324475834549
4	44	-0.3585690951144093
4	45	-1.7527749323912472
4	46	-4.238324372321287
4	47	0.7149123638187902
4	48	-2.027657631491199
4	49	1.415988514372207
4	50	-0.5083975310841821
4	51	-1.0617365191016774
4	52	3.604311750893338
4	53	0.8918005319241373
4	54	0.5504323394686015
4	55	2.361751253137052
4	56	2.3787919350657116
4	57	0.5034723349583461
4	58	-0.6234952812986926
4	59	0.6385972613703063
4	60	-1.3864278453583305
4	61	0.7852132030456423
4	62	-1.6022206233180911
4	63	0.7601758196371201
4	64	0.21517814254478757
4	65	-0.4171271175852037
4	66	1.5007335451092227
4	67	-3.2545494192622946
4	68	0.3281322214932782
4	69	-0.8323922394345918
5	5	NaN
5	6	-1.858654751970127
5	7	4.774180343962828
5	8	-2.9298569255420337
5	9	-5.222649795303598
5	10	-2.513806532913897
5	11	-1.2707608255702143
5	12	-2.07610973383807
5	13	-0.09937703526289969
5	14	-4.953831760096865
5	15	-1.3022697537302463
5	16	1.1622584546966843
5	17	-3.033493153969181
5	18	-2.323013511703332
5	19	-1.5670572623081533
5	20	0.09502287970793
5	21	0.47217973415298614
5	22	0.3697255312125886
5	23	-2.1247680959043738
5	24	-1.1593749767327968
5	25	2.027703184432501
5	26	-2.277422240607042
5	27	0.028416016203103737
5	28	0.9521304453412938
5	29	-1.6610252653472342
5	30	-2.656233765790956
5	31	0.1098560830743626
5	32	-1.8815978057987595
5	33	-3.1254681283915233
5	34	60.60107275256211
5	35	-0.2935020349042116
5	36	2.5527052057542736
5	37	-2.9811350336273246
5	38	0.7858637402567025
5	39	1.8410247000944138
5	40	-2.4037253257020925
5	41	0.7497810970101753
5	42	0.2644734146771793
5	43	1.613506058098097
5	44	0.031187003157567464
5	45	0.6525066118507722
5	46	-2.89855020358149
5	47	-0.30990587776716405
5	48	-0.09209869959853198
5	49	-1.5386959666900295
5	50	-1.722202397432533
5	51	0.729381709810604
5	52	-2.461377793658942
5	53	-4.419846635458617
5	54	-0.673197920568775
5	55	-1.1428028807462225
5	56	-3.3315815887240463
5	57	-3.0764555118845873
5	58	-0.9841105291498471
5	59	-0.7845372977774572
5	60	0.14494731210723807
5	61	-3.3190834782122574
5	62	-0.3139193242334165
5	63	-4.699184909621565
5	64	0.10063599365124395
5	65	0.3184266914571521
5	66	-0.33120490294549915
5	67	0.21344097319815689
5	68	0.5719056813779978
5	69	-2.1022768716795834
6	6	NaN
6	7	-0.32604775599393765
6	8	0.1905126700446978
6	9	2.2801407772913853
6	10	1.2272809159081384
6	11	-0.8113630249749544
6	12	0.3609073175129555
6	13	-1.8481964414553658
6	14	-1.5397266038243012
6	15	-2.548557298300586
6	16	0.5616641336402706
6	17	2.4426289733673596
6	18	0.21841968892505087
6	19	-2.69965728904726
6	20	3.5848047391403837
6	21	-2.8238445162805643
6	22	1.2310766937871727
6	23	-0.8248762180923553
6	24	1.5824054337088853
6	25	-1.8013646243967105
6	26	-0.025518705602920782
6	27	-1.9762522034245484
6	28	-0.945443995092921
6	29	-0.6489637751100916
6	30	-0.052994070239492465
6	31	-2.64642290944957
6	32	-1.1129946189838673
6	33	0.8271506630896566
6	34	-1.352924338102576
6	35	2.228369070719533
6	36	-0.3189731511537463
6	37	1.221892604285822
6	38	0.6411732743877546
6	39	0.4880038473362281
6	40	2.695558535634026
6	41	-2.631275026803897
6	42	-1.6850876799679644
6	43	-2.788630261370528
6	44	1.4255912155854333
6	45	-0.6540407192723097
6	46	-2.0717074620344316
6	47	0.8681744361806013
6	48	-2.6167213947612407
6	49	3.17232944811117
6	50	-2.069639879113946
6	51	-2.932508196112948
6	52	2.487460248761598
6	53	2.3186853737342177
6	54	0.7315471225528981
6	55	0.7130294932445658
6	56	2.038869796796605
6	57	1.408057895421264
6	58	0.5857952797863346
6	59	2.9982969808218596
6	60	-0.534202600780814
6	61	-0.7023406783349578
6	62	-0.2187420853815702
6	63	1.976986415562164
6	64	-0.5792917567656956
6	65	1.151901561808717
6	66	-0.5982962905357933
6	67	-3.08751605452113
6	68	-0.7470153104700148
6	69	1.822980634893212
7	7	NaN
7	8	-1.88584104418035
7	9	-1.834360018842541
7	10	-0.8042179140718156
7	11	1.22304949356259
7	12	-1.5032606074734556
7	13	0.3806364062718481
7	14	-0.5249509548773764
7	15	-1.1358114965538955
7	16	-0.18531819010274678
7	17	-2.4665641438940797
7	18	4.224311265430518
7	19	1.1735140282891312
7	20	-0.4425790191925099
7	21	-2.2433554524969663
7	22	-3.2306273488507404
7	23	1.3760431308653
7	24	0.43468263606806595
7	25	-0.7478125194239037
7	26	-0.7053819046990144
7	27	0.4753167718591961
7	28	-0.5184644288987167
7	29	1.7036003303404956
7	30	-2.9243030455488133
7	31	-2.8038774088808536
7	32	0.4510634295268969
7	33	-0.6534998193322858
7	34	-0.18184825150972747
7	35	-1.2428173824183673
7	36	5.419552902758968
7	37	-0.6526376569828276
7	38	3.289741885853422
7	39	-5.727434062047005
7	40	-2.305699004010311
7	41	0.8643983702923053
7	42	2.9735554127335573
7	43	0.498864123488398
7	44	-0.09959264693142383
7	45	-4.83426622704986
7	46	2.235105610469366
7	47	20.682825977902425
7	48	-1.5593454808164615
7	49	-2.9261356109006513
7	50	0.6859762133093382
7	51	-2.5984230185810984
7	52	-0.7055497719721701
7	53	-3.2579063146579927
7	54	0.20624509810657018
7	55	-3.3822472706357756
7	56	0.2595601139831804
7	57	0.05423893886825169
7	58	-0.604048837418947
7	59	1.209835767357706
7	60	-4.146701573824851
7	61	1.917241342800372
7	62	1.5396829713072389
7	63	0.47656757452273574
7	64	1.6695166996590918
7	65	-0.5123485290360709
7	66	-1.0015266417141924
7	67	-0.24212155413130831
7	68	-0.4542024901155765
7	69	-0.879167432363463
8	8	NaN
8	9	2.7881672141659237
8	10	1.5607370006827372
8	11	0.9106521917586821
8	12	-2.22057693581343
8	13	-1.2236246763577128
8	14	0.0017327650945930784
8	15	-3.908995041072846
8	16	1.6722371249043728
8	17	1.937444600813145
8	18	-1.365475694500004
8	19	-3.065528771262225
8	20	-0.3212704720053394
8	21	2.386563487122392
8	22	-3.2719002456045017
8	23	-2.528290284222481
8	24	0.6786209703760181
8	25	-0.6021771949113099
8	26	-0.18445535577294464
8	27	-1.439724242371545
8	28	-0.9915592160750043
8	29	-1.2337930009943823
8	30	0.15455416783971876
8	31	0.8085473080865895
8	32	-2.958257891913221
8	33	1.020263509072048
8	34	-1.8366175187029348
8	35	0.027760120584523873
8	36	1.049397959535511
8	37	24.52201636884444
8	38	-1.3774436277236826
8	39	-0.4235492338516717
8	40	-0.03364527726210119
8	41	-1.5274130301151942
8	42	-0.6421427189765972
8	43	0.29269014563208806
8	44	0.5934949894652478
8	45	-1.3827906916785964
8	46	-1.9188560413858498
8	47	-1.3267544414897332
8	48	-1.5889236688633464
8	49	0.5573488181933367
8	50	-2.461744283099978
8	51	-2.2043532481304915
8	52	-0.6515792152303675
8	53	21.65295030521737
8	54	2.801666091349934
8	55	-1.0794666420726997
8	56	-0.2856638952921582
8	57	2.8213680317075887
8	58	-1.5771144764078833
8	59	-2.0602089031246686
8	60	0.9600695488743061
8	61	-2.024144782988921
8	62	-1.780505594953354
8	63	-0.8493488283801223
8	64	-1.7018348548558926
8	65	0.9506656484137813
8	66	-1.8186740931694503
8	67	-2.952674189733268
8	68	-1.4945244077532653
8	69	-3.1431925434353127
9	9	NaN
9	10	3.4747149383422857
9	11	-1.1330888924020956
9	12	0.6493388552802561
9	13	-1.5593493140481345
9	14	-0.808407500875847
9	15	1.9645098047622045
9	16	0.2699864718002384
9	17	3.644307923893597
9	18	-1.5048278638384887
9	19	-2.0437371342065864
9	20	2.94006416772832
9	21	-1.3819076092578644
9	22	-0.9179580136342523
9	23	-0.9878458057908485
9	24	0.7766430922612348
9	25	-0.5348508135153898
9	26	-2.4179687223723003
9	27	-1.6077555677721962
9	28	-3.5999473519628196
9	29	-2.0592073808831444
9	30	1.3638178901344844
9	31	0.5834525724403813
9	32	-2.606016710983037
9	33	1.7814521016937357
9	34	-1.3668697651232153
9	35	0.9499341168058495
9	36	-2.2541037773965646
9	37	-0.45691316825256306
9	38	3.0695062824965644
9	39	0.7918960254556425
9	40	3.470300243287994
9	41	-0.8966042613658406
9	42	-1.05793211086755
9	43	-3.9407687275689107
9	44	-1.1907633364657586
9	45	-1.800489223995231
9	46	-2.7203032038114587
9	47	1.131185152013067
9	48	-0.5538998506201431
9	49	2.614552707463696
9	50	-3.2672882171665645
9	51	1.217252992133733
9	52	2.5080818671585607
9	53	0.35465157202593234
9	54	1.3393357981406375
9	55	5.064313786045897
9	56	1.7950668303067907
9	57	5.9834938299425655
9	58	-3.559651254194622
9	59	-0.6105752267646951
9	60	0.9032592164601316
9	61	-1.9700090728755189
9	62	-1.0363689306302222
9	63	-0.19751304913948334
9	64	-3.0832973817029066
9	65	0.36860664362405343
9	66	3.020333063943641
9	67	-2.9340347713108885
9	68	-0.0584307583804202
9	69	-1.5091488959973896
10	10	NaN
10	11	0.5108821369602261
10	12	0.780683814364504
10	13	-1.0877427985438908
10	14	-0.6094152832443427
10	15	-1.4252711059475673
10	16	-0.8033929752881063
10	17	5.051681246951408
10	18	-3.1031832319837243
10	19	-3.021507262651992
10	20	0.01860139153033598
10	21	1.3472331798010386
10	22	-0.19205469287103505
10	23	-2.3743075965830553
10	24	0.8024818638710022
10	25	1.4056942691822933
10	26	0.9296280982977088
10	27	-0.5558899485184149
10	28	0.9611511717504809
10	29	-2.4879374965328527
10	30	-3.8505914928296208
10	31	0.9282365866864039
10	32	0.735790566873848
10	33	1.3427113037105738
10	34	-3.7113777002498294
10	35	0.5395591908002304
10	36	1.3396563704723154
10	37	2.280966539019135
10	38	-0.1386820140353984
10	39	4.536636125972443
10	40	1.7323692336994037
10	41	2.797085315618716
10	42	1.6917861242423897
10	43	-2.7273510197913082
10	44	-0.43136380098877375
10	45	-0.06838085279053574
10	46	-1.3302868297059862
10	47	0.910983174047571
10	48	-1.0076851901765806
10	49	0.9178365356518232
10	50	-4.1753815772006435
10	51	-3.5750512121141225
10	52	2.2156363518322104
10	53	-0.050101432102009714
10	54	2.4063097027400038
10	55	1.6752766790088824
10	56	-0.6481929820397789
10	57	1.6209661871276233
10	58	-3.0495759991489004
10	59	1.1824576695130689
10	60	0.6457392309239925
10	61	1.6773681588219502
10	62	-0.6740339578211373
10	63	1.0632376991687567
10	64	-2.9272742092845028
10	65	0.7046305345275202
10	66	0.268474945264339
10	67	-2.2505341678400685
10	68	0.06596786574456051
10	69	-3.5562006667510735
11	11	NaN
11	12	3.0080532659062076
11	13	-1.3854966704473972
11	14	-1.8214563337087146
11	15	-2.176008765178714
11	16	0.9365477605030386
11	17	-0.19277135845060883
11	18	-1.8546360876215904
11	19	0.9933191363742817
11	20	-1.548347533032516
11	21	-0.9309765113664934
11	22	1.3007417835377637
11	23	-0.6112807437700374
11	24	-1.2238581976772354
11	25	0.9018157301264887
11	26	-2.7248264984816664
11	27	0.05239991454924193
11	28	-0.30688108048491425
11	29	-1.6481916615093293
11	30	-1.1189315113431153
11	31	-0.7224590767534305
11	32	2.4686521862231094
11	33	0.7303237932963751
11	34	-1.8594588830484473
11	35	-0.40954759780864797
11	36	1.8295865340136173
11	37	2.820185798543822
11	38	0.7016356871278461
11	39	-2.32016702527099
11	40	1.5669665874843526
11	41	2.2861319847076977
11	42	2.764287276328596
11	43	4.923200407157012
11	44	-0.41500932824244413
11	45	1.0186135090604866
11	46	1.7063501802733032
11	47	-1.927780052718637
11	48	-2.2528743533749753
11	49	-1.2253853931397054
11	50	2.0766163024142625
11	51	2.9494525997178194
11	52	-0.48590085571414493
11	53	-3.0462902706974098
11	54	-1.4422282686015835
11	55	-2.1411176323466288
11	56	-2.060010407656844
11	57	-3.238642155425204
11	58	0.318897142966242
11	59	0.6182441618326975
11	60	-0.307629060393122
11	61	1.7020094060117144
11	62	2.2107763758557097
11	63	-2.369039672461555
11	64	0.8746419861904899
11	65	1.9756542669362063
11	66	-0.3974160045244245
11	67	0.6247037246954945
11	68	-0.934895792190954
11	69	0.674707908378151
12	12	NaN
12	13	1.5620969513349927
12	14	-0.520145303568956
12	15	0.22440882322469324
12	16	1.5245085150259305
12	17	-2.475771394005266
12	18	1.03146925347899
12	19	-4.347078015116388
12	20	-1.8781721844039425
12	21	-0.945579113039593
12	22	1.4557957072241858
12	23	1.0717374850319488
12	24	-0.4372270668688757
12	25	-0.14751757513871938
12	26	-0.8847408209190809
12	27	2.0820912990243654
12	28	-2.148603279063698
12	29	2.4141084145906277
12	30	-0.33509275824552565
12	31	-1.7048072003607846
12	32	2.738109329229423
12	33	0.9772033850093107
12	34	0.7484407770298084
12	35	-1.953400945738271
12	36	-0.24133138138461432
12	37	-1.3483772657843673
12	38	1.996032083292912
12	39	15.115616218555136
12	40	-0.10210308712807617
12	41	-0.2663955489536967
12	42	-3.161779661612468
12	43	2.4930167595453794
12	44	0.5509360829813211
12	45	0.504880288322716
12	46	-2.9268798676824224
12	47	-0.5673418306477612
12	48	-1.415572015996985
12	49	-1.2638612288388031
12	50	1.3112524251761075
12	51	1.5522963429664698
12	52	-0.6868953076855554
12	53	-2.7631847799434293
12	54	0.2546607879772364
12	55	-3.0580431645025805
12	56	-2.0838340946056917
12	57	0.1603980726151267
12	58	0.5879571862428278
12	59	-0.4504851637832152
12	60	0.22408308078660213
12	61	-0.8509860606404491
12	62	-0.18284116541692538
12	63	2.113419293824329
12	64	-0.4964590060234511
12	65	-1.6895121790113479
12	66	0.39733485266115787
12	67	0.22606795705589763
12	68	1.8911957181954993
12	69	3.326639615151073
13	13	NaN
13	14	1.1419529280657859
13	15	0.16916644834201097
13	16	-0.2498445316901065
13	17	0.5033484709469582
13	18	3.8978062630083747
13	19	-1.659374012738573
13	20	-1.1583549147515035
13	21	0.33184700207090384
13	22	-3.0239884955293057
13	23	-0.2521428600058788
13	24	1.5358379776494222
13	25	1.2436347064599984
13	26	-3.193510671485936
13	27	-0.6047295050746775
13	28	0.08676168005546359
13	29	1.1136549294894367
13	30	-2.005572145145643
13	31	-0.7377810750659132
13	32	1.9952976589476594
13	33	-0.5330276461003726
13	34	-1.8575236509711226
13	35	1.4215347334211124
13	36	0.6867685820173902
13	37	-1.9497849249183385
13	38	-1.337876735303033
13	39	0.7629302535237631
13	40	-0.25941535392811516
13	41	0.33559249873477903
13	42	3.459492769585894
13	43	0.9594665222726809
13	44	-1.2072167093944608
13	45	-0.18500539625086282
13	46	-0.5537863403710189
13	47	-1.4360436179719276
13	48	-0.05792558661908183
13	49	2.329409436294804
13	50	-0.28542976651810914
13	51	-0.9230436121547076
13	52	0.0364342317720687
13	53	-1.2247982502006085
13	54	-2.743622876221293
13	55	0.5034160343751348
13	56	0.30660362270962416
13	57	2.5077722778761253
13	58	-0.5305368948709838
13	59	0.18990765703144455
13	60	1.4990131367989248
13	61	0.9772716608923009
13	62	2.7949952685907093
13	63	1.8676383627818918
13	64	0.87557432772974
13	65	0.15360428332761059
13	66	0.1817636780065267
13	67	-1.0989761077743652
13	68	-1.5381248263799945
13	69	-1.3643443613785624
14	14	NaN
14	15	1.299662315510694
14	16	1.354737247319876
14	17	-1.7882006610235583
14	18	0.9025098791833702
14	19	-2.0091606910640447
14	20	-0.5807943202102925
14	21	0.6830875364393247
14	22	1.729891890227669
14	23	-1.5341858143665417
14	24	0.9082265586075056
14	25	-0.6528584849071377
14	26	1.5304188668351877
14	27	-3.2416079770676287
14	28	0.8948819230153571
14	29	1.7305055976488293
14	30	-4.224131972741394
14	31	-2.5929077509373
14	32	1.12868934930244
14	33	-0.9015849121796621
14	34	-2.8080845730525326
14	35	-1.224881242242951
14	36	-2.1649626453469226
14	37	-1.5850271010832555
14	38	1.3004915332261895
14	39	0.5862699324572254
14	40	-1.2267644757722962
14	41	0.887619389804495
14	42	0.6354121974832553
14	43	-1.2004981703050484
14	44	-1.453963278903221
14	45	1.3764287185516835
14	46	-0.35276109231474506
14	47	0.5174083882895892
14	48	1.0931142642401581
14	49	-0.8025971713758665
14	50	-1.6046695606167358
14	51	-1.2578120909107415
14	52	0.44889215266724564
14	53	13.125209221517007
14	54	1.7744377798779392
14	55	0.6678644707832401
14	56	-0.7893774858311404
14	57	0.214263891516651
14	58	-0.7414567380439099
14	59	-0.7154592591525041
14	60	4.5047352009095185
14	61	3.2409191406859446
14	62	0.3899023701895456
14	63	0.8602036050568954
14	64	-1.8139945551305052
14	65	-3.6493766418465867
14	66	1.1927260389430305
14	67	0.21699739736962376
14	68	0.7330965267853717
14	69	0.023895483739976943
15	15	NaN
15	16	4.549332215687975
15	17	1.4850689019370602
15	18	0.89337443835462
15	19	-0.14590532163999004
15	20	-1.0265570075014572
15	21	1.953920752673128
15	22	6.314253880169329
15	23	2.208309718842282
15	24	0.14367012485964759
15	25	0.23431291945182986
15	26	1.973766141918146
15	27	-2.1666762017916166
15	28	1.6684578342076197
15	29	-1.8173004230892154
15	30	-0.032447347926506595
15	31	-1.705283884353078
15	32	3.413461273040011
15	33	-2.522194565479918
15	34	-0.31455005125480323
15	35	0.15284828172597353
15	36	-2.0548249447140803
15	37	1.6737361786464828
15	38	0.07289456399236854
15	39	5.492989127433289
15	40	-2.3032226901578077
15	41	0.048548808674322125
15	42	0.31768706684820885
15	43	-1.1369513228186483
15	44	0.12982170069361
15	45	1.6363735382088938
15	46	0.12615102610109258
15	47	-0.5652484292812427
15	48	-0.24619134513053914
15	49	-1.504880342746972
15	50	0.5792119791621048
15	51	-0.02901221609998644
15	52	-3.6310014503028536
15	53	-1.4695387229029164
15	54	-3.3578963760960923
15	55	-0.25949458915556295
15	56	0.1412826518385347
15	57	-1.760899790390959
15	58	1.0752732028241327
15	59	2.6435698201845383
15	60	0.9915608282205723
15	61	-0.46734796569058235
15	62	1.7924032201203468
15	63	1.122577905856913
15	64	-0.6421010571597707
15	65	-1.7190559148343671
15	66	-3.556443524832888
15	67	0.33120195694538673
15	68	2.8102455184817585
15	69	-1.6584165242913103
16	16	NaN
16	17	1.1464025220597462
16	18	-1.3602210067964136
16	19	-0.47359885959955234
16	20	-0.8083289462833363
16	21	1.640332421360628
16	22	0.9946962254137187
16	23	-2.355609019732657
16	24	-2.923168452968292
16	25	-0.8125983010560025
16	26	-0.7762569731060559
16	27	-1.5853686048164748
16	28	-1.3508960623638027
16	29	0.8709795694919543
16	30	-0.8518970092140546
16	31	4.5074591723822195
16	32	0.966678094276409
16	33	-0.15127336623565657
16	34	-2.834572748849052
16	35	-1.3210650401669526
16	36	1.2020222307719914
16	37	-2.6031844780630897
16	38	-0.19960501986230658
16	39	-0.780128489104075
16	40	0.1377067240496321
16	41	-1.9517465654962365
16	42	-0.9663435927521724
16	43	-2.4598081969987824
16	44	-2.049529062665489
16	45	-0.30682881005017215
16	46	1.365942039700464
16	47	0.652192521842327
16	48	3.9870336807078233
16	49	-1.2968121013343
16	50	1.1863769337841545
16	51	0.34584502727581373
16	52	0.04614797408128865
16	53	4.164073457814318
16	54	-1.3991573429232078
16	55	-3.6715773035394994
16	56	-2.020036925402999
16	57	-1.1610559689033297
16	58	0.2286261222216398
16	59	-2.6510376539216716
16	60	-2.211933926658111
16	61	2.2257531002884483
16	62	0.17506341604630737
16	63	-0.3891814339906766
16	64	-0.6405151120279942
16	65	2.0452641084747945
16	66	0.9223310137573404
16	67	0.039711669758081006
16	68	3.439291240388833
16	69	3.2950048783363663
17	17	NaN
17	18	1.3398236983194205
17	19	-0.6516792440287965
17	20	3.404690896092352
17	21	-3.002869779922402
17	22	-0.3071631495736311
17	23	-0.4115534333236161
17	24	1.409904333797099
17	25	-1.7657465508481642
17	26	0.8840946887656238
17	27	-1.253978329329905
17	28	0.27093851820624754
17	29	1.6914664433257764
17	30	-2.7161372116497837
17	31	-4.972294935372948
17	32	-1.41233756938996
17	33	1.7775510713548317
17	34	-2.7035304797144653
17	35	1.0915274978790381
17	36	-0.09549798063854124
17	37	-0.42248532305384046
17	38	-2.2602818796695905
17	39	0.8584370538649498
17	40	1.9620922963659695
17	41	-1.477036878365278
17	42	1.7177403192696674
17	43	-0.7940726356711951
17	44	0.3413648209117268
17	45	-1.060637304875441
17	46	-2.8587829182107356
17	47	0.9785996787187565
17	48	-2.360160788153941
17	49	2.2189782519859467
17	50	-2.8165752824352617
17	51	0.8296596809172493
17	52	0.47812391771984364
17	53	5.615470724946391
17	54	-0.9306177216679603
17	55	1.4168461306968425
17	56	1.0289431390038055
17	57	1.4220634905043543
17	58	-1.0899695454047957
17	59	-0.4042275320332917
17	60	1.8489486259686283
17	61	-3.8680378742916335
17	62	-1.469353067035623
17	63	2.1889181300360914
17	64	-2.2239858093070195
17	65	1.186537390558219
17	66	-1.3102101701460884
17	67	-2.442621032700087
17	68	0.8689729882915143
17	69	-0.9581635634977008
18	18	NaN
18	19	1.404952296623299
18	20	-0.6985453524106596
18	21	1.5214293367874772
18	22	1.568046400207432
18	23	-3.488732682999047
18	24	2.2000789450379585
18	25	1.1011016935724847
18	26	0.4317697965224105
18	27	1.3309008875649295
18	28	0.22916396769986241
18	29	0.8280255604733602
18	30	-2.48020795787205
18	31	-1.0522130513635901
18	32	-0.07167021974698089
18	33	-0.18553132447636037
18	34	-2.3214922409950516
18	35	-1.147330823060084
18	36	-0.3288935911585175
18	37	-1.1675195599527317
18	38	-0.9760353405504573
18	39	-1.4259426845097254
18	40	-0.7417280144063757
18	41	-0.0816161156864343
18	42	-1.5937630411502093
18	43	0.5554376559613257
18	44	-2.292339266870202
18	45	0.31996360967467324
18	46	6.240004026593878
18	47	0.22617081940374237
18	48	0.9352249934385274
18	49	-0.546348971342627
18	50	0.8947688655045855
18	51	1.7940437211674174
18	52	-1.4034935660087233
18	53	0.16286686859674787
18	54	-0.7795077442994686
18	55	1.8496865012517698
18	56	-0.9962399211757946
18	57	-1.5241471664212696
18	58	2.1202158627298053
18	59	-2.5153511096767804
18	60	1.303442176612642
18	61	-1.644373840334482
18	62	0.792996702307759
18	63	2.107574542365826
18	64	-0.5265656163347282
18	65	-0.970802527275916
18	66	-1.4902085709759976
18	67	1.1766093033262686
18	68	1.7073326315853
18	69	-0.5238999355566045
19	19	NaN
19	20	-0.21686730687989716
19	21	0.4508293179820542
19	22	1.8452283265021088
19	23	0.6722842145752352
19	24	-1.9838269668415864
19	25	-1.7591742753772455
19	26	-0.5331667318657425
19	27	-3.5938498591262302
19	28	-1.6605995045163613
19	29	-0.5552941577008802
19	30	-0.04085376383001039
19	31	1.1130468704943997
19	32	3.8952165904745297
19	33	-2.5694356633690902
19	34	0.5065885940339444
19	35	-0.8256080259480312
19	36	1.8636210795549188
19	37	-4.380036057912518
19	38	-0.8140341691014388
19	39	-2.0356955783450665
19	40	-2.0216063391514574
19	41	1.738923297135846
19	42	0.2943423327335609
19	43	0.6104942602015154
19	44	-2.382565192937309
19	45	0.9262953334958332
19	46	2.325372630836501
19	47	-2.1748807457191934
19	48	1.0999899615797841
19	49	-0.7399289479476804
19	50	-0.3495982771316468
19	51	2.603520636156173
19	52	1.0756184967165032
19	53	-1.7760691959017545
19	54	-3.027885418618392
19	55	-0.9217636660514248
19	56	-2.005274578485531
19	57	-1.0963057599904011
19	58	1.2397167048476379
19	59	-0.7537128901884133
19	60	1.5775606845711903
19	61	-2.2309008294445163
19	62	-1.5726250120465952
19	63	-0.6241255640424903
19	64	1.919807745901805
19	65	-1.3423146183652501
19	66	3.079388282391761
19	67	-0.9394804895103938
19	68	0.9075515758080902
19	69	45.810744765204355
20	20	NaN
20	21	-0.13440313574896215
20	22	-0.4205106249414681
20	23	-1.730000775655561
20	24	3.581799838521691
20	25	-1.12591025531209
20	26	0.0026205831081303143
20	27	-2.7002532075015875
20	28	-1.137564959726978
20	29	1.0743964264414843
20	30	-0.3090622692403922
20	31	-1.6051896768841003
20	32	-2.716348315450124
20	33	-0.18325430798753145
20	34	-1.0009886556172078
20	35	0.8789179937181547
20	36	-1.22541110612173
20	37	1.1467069156535348
20	38	-0.1271600634647373
20	39	-1.3860181117095454
20	40	0.7915577783237696
20	41	-3.8377699109729573
20	42	-1.6046223993429032
20	43	0.11887782849802844
20	44	-0.5923592741486313
20	45	0.9026620508435313
20	46	-2.746463326538415
20	47	0.31854327460597487
20	48	-3.3647793210700807
20	49	1.849210216132327
20	50	-0.2773509789765809
20	51	-1.501783767249777
20	52	3.1027723646351
20	53	4.043994145460504
20	54	-1.6816640743750355
20	55	3.4933863600251125
20	56	3.7072043978594094
20	57	1.0031449196802311
20	58	0.5797416945620384
20	59	1.463231095442396
20	60	-3.030040955641408
20	61	1.2382301309819874
20	62	0.6259245309306396
20	63	1.4608558723022904
20	64	-1.60138914955624
20	65	0.2408586149919148
20	66	-0.10987208207778312
20	67	-1.645298890847027
20	68	-0.9000936600217079
20	69	3.7737194593410006
21	21	NaN
21	22	3.64664788338507
21	23	0.7403435321492878
21	24	-2.1128019633433692
21	25	-0.11414558391765665
21	26	1.1009553973184139
21	27	0.6271920829724862
21	28	-0.08094160657211935
21	29	0.7074476680899899
21	30	-4.305670467334945
21	31	1.166163380647475
21	32	-0.08728903590540309
21	33	-1.360154170264189
21	34	-0.6028024375173776
21	35	-0.3571439356799781
21	36	0.10066711876798935
21	37	4.74170999259426
21	38	-0.13227830246453423
21	39	0.9123222399520908
21	40	-1.2245158994428627
21	41	2.611919528004036
21	42	-1.379855385638907
21	43	4.1448431466825495
21	44	1.9780485926123756
21	45	-0.9867710125838137
21	46	0.18464761309288283
21	47	-0.8034081106010043
21	48	1.2368554132798568
21	49	-1.0223243004014058
21	50	4.690780423232533
21	51	-0.5383621322432784
21	52	-3.2946068939594064
21	53	-0.6627767216472986
21	54	2.478120563594247
21	55	-1.2968117115395887
21	56	-3.047468544909701
21	57	-2.905964581724527
21	58	-0.7522847944993637
21	59	-0.5525689330592488
21	60	0.27176902791466023
21	61	-0.12856911413114253
21	62	0.4021561283178738
21	63	0.7300120015988463
21	64	-1.8767191717361802
21	65	-1.557548233892359
21	66	0.06180628590542917
21	67	-0.2822401045735523
21	68	4.391614460979369
21	69	1.015829830604441
22	22	NaN
22	23	-0.1937461077395158
22	24	1.554089859754843
22	25	0.3015138391372476
22	26	4.62672988158107
22	27	-1.726312016827566
22	28	0.9963742720014316
22	29	1.9557582670853304
22	30	2.1741294241002658
22	31	1.3981012715609697
22	32	3.8962155843113577
22	33	1.6980503143822554
22	34	1.0775445247094275
22	35	-3.569932069523155
22	36	1.195984855027616
22	37	0.14593241193109052
22	38	0.7091069128659101
22	39	1.5977214466786744
22	40	-2.598088469763231
22	41	-0.07230400656836139
22	42	-1.397320790843334
22	43	1.62244691434594
22	44	-0.4982672227777498
22	45	-1.4020306770757924
22	46	-0.824223632523616
22	47	-1.1834009524903255
22	48	-2.0368506431031452
22	49	-1.5909603927952822
22	50	-2.0054579402086596
22	51	-2.083187164159129
22	52	-3.0575675246420655
22	53	-2.1346506733317554
22	54	0.31416185672044206
22	55	-2.5188523320950704
22	56	-1.220665648425909
22	57	-0.7854899864915397
22	58	-0.1928742213323366
22	59	2.7792290432240097
22	60	-0.572235829376637
22	61	-0.11248657666990215
22	62	-0.828492752776397
22	63	0.6171726995206522
22	64	2.0900682814595823
22	65	0.21576687094347477
22	66	0.23848657271320803
22	67	0.3721659630313056
22	68	1.864236154726539
22	69	-2.6718882840142535
23	23	NaN
23	24	-0.46532750201846007
23	25	2.306298595693089
23	26	2.3650689626316455
23	27	7.310353177047049
23	28	-2.6313366726159804
23	29	-0.7625575868316652
23	30	4.067393102991306
23	31	1.6987447542813183
23	32	1.4170155490574563
23	33	2.096031010097913
23	34	0.15224985249281128
23	35	-0.597637601764461
23	36	0.32901170548147524
23	37	-0.15284337727943528
23	38	1.9296593990560187
23	39	-1.16880607412894
23	40	-0.6607527331132244
23	41	3.1398192197459367
23	42	-1.5291742842981255
23	43	2.203802376983066
23	44	-0.5542484690564484
23	45	1.2204786460988415
23	46	2.8122323136188014
23	47	-2.6906182578345534
23	48	0.5440091067881561
23	49	-1.1120667092766294
23	50	-0.21290159075301554
23	51	2.0185901243626208
23	52	-1.2391027703577446
23	53	-2.1416991957632474
23	54	-2.2697459319240574
23	55	-0.475451686608761
23	56	-2.3826994462175084
23	57	-0.7333834621880626
23	58	0.1258108237714406
23	59	1.9721712022072577
23	60	-1.4050515617469008
23	61	3.2785132271962136
23	62	0.18120404388826783
23	63	-1.26476094114736
23	64	0.9700130117101575
23	65	-2.395718494372027
23	66	2.6346445058737262
23	67	-0.6337405428492896
23	68	2.455711873504086
23	69	-5.086137324292776
24	24	NaN
24	25	1.19416309694133
24	26	-2.3482350923791073
24	27	-2.7032094356961145
24	28	-0.13939749875304444
24	29	-0.2883793068353634
24	30	-0.9719934977488116
24	31	-1.9576603653125217
24	32	-3.686228929702568
24	33	0.7537781836353694
24	34	-2.886962018798578
24	35	3.082868627891312
24	36	-1.6204644721252621
24	37	-0.4043947968974908
24	38	-0.24159440438357585
24	39	-1.2267304976801743
24	40	0.5457714421367483
24	41	-0.94286720742681
24	42	-1.1246449767103304
24	43	-0.908152347464212
24	44	1.9762145862315768
24	45	1.1490618605810692
24	46	-1.0670163149563663
24	47	0.29087198893996224
24	48	-0.2406651779523394
24	49	2.5597227009731918
24	50	0.6325403240415997
24	51	-1.3298321305077914
24	52	0.8095342454993442
24	53	-1.7074841249042367
24	54	0.37119424913076166
24	55	2.490434654449795
24	56	0.16227181911964988
24	57	-0.3193693136708708
24	58	-0.961742548155641
24	59	2.501366957196475
24	60	-0.4648054167831189
24	61	1.5382866376254731
24	62	-0.7450888182269768
24	63	-0.32835219649875413
24	64	0.18735322493794287
24	65	1.3348797370383596
24	66	-0.6515352550387631
24	67	0.05806480056389887
24	68	-2.8279742671395107
24	69	-0.6610180013015878
25	25	NaN
25	26	3.255721453209311
25	27	1.972645113065985
25	28	-1.4487195625479772
25	29	-1.4721530661009132
25	30	2.204810539311707
25	31	0.7011003370450859
25	32	1.9163113833401517
25	33	1.501560624948328
25	34	-2.430373759216782
25	35	-1.8031074257435102
25	36	0.6433525924616985
25	37	-1.89307822981536
25	38	0.4431614099993001
25	39	1.6487663384382574
25	40	-0.8910245581062893
25	41	-2.518557897607814
25	42	3.46357574707064
25	43	-2.042622810402761
25	44	0.7119042805869579
25	45	-0.5951052567176438
25	46	-1.3156801754816665
25	47	-1.5596226243556972
25	48	3.480818447750955
25	49	-0.2087818523539178
25	50	3.499936209573206
25	51	0.11231298829691379
25	52	-0.48670921132836414
25	53	-1.742984540985796
25	54	0.728805754779874
25	55	-0.08221388606121284
25	56	0.39416178954348485
25	57	0.39596294265354415
25	58	-1.9137231669578978
25	59	-4.801457701959786
25	60	-0.6469204569818819
25	61	0.44081918955160515
25	62	-0.632890080396401
25	63	-1.2693830013712597
25	64	1.6332035403043632
25	65	0.7256276379104359
25	66	-2.3667173454046364
25	67	0.1713429449129686
25	68	1.3365479046241846
25	69	0.3571546026645586
26	26	NaN
26	27	-0.9921092894875575
26	28	1.7478245155864918
26	29	-1.0761364383133791
26	30	42.45860820285478
26	31	-3.475583385357159
26	32	0.7493530338133144
26	33	-1.685322163420112
26	34	-2.0442965130502015
26	35	-1.5449112076453972
26	36	-2.673263886129112
26	37	-1.713537659579546
26	38	-0.4617809823275358
26	39	-2.0317987611935333
26	40	-2.1568483874088953
26	41	-1.3947260933556123
26	42	2.6543751570873697
26	43	-2.112036964321105
26	44	1.91076105316088
26	45	0.6530785739152184
26	46	3.2431489960147557
26	47	-0.46492425513044594
26	48	-0.6564301887154408
26	49	0.814719033063537
26	50	-1.003615537100266
26	51	-1.0061302836188672
26	52	0.9608060682137349
26	53	-2.090244441068694
26	54	-1.2823104924713422
26	55	-0.38571337693347124
26	56	-0.46535572530406305
26	57	-2.574877354726354
26	58	1.733482658729504
26	59	-1.2815518463168067
26	60	-0.4462145005074896
26	61	1.8615755942107794
26	62	0.5819400252661922
26	63	-1.2745662470357713
26	64	-1.070345934361371
26	65	-2.3765283801949963
26	66	-0.9727464990538
26	67	-0.8876532310342197
26	68	-0.35898102939168725
26	69	-4.617157559768416
27	27	NaN
27	28	-2.820043466603472
27	29	-3.3796402523162747
27	30	-2.9583124186505754
27	31	43.95171560956317
27	32	1.9373636306279411
27	33	0.09480819568611036
27	34	-2.88863418423912
27	35	0.8797324987028915
27	36	-2.934952520148126
27	37	-0.19490724844362584
27	38	1.266739258709777
27	39	0.0904470960114739
27	40	-1.512064198890358
27	41	1.8201800511782853
27	42	-2.087567430413544
27	43	-1.2978846028372875
27	44	-1.2942514531454465
27	45	0.9016334496261773
27	46	-1.3139959346846897
27	47	-2.1002580475414545
27	48	0.44122024364208823
27	49	-0.5789542486550958
27	50	0.9524961165216551
27	51	-0.23521108384291997
27	52	-2.7281424662946354
27	53	-1.1872614051819212
27	54	-3.002502963864593
27	55	0.35932453709000334
27	56	1.722391784647901
27	57	0.4266179591380935
27	58	0.36040345356498527
27	59	-1.598079479073563
27	60	0.5768447561087913
27	61	1.1048854274221007
27	62	-3.05291305285511
27	63	-0.7782692993286112
27	64	-1.2354684512241512
27	65	0.34654971700453796
27	66	-3.388121154746778
27	67	1.1956789400187127
27	68	-1.3297456544246637
27	69	-3.5028973843181133
28	28	NaN
28	29	3.963939171263746
28	30	-1.7758132630564887
28	31	-0.7012040904769933
28	32	0.07706382286619361
28	33	0.8067098880529443
28	34	2.4726142093927472
28	35	4.241014783829796
28	36	-2.0393548824075407
28	37	0.25936686590242675
28	38	0.018327784139663614
28	39	1.0660938421742225
28	40	-0.7407738999215271
28	41	1.168341595677222
28	42	1.8172283066681516
28	43	1.0619174807641647
28	44	-0.22453685162962592
28	45	2.334608229723911
28	46	-1.1176589763562754
28	47	-0.8714098717462098
28	48	0.14307562923910813
28	49	-1.8573333251945858
28	50	1.613552250283106
28	51	-0.1684055186915685
28	52	-2.5731587466427386
28	53	-2.4239412252712396
28	54	-3.003524364384479
28	55	1.769070369958582
28	56	-0.7891432197585527
28	57	-0.8817825925239534
28	58	-0.9822841297459266
28	59	-1.0223066863404418
28	60	3.4515030263986852
28	61	0.22345406496054035
28	62	3.9135431297106735
28	63	0.7707624030958935
28	64	0.9923497734258824
28	65	-1.2391676468052055
28	66	1.176188762015949
28	67	3.8757660903344537
28	68	0.9812996839495104
28	69	-1.8790685940233862
29	29	NaN
29	30	4.3158512020846205
29	31	0.3633643010661326
29	32	0.508459078000965
29	33	-2.5043837229182824
29	34	-1.559909368731939
29	35	0.05612784726881049
29	36	0.6251812255865541
29	37	-1.7509815134400128
29	38	0.5126233867219152
29	39	1.0554286655815321
29	40	-1.4828998218487097
29	41	-0.41207502364936366
29	42	0.6150805916966088
29	43	-2.5893051131244373
29	44	-0.828787923407428
29	45	2.674650136713929
29	46	2.786696805649339
29	47	-1.3089847088981938
29	48	2.0719090685494095
29	49	0.8580068965037033
29	50	1.7386539561504457
29	51	2.4691975845734238
29	52	-3.8140019580415396
29	53	-0.5807518116299492
29	54	-0.9990483794461198
29	55	-1.1087424914619162
29	56	0.7101630720217326
29	57	-0.5688967740144527
29	58	2.693895190404332
29	59	-0.016254374010452183
29	60	0.7080892765317167
29	61	1.4465446505950905
29	62	2.4456108260398195
29	63	-1.7596178845329207
29	64	-1.9107831129512802
29	65	-0.09257043946031346
29	66	-2.1276657863646604
29	67	-2.4878309119339366
29	68	3.3600087305130315
29	69	-0.5217568747505288
30	30	NaN
30	31	1.7603427907605984
30	32	1.467762519302147
30	33	-1.2316013472921363
30	34	-0.9944494820506412
30	35	-3.22383291082579
30	36	-0.15759294293094983
30	37	-2.3059337628173138
30	38	-0.030780197411569336
30	39	-1.543888516920945
30	40	-1.6957554519246547
30	41	4.284779302871089
30	42	3.5924899795623633
30	43	2.025893567999818
30	44	-1.677596383683927
30	45	2.717508372328421
30	46	0.6793855917649233
30	47	-3.6684713238556395
30	48	-0.5532634984091702
30	49	-0.3921724535277288
30	50	-3.400772579456393
30	51	3.2056125283101067
30	52	1.0710982282410952
30	53	0.44805889220481737
30	54	2.6553687561650015
30	55	-4.641611037558017
30	56	-1.2880545099924625
30	57	-1.289082323033892
30	58	-0.5431163920999437
30	59	-2.2582579754879584
30	60	1.048216169892664
30	61	0.6227853962271743
30	62	-1.3187337276075595
30	63	-1.7962669784960907
30	64	3.0512399682943214
30	65	-0.40615859635459717
30	66	-3.2024176570671243
30	67	0.6531590555782073
30	68	-0.5506194257945487
30	69	-0.7086150353235906
31	31	NaN
31	32	3.712744385342333
31	33	1.28367664406963
31	34	-0.048395476584496715
31	35	-2.6836305082267105
31	36	2.825724926964993
31	37	2.408899386184121
31	38	-0.4219144632281331
31	39	-1.9062855607155302
31	40	-1.9990686143996623
31	41	-0.4428754480549618
31	42	0.464990124880118
31	43	1.9218724347422278
31	44	0.9249492866184943
31	45	2.2072812845737078
31	46	1.85847308534786
31	47	-2.6020355872732535
31	48	1.1946835837799308
31	49	-2.0766167394100408
31	50	-0.9551075324015081
31	51	-3.750195657455332
31	52	-2.7961559003528778
31	53	-2.0497835803946325
31	54	-2.92870117867376
31	55	-2.3893139188708172
31	56	-2.0468176729252767
31	57	-2.599090190554799
31	58	-1.6391576980097768
31	59	-1.8090686358871555
31	60	1.4797125817497976
31	61	1.6367286729626433
31	62	2.714217280008809
31	63	-0.3728475673511471
31	64	-1.7028057548540287
31	65	-0.959009179094849
31	66	3.1797151898393747
31	67	0.7711115586094395
31	68	-1.3753360231210474
31	69	-1.9277636247981014
32	32	NaN
32	33	-0.5714458624578722
32	34	3.8985982485624904
32	35	-0.7081929343741603
32	36	-2.121436546051177
32	37	0.11006621899122875
32	38	-0.7414170442349033
32	39	-2.1274203426874227
32	40	-3.1439375127997966
32	41	-0.8781776137142513
32	42	-1.8068124811339172
32	43	-1.7150449671827406
32	44	0.6164563184328714
32	45	1.125581364348148
32	46	-1.1133940888443477
32	47	-1.2876176474400725
32	48	0.34424641046029136
32	49	-2.8560685639435963
32	50	-1.0004304738417273
32	51	1.9297569963988925
32	52	-0.11705480553857363
32	53	-1.468155750555786
32	54	-0.2407205036170566
32	55	0.5131110539710643
32	56	-1.8715122604248076
32	57	-0.5689906383531615
32	58	-1.3716307937088157
32	59	2.08933599290469
32	60	1.1900665225669993
32	61	-3.201222953217155
32	62	-0.42123356191109357
32	63	-1.078559667361533
32	64	3.208372300250741
32	65	1.4536576982139084
32	66	-0.5910491876680795
32	67	0.9294897530776863
32	68	0.4801178513951629
32	69	-0.2064145732190805
33	33	NaN
33	34	1.5061200440511213
33	35	-0.8462037387779465
33	36	0.6284168644138525
33	37	-0.1514810470625043
33	38	-0.42829203581588243
33	39	0.36859209578818863
33	40	-0.5022847999933738
33	41	-1.0837128647502097
33	42	-0.7281058921769196
33	43	-1.6112273820940712
33	44	-0.9983517198830659
33	45	1.4583538454115244
33	46	-1.2633414584923324
33	47	0.4888684536619526
33	48	0.5460549752856788
33	49	-0.5541657418531887
33	50	0.3700696428196598
33	51	-0.46967919550846204
33	52	-0.3736910729625369
33	53	-0.35436802294693776
33	54	-0.402474389635062
33	55	0.043135363859623195
33	56	-1.4072000526462451
33	57	1.6073669741535455
33	58	-0.44563354286810913
33	59	-0.49647987558958884
33	60	-0.2752946840964726
33	61	-1.5106756199112124
33	62	0.7609774468119833
33	63	-0.9441129585244937
33	64	-1.6949060769464008
33	65	3.35725353947189
33	66	-0.0704588922803632
33	67	1.478446072209906
33	68	-1.0603173054321402
33	69	-2.844727043375847
34	34	NaN
34	35	-1.140862099915984
34	36	2.5734854526614757
34	37	-0.7789467893411038
34	38	-1.9230467712077095
34	39	1.2783084491963315
34	40	-1.1518545599824799
34	41	-3.059876799719837
34	42	-0.8400948449311401
34	43	0.49806395843522566
34	44	2.033222720090677
34	45	2.620441680059993
34	46	-1.6527378088202729
34	47	-1.5458087140569237
34	48	5.682968402639154
34	49	-2.0007678872876173
34	50	-0.4931197264820138
34	51	2.0895126777231936
34	52	-1.4059350987360708
34	53	-2.332022306873127
34	54	-2.0571764808873607
34	55	-4.2501040121202385
34	56	-1.6077506416523746
34	57	-0.7332461547059248
34	58	-0.07957262935320829
34	59	-0.7958854275862428
34	60	-2.23754946543705
34	61	1.3494509261837258
34	62	-0.7441018831161622
34	63	-2.762928657753376
34	64	-1.0246378594372263
34	65	-3.380640064364386
34	66	-1.2530365651494288
34	67	-0.6569112502148455
34	68	-0.9109767470670626
34	69	-1.5776800328709297
35	35	NaN
35	36	-1.6209351001056047
35	37	0.912919316464705
35	38	-1.0115443414861456
35	39	0.5747711496129897
35	40	2.0061507549822792
35	41	0.41941096024187674
35	42	-2.343132618313529
35	43	-0.3814864435754923
35	44	0.10418720400909115
35	45	-0.6567824010344111
35	46	0.9629125478124394
35	47	-0.8692717051339779
35	48	-0.5647319109680226
35	49	1.344531071545106
35	50	1.4255644024426042
35	51	-0.8402309006371291
35	52	2.5566637254294626
35	53	1.2631919314712876
35	54	-0.022564364243161033
35	55	3.3719481425589146
35	56	1.9270852499787174
35	57	1.00107832585347
35	58	-0.03346186816605101
35	59	-1.139728551422832
35	60	-1.0305543692153492
35	61	-4.291737733803981
35	62	0.13219719881681
35	63	1.376928896633975
35	64	1.458682624895704
35	65	1.3540186195921466
35	66	-1.6724703482629517
35	67	-2.1172717295948886
35	68	-0.8616321840748972
35	69	0.6722202043264487
36	36	NaN
36	37	-1.9730087051120042
36	38	-0.013057710222246537
36	39	0.5914496371652663
36	40	-2.3078507266334274
36	41	7.799251959391633
36	42	1.1977886671087434
36	43	2.740998820614894
36	44	1.0378504156307726
36	45	2.130169171856019
36	46	0.17202214617832245
36	47	-3.086719317241136
36	48	0.02480569837379936
36	49	-3.3701945508342854
36	50	3.7023124302381745
36	51	-0.8700241307461201
36	52	-2.6549629807076025
36	53	-1.6343339980814953
36	54	-0.4917296631068377
36	55	-2.989758858364447
36	56	-3.2436147465531633
36	57	-0.9053982009735602
36	58	0.621008766199921
36	59	2.2187971516881992
36	60	-0.48660985727178435
36	61	0.6171732854998268
36	62	1.0796818467197429
36	63	1.218945464066112
36	64	-1.3974859119151686
36	65	-1.455725872393483
36	66	-2.8958623516722004
36	67	1.969900749690182
36	68	0.5307913194397702
36	69	0.3381219945827975
37	37	NaN
37	38	0.6798546802286826
37	39	-4.156030064208932
37	40	-1.0602905473747453
37	41	-1.2920770697778303
37	42	-1.5037606414272515
37	43	1.5739579504384336
37	44	-0.003913981767517503
37	45	0.4039447325310704
37	46	-1.2939967955562837
37	47	0.6312326623287191
37	48	-1.4644395763975484
37	49	-0.07286595170036866
37	50	0.37791876851642026
37	51	-1.919026798450355
37	52	2.2293377189879453
37	53	-0.731749893087553
37	54	-0.4288911365838671
37	55	1.8130954686536702
37	56	2.604935268118937
37	57	-1.810679386178776
37	58	0.1555129171153079
37	59	1.2452610699939475
37	60	-2.124659297155912
37	61	-1.237262148679508
37	62	1.2442946765232012
37	63	-3.492860766729623
37	64	0.2867704752256337
37	65	-0.4647507663095454
37	66	0.18456973512821997
37	67	-1.7559410503058568
37	68	0.024261146778155544
37	69	-0.4243202527422457
38	38	NaN
38	39	0.538076205718958
38	40	1.3500812680088694
38	41	-0.899998267302367
38	42	-2.116236550642353
38	43	12.751979719333262
38	44	-1.2340625607536442
38	45	0.5039632246190888
38	46	-1.2745548718976298
38	47	0.3664714401444961
38	48	-2.1808461348051176
38	49	-0.2311630726483996
38	50	-0.42252792352891516
38	51	0.6596356280804558
38	52	0.9075972259587125
38	53	-1.4593627717598587
38	54	-0.8733271883756849
38	55	-3.174686557702467
38	56	0.14991148837018708
38	57	-0.3762093750928911
38	58	-0.017836177599957544
38	59	-2.468591255006155
38	60	-1.0165833821653658
38	61	0.574015379092257
38	62	-1.5590601040601657
38	63	-2.505135223825619
38	64	2.1387465382285122
38	65	0.2934310507241735
38	66	0.31540420359730925
38	67	0.8037852741092122
38	68	-3.3365420067540748
38	69	-2.2684122176996286
39	39	NaN
39	40	1.7378751072749408
39	41	-5.30679122967258
39	42	3.9811498193636456
39	43	0.8010244694001917
39	44	-4.262135768557464
39	45	3.6174979475172413
39	46	-1.0419103810986992
39	47	0.8619269014652943
39	48	1.0051954144468003
39	49	2.258192162124446
39	50	-2.4444650919726496
39	51	2.3733256426598084
39	52	0.23683349288630184
39	53	-1.2460354530872826
39	54	-2.378914526601924
39	55	-1.1829124039277552
39	56	0.09318381717266394
39	57	-0.21393290632298065
39	58	-0.10634347932657272
39	59	0.2329863713246189
39	60	2.1307313022306786
39	61	3.3372153117601053
39	62	-2.8526248528340616
39	63	-0.9202709985456855
39	64	-1.2556510921792978
39	65	-1.3643259788001074
39	66	1.6036002606285693
39	67	-1.1334211419186415
39	68	1.3120835654197993
39	69	-3.49420856162305
40	40	NaN
40	41	-2.1509216074370436
40	42	0.3994081092339125
40	43	-2.6899549224060864
40	44	3.5270173530409386
40	45	2.37987260241737
40	46	-1.381512930508466
40	47	1.749611260997098
40	48	3.2002383713250717
40	49	2.227390152630336
40	50	-3.280721161557162
40	51	-1.01357919142622
40	52	5.633176029243168
40	53	1.9600723139235214
40	54	0.26259981469488325
40	55	2.874052603998387
40	56	1.468452212289935
40	57	1.4777434156409894
40	58	-2.4311783803747042
40	59	0.19127851287944497
40	60	-3.2684516691652403
40	61	-1.4347046427689527
40	62	-1.166176343419703
40	63	0.7723119123580001
40	64	0.6311619105565739
40	65	1.268393702657305
40	66	1.8538015616274297
40	67	-1.7520744931299936
40	68	0.5731767803107928
40	69	0.6253197034381044
41	41	NaN
41	42	2.7732133976273494
41	43	4.327384265642149
41	44	-2.726573412199688
41	45	0.4161579169775848
41	46	5.9849788313928665
41	47	-3.0195776600313584
41	48	2.17282171723669
41	49	0.4987041604683749
41	50	-1.2870874512854105
41	51	-1.1272151172341107
41	52	-1.0838521806198957
41	53	-2.9252591293673795
41	54	2.5672177795337148
41	55	1.4030897303363583
41	56	-1.6818066636572875
41	57	-2.9770567992487362
41	58	-1.228990465453329
41	59	1.4512255314027065
41	60	-0.21118709090173818
41	61	0.04915995193106901
41	62	-4.031162496094175
41	63	-0.28760233005496394
41	64	-2.770234462441299
41	65	2.2393850518643448
41	66	0.7315048688587846
41	67	1.2750258917059194
41	68	2.974324035546441
41	69	-1.461459467296971
42	42	NaN
42	43	1.3319816955644148
42	44	-1.509453984442603
42	45	1.3525879856851242
42	46	-0.3792281138691463
42	47	-1.2821834787212467
42	48	1.0385974657798822
42	49	-0.5661969105485419
42	50	0.23336534290582314
42	51	-3.0332471621348023
42	52	-2.765873703075846
42	53	-1.99195208853585
42	54	1.4831753444697109
42	55	-1.4612083108362943
42	56	-2.273278232487645
42	57	1.0838632994992048
42	58	-0.003749453435733456
42	59	1.5453018020771498
42	60	-0.17477383551043169
42	61	3.803663293362109
42	62	-0.24643416085957012
42	63	-1.2431832055250223
42	64	1.0281323103205733
42	65	-1.192424533721706
42	66	4.655638928055682
42	67	-1.279162245065659
42	68	1.7089299315365403
42	69	-1.958876673243175
43	43	NaN
43	44	1.009361508017854
43	45	3.3363832632154953
43	46	4.171500598038747
43	47	-2.7267323948299445
43	48	3.7675667455103956
43	49	-0.5147256911647985
43	50	1.164277428604454
43	51	-0.748287445793144
43	52	-2.8091886025079957
43	53	-2.6439194513072763
43	54	-3.0434366609417496
43	55	-1.9925899559080316
43	56	1.431027291910859
43	57	-1.5665752778553301
43	58	-1.7173160578224573
43	59	-1.9159902564387574
43	60	-0.2008259467306282
43	61	-2.2187282560937676
43	62	3.100826621017751
43	63	1.2481710356068683
43	64	2.0364488386042425
43	65	-1.3841955393033947
43	66	-1.75437148070857
43	67	-2.6780384144056435
43	68	-0.003108249634556272
43	69	0.1015592012099958
44	44	NaN
44	45	-1.7805917007158185
44	46	-0.6206909842967926
44	47	1.782105759106622
44	48	2.75732581397625
44	49	0.8377840715658765
44	50	4.2118211224769215
44	51	2.3194588159651044
44	52	1.1929422125014997
44	53	2.238003293968836
44	54	-0.10188916265681269
44	55	1.8297283551820833
44	56	-0.8941190519315035
44	57	-0.532031276432247
44	58	-1.4427471199577717
44	59	1.0663390329165656
44	60	-0.826603606732009
44	61	-0.18818468881626396
44	62	3.4517413854725603
44	63	0.4701014433117169
44	64	-0.9345084594028794
44	65	0.18631519778886993
44	66	-2.233831692375653
44	67	-0.5033806577255735
44	68	-1.685337088621849
44	69	-0.49031066560045006
45	45	NaN
45	46	6.530737230843863
45	47	-2.08879063850385
45	48	3.1572547474753243
45	49	-1.869349256382264
45	50	-1.8596082346664522
45	51	-3.2435934155259685
45	52	-0.6623607787762631
45	53	-3.213976055972528
45	54	-2.5706836020793995
45	55	-1.763685751110343
45	56	-1.220526474256309
45	57	-1.7775092645127706
45	58	-1.0230999557423743
45	59	-1.203613317669192
45	60	0.5423137077009983
45	61	0.37054802007416604
45	62	2.589225019035821
45	63	-0.009537374298131472
45	64	0.9953947465153323
45	65	-2.382059588237555
45	66	1.42314850563953
45	67	2.7251760676466956
45	68	-1.8809967654049398
45	69	-1.2738630827817874
46	46	NaN
46	47	-1.3524859589076097
46	48	4.826013618923992
46	49	-0.42998517546485376
46	50	2.3604377360660087
46	51	0.24210274850281174
46	52	-2.4642427692495947
46	53	-4.889114157765472
46	54	-0.6233126032027062
46	55	-0.6301680184982109
46	56	-2.5681683678712934
46	57	0.23285382327796555
46	58	2.7368778369568294
46	59	-1.6704402924202655
46	60	0.9380685787784264
46	61	5.542737296398549
46	62	1.6178090115727912
46	63	1.7915610716650523
46	64	-0.5040466922339396
46	65	-0.2223902065828101
46	66	-1.217316736688846
46	67	-0.7679320760868589
46	68	-0.3074640410808654
46	69	-1.3203693370622498
47	47	NaN
47	48	-4.545299498337824
47	49	0.8157509528830807
47	50	-2.504811811205987
47	51	-1.862119387712052
47	52	0.8872393910824818
47	53	1.7106848155122167
47	54	0.24667551435500304
47	55	0.944855385479983
47	56	4.851743667260633
47	57	0.31648566643535403
47	58	17.19572585929542
47	59	1.0357462537963902
47	60	-0.18194595401651162
47	61	0.29094730695858684
47	62	-0.5218886006275306
47	63	0.05622553206550995
47	64	-3.2189360297594587
47	65	0.06360306755149223
47	66	-4.433845288969702
47	67	-0.1977909684687797
47	68	-1.3146266214671136
47	69	-0.46736499493112255
48	48	NaN
48	49	0.42059897703335086
48	50	0.6673955949025902
48	51	-0.7201505367958918
48	52	-2.85740108110839
48	53	-2.466240070398341
48	54	-0.8370719975299992
48	55	-1.7988173212005258
48	56	-0.5365962790978493
48	57	0.405453346102263
48	58	-1.2115577822471868
48	59	-4.277770734212778
48	60	0.41234849447017696
48	61	0.6214836088451023
48	62	-0.12302998258121847
48	63	2.3693301782152574
48	64	0.39982600236636096
48	65	-3.1824409597093957
48	66	-0.5263801623582097
48	67	0.2789367777532874
48	68	1.161629756782538
48	69	-0.27876924723085916
49	49	NaN
49	50	-2.147259342067521
49	51	-1.6176973853232839
49	52	4.52987549449384
49	53	1.0575534386923906
49	54	4.371076452316349
49	55	1.1484035766396883
49	56	3.197916280116884
49	57	0.8329913362081531
49	58	-2.7257801322773307
49	59	-0.40812383565368826
49	60	-2.105958450165784
49	61	-2.159136467814183
49	62	1.6203483779596914
49	63	0.6680013150744579
49	64	-0.8478189770974346
49	65	1.6732299687539807
49	66	2.4244786470355635
49	67	0.2976025213516787
49	68	-3.4293655075459735
49	69	-0.5299525149711701
50	50	NaN
50	51	3.217938829118151
50	52	-0.8110062361806085
50	53	-1.680803500092781
50	54	0.5757537736631069
50	55	0.20567693523403027
50	56	0.9028605107183955
50	57	-3.5997389152570944
50	58	1.405616897631135
50	59	-0.8424379162210885
50	60	3.254912857298274
50	61	-0.6957055916347276
50	62	-1.034117927089344
50	63	2.251770629124961
50	64	3.931303245030032
50	65	0.1424437664251415
50	66	-0.7156018996054645
50	67	4.253168456596756
50	68	-0.042219890973447145
50	69	-0.7771754474191417
51	51	NaN
51	52	-0.0436855137580588
51	53	0.4337484882673984
51	54	-0.29376572650661953
51	55	1.0506737013598373
51	56	0.4331314128116974
51	57	-3.1039355938205007
51	58	1.7540129546924348
51	59	2.4639576287534233
51	60	-2.8177742616888084
51	61	-1.2555435243973776
51	62	0.8783839728278839
51	63	-3.9785498302669007
51	64	1.5952485256046742
51	65	-0.3882558101683196
51	66	-3.524887167991504
51	67	21.866675186654984
51	68	-3.3545013177727605
51	69	0.9652123417703776
52	52	NaN
52	53	2.748677536996457
52	54	1.715084894343462
52	55	2.1366439317943082
52	56	3.946767530740572
52	57	0.9391153159480696
52	58	1.0956421524441677
52	59	2.0056524930200457
52	60	-1.4924894711118946
52	61	-4.307831368356778
52	62	-2.3363573363297996
52	63	0.18751170042566287
52	64	-1.8262066553590188
52	65	2.258283833496743
52	66	1.594091120920647
52	67	1.1016769965036848
52	68	1.6631006460589164
52	69	-0.04329131459614238
53	53	NaN
53	54	0.21693271657495353
53	55	3.6160164412686657
53	56	2.576701134684842
53	57	0.6805101448524118
53	58	-2.4763858711511415
53	59	1.4977154874026264
53	60	-3.6426021978595378
53	61	-3.799935930812259
53	62	-2.340847891296969
53	63	0.25496105243938927
53	64	-1.712099645788647
53	65	0.12908854085939508
53	66	-2.0622497100029933
53	67	2.0074118238387584
53	68	1.4800734218975111
53	69	3.7957662226691693
54	54	NaN
54	55	3.31666324939938
54	56	0.7576993639293181
54	57	-2.4142354809881588
54	58	-0.32278694033419114
54	59	-1.394211673571008
54	60	1.1719539479096241
54	61	1.4134665955248784
54	62	0.2844852821676577
54	63	-0.42645287419170164
54	64	-1.0586792892522292
54	65	3.266483118731129
54	66	1.5492844298335984
54	67	8.198390345745764
54	68	-0.3683478734547898
54	69	-1.6971101925955994
55	55	NaN
55	56	3.2319410843204786
55	57	4.270178355948327
55	58	-3.79549708061415
55	59	0.840710288915447
55	60	1.766358340533831
55	61	-2.521047693450872
55	62	-2.9304453617269455
55	63	2.160814454366713
55	64	-0.5491724030298276
55	65	-0.3962460432891414
55	66	1.9814730872362065
55	67	-4.122129439783025
55	68	-3.4930633193669167
55	69	1.171726788125906
56	56	NaN
56	57	2.092339281890147
56	58	-1.3402547186628775
56	59	0.44535157708640033
56	60	-0.6922824802795151
56	61	-0.5955513306333735
56	62	0.02811360824811743
56	63	1.8878774330673562
56	64	-1.646838995143492
56	65	0.81673233541198
56	66	-1.7800698379875104
56	67	-2.038356215828129
56	68	-1.3473398248231596
56	69	-0.7591834045427934
57	57	NaN
57	58	1.0857237700490272
57	59	2.004673250497997
57	60	0.6478658032346042
57	61	0.6066640482001409
57	62	0.7541432877861353
57	63	-0.3698123058474797
57	64	-0.2075235686713821
57	65	3.9920702164036794
57	66	2.653437212639113
57	67	-1.6930353867928707
57	68	-2.1075655263003172
57	69	0.5933290665791338
58	58	NaN
58	59	0.4338037507715091
58	60	0.21743971110274854
58	61	4.28819401106813
58	62	-2.0151762456508013
58	63	3.91053178460414
58	64	2.3872579756363517
58	65	-4.388716908224701
58	66	0.17629113549411257
58	67	-0.5149390802936581
58	68	0.08509220546419735
58	69	0.2318982376416957
59	59	NaN
59	60	0.2191998788693273
59	61	-2.2872116445566975
59	62	-0.943820930097651
59	63	2.457791739362195
59	64	0.8646977993471359
59	65	2.131831124772001
59	66	0.7827685874808964
59	67	-2.8534411291162822
59	68	0.4264045667927799
59	69	-1.1301389019723007
60	60	NaN
60	61	4.342770672872135
60	62	3.4464210680229117
60	63	-0.6875682337570591
60	64	1.7655106277409303
60	65	0.9296406726520337
60	66	1.7703212491904496
60	67	-0.4091765506051689
60	68	1.6448833427049765
60	69	-1.379354959813801
61	61	NaN
61	62	-2.014248212985053
61	63	1.4680471087553277
61	64	1.4643534951006638
61	65	-1.564706370744276
61	66	0.49162434765550217
61	67	0.27713919453341723
61	68	0.1556097156104719
61	69	0.07164995534126373
62	62	NaN
62	63	0.6306925842325968
62	64	-0.6404009714141865
62	65	1.4330905127756848
62	66	-2.795836326937178
62	67	-1.3928129419216344
62	68	0.3654029580867196
62	69	-2.630547945768249
63	63	NaN
63	64	-0.1351689598407047
63	65	0.0676892768397459
63	66	1.998584959440641
63	67	-1.822911494652173
63	68	-1.7244679689058655
63	69	-1.7100849038689836
64	64	NaN
64	65	0.7773440321243706
64	66	-1.108984240676688
64	67	3.2170504080298423
64	68	-1.9633423254103315
64	69	1.7555432993804005
65	65	NaN
65	66	1.5616319695238974
65	67	-0.07029627571309476
65	68	-1.4229063155703876
65	69	-2.0484874676837586
66	66	NaN
66	67	3.4922727407857432
66	68	0.6847573098353673
66	69	-2.2791055624159524
67	67	NaN
67	68	1.1119746245470101
67	69	-2.4263657113687134
68	68	NaN
68	69	-0.383726608221248
69	69	NaN
