1	1	NaN
1	2	-0.29141879580650276
1	3	1.6742702049684406
1	4	-2.6041026203468665
1	5	53.640029952064026
1	6	-1.6831609597168973
1	7	-1.3846550724721514
1	8	-3.990353395824494
1	9	-1.7184129321563106
1	10	-0.6352457738513954
1	11	-2.654863421009035
1	12	-2.7116933319081373
1	13	3.686517138090582
1	14	-3.5626692859854416
1	15	-2.5757281505819294
1	16	-2.976304965252201
1	17	-4.479128725329028
1	18	0.6320410784363698
1	19	-2.285393279554391
1	20	-1.5414706398707727
1	21	-1.233921887192821
1	22	-3.138375636379081
1	23	-2.2022666710401313
1	24	-2.4643647976080634
1	25	-3.9334366616864194
1	26	1.9116618698616186
1	27	-1.8931308633230661
1	28	-1.008395632606271
1	29	-0.8375349180804373
1	30	-2.240358792315377
1	31	-1.1045110516471375
1	32	-0.40564030331033113
1	33	-0.14482839734868377
1	34	5.227149501207025
1	35	-3.1110507591454306
1	36	7.628726786397425
1	37	-1.8047533819613588
1	38	-4.441488697746716
1	39	-4.590121343540174
1	40	-0.3275818295543016
1	41	-3.8562060997445107
1	42	1.5434807859101405
1	43	-1.022892766875135
1	44	-0.7874553751864561
1	45	-0.288979752069401
1	46	-0.7437312651594392
1	47	-2.4196957341765435
1	48	-2.34041388563679
1	49	-1.0580154829509532
1	50	-2.866103512556561
1	51	-0.8364693616496277
1	52	-0.7156058794690766
1	53	-5.915910764604978
1	54	-0.41504273341306114
1	55	-2.8253889616989216
1	56	-0.4286530261999774
1	57	-1.7044661503412946
1	58	35.01490006048002
1	59	-0.7589802112399598
1	60	-5.011590327341111
1	61	-1.038456254223276
1	62	-1.8914988873535914
1	63	-2.599843998661215
1	64	2.0373055830098687
1	65	-0.6109668348102074
1	66	-3.4612067071998047
1	67	-2.1247054576053017
1	68	-1.1830468370510103
1	69	0.7057215184323025
2	2	NaN
2	3	0.5384429046782346
2	4	0.518702082057477
2	5	-2.051504577138348
2	6	0.8121399703349653
2	7	-0.032653679302866036
2	8	-0.5349991475361611
2	9	1.7467602281510501
2	10	-1.4884816033434585
2	11	-3.5631909415243936
2	12	-1.005258131769652
2	13	1.7894774495203059
2	14	-1.2889908109475599
2	15	-1.046830989890934
2	16	0.7430084920370185
2	17	-0.9715299773851688
2	18	1.6734960114029571
2	19	-2.347390795815039
2	20	-1.555861641866439
2	21	1.860257416499309
2	22	1.9538045095630254
2	23	-1.4145638844551818
2	24	-0.5149659244325252
2	25	-2.788090215877506
2	26	-0.7745338456840225
2	27	0.9517529659689979
2	28	-0.7701893763929754
2	29	1.7624511262179938
2	30	-1.9587125789780448
2	31	-2.4307285955425746
2	32	0.8965954584749019
2	33	-0.14233460260024677
2	34	0.32412037434565244
2	35	0.28980156708453797
2	36	-1.3491481201022708
2	37	-0.8927264843243807
2	38	0.7703469340567274
2	39	5.191927688267574
2	40	-0.8665225988642562
2	41	1.6383384604602926
2	42	-0.8269713099219496
2	43	-0.7980710743830779
2	44	-4.79219428784476
2	45	-0.3078384037589203
2	46	15.96122071769056
2	47	-1.0457258046018
2	48	-0.36200234786550306
2	49	1.20719958909619
2	50	-3.347696787502311
2	51	-0.8433338921293575
2	52	1.793607245855401
2	53	-0.5947129372680604
2	54	1.2813494522184357
2	55	-0.12568239573659978
2	56	-2.295439673381515
2	57	-0.08623587693066537
2	58	11.117441792085243
2	59	-0.9211658426422786
2	60	0.0970865012125778
2	61	-3.6142778256490145
2	62	-0.2284712900826101
2	63	-3.341743364026932
2	64	4.161490399688096
2	65	0.9642123740264369
2	66	-2.461097519073653
2	67	-1.0196411905328713
2	68	-1.39144562295061
2	69	-1.530799776625161
3	3	NaN
3	4	-1.451514652662504
3	5	-0.8128150492533793
3	6	0.019301568637111008
3	7	0.6697403428989436
3	8	-0.0967198157500265
3	9	1.4771863209726155
3	10	-3.3522011521724426
3	11	-3.1712888129106216
3	12	1.1227904524161092
3	13	2.8636839978801887
3	14	-0.6166319690564825
3	15	0.17462314407233687
3	16	2.8708080272038172
3	17	-2.8032775429355605
3	18	2.087575807305846
3	19	2.3607663161667225
3	20	-2.6042429675942937
3	21	0.5405392578019543
3	22	-0.8346060489947226
3	23	-1.3566252430770243
3	24	-4.6200039721261
3	25	-3.028323972236953
3	26	4.012470280035014
3	27	-3.4133389771818603
3	28	2.1877387021476604
3	29	-0.7299381454365048
3	30	4.370916594768812
3	31	-0.36085666636320135
3	32	4.8775123485983265
3	33	-1.428261751568325
3	34	1.762311730130514
3	35	-1.2180291626745086
3	36	-0.6546573221815181
3	37	-3.388332680077308
3	38	-1.4064740767311041
3	39	-3.4078043189641725
3	40	-2.5659120922559966
3	41	3.0103723726488725
3	42	0.10101139923439427
3	43	3.0840148101900233
3	44	-2.462194163898982
3	45	0.7515340402937987
3	46	-2.9174793231855602
3	47	-0.16481562325034826
3	48	6.151655546485418
3	49	-0.9308213676562017
3	50	-2.2475960901982663
3	51	-0.3802801416009762
3	52	-1.514233901571451
3	53	0.019993888295853857
3	54	-0.6606751346104076
3	55	-0.6956002947538822
3	56	-1.8097658163456558
3	57	1.4312206001856274
3	58	1.4556601082028395
3	59	-1.6804611156454952
3	60	-0.3187331157230823
3	61	0.7573567971127522
3	62	1.0090335572818465
3	63	2.9373310688842484
3	64	-4.02372461302748
3	65	4.650725437037991
3	66	3.682066577663894
3	67	-0.0715388201477042
3	68	-0.2826235342465727
3	69	5.246410482439747
4	4	NaN
4	5	-2.497996848343157
4	6	0.9750428748807688
4	7	-1.182831704420437
4	8	-2.331117506981423
4	9	1.606347794135971
4	10	0.776251272488262
4	11	-2.1801747795062068
4	12	-1.3148487839908192
4	13	1.9371005582532297
4	14	0.3867513283936137
4	15	1.1777591856035468
4	16	-4.026078576301422
4	17	2.627750456277347
4	18	-0.8019695593575275
4	19	0.12688278903220054
4	20	0.23416261564043458
4	21	-1.3976612218834086
4	22	1.7708747858474287
4	23	1.3916976134956145
4	24	1.180953440570868
4	25	-2.7647740379859536
4	26	-3.699421051533279
4	27	-2.0038703449238926
4	28	-2.803586891045752
4	29	1.7704287843828284
4	30	-2.614369221078613
4	31	-0.27184732383668364
4	32	-3.5723816181503114
4	33	6.877574524447587
4	34	-3.7779707046665396
4	35	1.4670112127416186
4	36	-2.727516936892957
4	37	-2.3469979627907196
4	38	-0.632056158725669
4	39	2.0112162904370154
4	40	-1.3985493235685478
4	41	1.5282817082476772
4	42	-2.808645990044728
4	43	0.04178861786574613
4	44	-0.42943727995607517
4	45	0.6067608636887556
4	46	-0.948615849848044
4	47	-0.7756895080001561
4	48	-1.1462076349850308
4	49	3.492985984640639
4	50	0.4630031217478659
4	51	0.8367202237623043
4	52	1.1191658880933748
4	53	2.0508354093848116
4	54	-0.7880168949345672
4	55	2.1238466116339656
4	56	0.8348288087253931
4	57	5.937469119595811
4	58	-1.9453104677904753
4	59	4.2708969657030185
4	60	4.789958002285124
4	61	2.5539686975873637
4	62	-1.423465232569493
4	63	1.46701093109334
4	64	1.2104217657683236
4	65	-1.2964321983666038
4	66	-1.8555945066816182
4	67	0.03247632909692121
4	68	-0.4669446755310427
4	69	1.880184279489054
5	5	NaN
5	6	-1.442985251342933
5	7	-2.416445334394294
5	8	-3.9050832688267074
5	9	-2.3990994092128357
5	10	-1.9262849552136985
5	11	1.3320570415552335
5	12	-1.0179966406006071
5	13	-4.7925002748944125
5	14	-3.8084754999363417
5	15	-5.273146065571783
5	16	-6.580205910569079
5	17	-1.399418555814885
5	18	-1.0833089187657667
5	19	-4.221215963534861
5	20	-3.8513410185648382
5	21	-2.7247426850224437
5	22	-3.419483972017447
5	23	-3.357706381578525
5	24	-4.393505255963848
5	25	-4.92381053586505
5	26	-3.6668883702949446
5	27	-1.6942687464192372
5	28	1.130276101481186
5	29	-6.012569394024068
5	30	-2.096075961861461
5	31	-4.115721534414097
5	32	-6.434146807140292
5	33	-5.6061887784503535
5	34	62.75170964985191
5	35	-5.458062137712506
5	36	70.38425776777193
5	37	-1.4203038988948766
5	38	-4.240390946646339
5	39	0.793328399981226
5	40	-1.3486891779162415
5	41	-1.2830560277522631
5	42	-2.5777257007947414
5	43	0.047607809144153836
5	44	-1.7842477005814579
5	45	-0.9676527056574699
5	46	-4.592241425473317
5	47	2.635529975010409
5	48	-1.6037011773823793
5	49	-4.894226010585132
5	50	-1.8696777397813538
5	51	-2.2183619504501353
5	52	-3.979821254613452
5	53	-8.432224805983664
5	54	-2.7719823577158893
5	55	-3.015165046298218
5	56	-2.711427933748767
5	57	0.720986021497665
5	58	-0.6311842637860674
5	59	-1.8637133047939634
5	60	-0.977951684282863
5	61	-2.4703842366243247
5	62	-0.8977974960782452
5	63	-2.775774135735194
5	64	-1.8207837589305154
5	65	-0.6850557092314515
5	66	0.5463090598168946
5	67	-4.031199323906468
5	68	-4.7098969987971575
5	69	-0.6085807921093749
6	6	NaN
6	7	2.79694737541934
6	8	3.844450270268972
6	9	1.4664891324499112
6	10	0.5631919200990634
6	11	-2.3206500583879746
6	12	-1.1693649232602876
6	13	2.514111459867084
6	14	-1.089443475849797
6	15	-2.1106554059340836
6	16	-1.513091873211714
6	17	0.16484329706479872
6	18	0.9740053872522674
6	19	0.19771919388654124
6	20	3.67769209196608
6	21	-0.86319957612782
6	22	-3.9641905428702313
6	23	-1.0825288173009866
6	24	3.870139394072871
6	25	1.095881427587785
6	26	-0.04941668734368182
6	27	2.8926818198644564
6	28	-3.3972536892920684
6	29	-2.8624711241432346
6	30	-2.6803342603316658
6	31	-0.3984930690929724
6	32	-1.1921062077296105
6	33	-2.0528935820797782
6	34	-1.536668340688409
6	35	2.4143693341105736
6	36	-1.4508966022222105
6	37	0.9546001188286087
6	38	1.571799964797327
6	39	-3.3944641690304285
6	40	3.0102920381175386
6	41	2.1702221169088847
6	42	-3.511379178556001
6	43	0.8172595428467512
6	44	-1.5234664888392007
6	45	0.6766547049073118
6	46	-1.3654828150742095
6	47	-0.9709370142762981
6	48	0.5768226584951286
6	49	-0.6632006994241618
6	50	1.8212931728903878
6	51	-3.112903344551768
6	52	5.390465374418679
6	53	-0.31600644426329166
6	54	-2.592693756839351
6	55	1.3467156918217633
6	56	3.9198099188218176
6	57	0.5984833029625
6	58	-2.660668979752017
6	59	1.9537891699592136
6	60	-1.52226384997421
6	61	0.6684765048688538
6	62	-0.5759350597040005
6	63	2.318436504153029
6	64	-2.464882738704836
6	65	-0.10926862220238005
6	66	0.1422590228336508
6	67	-1.7442323485353692
6	68	0.3084027735653747
6	69	-1.037495942649721
7	7	NaN
7	8	0.7227546991976885
7	9	1.9625202172571046
7	10	0.9765325516120326
7	11	-0.6785059828866964
7	12	-2.2545903201735475
7	13	0.141466549482204
7	14	-0.7313540154798145
7	15	-1.8913730036034677
7	16	-0.6088837400737223
7	17	1.439761399189145
7	18	-1.5484498393424553
7	19	-0.2782111484008178
7	20	1.132414522090834
7	21	-0.6700100774164012
7	22	-0.2821995349882224
7	23	-1.5898674680249365
7	24	6.870189245007419
7	25	-0.05380849947720984
7	26	-0.9651918405200127
7	27	0.6842048331906799
7	28	-0.5716006817449364
7	29	1.1047985602014996
7	30	-1.4019227904572238
7	31	-1.4156503268506622
7	32	-2.4487038350423322
7	33	-0.3175169706966014
7	34	-1.1854657059873384
7	35	1.455910137383942
7	36	4.417767203022773
7	37	3.4684226589905007
7	38	2.5900238286934782
7	39	2.4708731781727846
7	40	0.6747366542436439
7	41	-0.3217465918378724
7	42	-1.0440589567127438
7	43	-1.3994184039415019
7	44	-1.0716613702044961
7	45	0.22409381185546082
7	46	-1.5956026514803918
7	47	-2.770454386347947
7	48	-0.1020665669358558
7	49	1.1150719206743271
7	50	-0.9245708287486352
7	51	-0.7366992680410912
7	52	1.5081904541004667
7	53	-0.007307958066740563
7	54	-1.6767335140219792
7	55	2.315846464819152
7	56	0.5317033990690552
7	57	-1.7129389128871486
7	58	1.0187291858259555
7	59	-1.4235570583508077
7	60	-1.2469203712640018
7	61	-2.655314461998408
7	62	-1.2141668810112984
7	63	3.469380459905507
7	64	-2.2657495277905464
7	65	-1.8214634844663702
7	66	-1.0609583432581073
7	67	-0.18796475859919953
7	68	1.3049698331275146
7	69	-2.0427968990688457
8	8	NaN
8	9	0.5599530499020234
8	10	-0.1321731066374091
8	11	-0.8770356997167776
8	12	-1.7692202670463726
8	13	-2.5553857522944314
8	14	-0.016968427200245283
8	15	-2.899599465313821
8	16	-2.3051705847654493
8	17	-0.3826751743650978
8	18	-1.9924590868268057
8	19	-2.589551108483474
8	20	-0.15286670196353974
8	21	-2.7686339262565016
8	22	0.6700722344748558
8	23	-0.8167032779154867
8	24	2.213916881215529
8	25	-2.109268266244821
8	26	-2.2839428540151028
8	27	0.9195555817785064
8	28	-2.3779706241991128
8	29	-3.0365834327825905
8	30	-1.2563585199400493
8	31	-0.9179823745349726
8	32	-2.4956745112334535
8	33	-5.595293951971177
8	34	-2.113992139646849
8	35	2.6476257176690345
8	36	-1.2217672143712741
8	37	37.26405535136723
8	38	1.0928918037141628
8	39	-3.1381038913670776
8	40	1.4554135151399716
8	41	3.938125791303915
8	42	-2.670552316886199
8	43	-0.2556160999951323
8	44	-2.0197997565336583
8	45	0.13345851093810024
8	46	-1.6418038878737597
8	47	0.9435097908309367
8	48	-1.0587810927270183
8	49	-0.7141242191879597
8	50	-0.7858502904317081
8	51	1.1827635624348245
8	52	1.3286907723333867
8	53	14.682623434708669
8	54	-2.7687589292487935
8	55	0.4289578867372028
8	56	0.9589371292680682
8	57	-0.9891071160153074
8	58	-4.0610717342360205
8	59	-2.7550507503482597
8	60	-1.5735391543241983
8	61	0.8391262632639476
8	62	-0.7758703373509525
8	63	-1.1550884576955478
8	64	0.003747525562190358
8	65	-1.3570171953090444
8	66	0.03953603979920799
8	67	-0.6632957840265418
8	68	1.4380131834572931
8	69	-1.9504636594205664
9	9	NaN
9	10	2.808743144663055
9	11	2.3735262320158137
9	12	-1.102782460265817
9	13	-1.4650659080063215
9	14	-0.5971021301339622
9	15	0.46786857686182537
9	16	-2.076882676803414
9	17	2.4894865699790985
9	18	1.4061349520477506
9	19	-0.6008149222801852
9	20	0.9782809432840606
9	21	-1.14032882631691
9	22	-3.4561236668249453
9	23	-2.8794850722236527
9	24	1.4849990971686604
9	25	-0.935068486419469
9	26	-0.330147996366204
9	27	1.517488252025179
9	28	3.605993212862215
9	29	1.730839122993142
9	30	-2.7644954426381427
9	31	-0.8460050120824218
9	32	-2.2252385863301063
9	33	-1.8033338308130813
9	34	-1.539476354891042
9	35	1.1864086097003912
9	36	-0.701295399955268
9	37	1.7817601268978964
9	38	-2.005090245869273
9	39	-2.2774072636254297
9	40	2.9183216580025038
9	41	0.688337338870289
9	42	-2.2651660273851255
9	43	1.8943633229478216
9	44	-1.485717902569881
9	45	2.2772435619386835
9	46	-2.552180818019266
9	47	0.47108131664357605
9	48	0.807493462903302
9	49	4.231167343907577
9	50	-0.4423817936528055
9	51	-3.1818218910209906
9	52	2.796863098391657
9	53	3.179246221885653
9	54	-1.0076432563987328
9	55	0.3160854665477133
9	56	2.921469941411078
9	57	-2.0731616577671543
9	58	-3.2260757342131816
9	59	0.9933628176921993
9	60	-3.856312819280451
9	61	-1.8077178286232352
9	62	-1.8122017757414255
9	63	-3.4894667327096967
9	64	0.923484034200498
9	65	-0.26674894127304666
9	66	-3.7140249198591806
9	67	2.31176848202803
9	68	2.0968667039802265
9	69	0.5722011976262984
10	10	NaN
10	11	3.6220292950818194
10	12	-1.743646294448582
10	13	-3.8248163576256635
10	14	-0.7224315449413501
10	15	-0.5222788892155229
10	16	-2.6673673007391514
10	17	30.83951385693738
10	18	-2.349142547271607
10	19	-3.872565398718125
10	20	1.3165106364448698
10	21	0.030362648610719873
10	22	-2.16580356871184
10	23	-3.4894485873824386
10	24	3.4951081416745504
10	25	-1.5034309286627123
10	26	-2.2267331807807405
10	27	1.9879487397956046
10	28	-1.3635501377126082
10	29	-0.9955168506008623
10	30	-1.4390879393167226
10	31	-1.7288132330857848
10	32	-2.3804894025576284
10	33	-2.679233385715853
10	34	-2.695704686678913
10	35	0.46828188987807756
10	36	-1.8239723092830988
10	37	8.402914741714163
10	38	-1.051738723260836
10	39	11.480619422270664
10	40	-0.8085013936063843
10	41	-0.4218155736911272
10	42	0.2986737721304787
10	43	-3.7133376755512773
10	44	-0.9777819247134094
10	45	-1.4714566844450523
10	46	-0.9490801050435387
10	47	0.475735880063724
10	48	-3.8264423952307935
10	49	0.11556240767674016
10	50	-2.9329375149446473
10	51	-0.15558462333025205
10	52	-0.028488077327862002
10	53	2.590227716175524
10	54	-0.6111673767849461
10	55	2.2364195191114895
10	56	2.249228307853908
10	57	-2.3456563062134768
10	58	-4.535781764592302
10	59	-1.8799311686368483
10	60	0.9003546668890379
10	61	0.3883303918143634
10	62	-0.8504444655171206
10	63	-3.0869233693794507
10	64	0.7774201846605671
10	65	-2.603428144633686
10	66	-1.6124101824825847
10	67	-2.3440243619770786
10	68	-0.6373387037982771
10	69	-0.648530674146032
11	11	NaN
11	12	-1.789988631372148
11	13	0.062394059823649005
11	14	-0.575145902840822
11	15	-1.2083925481827689
11	16	-4.466596298114248
11	17	3.216913960067406
11	18	-2.2364109836292307
11	19	2.391217029002031
11	20	-0.5354692605657972
11	21	-0.5531297114392466
11	22	0.11466640441937087
11	23	1.9710758007014535
11	24	0.2599080915780755
11	25	-3.6493010862412865
11	26	-0.4821106388882866
11	27	-0.7399070773336154
11	28	0.8760274150405705
11	29	-0.9701996278257743
11	30	2.7363748554479503
11	31	0.33619646983465257
11	32	-0.12864534128258628
11	33	3.2841691269937665
11	34	-2.7992314807291936
11	35	-0.9706901379214121
11	36	1.9799609872448696
11	37	1.5810991894668387
11	38	0.19191028150941883
11	39	-0.7316825206741068
11	40	-1.9845340179904134
11	41	8.203758495918139
11	42	3.1697024972538506
11	43	-1.5646165277122968
11	44	-0.017101497579400837
11	45	-2.8913585178663332
11	46	0.7537926197953021
11	47	3.0075037582597144
11	48	-0.8424786135111934
11	49	0.31643683177328097
11	50	-2.1907315180050815
11	51	0.7111956058277246
11	52	-3.586928251489605
11	53	-1.5888632580495905
11	54	-1.1690049104883802
11	55	0.7417869110614235
11	56	0.6390072903987231
11	57	-1.4249215000191753
11	58	-2.3728338610883886
11	59	1.7927323317419264
11	60	4.2507292775499534
11	61	2.3832764228714653
11	62	0.05126295001736601
11	63	0.984158219197875
11	64	-2.511161527081775
11	65	-0.4369839850784781
11	66	1.438566645221205
11	67	1.3447548205212803
11	68	1.335506448843739
11	69	0.10006585075361361
12	12	NaN
12	13	4.309001288234064
12	14	-0.9181916499827655
12	15	-3.59513852992579
12	16	-1.864140727204772
12	17	1.7691149512865336
12	18	2.310380570276815
12	19	-2.1753697081295034
12	20	-0.7704334535640782
12	21	0.6027894898785884
12	22	-2.1582969798508875
12	23	0.9343229213729459
12	24	-2.1344433110284937
12	25	-0.16847946199128558
12	26	4.226985253106972
12	27	-0.03143352868174427
12	28	0.025244506515309465
12	29	-0.8841853647648352
12	30	-2.0620698032562634
12	31	-1.8699340402888676
12	32	-4.914753916725678
12	33	0.9757481645621157
12	34	0.994224371646085
12	35	-1.1865199635757726
12	36	-0.30127811611863875
12	37	-0.5534797119550894
12	38	0.5409257321900341
12	39	33.09888919107508
12	40	-2.87630505907097
12	41	4.234230455175523
12	42	-0.13001312836124862
12	43	4.24338949106398
12	44	0.5715444008622752
12	45	-1.1742225233496315
12	46	-0.742316394426278
12	47	-1.580045714765607
12	48	-3.8469394597824054
12	49	0.4320520263956417
12	50	-0.8794728512863748
12	51	0.44079614530958944
12	52	-5.328614115582502
12	53	-2.8232617081079456
12	54	5.532570176744487
12	55	-2.0730524778054296
12	56	-0.5352417090532969
12	57	0.16055345451706823
12	58	-1.495713002900478
12	59	0.21673758802978213
12	60	-1.9681968205523472
12	61	1.2826509644886492
12	62	1.78958275930848
12	63	2.616273546045498
12	64	-0.5971784421668055
12	65	-0.7155851074024933
12	66	-1.5149523968357133
12	67	0.6162643290082338
12	68	1.0541901070786266
12	69	-0.7658722002610491
13	13	NaN
13	14	-0.285850467549642
13	15	-0.4297257717063966
13	16	4.620787172067835
13	17	-2.7747339350812474
13	18	0.28132557756685284
13	19	-3.693127182209692
13	20	-0.3096432407694582
13	21	-3.0597716658033125
13	22	5.499756997655711
13	23	-2.0778019568681487
13	24	-2.2752365240402144
13	25	4.25785173208934
13	26	-3.2292172934199894
13	27	-0.8866269941815359
13	28	-0.6539516581248441
13	29	-1.1722415386593459
13	30	0.029771948283673983
13	31	0.2927519282438401
13	32	-2.0868628951340695
13	33	2.2960900322325863
13	34	0.9839794358855506
13	35	-1.781174525846519
13	36	-1.3607341116334355
13	37	-1.5519660195546272
13	38	-1.3160880951751939
13	39	0.4219554194527247
13	40	-2.258653685338109
13	41	3.9746857397117954
13	42	2.9571590295551626
13	43	-0.30576626409204866
13	44	0.3797667583306536
13	45	5.840850216853047
13	46	-1.6770087809485674
13	47	1.6478764341056853
13	48	5.397697776340235
13	49	-0.4067248470941956
13	50	2.4418002578135476
13	51	2.46176656146942
13	52	-3.201124044830763
13	53	-2.307987342742011
13	54	0.3345684282785396
13	55	-2.3170032505555063
13	56	-2.946414188510705
13	57	-1.5529709284643993
13	58	0.1548420143490902
13	59	-3.358518478539192
13	60	2.6164817741482227
13	61	-1.8732091055811997
13	62	-2.058689627730528
13	63	4.182402823748174
13	64	5.462677315656147
13	65	2.3352102256081686
13	66	-2.039845528170236
13	67	-1.3008640923353807
13	68	0.49663024333349853
13	69	1.9797008554411042
14	14	NaN
14	15	3.447817463166168
14	16	-2.1285288144594734
14	17	-2.5042930306115747
14	18	1.1603738611757712
14	19	-1.1024863803573564
14	20	-0.4575440319893418
14	21	-0.11060064933647902
14	22	1.6955622558720396
14	23	0.33516781731290546
14	24	1.546936244436078
14	25	1.5450958916250142
14	26	3.637771320674612
14	27	1.7610729996099899
14	28	-2.5182495553447164
14	29	-3.613572134141837
14	30	-1.6075736935461846
14	31	-1.7738598887003592
14	32	-1.1772746554936313
14	33	-2.440756095512475
14	34	-2.2622858983419007
14	35	-0.027062312239921265
14	36	0.9630377086140712
14	37	-0.16327374483249837
14	38	-1.8086865363638045
14	39	-1.9463281078876389
14	40	0.14376706807313658
14	41	3.0915073241076647
14	42	0.14378068053903872
14	43	0.49121676512422124
14	44	1.5545940846836883
14	45	-0.4972875236315399
14	46	-1.176237948982121
14	47	1.3425955301266521
14	48	2.7297231652176266
14	49	-1.1051843631216351
14	50	-2.3427422015437074
14	51	-0.5918088700471109
14	52	10.916246126337864
14	53	6.928990467398296
14	54	0.3616155167826294
14	55	-1.8386991001099493
14	56	0.9232871871841553
14	57	-2.510661564457511
14	58	-1.4316517507013247
14	59	-0.6822278299232138
14	60	2.6656290837023784
14	61	0.8469084754426665
14	62	-1.9800921279125148
14	63	2.433336778312999
14	64	1.0392234628826096
14	65	0.10876027294852383
14	66	-0.712123101310896
14	67	-0.5242992563680479
14	68	0.09093117573774233
14	69	-0.9223201819120159
15	15	NaN
15	16	4.722255171533854
15	17	-0.17457170304008549
15	18	1.8544732675231286
15	19	-1.027036213740676
15	20	1.6575895490651704
15	21	-1.7557382291072952
15	22	1.8057122462107362
15	23	0.013167967205787568
15	24	-1.6601748029612926
15	25	-1.9398587249976822
15	26	1.1252376213047957
15	27	-2.465838533641423
15	28	-1.367651619517881
15	29	4.802258693037452
15	30	2.134801331148766
15	31	0.4584956553038196
15	32	-0.2574180699894529
15	33	0.14088820365430263
15	34	-5.855150269147118
15	35	-0.8425580546882019
15	36	-4.709173915479095
15	37	-1.976457058238651
15	38	4.505242456067595
15	39	3.7001583873370856
15	40	-0.6293157813569383
15	41	-4.234757895345338
15	42	-2.838274171582759
15	43	1.2155373467846864
15	44	1.0490563739097378
15	45	1.2770790619010917
15	46	2.3036385621278326
15	47	-0.1985071983792816
15	48	0.021082075513042933
15	49	-1.3992511637629328
15	50	0.8137166424573714
15	51	3.288345229694805
15	52	-2.8180180059430113
15	53	3.7202035647170764
15	54	1.3112987908931892
15	55	-0.9067581773882616
15	56	-3.416869513798169
15	57	0.13379962032636034
15	58	-0.12592533810595338
15	59	-0.750781928277177
15	60	4.293335152769871
15	61	-3.8305544116291275
15	62	2.2996684826330855
15	63	1.5412806615157193
15	64	2.5962459593238796
15	65	7.199052427268586
15	66	3.046799950927215
15	67	0.5255150051846558
15	68	1.891093265279938
15	69	1.2183174298251462
16	16	NaN
16	17	-2.0534951041874607
16	18	5.214648803813129
16	19	3.3955662911220283
16	20	-2.6020302356350427
16	21	0.34516459617116957
16	22	2.481487756374618
16	23	0.649312654769458
16	24	-3.0012152828687673
16	25	3.661480848746693
16	26	1.6701544659696104
16	27	-2.096585956811216
16	28	0.2328750134828774
16	29	2.0976677606237604
16	30	0.21877941568573284
16	31	0.19671676005810354
16	32	-0.05325810265977755
16	33	1.8149522403289242
16	34	0.5155089397988503
16	35	0.013013224151424006
16	36	-2.992913269733402
16	37	-1.1390853653348916
16	38	1.4631103270764418
16	39	-3.0016382239698336
16	40	-1.969975321990181
16	41	-1.5264920017692964
16	42	-0.2024008675433373
16	43	0.4922284663522239
16	44	-1.6060484306443896
16	45	2.1661950813512685
16	46	2.9450107611106047
16	47	-1.8283881546170646
16	48	10.921012119585129
16	49	-0.7214879090055543
16	50	1.7913804020714414
16	51	2.1427096719849206
16	52	-1.1308266810567666
16	53	11.273058774165603
16	54	0.09436052763319368
16	55	0.058260266488698455
16	56	-0.44508654387506574
16	57	2.5333777255078997
16	58	0.9789587955434804
16	59	-2.675779157237539
16	60	1.36434630403524
16	61	-0.9000920550782432
16	62	0.05020713903458702
16	63	0.47518525561252184
16	64	-3.3343156562995273
16	65	-0.7207773092921476
16	66	-3.0329853690323634
16	67	1.6671430584827698
16	68	0.5456236476978269
16	69	-0.38890779560945754
17	17	NaN
17	18	-2.4625118695345636
17	19	-3.8887891524006077
17	20	2.738422440662378
17	21	-2.4163964128957205
17	22	-2.815527592559832
17	23	-1.2852563067735892
17	24	3.831856896310536
17	25	-0.7870214639173876
17	26	-0.7087235773466216
17	27	1.5415404523181886
17	28	-1.4848720782431968
17	29	-1.8995536208362593
17	30	-2.8111336964699047
17	31	-0.8332247614083579
17	32	-1.9252626879342358
17	33	-1.8395689385023783
17	34	-3.3187625741847455
17	35	3.107332027751767
17	36	-2.089218269211503
17	37	1.0679718175391053
17	38	2.276636329471569
17	39	-1.3699078470217962
17	40	-0.1364768817219718
17	41	0.7532302665202713
17	42	-1.7645029201772575
17	43	-1.3234935640104009
17	44	-2.622941992117678
17	45	-3.230389205124742
17	46	-0.4321334782699914
17	47	-0.6705527677242235
17	48	-0.6926248192108418
17	49	-1.0954137683217515
17	50	-2.853810901126154
17	51	-1.9245678036317633
17	52	6.143756854172671
17	53	3.7752481694746574
17	54	0.5655270158540104
17	55	1.458478678103326
17	56	1.6143751975140939
17	57	-1.0561762083488069
17	58	-2.621292055214665
17	59	2.025557482211384
17	60	-0.9703343326498188
17	61	0.346906711208776
17	62	0.5433074069173301
17	63	-2.127516573367413
17	64	-1.2838827657133434
17	65	-0.3073766574417452
17	66	-0.43241453088844084
17	67	-1.1496971333037838
17	68	-2.590415793630566
17	69	-0.8774246110461305
18	18	NaN
18	19	12.59113725598682
18	20	-1.8793909756868485
18	21	0.4553831660831222
18	22	3.5803582334320865
18	23	-2.397318700119797
18	24	-2.687821891285793
18	25	3.5436267888225417
18	26	1.8995361450815513
18	27	-0.9845593654733511
18	28	1.2266890946927245
18	29	3.5976174819326925
18	30	-3.288443947406081
18	31	-1.7794393765800376
18	32	-2.9073584997468642
18	33	0.338162250728746
18	34	-2.2783404738038766
18	35	-3.3484132440067933
18	36	2.4768198509327632
18	37	-3.126502923758045
18	38	-0.11857970008109052
18	39	-2.5334272649584397
18	40	-1.7464050347445077
18	41	1.7269065931827223
18	42	0.22537788750746987
18	43	-1.9819975975953932
18	44	0.6638424370665161
18	45	-2.861009244051208
18	46	-2.2047195712861534
18	47	-1.3562477918418707
18	48	4.114060454283914
18	49	0.49150722231822197
18	50	3.527687724178068
18	51	-1.1279728896920709
18	52	0.8428514549722419
18	53	0.3197372103761558
18	54	-0.5141588178617442
18	55	-2.200116924720827
18	56	-0.9667147172576822
18	57	2.3328757108309923
18	58	0.1735507010364892
18	59	-0.27110042912930854
18	60	-0.13468984594676287
18	61	0.6909549614438122
18	62	-1.3574333301689046
18	63	4.147025316580819
18	64	1.6582687789818662
18	65	1.3366632359337838
18	66	-3.9861175622144422
18	67	0.9297581292932593
18	68	-0.49210528931149705
18	69	-0.7799341238493508
19	19	NaN
19	20	-0.6368231917333831
19	21	2.877003377896108
19	22	0.37098591003016734
19	23	32.76120142679877
19	24	-0.7757208295103735
19	25	0.2187352551259038
19	26	1.5244493301229334
19	27	0.30445931495463535
19	28	-0.971443540008959
19	29	-2.953228957172741
19	30	-1.4518856205918829
19	31	-2.3502596393259396
19	32	-1.112955164665327
19	33	-1.8201216507436315
19	34	-4.327514438094459
19	35	-3.3687039161927617
19	36	-1.9926112596594707
19	37	-5.939214948089616
19	38	-0.8893171222532125
19	39	0.010510118280146228
19	40	3.586708448713611
19	41	-3.532575113308087
19	42	-1.7391848573603146
19	43	1.2410367632761254
19	44	-3.098754670068838
19	45	-0.6373424032295351
19	46	5.06430144635445
19	47	-0.7341157556189613
19	48	2.1090697495230644
19	49	-2.012405570625447
19	50	3.329967090809418
19	51	2.507091119572983
19	52	1.026455782744872
19	53	-1.1580330673141452
19	54	2.327565245215168
19	55	-2.1121853549548293
19	56	-0.9693111681785199
19	57	3.04647966894343
19	58	-1.1902007182516454
19	59	3.2967138791593156
19	60	1.2353309919265683
19	61	-3.2766921441381185
19	62	-2.3725260598034903
19	63	1.2139754086958114
19	64	-4.367078529847893
19	65	-0.9983310752531152
19	66	-0.4943556777832755
19	67	-1.8191288954421712
19	68	-0.4114011238313708
19	69	2.427778237076117
20	20	NaN
20	21	0.5155649310445437
20	22	-2.4452156981015345
20	23	-1.471950778364264
20	24	5.077242974985864
20	25	3.0693779616694377
20	26	1.681155316267709
20	27	2.2112361529153897
20	28	1.6585070523331444
20	29	-0.7314959424568142
20	30	-1.5868534400803522
20	31	1.8522299445386181
20	32	0.19181607341974097
20	33	-0.5233554978335825
20	34	-1.2652793249850034
20	35	3.692249060748164
20	36	-4.048964268742845
20	37	-0.23489034445583556
20	38	-0.46928845573597705
20	39	-3.296979299064595
20	40	0.2656958020373527
20	41	1.4469870124845383
20	42	-0.14752067501529273
20	43	2.476775129119902
20	44	2.0266042389433228
20	45	-2.5138349870100205
20	46	-1.2568247577305507
20	47	-1.538953795183759
20	48	-0.6538041582950396
20	49	0.15861885744649312
20	50	-2.394074543268629
20	51	-1.454437234452318
20	52	1.6459830700776106
20	53	6.70623575609021
20	54	-1.1443139329918826
20	55	2.6360318171359323
20	56	2.745062783964462
20	57	-0.09615877307899823
20	58	-0.8451450655666354
20	59	0.7112531913417294
20	60	-0.9051212161899341
20	61	-1.8516060657883493
20	62	-0.4835327416588396
20	63	-0.980246354993196
20	64	0.8447044051141895
20	65	-1.134393541785083
20	66	-0.36768303346507963
20	67	-0.8491929611916651
20	68	-1.9222926075212465
20	69	-1.3866586549109325
21	21	NaN
21	22	3.345884878990896
21	23	0.6944755397071082
21	24	-2.7801494697044795
21	25	2.212786345929199
21	26	2.0576626178424355
21	27	-1.9917875978458333
21	28	2.6375802252892395
21	29	-1.4303443131534008
21	30	-0.39220506506263475
21	31	0.48152074634966713
21	32	0.7098779542216598
21	33	5.485307555054705
21	34	-0.8356452500809248
21	35	2.8006833670832023
21	36	-1.7180280149233578
21	37	-1.6337155943801673
21	38	-0.767856876273708
21	39	-1.3640234757997527
21	40	0.1215573536616804
21	41	0.6147676876779088
21	42	1.8213243628166575
21	43	0.93827081894282
21	44	0.05837550440482856
21	45	0.28014862251867495
21	46	0.16883555066310338
21	47	1.3847784758197332
21	48	-0.2266100602364358
21	49	-0.20463891325171624
21	50	1.9027200843215877
21	51	-1.1563089216716536
21	52	1.467122142569395
21	53	-1.9248415431281185
21	54	2.2854649419803925
21	55	-0.319052153730622
21	56	-1.4200417121441622
21	57	1.9522105683770758
21	58	0.6248359344659296
21	59	0.9272016874110269
21	60	-2.8564512168968097
21	61	3.017397943111671
21	62	0.0534243756439963
21	63	1.6157244881923645
21	64	-1.2890796869028303
21	65	-2.251711189477849
21	66	-1.0802554504103619
21	67	-2.0570521957458148
21	68	-0.42936945967088813
21	69	2.3823648515368703
22	22	NaN
22	23	-1.2319434112996595
22	24	-3.112124617562571
22	25	1.9243178095467828
22	26	-2.227622292284969
22	27	-1.1881658795321004
22	28	-2.846489633533173
22	29	1.299490736766804
22	30	2.7804012354093635
22	31	0.49476746585764037
22	32	4.449256126360189
22	33	-1.6090068186610393
22	34	-0.40594734127159626
22	35	-1.047855921987669
22	36	-1.305703897214771
22	37	-1.9849585821813278
22	38	-0.052742881782003266
22	39	-0.14756713426952117
22	40	-0.6835586437359117
22	41	0.5588506858922718
22	42	0.43671136027447705
22	43	3.9074376007042098
22	44	3.0280077121906257
22	45	0.018338025188646894
22	46	2.570969333899211
22	47	2.1642169644184786
22	48	-2.0966732282783824
22	49	-2.610527857802628
22	50	-1.906006953000277
22	51	0.5131912918185385
22	52	-3.4111730650310212
22	53	-2.0791831309887394
22	54	0.4378477330182667
22	55	1.2462992158329755
22	56	-1.5521250179591746
22	57	-0.9562111390253748
22	58	1.626677553949272
22	59	-1.7663838034089199
22	60	1.7893577064167008
22	61	2.661080535061537
22	62	-2.787404203123254
22	63	1.8593893612631074
22	64	0.19598468480386422
22	65	3.228468777282305
22	66	-1.436932909902379
22	67	2.6957706565105037
22	68	0.7272656767008207
22	69	3.0417253624486156
23	23	NaN
23	24	0.16077377825525804
23	25	1.0707799747280204
23	26	-2.0498156007181745
23	27	1.8845034697553336
23	28	1.8880067937985379
23	29	0.7763538583784451
23	30	0.8530037512215108
23	31	-2.8436493981538553
23	32	-1.1562756764232334
23	33	-0.5171658186401542
23	34	-0.3855033435426158
23	35	-1.8160267672878754
23	36	-3.148388572651676
23	37	-2.772484024593097
23	38	-2.5136854458336777
23	39	-2.4965796347089335
23	40	1.068753469897764
23	41	-1.0153329666796527
23	42	-0.9101761488698887
23	43	0.6432185527030978
23	44	1.570957408137466
23	45	0.1713839631157347
23	46	-0.9134585061055303
23	47	-0.2165729208287753
23	48	0.16787440903313075
23	49	-2.733797384467902
23	50	1.5384981243822928
23	51	-0.18890763083380735
23	52	-3.730740838025346
23	53	0.20040336395588085
23	54	1.7076193456166144
23	55	-0.2826436845359694
23	56	-1.8072997016710397
23	57	1.5703066898744646
23	58	-0.44162485523082584
23	59	-1.8803669169476942
23	60	3.6967557775137942
23	61	-1.929663397554032
23	62	1.9445405021546012
23	63	-0.6864156950833943
23	64	-1.1110770330145663
23	65	1.059523083109709
23	66	0.4685821920122088
23	67	3.1182171814947126
23	68	2.3208965105966777
23	69	-0.5108901524121138
24	24	NaN
24	25	-3.429023728907651
24	26	-2.365319328857666
24	27	1.5207884967213856
24	28	-0.5909464946089267
24	29	-1.7916298603491991
24	30	-1.4146973732296082
24	31	-0.5251239229967339
24	32	1.2396001283888862
24	33	-3.6278838459280953
24	34	0.5697785844445189
24	35	4.872949141132007
24	36	-1.8935089724021417
24	37	3.7317231657834053
24	38	0.961898873954736
24	39	0.03263598907241755
24	40	4.184704251263612
24	41	2.7748473675464056
24	42	1.3259943482226708
24	43	0.4457580946275111
24	44	-0.7731799315790607
24	45	-3.1789861876482957
24	46	-0.13153847104172897
24	47	-1.0496631006309294
24	48	-2.9921871344023794
24	49	-0.32761083395489826
24	50	3.4275536302255603
24	51	-2.3753014952603477
24	52	2.4115597377512237
24	53	1.153981856949259
24	54	-0.6787927187191715
24	55	5.418994257595343
24	56	2.8846585933301734
24	57	2.680738064768639
24	58	-0.5072814600971152
24	59	-1.7124609186024502
24	60	-1.1695596182640846
24	61	-1.4662055676707526
24	62	-2.733661405931996
24	63	-2.7007664116253522
24	64	-4.1206396597225305
24	65	-1.943578647341064
24	66	1.2089740698585318
24	67	-4.643290228733037
24	68	-1.9023772497818408
24	69	-1.648566638212818
25	25	NaN
25	26	4.245907265222386
25	27	0.36164935460461684
25	28	4.914402877928727
25	29	1.349995890138664
25	30	2.746435425708062
25	31	-3.2930491891552265
25	32	-0.9526523105306626
25	33	4.748593604225224
25	34	-2.6049374485293897
25	35	-1.6524839685488875
25	36	2.6894285272675442
25	37	-1.4937899198106113
25	38	-1.5003504843865076
25	39	-0.5317934042702055
25	40	-0.9702102210306868
25	41	-0.6517102444159847
25	42	0.6785978209559035
25	43	6.97289576452875
25	44	0.0040333464692430465
25	45	1.8805527095650312
25	46	3.074584482100273
25	47	-3.5826140868561374
25	48	-0.045881200841963586
25	49	0.6748236118441496
25	50	2.1121242732233414
25	51	2.202996017062415
25	52	-0.4245088617603993
25	53	-1.3961292785204946
25	54	1.187827336901246
25	55	-2.290583189175294
25	56	-1.3010150358667554
25	57	2.2118805320135073
25	58	-2.348430285583811
25	59	0.3223881428733371
25	60	-3.8099944334575486
25	61	-1.2790079847226563
25	62	1.956889209472706
25	63	0.39785581848597334
25	64	0.6105523147592219
25	65	1.4607158718617959
25	66	-2.6333670212455877
25	67	-0.275654885706424
25	68	0.6053893707792715
25	69	4.697089689584866
26	26	NaN
26	27	0.3609053160270966
26	28	3.127791089292834
26	29	2.5990203488137302
26	30	1.1950796152484031
26	31	-0.698615928820446
26	32	-2.2872555510950914
26	33	1.992202873060241
26	34	-3.6907543344467433
26	35	-2.088165188398857
26	36	-2.9419859269676096
26	37	-0.6482907666491052
26	38	0.9771419222352639
26	39	0.41009959567308973
26	40	0.6879099534985345
26	41	-1.2725564731421373
26	42	2.2504029659430285
26	43	-1.137528552054947
26	44	-2.0589756060780697
26	45	1.7894895846457124
26	46	1.0771479832282684
26	47	-0.7604633365325391
26	48	-0.49213854130998447
26	49	2.3965879650657054
26	50	-1.6277017829066616
26	51	-0.5377410013704239
26	52	0.033078242499358715
26	53	-2.8583599408152716
26	54	-0.7301972216435978
26	55	-2.27999361732694
26	56	-2.3341942617781073
26	57	0.053783674589973976
26	58	1.317773839413462
26	59	0.5012715297755361
26	60	1.4586301940346669
26	61	0.06332555670617049
26	62	0.9306378299064587
26	63	-1.41981640677224
26	64	2.0630600876019196
26	65	-1.0041521617147748
26	66	1.031999281306918
26	67	4.045645954409304
26	68	2.5783227075350332
26	69	0.7390675423242546
27	27	NaN
27	28	2.4089710202963044
27	29	0.7247533515836729
27	30	-2.093379360614903
27	31	8.714256135077019
27	32	-2.7850754996773817
27	33	-1.9123109782799592
27	34	1.0083587298029082
27	35	1.6630726466749939
27	36	-1.4013066325700332
27	37	0.42902523374807394
27	38	0.9109369852943658
27	39	1.4191746722613972
27	40	1.7944705796892064
27	41	1.5392386658039785
27	42	-2.6531240313119246
27	43	-3.1781254164611794
27	44	0.24352635382965224
27	45	0.6604099932286168
27	46	-2.1574720661755866
27	47	0.7388390740994834
27	48	-2.359227142169362
27	49	-0.8500188480954897
27	50	-0.9884162556724709
27	51	-0.093435152119884
27	52	1.613070798814972
27	53	0.38588882768173927
27	54	-0.5146355370887845
27	55	1.7062065346677686
27	56	2.1034003653818782
27	57	2.022047706923899
27	58	-2.6853169932640037
27	59	-1.5388717624750683
27	60	0.9741727642784745
27	61	-2.36288942781572
27	62	-1.7043435923453507
27	63	-1.787859417233155
27	64	-1.171461259434951
27	65	-2.947833454614161
27	66	2.5199035643445478
27	67	-0.2585791616616929
27	68	-2.2056772577201804
27	69	-0.07168849749759165
28	28	NaN
28	29	4.682478926259264
28	30	-2.211857323698706
28	31	-2.175364241883894
28	32	-0.8422353911702312
28	33	-0.40141747984121035
28	34	1.777029881192125
28	35	-0.7283118459562912
28	36	-4.818304352730653
28	37	-2.605206586625639
28	38	1.3715594627397996
28	39	-0.4366814478870615
28	40	2.1157395218489294
28	41	-1.2327455174374158
28	42	4.95381357814418
28	43	-1.6236529792997259
28	44	-0.2061361924271129
28	45	-0.7108357549713502
28	46	-0.046920988815526504
28	47	-4.409049479995804
28	48	-1.7566899220061905
28	49	-0.6689622765854666
28	50	0.44895402166688225
28	51	0.048066139435635834
28	52	-1.5053298579594512
28	53	-2.7480626351377713
28	54	-1.823629002612447
28	55	-0.655086458570916
28	56	-0.653743339522165
28	57	0.46075241863972555
28	58	3.8845445599210646
28	59	-1.9979246106050639
28	60	1.1246263841558186
28	61	4.852147772329269
28	62	-1.354504376100826
28	63	-1.046195006389173
28	64	3.6757226613453886
28	65	0.5981940305412756
28	66	2.6593785140020993
28	67	1.8516283663527633
28	68	2.2386413135278795
28	69	2.0991753813791183
29	29	NaN
29	30	2.9386595015185355
29	31	-1.7204592663959175
29	32	6.903650737603633
29	33	-1.7886751892344503
29	34	-4.4662456590648185
29	35	0.24238289446822558
29	36	-2.1408715394391886
29	37	-4.036974008653826
29	38	0.4548757435280745
29	39	-0.20586510887987342
29	40	0.003994650770085848
29	41	-1.8676626988722882
29	42	-1.2614415282209794
29	43	-1.5157246432513298
29	44	-0.6477169955523153
29	45	3.9608562584724227
29	46	-1.2550519917588663
29	47	-0.40971709118661265
29	48	4.056856524345598
29	49	-0.8771008891276583
29	50	2.424294211601166
29	51	2.318645112502201
29	52	0.717298676448408
29	53	-2.7294560665320353
29	54	2.789798618274818
29	55	1.5681387870081576
29	56	-3.86325811377375
29	57	1.968460198240573
29	58	1.3864578944140042
29	59	-5.494046746206502
29	60	2.7366130298367914
29	61	-1.9402467468720657
29	62	3.6504066102291395
29	63	0.9973415743597372
29	64	0.2395577974365943
29	65	-3.1978984916039805
29	66	0.4861303571186737
29	67	1.6808073159285406
29	68	2.5128836796341143
29	69	3.6004678483180963
30	30	NaN
30	31	2.7349107613223085
30	32	-1.5975042932209638
30	33	2.653507788095122
30	34	1.0315141423661154
30	35	-1.7152930545472131
30	36	2.0438227971960763
30	37	-1.4157182748368555
30	38	-2.175264441050635
30	39	0.20493726723243427
30	40	-1.6542437001106194
30	41	0.17666263878276597
30	42	1.250526794092599
30	43	-0.9714966358956791
30	44	0.3427123871939133
30	45	2.335848379860028
30	46	1.1658094181096714
30	47	1.2399655332161312
30	48	0.553083831272116
30	49	-0.8283837483440019
30	50	7.466539848951372
30	51	-2.200003207820492
30	52	1.552340118534321
30	53	-0.1306209886088819
30	54	2.6797298213537912
30	55	-0.8001292182209003
30	56	0.5476082075213898
30	57	0.02077603286140936
30	58	-3.3959628408880844
30	59	0.3841648911714651
30	60	1.88170203802093
30	61	0.4155281967263975
30	62	2.062083790239176
30	63	0.15321989467404012
30	64	1.3952253020456098
30	65	-2.033780189684768
30	66	1.9130473584764522
30	67	2.2397663513664265
30	68	2.5532896935876215
30	69	-4.528992771947847
31	31	NaN
31	32	3.2739803287331597
31	33	-0.1912403197354188
31	34	1.4675813381522853
31	35	1.771249788851407
31	36	-0.6487000838833692
31	37	-0.25424736741473136
31	38	0.09946503368655166
31	39	-1.8397249916583425
31	40	1.1694773012170354
31	41	-0.5375517687780038
31	42	2.6068085145546442
31	43	2.988270002198381
31	44	1.1323785061226344
31	45	-1.6909069236053444
31	46	0.9758457401500674
31	47	-2.024366345470457
31	48	3.3878981775265116
31	49	0.8747408194106719
31	50	0.7606807833394457
31	51	1.3072208729165062
31	52	-0.9157398458660958
31	53	0.6073545490452794
31	54	1.0690116951516782
31	55	-0.27961157853864316
31	56	-0.3030081891807195
31	57	-3.163551148419129
31	58	-1.5741570171545363
31	59	0.059969265933213785
31	60	0.27607889196916835
31	61	4.617560022891388
31	62	0.18733190860284019
31	63	-1.8565460957372217
31	64	1.3360070622880151
31	65	2.3999536169189484
31	66	2.6393321395078604
31	67	-1.1938385872364723
31	68	-0.23413518971065858
31	69	-0.6648568372505693
32	32	NaN
32	33	1.5827847121082417
32	34	1.012980825809603
32	35	-1.6460332424369535
32	36	-1.1673560839853885
32	37	1.9973306131583428
32	38	2.129997142524331
32	39	1.5506461478005307
32	40	-2.33139323907905
32	41	0.5722883575180268
32	42	-1.268259983853849
32	43	-1.1624896464454324
32	44	1.5210285627763886
32	45	3.5918105661777626
32	46	1.9967178796491236
32	47	1.4218510090421266
32	48	7.588448202893587
32	49	-0.9574547115554572
32	50	-0.1308502053446603
32	51	1.2041192859372298
32	52	2.8181624089209882
32	53	-3.1127066683139386
32	54	-4.202393338964252
32	55	-1.0375318728956269
32	56	-2.109848930944224
32	57	0.15462614399900007
32	58	3.32395620870047
32	59	0.951322249111545
32	60	3.2822140645673024
32	61	-1.581665793810521
32	62	-0.6714387435983719
32	63	3.222709748926002
32	64	0.6457909918993329
32	65	1.989562939747294
32	66	-1.5065077633834723
32	67	2.677466490632631
32	68	2.027508300006046
32	69	4.653808108606243
33	33	NaN
33	34	-3.1804050004275193
33	35	-1.4448692096405993
33	36	-2.0746459428185093
33	37	-3.9164806076882557
33	38	-0.6029487900552358
33	39	-0.3777543888268263
33	40	-1.4404246216538277
33	41	-1.8078362478215881
33	42	0.27248787106899297
33	43	-1.2168190782445159
33	44	2.852033365267128
33	45	8.104836740962202
33	46	-0.12716451903638612
33	47	1.6986475240440446
33	48	-0.13832858880276716
33	49	-2.1535461330919827
33	50	2.5795193187327783
33	51	3.2228399848804075
33	52	-3.067033955729384
33	53	-2.1570334396990067
33	54	0.8651895041504871
33	55	-2.5433799810119346
33	56	-0.06241109528805656
33	57	2.4092985664043205
33	58	1.2135658919467391
33	59	2.460892555651071
33	60	-0.6152619246236882
33	61	0.086200214737202
33	62	0.6222744829644169
33	63	2.0609257096354403
33	64	1.6631269496321262
33	65	-2.411035890095727
33	66	3.716818068570023
33	67	1.434748416507622
33	68	0.4001798304780605
33	69	2.270387963641652
34	34	NaN
34	35	0.5230366013900909
34	36	7.937566851530189
34	37	-2.210982588258921
34	38	-5.993299184144741
34	39	-4.255322138464619
34	40	1.1708509838396157
34	41	0.14148740635315166
34	42	-0.8181017360786159
34	43	0.9408671630166944
34	44	1.5860182409775625
34	45	0.016607479148935407
34	46	1.4954697777493235
34	47	-3.856556506315968
34	48	-3.346151559315964
34	49	-1.2793392475103245
34	50	-1.3694484479627775
34	51	-2.7956360765362605
34	52	-4.043245108725096
34	53	-1.2429076929946137
34	54	-2.505120392697421
34	55	-1.3373228173780531
34	56	-1.0071761316939691
34	57	-1.050547681362498
34	58	0.12007787783314454
34	59	-2.1775560643929635
34	60	2.140160059108164
34	61	0.8118475656242562
34	62	-1.522603876624185
34	63	-1.1339302665025088
34	64	-1.8759294764651988
34	65	5.761780979654708
34	66	1.2602110192812621
34	67	-1.833344667718924
34	68	-1.547170567812173
34	69	0.7522993778965285
35	35	NaN
35	36	-3.182709112922114
35	37	1.3891159346764788
35	38	3.718647578907705
35	39	-0.1958168645038315
35	40	2.3953343378842877
35	41	3.9120481524089694
35	42	0.3559807739964159
35	43	2.1699362710296657
35	44	0.07417481281931114
35	45	-0.4991029447712315
35	46	-2.1813794610339152
35	47	1.693764726978902
35	48	2.067100394796584
35	49	0.34560638150392436
35	50	-3.8907379889690192
35	51	-0.8510915483499762
35	52	3.816820717664054
35	53	4.630417316974752
35	54	0.47967630946021234
35	55	1.6550387319000426
35	56	1.3508601907745899
35	57	-3.034401096863239
35	58	-2.0726977321786055
35	59	-2.052710420767797
35	60	-2.6175770615364398
35	61	-3.0889766543635035
35	62	-3.077445671061272
35	63	0.2270120591694849
35	64	-3.3905295094053356
35	65	-1.0102263865618115
35	66	-1.856525288062594
35	67	1.0856182717797276
35	68	1.4177553502207696
35	69	-0.7694944312485185
36	36	NaN
36	37	-2.713415084204993
36	38	-2.229798989875588
36	39	-2.000299767561157
36	40	0.8888228655229731
36	41	-2.0127362071714163
36	42	-0.11743123376313458
36	43	-1.3764423678346067
36	44	-0.16996659591468952
36	45	-4.8790554317203085
36	46	-1.9310221268164176
36	47	0.08467460034503665
36	48	-5.346538421280583
36	49	-1.4046230994131617
36	50	1.0860392714997271
36	51	0.20084599964401134
36	52	1.4323295270819913
36	53	-2.252391350838613
36	54	-3.6476667494741544
36	55	-0.433542635181069
36	56	0.4418855586043851
36	57	-1.929593988763485
36	58	0.058565744380811344
36	59	0.5552297923992419
36	60	-0.7842519098770445
36	61	2.3751466036528344
36	62	1.348912995211791
36	63	-4.18249248538904
36	64	-0.18770605801342427
36	65	-1.5534751116461603
36	66	0.2307864251824882
36	67	-1.9443050061518043
36	68	-3.15425862999568
36	69	1.0762663620455202
37	37	NaN
37	38	2.7082084301625278
37	39	-0.6264998246487176
37	40	1.9077956451274731
37	41	-0.46962646062571917
37	42	-1.9434640744430278
37	43	-1.1376818516697682
37	44	0.16063182245909247
37	45	-1.419785261523754
37	46	-1.0822908323417997
37	47	-0.4046829543951972
37	48	-0.12873692896275019
37	49	0.44539618171033313
37	50	-3.178123136024337
37	51	1.333844696654243
37	52	-0.10763341364159668
37	53	0.07894357255877132
37	54	-1.3839391541717325
37	55	2.814418720613799
37	56	1.8608621232016929
37	57	0.42606309047376834
37	58	-2.0568885747426573
37	59	0.10904565588010547
37	60	-1.6390365690454518
37	61	-1.4047840422839342
37	62	-0.7738652484551825
37	63	-0.7219048741444654
37	64	0.20583870591867562
37	65	-2.1971611272105136
37	66	0.4373106985326413
37	67	-3.259974127609592
37	68	-4.018830088946214
37	69	-3.6118170321971257
38	38	NaN
38	39	2.9979364108365836
38	40	-0.4649460845487546
38	41	-1.5728148737570853
38	42	-3.9386441602604476
38	43	-1.696742814782517
38	44	2.0015020979548233
38	45	-2.5278292836501626
38	46	2.1341715885928347
38	47	0.7344361667677867
38	48	-0.1688522708137856
38	49	-0.028846330352037302
38	50	-0.976700604952515
38	51	0.21966084204850872
38	52	5.048463228441371
38	53	2.040224922406128
38	54	-1.071688226398885
38	55	2.3506088678991177
38	56	0.08263299557469997
38	57	0.4862336988903748
38	58	-0.6533087512719188
38	59	-1.1906955636075194
38	60	0.18396367247683246
38	61	-1.3055424575686885
38	62	0.6570391669680405
38	63	0.9936493419257554
38	64	-2.04580518344531
38	65	0.8395060870407546
38	66	-4.215737958134827
38	67	3.903734817770455
38	68	1.9923532425416095
38	69	-2.280550070237768
39	39	NaN
39	40	-0.9125026914830426
39	41	2.2666465962717557
39	42	1.4082063755026213
39	43	3.73399523009747
39	44	-2.9801784588048523
39	45	2.703542444532716
39	46	-1.617088673226318
39	47	-3.1841055711089936
39	48	-0.41951289053821333
39	49	-4.752439359683505
39	50	2.428923938635946
39	51	0.6772872068277909
39	52	1.0692545527568231
39	53	-0.81543829701595
39	54	-5.387764588156995
39	55	-0.60981027405303
39	56	-2.4143421497138595
39	57	-1.6593059128808068
39	58	-1.3723872559290098
39	59	-2.0037305199409947
39	60	-1.468325454190991
39	61	0.7532645589688369
39	62	3.5981407404077235
39	63	0.3259649428304777
39	64	0.8677213844039617
39	65	-2.600925478986203
39	66	-1.638318824828055
39	67	-3.0406487052720195
39	68	-1.7262783088805118
39	69	-0.7500000657522046
40	40	NaN
40	41	-0.4003063952882147
40	42	-1.0758284810052616
40	43	-0.9806998249564974
40	44	-2.0637029174015398
40	45	0.0787118229962825
40	46	2.859807859800368
40	47	-0.8892924533321239
40	48	-2.3747025870396294
40	49	4.902387196767123
40	50	-1.5504093317668803
40	51	-2.187203070134156
40	52	2.857192968786633
40	53	-1.4012562193698432
40	54	2.627266187451075
40	55	2.017864538946024
40	56	1.4651895748422836
40	57	-0.14161381808707632
40	58	-6.420678567568337
40	59	-2.4091604713057277
40	60	0.3091066114703454
40	61	-1.2254388390451585
40	62	2.158201983826915
40	63	-2.508823463984222
40	64	-0.4009065087761878
40	65	-1.9317627728183628
40	66	0.8126640060456135
40	67	-0.1489145943516758
40	68	2.085000421576857
40	69	-0.8422108859557118
41	41	NaN
41	42	-0.25426591044829766
41	43	0.6913584840324625
41	44	-2.236612585457379
41	45	-4.100060275212062
41	46	-1.3730158332625664
41	47	0.6849607152614349
41	48	1.9058412289883702
41	49	0.4613734757369988
41	50	0.5737295197269264
41	51	-2.504324878521931
41	52	-3.7735366501010743
41	53	-0.14458227861483994
41	54	0.266784335300319
41	55	0.7556272743330363
41	56	1.6655580303856918
41	57	-0.7203908623590206
41	58	-2.571508170315065
41	59	-0.33443071112781325
41	60	-2.061655453623194
41	61	-1.5606461972804009
41	62	0.38365344539316837
41	63	0.7142709234870149
41	64	-2.872736620513854
41	65	-2.8934541533446536
41	66	-1.6521046337686796
41	67	-2.9369204272601244
41	68	1.052323503253455
41	69	-1.2260418635087043
42	42	NaN
42	43	1.7342978634943662
42	44	2.326729493820211
42	45	2.047210092180241
42	46	-1.6627008769576246
42	47	0.3774859199673741
42	48	0.4294333505828051
42	49	1.6659625967523988
42	50	-1.3031864031031344
42	51	-0.20926492884156622
42	52	-2.579181382113564
42	53	-2.3930261842786242
42	54	-0.5553284185909958
42	55	0.13306656707752657
42	56	0.8495161570974514
42	57	-4.506848936526534
42	58	0.8260998338671581
42	59	4.607047990996468
42	60	-1.367625139124571
42	61	4.45892535380898
42	62	0.059531721169434726
42	63	2.2619058218429475
42	64	0.17535005987133662
42	65	1.4342698313275848
42	66	1.5776084796880114
42	67	0.9282857274475149
42	68	-1.6026098391227295
42	69	2.9808688648994512
43	43	NaN
43	44	0.36183382633316813
43	45	-1.5948235305310225
43	46	-0.23998350990988032
43	47	-1.2549114792220541
43	48	-0.9743376013198729
43	49	0.28289666096909066
43	50	-0.4876537619740636
43	51	0.931007899034407
43	52	-1.0327929456263005
43	53	-0.41826710717209264
43	54	0.8583993170485216
43	55	-2.353245930812426
43	56	-0.43437916514654434
43	57	-1.515762846487533
43	58	-1.7838881991281899
43	59	4.2752181780254
43	60	-1.0890258273601905
43	61	-0.7301179895079057
43	62	1.505715487110762
43	63	0.8429556936087566
43	64	2.716788672848017
43	65	-3.4750039148260985
43	66	-3.6532823617721735
43	67	-0.05619418534669544
43	68	1.106441490011654
43	69	0.32620247719756407
44	44	NaN
44	45	2.083675794013642
44	46	-1.2874077533037984
44	47	-0.6637806248224609
44	48	1.2545458494627038
44	49	0.7964134503099807
44	50	-1.717894114790692
44	51	0.7112694815289323
44	52	-1.0650415477663133
44	53	-3.01113020861403
44	54	-0.3354553793203476
44	55	-0.9553709138555331
44	56	-0.6487293939421626
44	57	-1.3920406471961013
44	58	0.9504919866950364
44	59	-1.1410625754794048
44	60	-0.4278019769361202
44	61	2.5948652776970302
44	62	4.3905780015625036
44	63	4.395192974241143
44	64	2.7368891966043507
44	65	-1.849396767236386
44	66	4.266268794099316
44	67	1.9481419498129258
44	68	-0.8528244981165971
44	69	-0.6509311060095534
45	45	NaN
45	46	1.0308841495589713
45	47	2.2961082409738434
45	48	1.871283621933002
45	49	-2.3988297343486087
45	50	-0.2548503489826866
45	51	0.4633123179975463
45	52	-2.104768024981207
45	53	-2.166742957706336
45	54	2.876459505099995
45	55	-1.904659931964017
45	56	-1.0878578189606998
45	57	0.39326411986227666
45	58	0.9411692964439533
45	59	-0.6107351674648758
45	60	-0.719081482545583
45	61	-3.303567211050757
45	62	1.713102931424697
45	63	-5.185032945382235
45	64	0.1260086575756892
45	65	-3.438837421848439
45	66	2.729004936319653
45	67	4.263043626197193
45	68	1.3781847299816752
45	69	5.551180685211154
46	46	NaN
46	47	-0.5079779253055035
46	48	-2.568823455130224
46	49	-0.04359841828596406
46	50	5.914433266666604
46	51	0.7596433860822833
46	52	-3.140699200183943
46	53	-3.12938338958386
46	54	0.4166937086958548
46	55	-2.0410225030443954
46	56	1.1958741930703476
46	57	2.4674625762528004
46	58	-4.3149724126920015
46	59	0.7964759161615541
46	60	-0.5537102354481391
46	61	1.3492408157449964
46	62	-0.35860797913896586
46	63	0.17337208263145726
46	64	-0.5711003383573101
46	65	0.07911251340129265
46	66	-0.6895514015409737
46	67	1.6493139078073729
46	68	1.1278971590978697
46	69	0.7851157186417157
47	47	NaN
47	48	0.3380414763660486
47	49	0.043692526105889196
47	50	3.5168957198934403
47	51	0.7915776794092492
47	52	1.3574994065288195
47	53	1.4117609006035927
47	54	0.3751858260583109
47	55	0.23916227367523757
47	56	1.867545620805597
47	57	-2.8095644734528973
47	58	-1.25573552974332
47	59	-0.22331456529839147
47	60	0.7226862782528702
47	61	-0.0619247142666007
47	62	3.4642465692193127
47	63	-0.6910698473377287
47	64	1.7503327989180175
47	65	-0.04727093825605678
47	66	-2.9068398625089245
47	67	2.351423375556367
47	68	3.6000947687848392
47	69	-0.5061707654327346
48	48	NaN
48	49	-1.0354196744526691
48	50	1.6440903433163685
48	51	-1.260256650608484
48	52	-4.3732060312516365
48	53	-3.14171681087544
48	54	0.6898161254828966
48	55	-2.4133490846711663
48	56	-2.3099093307262817
48	57	0.06777221373394059
48	58	1.1088187110958554
48	59	0.243035898275394
48	60	2.097608352533267
48	61	1.466822674717662
48	62	1.2012827101594663
48	63	5.586018600732167
48	64	1.8523800771493266
48	65	0.4844745462184633
48	66	-1.396446420119522
48	67	-2.7393587257846863
48	68	-2.75668707027194
48	69	-0.8105095861229951
49	49	NaN
49	50	1.9068543713508048
49	51	-0.030867589376928125
49	52	-0.11966509635966548
49	53	-0.06622574521626107
49	54	6.113490813237815
49	55	0.6125488639597461
49	56	2.289664496041333
49	57	-2.3346023971641574
49	58	-0.6666899553675609
49	59	-0.6290295120920962
49	60	1.9963474427548338
49	61	-0.06288143956273266
49	62	-1.6021672034901022
49	63	0.17587663173944093
49	64	-1.8090913441173386
49	65	-0.5701887549577191
49	66	2.68123739172762
49	67	-0.529022298685319
49	68	0.15164248240653078
49	69	2.9269727143220923
50	50	NaN
50	51	2.664502144076436
50	52	-1.6023500565545317
50	53	0.15339012613849898
50	54	-1.2963749151331385
50	55	-2.432947872588453
50	56	-0.5761519936612496
50	57	1.2912566149646523
50	58	-0.5551251833210917
50	59	4.123549195511242
50	60	-2.5413239695189747
50	61	-0.6707941368899688
50	62	0.1848147359836527
50	63	2.7214584577522873
50	64	0.15120559658625912
50	65	2.085981640242772
50	66	-1.07898724978734
50	67	-1.854191051494944
50	68	-1.4346711972221289
50	69	0.0029632160784755462
51	51	NaN
51	52	-3.3722073835568187
51	53	-1.8058280107235354
51	54	0.5701350870223543
51	55	-0.22501338667588375
51	56	-0.46828284397491543
51	57	-0.1422115035507543
51	58	-0.9073624147879863
51	59	1.4809208599467487
51	60	1.4299982991723241
51	61	-2.1542433621941712
51	62	-0.2561248326820094
51	63	-0.8937740954755036
51	64	-0.7887728252314765
51	65	-3.515623273463985
51	66	1.8696010635185976
51	67	3.2490136506640583
51	68	1.3978132474737273
51	69	1.809588072789455
52	52	NaN
52	53	1.0506299469497447
52	54	-1.4938969984889727
52	55	3.194775058941345
52	56	2.302579334976152
52	57	-1.567940966607847
52	58	-1.293250539081061
52	59	1.0755202160459092
52	60	0.06533115820198501
52	61	-1.091477194140072
52	62	-2.0941694754878326
52	63	1.1193936772298052
52	64	-0.48921264438080553
52	65	-1.1007110936704285
52	66	-1.9298983338603368
52	67	-3.4894735366161855
52	68	1.2022190839857014
52	69	0.5084668546862576
53	53	NaN
53	54	0.6568013396697452
53	55	2.225060693731998
53	56	0.9143079583569773
53	57	0.9713304534702533
53	58	-2.0068659929324473
53	59	-2.4551514548982993
53	60	-0.38561453564089787
53	61	-0.5951114809733282
53	62	-1.9700300924573042
53	63	-0.6818645314679621
53	64	-1.5680635134635528
53	65	1.2895396244740736
53	66	2.8497539832491445
53	67	-0.7330798723677192
53	68	-3.0028828451137786
53	69	-1.4290058379225543
54	54	NaN
54	55	1.7296116657585443
54	56	0.48718399175172694
54	57	-2.481036815779398
54	58	1.1143909186081276
54	59	1.714607585415375
54	60	0.9945845047694082
54	61	1.0634966158888146
54	62	-0.5486391847582471
54	63	-2.715878275795626
54	64	0.6829679114979152
54	65	1.5050288066454949
54	66	1.0291546462578702
54	67	-0.04005755691821105
54	68	-0.48833846136907516
54	69	-1.9803305430249847
55	55	NaN
55	56	1.821087648090772
55	57	0.45393694867404655
55	58	-1.3330151564662067
55	59	0.5706267547550443
55	60	-0.14581236576053994
55	61	-1.1909326738612125
55	62	-2.7479875203522024
55	63	-0.9007070166204983
55	64	0.18834354291736236
55	65	-1.3586932174616788
55	66	6.887481724877291
55	67	-0.7678492613595135
55	68	-2.3149879797628157
55	69	-1.8664963062539606
56	56	NaN
56	57	-0.2567289738096717
56	58	-3.6556416570166896
56	59	0.3830719774039144
56	60	-0.3695146400774242
56	61	3.2610750287615344
56	62	-1.3477385682227372
56	63	-1.6085286643123657
56	64	1.2060901706411373
56	65	3.1095782985410474
56	66	-0.7841461054675561
56	67	-0.8041881427290333
56	68	-2.9168900483728866
56	69	-2.476284169066711
57	57	NaN
57	58	4.146389196635631
57	59	0.346712741191215
57	60	-1.9047612423619753
57	61	-1.4087124341476465
57	62	2.8865545782149247
57	63	-1.553695927758977
57	64	-1.3006209313695865
57	65	1.801232536101782
57	66	0.7420140304804917
57	67	1.111182870135949
57	68	2.8925560177444027
57	69	-0.544385338878924
58	58	NaN
58	59	5.67626263088346
58	60	0.6421835806259314
58	61	-1.7014479585664903
58	62	-3.1700984596502857
58	63	2.568857980375913
58	64	1.8215596540184127
58	65	5.722327671772373
58	66	-0.9982681946229284
58	67	-1.7904681051180091
58	68	-0.41023471509418813
58	69	-3.938737294639665
59	59	NaN
59	60	-0.01693721348888968
59	61	3.9989791643920323
59	62	0.15864290568026646
59	63	-3.3530001972017978
59	64	0.557064701539176
59	65	1.5822092793879172
59	66	1.884623205384572
59	67	0.33561804823926233
59	68	3.701077436584421
59	69	-1.965063508019427
60	60	NaN
60	61	-0.1614946396392506
60	62	-1.608304257209375
60	63	-1.8285576528864376
60	64	2.0477296239850995
60	65	-1.1828265864796026
60	66	2.8480334017269393
60	67	-0.6332692744379094
60	68	-1.865011696628449
60	69	-1.3837195292658013
61	61	NaN
61	62	4.178760343616923
61	63	0.2644166752983111
61	64	-3.277983901068578
61	65	2.655877173715447
61	66	2.5029820524884565
61	67	-0.287888221810659
61	68	0.6515997268597408
61	69	1.6467824042645753
62	62	NaN
62	63	2.4128182381668446
62	64	1.0655592056723815
62	65	0.17582861698186625
62	66	0.9136517411313011
62	67	0.27216157931281226
62	68	-1.2564346948235416
62	69	2.5049992786505912
63	63	NaN
63	64	-1.372294901674983
63	65	5.108622628181509
63	66	-1.743789684657249
63	67	0.8246826312761631
63	68	1.7428569301082082
63	69	-0.548096432773765
64	64	NaN
64	65	1.4068990411470357
64	66	0.8038343989152605
64	67	0.36006016259055873
64	68	-0.6333105993550854
64	69	0.10273781697419065
65	65	NaN
65	66	-3.9916953029906015
65	67	3.7379432012486276
65	68	0.9874748840703899
65	69	-1.1535641442797533
66	66	NaN
66	67	2.1864622520198904
66	68	-1.9484104397388247
66	69	-3.4567073178031267
67	67	NaN
67	68	0.9300002239311295
67	69	0.7774513535879859
68	68	NaN
68	69	1.8179159767674973
69	69	NaN
