1	1	NaN
1	2	-3.377815572653319
1	3	-4.240543877613757
1	4	-4.428872276828439
1	5	46.06221613723753
1	6	-0.8131617134055714
1	7	57.92879612634967
1	8	-4.021058425732542
1	9	-3.5789502245834006
1	10	-0.3447193174188848
1	11	-1.4521199258257473
1	12	-2.7539727942041248
1	13	-3.323059698876938
1	14	-2.8963193322340706
1	15	-3.8876853478528193
1	16	-0.8674511003238029
1	17	-2.1454147544443853
1	18	-0.4193685485365228
1	19	-2.930865464333079
1	20	-1.6684828969444938
1	21	-0.9378199175327402
1	22	-2.2528010218892756
1	23	-0.9569526538793924
1	24	-1.8032838678062764
1	25	-2.3881677590709773
1	26	1.0582276931396322
1	27	-0.12042648952553452
1	28	-3.1747400582071608
1	29	-1.5377183608658862
1	30	-1.130082260221377
1	31	-2.9719709356749404
1	32	-3.391524261073701
1	33	-1.4815609158405372
1	34	4.565721069204896
1	35	-2.5800218124162484
1	36	12.933381292358977
1	37	-1.769874042650774
1	38	-3.6642649926249433
1	39	-1.8909746182560718
1	40	-2.9052728428708883
1	41	2.8567489987531776
1	42	-1.7075844529940183
1	43	-2.8016334615271536
1	44	-0.19626245370107825
1	45	-3.072293610232539
1	46	-0.8164045261763624
1	47	0.9704800957809375
1	48	-3.1346584732460925
1	49	-3.338073883920104
1	50	-2.1536238174246116
1	51	-0.2856205191749499
1	52	-4.82097058548587
1	53	-2.791381771118827
1	54	-5.117732414546161
1	55	-1.7834439047918138
1	56	-0.2608282775883247
1	57	-4.886961385972674
1	58	23.104048975925387
1	59	-2.504882863575024
1	60	0.21888150410314833
1	61	2.4550826333015556
1	62	-1.3862203177280719
1	63	-3.014233842457588
1	64	-3.9834211396490913
1	65	-5.12077424772806
1	66	-3.0923595478826265
1	67	-4.081610738545707
1	68	-0.9387338127184446
1	69	-4.667697374250927
2	2	NaN
2	3	-3.0653017930725754
2	4	1.7219373142065224
2	5	-2.6121988322927137
2	6	2.3102374751065144
2	7	-2.3650076148729493
2	8	-0.3892640056162954
2	9	0.5663099149612324
2	10	-1.8792079724992783
2	11	-1.1217746418351653
2	12	-1.0669600063646627
2	13	-2.5954938467251907
2	14	-2.278234222786694
2	15	-0.21709156274016278
2	16	0.6573360542944581
2	17	-1.1493079089435125
2	18	-0.3034787952916531
2	19	0.426385312983673
2	20	-3.282803363868415
2	21	-0.6292261394775321
2	22	-0.45961973677868945
2	23	-0.3574132947832024
2	24	3.580255959482903
2	25	0.20707484610940713
2	26	-3.611008872610049
2	27	0.7292979762773016
2	28	-1.3654339242216125
2	29	3.4590236747406724
2	30	1.0476056649274168
2	31	-2.973898137751888
2	32	3.004509665768669
2	33	-3.2796982818866063
2	34	-1.8999967548670758
2	35	2.0255196385590275
2	36	-2.703783576469353
2	37	-0.07517914287214468
2	38	-0.4313272349806333
2	39	1.1814462920097675
2	40	-1.444975908293846
2	41	1.512665055661997
2	42	-3.945731968422834
2	43	0.23943509997705834
2	44	-1.7623587350712688
2	45	1.8784014591121032
2	46	18.574638401650326
2	47	-1.7088972948432761
2	48	-1.4772074022457433
2	49	-3.286956344537384
2	50	3.851744654968803
2	51	-0.5051961564233244
2	52	0.3583885968748134
2	53	2.0162289928783146
2	54	-1.7695834621823576
2	55	-0.30203112566211593
2	56	-0.06936017442368303
2	57	-0.6467382402381636
2	58	9.613726973190735
2	59	-1.9470517386691404
2	60	0.6458676721812017
2	61	0.846887069192171
2	62	1.3861810680928763
2	63	0.4084351299719254
2	64	1.2098363336822522
2	65	-1.0924514181184966
2	66	-1.4087659975617346
2	67	1.509342248531086
2	68	1.3206044975752285
2	69	0.2728088754646708
3	3	NaN
3	4	4.9664365830203065
3	5	-4.991600865301067
3	6	4.166684407562882
3	7	-5.214460213312743
3	8	-1.720280782183742
3	9	-1.8008486470321834
3	10	-2.5893214035925234
3	11	1.6725653516601617
3	12	-0.66594760768197
3	13	1.9872151888934217
3	14	2.0404380372296593
3	15	1.6421025865458072
3	16	0.4588079928378511
3	17	-0.37761814339117794
3	18	4.056242487188914
3	19	1.7242170652144502
3	20	-0.9252174271587293
3	21	-0.23182254156935989
3	22	0.037529813431144775
3	23	-0.24944549984028544
3	24	-5.962099498246798
3	25	3.6749485045584342
3	26	5.230788499755606
3	27	-0.8188870445947727
3	28	0.09339089071545964
3	29	0.3574651840185685
3	30	-0.6038453162332245
3	31	0.48189456012711124
3	32	3.328674318295472
3	33	2.7387117244134433
3	34	-3.2128536925130096
3	35	0.92442566579432
3	36	-3.106554344216902
3	37	-1.8243986045043912
3	38	1.3841029290483706
3	39	1.2901236932821605
3	40	-2.1295579166250165
3	41	1.8821393597691423
3	42	1.0822660476296895
3	43	1.4693329208976895
3	44	1.532994516134061
3	45	3.1393537772087523
3	46	3.426502707758942
3	47	-0.15172078937839778
3	48	-0.47697552773149543
3	49	-3.016239381267661
3	50	2.0244765487996497
3	51	2.6781061242725217
3	52	-2.4325674985107377
3	53	-2.536944561003756
3	54	-5.176809895318434
3	55	-3.0523151689265506
3	56	-0.4051312224799696
3	57	0.5090790919334829
3	58	-1.3705037474090913
3	59	-1.5023790992353605
3	60	1.1707616675140806
3	61	-1.9313994908386336
3	62	4.564540305631541
3	63	3.081247514628546
3	64	1.3760247244316488
3	65	-0.8408538258957955
3	66	0.03681298395637822
3	67	-0.7280177696847051
3	68	1.7107802934427327
3	69	1.9280136408887523
4	4	NaN
4	5	-4.187430014738893
4	6	0.6611647647806068
4	7	1.1149645624908033
4	8	0.8884805656089504
4	9	1.4102291631301251
4	10	-0.2987215767703819
4	11	-2.2500129359627983
4	12	-2.511867967271251
4	13	4.068749206111568
4	14	-2.713352421502275
4	15	0.7364965796467015
4	16	-2.5095372298243546
4	17	-0.2883544693441049
4	18	-1.9488144291229643
4	19	-0.9725384621680577
4	20	0.7181550221918016
4	21	-1.425442384573825
4	22	0.14242221062727087
4	23	-0.5853957073882272
4	24	3.4540989471138137
4	25	-3.7329660740584534
4	26	-0.2072120427097016
4	27	2.647170058896326
4	28	-0.11889452786938944
4	29	-2.307149193377083
4	30	-2.510451508145018
4	31	-2.2864627745911243
4	32	-0.39863342631706
4	33	6.965908167304377
4	34	0.05155003148179096
4	35	0.9629282589112014
4	36	-4.980075411394081
4	37	-2.0231670862860747
4	38	0.11794986222321281
4	39	-0.21109687813469574
4	40	1.7455474789345595
4	41	-2.0630267123838224
4	42	0.17887171143035754
4	43	-0.7774202386803859
4	44	-3.0633012610772616
4	45	-0.25087090018605285
4	46	-0.3691738019593173
4	47	-0.1449262474229642
4	48	-2.5291773586018937
4	49	-0.7284321748641275
4	50	1.8430739339578623
4	51	-2.77673447163725
4	52	2.943413621473119
4	53	1.5964034199052441
4	54	0.30927067900682415
4	55	1.4525108815597416
4	56	-0.7275225748477032
4	57	6.416826410904398
4	58	-2.212495239352167
4	59	4.712881035291493
4	60	9.168251428812514
4	61	-3.3683311480981297
4	62	0.40594271945050986
4	63	-1.1660431849765858
4	64	1.933073995356174
4	65	0.06511812834065304
4	66	0.7213997396542419
4	67	-1.3511170010526268
4	68	-0.7117445212169997
4	69	0.004242146308962382
5	5	NaN
5	6	-3.6923164087449956
5	7	-3.931257875100872
5	8	-2.2639660111744546
5	9	-1.4345726322649972
5	10	-0.950686183394946
5	11	-1.3659776891443096
5	12	-1.901136944670689
5	13	-4.8718744082980985
5	14	-1.5058122727279786
5	15	-1.7168803468137774
5	16	-3.0869844672062245
5	17	-6.235314815103344
5	18	-2.1300927333920847
5	19	-1.421149735632673
5	20	1.4810688178018312
5	21	-0.8077181493056363
5	22	-1.6024205838756422
5	23	-0.29324969638946563
5	24	-3.321412287769939
5	25	-2.8522982841136826
5	26	-1.9345245919176157
5	27	-0.9699176213868339
5	28	-1.7671387130149443
5	29	0.2074810098840436
5	30	-2.9213766210596304
5	31	-3.1794449511381
5	32	-4.068156435070502
5	33	-1.2735390133515523
5	34	58.920620824807614
5	35	-1.9267978693255812
5	36	43.40061281113631
5	37	-2.3265576048892327
5	38	-0.11881810876698513
5	39	-1.1966590052181625
5	40	-2.1726642081268186
5	41	-2.6499636980056853
5	42	-1.10151931771424
5	43	-1.272040753244125
5	44	-1.756831938712006
5	45	-1.3589132124079755
5	46	-1.8416056763848916
5	47	-1.8305064891156964
5	48	-2.59976569167394
5	49	0.40227795192257554
5	50	-4.584647702094633
5	51	-1.6452200041109748
5	52	-0.9888825101325386
5	53	-4.034588564998742
5	54	-0.516809762330059
5	55	-1.5292699530300067
5	56	-1.377248641907677
5	57	-3.9165882319938574
5	58	-3.6843471382976904
5	59	-0.7915787238172751
5	60	-0.5459638340974353
5	61	0.021553652996884397
5	62	-1.6704389900152092
5	63	-2.989639289006398
5	64	-3.116322664785201
5	65	-5.6153137319115105
5	66	-1.077995699191848
5	67	-4.4525677955534455
5	68	-2.5625765809263794
5	69	-5.120954983783284
6	6	NaN
6	7	-0.5763836169297817
6	8	-1.4931898372301047
6	9	5.06042566456107
6	10	0.34442029749231
6	11	-1.491779944121759
6	12	-0.33265386322408125
6	13	-0.0855190222756337
6	14	-0.48775709392621575
6	15	-0.531161125035263
6	16	-3.225987572999703
6	17	2.142717880420999
6	18	0.04242359744117826
6	19	-0.6113088294721161
6	20	-0.5568631299994627
6	21	0.03681898968886995
6	22	0.4940144107774033
6	23	-0.5729982422366316
6	24	5.098832622764377
6	25	1.8565042443939832
6	26	-2.319299894107163
6	27	3.030759184970358
6	28	-1.3995605486131795
6	29	-1.697032633703177
6	30	-2.7347844753799317
6	31	-1.6539947824285925
6	32	-3.9323139553692603
6	33	-1.0644719329741081
6	34	-2.6014480476471546
6	35	1.601050671320659
6	36	-4.436988832115098
6	37	2.442772451435875
6	38	6.056151395747538
6	39	-0.6846007217746296
6	40	3.0586015189818583
6	41	-2.6696458396068747
6	42	-1.9330066215487582
6	43	-1.3126788510474947
6	44	-1.9717377030888446
6	45	4.588465216305686
6	46	1.4531605245260861
6	47	0.6952282082617371
6	48	-1.0501212353930809
6	49	2.4807674116119895
6	50	1.521154159156312
6	51	0.683633930829488
6	52	5.256798459424215
6	53	0.17165286341654432
6	54	-1.2964638004608775
6	55	1.4335200957747984
6	56	0.9413819772547172
6	57	-0.06716624577910875
6	58	0.6077693014320114
6	59	0.27098397478575803
6	60	-2.7199238542498265
6	61	-1.701006491108669
6	62	-1.579220345898218
6	63	-0.08363900186532816
6	64	-1.8264715110867586
6	65	-3.697211379706094
6	66	0.3993763411491343
6	67	-0.6594305755868882
6	68	-2.2501370976152124
6	69	0.052808098275794295
7	7	NaN
7	8	-1.4096731556622057
7	9	-2.737441604077722
7	10	-2.2314778343175026
7	11	-2.272751952086258
7	12	-1.0226183523081327
7	13	-4.269391611841173
7	14	-0.8651962050154629
7	15	-3.333988730540062
7	16	-0.5287412946078314
7	17	-4.564464429289905
7	18	-0.678086583555961
7	19	-1.5124386421282459
7	20	-0.8548165794919377
7	21	-2.317720894244099
7	22	-1.6063853473061174
7	23	0.6683081210389146
7	24	1.2629691838229335
7	25	-0.4008245962216457
7	26	-0.6799689934889771
7	27	-4.149692674064666
7	28	0.614964259281951
7	29	-2.16161775138565
7	30	-4.716615587250302
7	31	-1.6321139914284921
7	32	-2.3060275253322766
7	33	-1.9628078061229695
7	34	-1.2261984439512068
7	35	-0.9558139496787027
7	36	47.7146024986324
7	37	0.49272785415005205
7	38	-4.816942028535945
7	39	-1.6499574078591779
7	40	-4.372093874161679
7	41	1.0901822538333632
7	42	1.5892578557970378
7	43	-3.657999363494683
7	44	-0.08175079589426759
7	45	-2.7428125907704777
7	46	3.7077878391214734
7	47	-1.309782137109704
7	48	-3.8665456475845263
7	49	-1.6350339124360358
7	50	-4.936142581575084
7	51	-1.2647568652467054
7	52	-0.4249681474373557
7	53	-3.8025707663397306
7	54	-0.6022266717305511
7	55	-2.706798615594606
7	56	0.5035335445382574
7	57	1.0673268584209505
7	58	-3.9533369828833114
7	59	-0.8566340957241825
7	60	-4.077596926692254
7	61	0.4385262741288711
7	62	-1.9396809068861454
7	63	2.638990076451213
7	64	-0.0966505163294903
7	65	-2.3569883750612663
7	66	-0.5569823662101805
7	67	-1.1157544193348023
7	68	-1.6691978651459038
7	69	0.5430347260914431
8	8	NaN
8	9	1.9966526804470772
8	10	1.016962923029953
8	11	-0.9870825532264051
8	12	-3.897854804273684
8	13	-3.054881197470097
8	14	3.327426005670075
8	15	-0.18049060340629144
8	16	-0.9976486844103492
8	17	-2.142751821216322
8	18	-1.7363524529841365
8	19	-2.488963036554585
8	20	1.125952211511064
8	21	0.5769945065017212
8	22	-2.090192204672247
8	23	-4.767877669348985
8	24	1.739812828189339
8	25	2.1960351826554003
8	26	-1.1606155007412622
8	27	1.203151209815458
8	28	-0.8581053911682905
8	29	-1.4179561331720922
8	30	0.17503741876123402
8	31	-0.27621538906833604
8	32	-2.1909847116532357
8	33	2.331891539351584
8	34	-3.1341677362450087
8	35	1.0566604023710369
8	36	4.656693551380691
8	37	23.72858115199885
8	38	-0.15520443994701294
8	39	0.8715245342178186
8	40	-0.40618811140913064
8	41	1.0410395217853585
8	42	0.3090856862150893
8	43	4.743163768543205
8	44	-0.18391480123909762
8	45	-0.40775747499785137
8	46	-0.4304088589831265
8	47	1.1942625202261432
8	48	-4.2787986406158955
8	49	0.06775700316869372
8	50	2.10313951650541
8	51	-1.4718967045097309
8	52	-1.8320058364419507
8	53	-0.6068418391195313
8	54	-0.7250109384517611
8	55	0.9344189069121495
8	56	0.5620909229261288
8	57	-2.6624790203939357
8	58	4.040371747113029
8	59	-0.6508563838213001
8	60	-0.715199822476322
8	61	-1.3510210472213648
8	62	-0.478092474538478
8	63	-1.6811089667053618
8	64	-2.2927648148069397
8	65	-4.025171987850165
8	66	0.4360619880600406
8	67	-0.0765623358156537
8	68	-0.44653322128745687
8	69	-0.8211844056283626
9	9	NaN
9	10	-0.04357702011755791
9	11	-3.7108530398947677
9	12	-1.4671293556523075
9	13	-1.5620390456770372
9	14	-2.212483812909128
9	15	-0.39093877540461314
9	16	2.9931798282484734
9	17	1.6051847025817334
9	18	2.38516473146819
9	19	2.112315184632017
9	20	1.819756129955553
9	21	-2.576127476524646
9	22	1.5184555511376956
9	23	-1.418571057602679
9	24	3.835693741620145
9	25	-1.8155606479689068
9	26	-3.0993343669407745
9	27	2.3008280396201894
9	28	0.3091219566399904
9	29	-1.2871092460906568
9	30	-2.603712305358783
9	31	0.11029773756204032
9	32	0.9421708010255052
9	33	-3.1694718647082163
9	34	-2.5845271851717273
9	35	4.2831664077521125
9	36	-3.1297393463930563
9	37	1.6918320221540821
9	38	-0.8423561996023227
9	39	0.4457880106444141
9	40	-0.04258604423447932
9	41	1.995307450151883
9	42	-1.180082570621014
9	43	-0.29400426982415273
9	44	-2.572223778872769
9	45	1.5779684802350538
9	46	0.5867039924566971
9	47	4.916492150760712
9	48	4.850183828084873
9	49	0.7509075141803123
9	50	0.005728860705238368
9	51	-1.3704946214868796
9	52	4.228871056739241
9	53	1.1469489964327026
9	54	-4.312558766793594
9	55	0.6579083984872713
9	56	1.7284479088873648
9	57	0.6860087633176313
9	58	-4.062512009375977
9	59	-1.1538449299178306
9	60	-1.1739068619813222
9	61	-2.5718194615062626
9	62	1.1327831336228145
9	63	1.377145307872324
9	64	-0.00482531497610708
9	65	-1.0839890418026956
9	66	0.029378819713143402
9	67	-2.149299231803353
9	68	-3.1925824258973723
9	69	2.359752139196498
10	10	NaN
10	11	-1.3490178805210118
10	12	-2.0062765850023863
10	13	-0.7251234485979838
10	14	1.563947394680623
10	15	-0.7364776124268604
10	16	-2.089979866463319
10	17	26.708991334980684
10	18	-2.3523297782480572
10	19	-0.9474628885911941
10	20	1.0209760739559344
10	21	-2.121943299183464
10	22	-2.233133858881419
10	23	-1.6057906841802223
10	24	1.3937880181258382
10	25	-4.628109451986231
10	26	0.4006734594369416
10	27	0.8654711437315727
10	28	-1.27580119841007
10	29	0.02271836429331321
10	30	-0.1504469336585562
10	31	-1.3223601369100517
10	32	-2.752376745856085
10	33	-2.3289545512151406
10	34	0.6446794192565231
10	35	0.3286413362263869
10	36	-2.3316786485924137
10	37	6.668528825805167
10	38	-1.5003098785147937
10	39	4.016697812609562
10	40	1.9133516168540432
10	41	2.036431713844534
10	42	1.4858291216596424
10	43	-2.481803993192172
10	44	-1.292095119835779
10	45	-2.5742124167573017
10	46	0.7242853045064147
10	47	0.16150361243907232
10	48	0.05068709393827586
10	49	1.563566314196798
10	50	-1.5818777243649966
10	51	-2.402808988668154
10	52	1.4609365423697316
10	53	1.199884314176346
10	54	1.148305092848809
10	55	1.7308859874064881
10	56	3.0357177680896994
10	57	-2.449963188427585
10	58	-3.258050265102023
10	59	-0.012698224430109345
10	60	-1.5060617299692443
10	61	0.6857266792556663
10	62	-0.033199908053148534
10	63	-0.8648250391644469
10	64	1.7860897040740018
10	65	-1.791151984786561
10	66	-1.0037687519588134
10	67	-2.518223483623708
10	68	-2.4921421872140943
10	69	-3.987800288722572
11	11	NaN
11	12	0.6086814761037741
11	13	-0.9024104387011019
11	14	-1.8430999968921429
11	15	1.89614956786415
11	16	2.1939837093600976
11	17	-2.4333130632281637
11	18	1.6959958437052325
11	19	-0.9027497848378282
11	20	-2.0345452292097
11	21	-3.76630937555808
11	22	-1.9120433713072889
11	23	1.9352360333957683
11	24	-2.651554480557858
11	25	0.9173142558192331
11	26	0.0011613439606855582
11	27	-2.0058770561161112
11	28	-0.8569335044811113
11	29	2.64778354187705
11	30	-2.2606204134089407
11	31	0.7257565129343811
11	32	3.935492227553754
11	33	-0.26767966632325685
11	34	1.0096742188791914
11	35	-2.0063527767586544
11	36	-2.671641451110312
11	37	0.8078745000577768
11	38	-2.186631920068972
11	39	8.690243371690519
11	40	-0.2165418201995397
11	41	14.732979782777473
11	42	2.0660120513424935
11	43	0.03504040890423053
11	44	-0.6208420476822064
11	45	-3.146863157576141
11	46	-0.881974469079093
11	47	-0.35794838646671395
11	48	1.7515151527179251
11	49	0.8692940466339584
11	50	-3.0078512368671095
11	51	0.25995404826666796
11	52	-3.7839539210493345
11	53	2.3807689539808514
11	54	-0.6674253802732941
11	55	-3.012405847212887
11	56	-0.2357944231726914
11	57	1.481332885675283
11	58	1.673418249765186
11	59	0.6858088395765121
11	60	4.197525739499722
11	61	-2.4132296988088253
11	62	-1.6237626279715116
11	63	-1.8639366262372936
11	64	-2.4196402695937924
11	65	2.869548160958932
11	66	0.7049779098081679
11	67	2.2322450687455815
11	68	-1.6600497921514288
11	69	2.7821889261103716
12	12	NaN
12	13	2.9839343415586903
12	14	1.59711988359759
12	15	1.0014495208248742
12	16	-0.12825253637725167
12	17	0.8569088212820395
12	18	-1.5272707599385
12	19	-2.09696684845403
12	20	0.7989973716085276
12	21	-2.047312906257083
12	22	-1.7383247897952232
12	23	-5.712937951759703
12	24	3.1927600883656724
12	25	1.1377153131847255
12	26	1.1803602695592115
12	27	1.5351569723208711
12	28	2.692283582004343
12	29	4.575431220334381
12	30	2.769740170725185
12	31	0.5077630027455081
12	32	-2.8268801837188757
12	33	-1.3934434639092577
12	34	-2.0702354295254795
12	35	-3.424194306506531
12	36	-1.800179299460668
12	37	-3.39752372119006
12	38	-1.911718344458548
12	39	28.978734758972298
12	40	-1.067129117290555
12	41	1.6682324513309363
12	42	-0.186098890321128
12	43	-3.180105887033271
12	44	-0.5190010370055362
12	45	0.0680213571414931
12	46	-0.9325279028799481
12	47	-0.9885827311428338
12	48	3.1341448243370924
12	49	-3.798136569962482
12	50	-0.6527068787040143
12	51	0.08445345122898318
12	52	-1.299404745142909
12	53	-0.8326780880077699
12	54	-2.018527060791102
12	55	-2.8387895694674814
12	56	-2.683905180938685
12	57	2.718058095387125
12	58	-1.648769322222928
12	59	5.250441899085636
12	60	4.357175606344106
12	61	-0.0875456488606604
12	62	-2.0061645988610053
12	63	0.19803885855706876
12	64	2.02317443092329
12	65	2.217859369942879
12	66	-0.8676111185899179
12	67	3.416650850303655
12	68	1.6675217609853832
12	69	2.645870664548195
13	13	NaN
13	14	0.06214116692277678
13	15	2.886813719604348
13	16	4.154898608823134
13	17	-2.638984793349141
13	18	-1.0886550253962497
13	19	1.3431499568514362
13	20	-0.007756469070758796
13	21	1.3803639198591868
13	22	0.5360381982001744
13	23	1.6135975658742545
13	24	1.5626069477750955
13	25	0.2787336811710066
13	26	3.2517802061307037
13	27	-0.4726606794721685
13	28	1.153022085302046
13	29	2.5785592546312524
13	30	-1.8530400114595236
13	31	2.842978409184577
13	32	0.9405223173425638
13	33	-0.9187000830714339
13	34	-1.9273286211412017
13	35	-2.350544205401078
13	36	-3.253074184411308
13	37	-0.9883105877530766
13	38	-3.613544932032607
13	39	1.9197623049945862
13	40	-1.0776977234250094
13	41	-1.6481530640876645
13	42	-2.36300084815911
13	43	2.431661124808348
13	44	0.36354359195200275
13	45	2.3342513034737897
13	46	1.8956784909490805
13	47	-1.423647100767243
13	48	4.013926347570955
13	49	-0.7714079896913156
13	50	0.6946049937100228
13	51	0.07174775407836247
13	52	1.5558541278058857
13	53	-2.820504931046925
13	54	0.598248484068952
13	55	-2.6697606423110045
13	56	-0.5400571696099287
13	57	1.4654972039773768
13	58	1.127727909155629
13	59	-1.9115109945958486
13	60	0.41848458714197656
13	61	-2.9154301785097694
13	62	5.76152960203727
13	63	0.8596295320873614
13	64	2.078194556095443
13	65	-1.820782322366671
13	66	-0.5454066747771993
13	67	-0.418394778173197
13	68	2.122819894117951
13	69	-0.8045261376207371
14	14	NaN
14	15	-0.08984116398060207
14	16	1.8986740537967588
14	17	-1.864961824241775
14	18	-1.2507275577691008
14	19	0.9360480560593479
14	20	-0.7613364579847365
14	21	-0.4391170774599587
14	22	-0.8828673322166137
14	23	-0.434331171377428
14	24	-1.4979075682802656
14	25	0.23247072681429734
14	26	0.8265688685843184
14	27	2.5515111380506728
14	28	-2.075556665995258
14	29	-1.7100402372087717
14	30	-1.5086039453000495
14	31	3.494363540500015
14	32	-3.486483401009559
14	33	1.1758243283279528
14	34	-1.1507869684505818
14	35	0.10594877768747055
14	36	-3.506307885206709
14	37	0.8012273081669595
14	38	-1.8705278489738963
14	39	0.021577043821958637
14	40	-1.555402599502992
14	41	-1.0979811962130217
14	42	-0.1516868036117472
14	43	-0.8146852118928432
14	44	0.6351574654666918
14	45	-1.5035261971137546
14	46	-2.590519413679125
14	47	0.8675767899139615
14	48	-1.9348641294684938
14	49	-0.6983641365166978
14	50	1.341409039582283
14	51	1.064517344214084
14	52	7.2424580130214835
14	53	9.871016992177262
14	54	-3.9615188689079055
14	55	0.20848634365011265
14	56	0.5520222919748902
14	57	-1.0516547008667714
14	58	0.5859475434819325
14	59	-0.2542357994505501
14	60	2.0413987799452737
14	61	2.88830391074496
14	62	-1.9636094249013698
14	63	-2.165072573067829
14	64	1.9157636423016662
14	65	4.268804533849467
14	66	-1.0163634385460734
14	67	2.3060642393111404
14	68	-2.1513852403426172
14	69	-2.5462798801075928
15	15	NaN
15	16	1.5387774032626333
15	17	-2.356824834996421
15	18	-0.5024111870646792
15	19	1.0687749148679662
15	20	0.27258213853996927
15	21	5.47357192545436
15	22	1.5821210108925414
15	23	0.8735357635102546
15	24	-0.05893441317010824
15	25	1.2502289592993803
15	26	0.37967393503063623
15	27	-0.6848229148575934
15	28	-0.7705127533355042
15	29	-0.4026793475887518
15	30	0.7618480981540121
15	31	2.29279519737799
15	32	2.9250468334839357
15	33	2.9826849326244758
15	34	-0.004985577854606007
15	35	-1.5530854198853303
15	36	-5.851535413088424
15	37	-3.957754785101108
15	38	0.26752895753615874
15	39	-4.2369651350326
15	40	1.3751617283546353
15	41	-0.7409871469067798
15	42	-0.8370829595832088
15	43	-2.4687677905245264
15	44	-1.4230914746915144
15	45	-1.3168122102585502
15	46	-0.6012912333747596
15	47	0.6707588526604087
15	48	2.6935202936752813
15	49	0.71216303600095
15	50	3.6499502638035977
15	51	0.06980181325366656
15	52	-2.6202668310200945
15	53	-3.039968941844162
15	54	3.5153588653360592
15	55	-1.324890009382286
15	56	-0.5422199364471618
15	57	-0.4298093647336766
15	58	0.1668309076554647
15	59	0.7695915532721652
15	60	2.7366508784630255
15	61	-1.1687421083435465
15	62	0.24274754533277904
15	63	3.8868596087062905
15	64	0.43052909703400855
15	65	1.0832073397496391
15	66	1.4618952768153994
15	67	1.160240329535517
15	68	2.1062979060329643
15	69	-3.32046782690303
16	16	NaN
16	17	2.846284383509027
16	18	0.35624271817561887
16	19	2.3422901619775973
16	20	-3.0218071134733
16	21	-0.2565046828525185
16	22	3.705309026071759
16	23	0.5736899874023211
16	24	-3.1122376272338195
16	25	-0.26295964761695234
16	26	0.7703846975509769
16	27	-0.6478716541231396
16	28	-0.8014870426118899
16	29	-0.29181283913494827
16	30	1.6784502615922328
16	31	-1.7870689140101004
16	32	-4.02719748178844
16	33	2.210272960834306
16	34	-2.9057196697579344
16	35	-0.4640744618749276
16	36	0.14066792349328378
16	37	1.4395054669407625
16	38	1.7037365661491304
16	39	-2.0416569530827453
16	40	0.04110176415686889
16	41	-2.094993080851692
16	42	-1.4273998174270142
16	43	-1.0668214015634463
16	44	-1.3964347745337151
16	45	-0.6784931312495385
16	46	-4.405227776972447
16	47	-4.210525032041082
16	48	0.07470386546866511
16	49	-0.12422450371204351
16	50	2.1086774897354656
16	51	-2.048195003840255
16	52	-1.756684840243017
16	53	11.207497869767456
16	54	4.149075631943865
16	55	-0.3529631343586113
16	56	-0.9118305332035296
16	57	1.0301898503650844
16	58	-2.3872827915154553
16	59	0.6720536751691867
16	60	4.264951077177507
16	61	2.7044217640875825
16	62	-0.35949425017154074
16	63	0.7178612227899637
16	64	4.939172906844767
16	65	-1.6398509543107673
16	66	0.9597207151385136
16	67	-1.5908794711935275
16	68	-0.09868240397974579
16	69	0.6417219517837081
17	17	NaN
17	18	-0.9253870118875056
17	19	0.8928561911489666
17	20	-0.06219911971878589
17	21	-0.8037685390117189
17	22	-3.6659845479973363
17	23	-1.664437223049943
17	24	0.16191536651227048
17	25	-2.8729887226622264
17	26	-1.6222452146302162
17	27	0.551354126855312
17	28	-2.297257781607467
17	29	1.5358547333980996
17	30	-1.2144697399358335
17	31	1.6091430754159401
17	32	-1.8221531455352797
17	33	-0.007270379835692292
17	34	-2.2180174708562004
17	35	0.24308049754125297
17	36	-4.841879730524114
17	37	1.255032831958171
17	38	4.309530420726582
17	39	-1.9547767005908516
17	40	1.6921149358790757
17	41	-1.6495257051865042
17	42	-1.094990473525465
17	43	-3.5566404757227734
17	44	0.04458450837781553
17	45	-3.1070713141776447
17	46	0.014436678111395287
17	47	0.1421651624531962
17	48	-1.673280199784833
17	49	0.801689294716368
17	50	1.8230638278470441
17	51	0.0833956615304567
17	52	12.447611922510612
17	53	8.311959435844264
17	54	-0.9258584326358913
17	55	1.1603976274798231
17	56	0.6804677685048125
17	57	-3.9168177676385443
17	58	0.634527004224439
17	59	-0.7447578291934718
17	60	-2.986242393616771
17	61	1.4780580692308558
17	62	-1.3417991902816884
17	63	-2.564316052273994
17	64	0.5462978173193562
17	65	-2.413496625392388
17	66	1.2223251780633013
17	67	0.6949211174588901
17	68	-0.739239647882555
17	69	-1.7849877441386977
18	18	NaN
18	19	0.7826724734935507
18	20	0.1912176516997104
18	21	0.394431992213421
18	22	3.3927488016800913
18	23	1.8674904034861821
18	24	-2.748056364907562
18	25	1.8736308023040709
18	26	0.18724159652233832
18	27	-2.1951949116866554
18	28	0.5980444548120237
18	29	3.3140519022211348
18	30	-0.7258360413741912
18	31	0.5928204122521141
18	32	5.631599744790732
18	33	-2.182439104603158
18	34	2.7701933905354545
18	35	-1.1707661637939621
18	36	-1.5110235391226268
18	37	-1.644422738735184
18	38	3.61531975650039
18	39	0.604973512589051
18	40	-0.9853946684866824
18	41	0.45962520908674437
18	42	-1.5686106573676444
18	43	2.1578972975390953
18	44	3.0630457901990953
18	45	0.5941983274905355
18	46	0.6743483925028702
18	47	-1.687671665254957
18	48	2.0269567452958968
18	49	1.2609287436623524
18	50	1.512977013269881
18	51	-0.5465442282275553
18	52	-1.6234677047467605
18	53	-2.2361672994878607
18	54	-3.57512343359085
18	55	0.13215546287889882
18	56	-3.542273596541871
18	57	-0.07972128665621801
18	58	1.888392389977072
18	59	0.23449442709490864
18	60	1.2526442977285135
18	61	-0.9612928435776567
18	62	-0.9959892757849361
18	63	-0.5875966591531772
18	64	-0.06181384605396808
18	65	1.6583413476004003
18	66	-1.7320243862583438
18	67	1.7341091615811772
18	68	-0.22505604735672588
18	69	1.5108497638025435
19	19	NaN
19	20	4.865183858487994
19	21	-2.684308837402147
19	22	4.225386032013498
19	23	0.6117890961508785
19	24	-0.10939958571677937
19	25	6.576415325643615
19	26	-1.0966936968088132
19	27	-1.213667407513031
19	28	-0.17511728262203552
19	29	3.285998276330443
19	30	-0.9702894157080271
19	31	0.9023001226725683
19	32	-0.7408131930476262
19	33	3.5925635452531473
19	34	-0.37222192174106095
19	35	-3.9509133329720845
19	36	-2.998217477674957
19	37	-1.71674299146029
19	38	-1.4123656153225843
19	39	-0.8340774026405595
19	40	-3.9248566030600047
19	41	-1.800570383386258
19	42	2.9871497025705263
19	43	2.2696064031056835
19	44	-1.1699523942269328
19	45	1.5536137331228335
19	46	2.3785958650119188
19	47	1.1822724468362729
19	48	3.6011687814069804
19	49	-0.35447881359515315
19	50	-0.42404742209055224
19	51	0.20061496242851595
19	52	-2.913993791231428
19	53	-0.9759355668942314
19	54	1.9213807230723667
19	55	-2.3452311712554645
19	56	-2.8021197964788502
19	57	-0.058327722813974865
19	58	-0.43995204326308335
19	59	2.4850774937844924
19	60	-1.140701121342961
19	61	2.7519346263319053
19	62	0.44215046217075843
19	63	1.2850948769417996
19	64	0.5029564519638843
19	65	-0.9589855328542948
19	66	-0.5971494008553511
19	67	-1.7746322655384075
19	68	0.8508648789170803
19	69	-0.7480286143010326
20	20	NaN
20	21	1.2243059036793391
20	22	1.7543761385385952
20	23	-1.868870624977119
20	24	-1.2878998896974523
20	25	-1.0807387821705194
20	26	2.5609015015238703
20	27	-0.32331303101637854
20	28	1.0261999328098295
20	29	0.7742252837200855
20	30	2.5384995602430926
20	31	0.41861888413800846
20	32	-2.0637655869567144
20	33	-2.935100748094867
20	34	-2.271796831030671
20	35	-0.36865080152822893
20	36	-3.743266234953906
20	37	-0.38848852781210047
20	38	-2.988390008829345
20	39	-1.2657962207082603
20	40	0.06984720939366781
20	41	-1.225892074617217
20	42	2.1352384712565318
20	43	-0.12024603923012013
20	44	-1.1196903774997373
20	45	1.3360285157127771
20	46	2.341091729013874
20	47	-0.2838454991600225
20	48	-0.7452429754940818
20	49	-1.6079372394277616
20	50	1.0965450967268167
20	51	0.057985526925703454
20	52	0.007282724254084543
20	53	3.8815843843274593
20	54	0.16173900401774946
20	55	3.875925438142931
20	56	1.31645361788061
20	57	-0.6122176353968938
20	58	-1.7035569849628573
20	59	1.3640552443722747
20	60	0.11645091618117524
20	61	-0.024524595299127008
20	62	3.5628970770038046
20	63	-0.09662403644562172
20	64	-2.8181012266545458
20	65	0.5785788125512271
20	66	-1.4404467963918062
20	67	-3.277327247085797
20	68	0.24232212804469677
20	69	0.41275139988372633
21	21	NaN
21	22	1.1837393261614142
21	23	0.9042139724820388
21	24	0.4064167645244027
21	25	1.3626467405003408
21	26	0.9574214270429715
21	27	-1.1979026502241763
21	28	1.4673277177367277
21	29	0.469438876739985
21	30	0.705254764308054
21	31	2.543195122441548
21	32	2.284087002521546
21	33	0.6721559590722873
21	34	-0.47482466741595586
21	35	-2.972660001616588
21	36	-1.2426726385514364
21	37	0.4785646972487368
21	38	4.032996889295136
21	39	-1.0591413555688027
21	40	-1.9731798166518946
21	41	-2.183541598237793
21	42	2.4987823175016235
21	43	3.8208730448642063
21	44	3.911649703543572
21	45	0.44594353101125495
21	46	-0.7178049207362074
21	47	0.5680796914320588
21	48	0.019717420441857647
21	49	-1.4412606986210288
21	50	1.9122535489536585
21	51	0.9521916457253766
21	52	-0.7743569410475537
21	53	-0.8362638381051447
21	54	1.233795370663483
21	55	0.11618406707069082
21	56	-0.3134209976013171
21	57	-3.193878950667997
21	58	-2.9127468652499786
21	59	0.5813431365062095
21	60	-1.6058198394038166
21	61	0.8920351295721531
21	62	2.6943391509002277
21	63	0.03144942457750278
21	64	-0.935403831924599
21	65	-1.909881297855379
21	66	-0.40767463956735833
21	67	-0.04627292293820991
21	68	0.7047672393597026
21	69	0.8954863716820313
22	22	NaN
22	23	1.6838259031176475
22	24	-0.9689949918966687
22	25	4.392969753664452
22	26	-0.4331850831776755
22	27	-0.9098477732606786
22	28	2.2944615932580796
22	29	-0.7164899874616526
22	30	-0.6517371176655317
22	31	2.617955094014597
22	32	-1.436461088470335
22	33	-1.7285970632194982
22	34	-1.1443315538320038
22	35	-1.4452237535889676
22	36	-1.412041429999612
22	37	-1.4375914519222441
22	38	-0.07887806730828056
22	39	-2.1585955996636113
22	40	1.7422416971930603
22	41	-0.3275092032760681
22	42	-2.0857902270997273
22	43	1.588009286717369
22	44	2.018762805430765
22	45	-0.8513453652139614
22	46	-4.2059487384437295
22	47	-3.593345221980032
22	48	2.167060083880367
22	49	-4.211889227585249
22	50	1.7988025946275803
22	51	-0.8204618594933776
22	52	-3.6198057152047753
22	53	-0.27027870142848237
22	54	0.6583571562808451
22	55	0.37344018731527484
22	56	-0.14181600056194082
22	57	2.13683368653926
22	58	-0.3002773865912389
22	59	2.1186083096889003
22	60	2.1175966192603934
22	61	2.8635728544182646
22	62	-0.006871605919599708
22	63	3.210810453706127
22	64	1.048896564924568
22	65	1.0596467144125297
22	66	-0.42626208793366854
22	67	1.1096877408630446
22	68	0.31729379592613066
22	69	1.0802238900184187
23	23	NaN
23	24	-0.1316898006404264
23	25	1.640633958815427
23	26	1.0915046253732195
23	27	-0.9910055696964141
23	28	-0.1489857963975252
23	29	0.38810215970135276
23	30	-0.4232909856768091
23	31	0.7427508511089811
23	32	2.346236601740802
23	33	0.28859483996200463
23	34	1.5012489133798026
23	35	3.8025575349369314
23	36	-1.7616420012914766
23	37	-0.8805883931188476
23	38	0.2575086935640673
23	39	-2.7585644167178818
23	40	4.076576888918097
23	41	1.7910152314026226
23	42	-2.9918583490628303
23	43	2.031648986827365
23	44	-0.05249191926159906
23	45	4.2223571334809
23	46	-0.739624023226145
23	47	-3.37993121603795
23	48	-3.8730413579160103
23	49	-3.5672567907930817
23	50	0.6684210969773952
23	51	0.5512354774218945
23	52	-1.234187857989464
23	53	-1.4265549121219057
23	54	1.7587473978365267
23	55	-2.1115339764165353
23	56	-1.0865886898572366
23	57	-0.9802356289450433
23	58	1.4477281290485708
23	59	3.074290297288373
23	60	-0.34136483516173766
23	61	-1.3102811160924774
23	62	1.0865037205950754
23	63	-2.04990784963097
23	64	-0.9556122881345955
23	65	2.5591528654254994
23	66	7.060272281421952
23	67	3.444948961051726
23	68	-1.8912977366231731
23	69	1.9140809486959556
24	24	NaN
24	25	0.3142833966768933
24	26	-4.702942052344673
24	27	1.699782102019989
24	28	-0.8778924030879093
24	29	-4.754431056747303
24	30	-2.2080704513454195
24	31	-0.058166405706486464
24	32	-1.1284996596006795
24	33	-2.913872700000278
24	34	-0.3725856520623842
24	35	7.82139644090386
24	36	-2.3204384131656797
24	37	2.884397981802824
24	38	1.8436373635227166
24	39	1.1114437804612443
24	40	3.381155138395839
24	41	-2.0492666963035595
24	42	-3.348924278080542
24	43	3.917248699162841
24	44	-0.4052022416731167
24	45	-1.0381333470581955
24	46	0.4327962432971353
24	47	1.672942147823918
24	48	-0.29558754737825205
24	49	1.3343070615060793
24	50	-1.3365635116202914
24	51	-2.9620563850242005
24	52	2.69892928463829
24	53	1.5517618077382767
24	54	-0.2146775412425742
24	55	3.962961427081781
24	56	3.5236640481213457
24	57	-2.091440046120005
24	58	-2.8770222711128537
24	59	-2.0599589951710064
24	60	-2.6848628880066205
24	61	-2.71369487645539
24	62	-1.1731450142015274
24	63	0.1856435115913165
24	64	0.501312105905205
24	65	0.9372412497146705
24	66	-0.4766456102373334
24	67	-1.1751298990872625
24	68	-0.5017701839377489
24	69	-1.744304068370156
25	25	NaN
25	26	1.9604501000027725
25	27	0.00739542648093132
25	28	5.276399151242665
25	29	3.636774163462155
25	30	2.2000051827281975
25	31	-2.1459299742805946
25	32	-0.00043809004287038305
25	33	0.31566314199419676
25	34	-2.7342503570505086
25	35	-2.724683245823717
25	36	-3.8679316487486055
25	37	-3.0062725383968756
25	38	0.557265521200328
25	39	-2.280552473039332
25	40	-1.8471585018885368
25	41	0.21879585783156263
25	42	-0.3961362274345823
25	43	1.7580518535304461
25	44	0.3567336228302361
25	45	-0.4783656439797038
25	46	0.42582952264187635
25	47	0.21368153166056555
25	48	3.4735503349012884
25	49	-0.939078640022821
25	50	4.271943297806745
25	51	-3.8493993858769557
25	52	-0.05054479932888263
25	53	-1.042709309638837
25	54	2.4479989311035433
25	55	-2.3812519855318204
25	56	-4.439001246624742
25	57	2.418198655002109
25	58	0.2804021537885103
25	59	-0.4579138261609635
25	60	-0.11739686552933162
25	61	0.5682022557165329
25	62	-2.12768787126848
25	63	1.249935579368911
25	64	-2.0125860707210967
25	65	1.18708891716737
25	66	0.59742806643373
25	67	2.601470531706745
25	68	1.183693737035372
25	69	-0.21976030773032845
26	26	NaN
26	27	1.6662591130653361
26	28	4.872747900226824
26	29	1.1375925471667436
26	30	18.684261091298804
26	31	-0.9929319872161301
26	32	3.3390023801240987
26	33	0.40203182349539085
26	34	-2.8035695644184635
26	35	-1.3255210583887893
26	36	-0.8510662979331473
26	37	-1.1487912898190173
26	38	-0.4749801033954148
26	39	-5.580170424082702
26	40	-2.004859924263551
26	41	-0.2898860863397921
26	42	0.029552047386131673
26	43	-2.658485564774679
26	44	-0.9220340985095181
26	45	0.8005109153042451
26	46	-0.8847966808707646
26	47	-2.1520461197923244
26	48	-3.039409279702253
26	49	-1.6170226757965218
26	50	1.5581918377915474
26	51	0.704066667062033
26	52	-2.085475808719128
26	53	-0.11944487507426772
26	54	-0.24240446254719786
26	55	-0.8090083052871145
26	56	-1.9457244585100255
26	57	-0.728680587951546
26	58	-2.649557001444721
26	59	0.24470636484845076
26	60	3.533560315332494
26	61	0.21580182724743968
26	62	1.8703236091182485
26	63	-0.9704042970074558
26	64	-2.8483515329458156
26	65	2.980062563025181
26	66	-2.5440082801066324
26	67	0.06728878922258427
26	68	2.8266279942230974
26	69	-2.3612275258379727
27	27	NaN
27	28	-1.4537561896156568
27	29	-2.421852730146717
27	30	-0.48257735940149815
27	31	2.86691481242372
27	32	-1.0607087355885485
27	33	-2.5145390309456066
27	34	-1.9735851890377498
27	35	3.6509857707332105
27	36	-3.0617518592334103
27	37	1.436809660504665
27	38	0.3063808290135207
27	39	1.7106445985773844
27	40	1.012533044824326
27	41	-4.192855177593961
27	42	-0.6946257012904237
27	43	-0.068422086037529
27	44	1.4478021473761817
27	45	0.4738821439706122
27	46	-0.0861089627051045
27	47	1.4347590970472102
27	48	0.24954125425584256
27	49	-0.35724603911388597
27	50	0.315212899171003
27	51	-0.06904827791278718
27	52	0.08235251214372784
27	53	0.4141273155966882
27	54	-0.3684285374144758
27	55	1.9258171729322469
27	56	2.8159119832981694
27	57	1.7350797618385034
27	58	-2.603465532623495
27	59	0.34850097388342555
27	60	-0.9249568287113895
27	61	-1.796306236377555
27	62	-0.6986873780996272
27	63	-0.7926427841654895
27	64	1.4151387062251999
27	65	-0.26565351949580324
27	66	-0.2882232456230834
27	67	-2.330588318760383
27	68	-1.045946779162905
27	69	-1.9412944915338206
28	28	NaN
28	29	-1.24324491279431
28	30	-0.49755277690034283
28	31	1.6836594402424545
28	32	2.8109782344129535
28	33	2.738511073455221
28	34	-1.4576911434781639
28	35	2.188449216710453
28	36	-1.7947027065167795
28	37	-1.17347421006156
28	38	-0.6077932088290237
28	39	-0.6049089732334236
28	40	-0.8750266432335608
28	41	-0.7107389237056295
28	42	1.0856473919493494
28	43	-1.133172528076509
28	44	2.5585086100070296
28	45	-2.0297312677760213
28	46	1.1354166866486692
28	47	-0.6451171284523587
28	48	-0.6885377022581548
28	49	-0.7130794149210561
28	50	1.7588139683487234
28	51	1.2713157335448557
28	52	0.04556450517104245
28	53	-2.6093431360807275
28	54	-1.8062991762811746
28	55	-1.2687750628647998
28	56	0.16247991156447503
28	57	1.670160522597561
28	58	0.9849634827259877
28	59	-2.2400812284451384
28	60	0.5876603013705136
28	61	1.5005069932366133
28	62	0.9113157517684924
28	63	0.6610701427294133
28	64	-0.573923658210136
28	65	0.1497382486706234
28	66	-1.527757988623721
28	67	-1.9576340671923984
28	68	2.511032744357686
28	69	2.4653649604837624
29	29	NaN
29	30	1.9111363494710867
29	31	0.2943416132801512
29	32	6.159381210470685
29	33	-0.7465676034826372
29	34	2.8386818384023944
29	35	-1.5428572074030777
29	36	-1.7687009413219021
29	37	-2.376413419007131
29	38	-1.5370225422467358
29	39	-1.5480805912050033
29	40	-3.1894052115590577
29	41	-1.7275316239078313
29	42	-3.5428848510084308
29	43	-1.4480117366162009
29	44	-2.337671049061679
29	45	3.490105688276838
29	46	3.028895566074157
29	47	-2.245488680996513
29	48	5.07045534874272
29	49	0.16476942452265705
29	50	1.2464300402407482
29	51	1.0390611963997995
29	52	0.12629702517235333
29	53	-0.743184107708878
29	54	-0.3408463479027922
29	55	-1.9166152317114118
29	56	-2.400429413101625
29	57	-1.4140405966295184
29	58	2.2468305994978346
29	59	0.5786442726717727
29	60	0.9609665599669458
29	61	-1.8345020068218463
29	62	1.523345905490402
29	63	-0.9013823436089552
29	64	-3.163645727931833
29	65	2.3642488424777808
29	66	-2.3584412409009348
29	67	5.48944601262839
29	68	2.7263588042570874
29	69	0.5004013246885706
30	30	NaN
30	31	1.7608244931660697
30	32	0.9608884900729755
30	33	1.5336763559881612
30	34	-0.3192116771434354
30	35	-1.248201448686214
30	36	-1.8207360801367087
30	37	-1.2675714302505745
30	38	-2.496778635628672
30	39	-0.608500956429172
30	40	0.6123895488482696
30	41	-0.0053172468898362215
30	42	2.3602763088663097
30	43	2.872210666422788
30	44	0.3522875593903586
30	45	2.547207770907188
30	46	-2.119576000510163
30	47	1.3035168415825957
30	48	-2.2375314157526787
30	49	2.361116393937637
30	50	-1.5841973151040132
30	51	0.31049104128333355
30	52	-2.5409741356660835
30	53	-4.391976709479025
30	54	2.574088059789841
30	55	-3.8239880754066276
30	56	-0.9134159951599486
30	57	1.862982166308036
30	58	-1.2746097999973673
30	59	0.9595848472751735
30	60	-0.3246505395972953
30	61	0.5646478625142451
30	62	-0.4803910665744352
30	63	0.2600929681086331
30	64	-2.8915363067065116
30	65	0.9314382885004635
30	66	0.17697827733551125
30	67	0.6055037984918081
30	68	-0.637164346164099
30	69	1.9727458539621665
31	31	NaN
31	32	1.482975095563404
31	33	0.011901260126899176
31	34	-2.5934801492548365
31	35	0.6605516862667009
31	36	-1.9409147426779758
31	37	0.4376231255252963
31	38	-0.7152410806839105
31	39	-1.5121411620612666
31	40	-0.6298956523319039
31	41	-0.4772240991411435
31	42	3.60870804152664
31	43	-0.6622660854981648
31	44	-0.09246046715225559
31	45	-1.0124213272868423
31	46	0.8235679885939038
31	47	-0.27755192332972906
31	48	-0.005623559000614319
31	49	-3.0181147746028683
31	50	0.6904726970427837
31	51	0.13549276728118392
31	52	-2.6913698792630543
31	53	-2.7439710937612234
31	54	-1.1964443585155444
31	55	-1.9857050370383986
31	56	2.4548630711634427
31	57	0.7257694372612465
31	58	-3.8678858784391577
31	59	1.602730076352325
31	60	2.1420879743251082
31	61	0.6158073258260465
31	62	0.22147825064110802
31	63	-0.2710648385631765
31	64	3.548989337950412
31	65	-3.5188604123757368
31	66	0.639002307853662
31	67	0.9926238969360497
31	68	-0.28762225201095976
31	69	0.3376745855041881
32	32	NaN
32	33	3.239010846748542
32	34	-0.7840175352506138
32	35	1.2844372381978766
32	36	-2.547554337961277
32	37	-3.775413583037551
32	38	-0.1486798927191492
32	39	-3.226873330831185
32	40	-0.17565285468165173
32	41	-2.8770285830795466
32	42	0.8369250274795429
32	43	4.650093586954696
32	44	-2.8633178210370063
32	45	0.5804997531104004
32	46	2.5896184777148363
32	47	0.510392695837842
32	48	4.145965441966437
32	49	-1.0842609799249399
32	50	-1.1070247323200826
32	51	-1.981212561157741
32	52	-0.8812049812511367
32	53	-1.1841386517158774
32	54	2.5932949508474503
32	55	1.862039980269433
32	56	-1.4743708114517966
32	57	-0.46863021045324965
32	58	1.6754130058973185
32	59	-1.8244075239675905
32	60	-0.4190556675685516
32	61	-0.5063042768969725
32	62	1.1445239977092931
32	63	0.9953714115144805
32	64	-1.6605787418778615
32	65	5.42991440649078
32	66	0.8858783666999167
32	67	-0.43442589453502384
32	68	1.5927084225429073
32	69	1.01251967584123
33	33	NaN
33	34	-1.7755237648757978
33	35	2.047432464813214
33	36	3.8124288751087794
33	37	-1.1816692055294378
33	38	1.7673489271600036
33	39	0.02286730317572174
33	40	-0.39231022634287094
33	41	-0.15044497634869944
33	42	2.1192648109780245
33	43	1.6937283737726538
33	44	-4.40550109822494
33	45	-3.5325748618943202
33	46	-1.2565326394998855
33	47	1.631004122905146
33	48	1.2107667299125882
33	49	1.5332083721073504
33	50	-0.023129319254635218
33	51	-2.6520847822199616
33	52	-1.5126047535513716
33	53	0.2798311858084997
33	54	-3.877322327752753
33	55	-0.5988742163280782
33	56	-0.6030537957773668
33	57	0.2546725787477423
33	58	1.028465680190369
33	59	-4.291895107616957
33	60	-0.7767287339357178
33	61	0.3738488545043045
33	62	0.01779300426142207
33	63	-0.7908216589399435
33	64	0.1716197758544263
33	65	0.9686284785552147
33	66	0.8720668080459449
33	67	4.175040387802038
33	68	2.920154088037474
33	69	2.443586249069571
34	34	NaN
34	35	-0.42209718182668965
34	36	2.3257782095893984
34	37	-3.044331336789176
34	38	3.1339449981921637
34	39	1.9669186592006644
34	40	-1.4879423277521884
34	41	1.4586170148630941
34	42	-1.7665717125021798
34	43	-1.6749745800954743
34	44	2.04971608674929
34	45	-0.29988740370671757
34	46	0.352182183337649
34	47	-0.6854353316943874
34	48	-2.3496046833771875
34	49	0.9762972265127131
34	50	-1.3067622828775614
34	51	0.10090464617522439
34	52	-1.8073653892935704
34	53	-1.0355081075339867
34	54	-1.6636002976327362
34	55	-2.0712497246218624
34	56	-0.7123330770932323
34	57	-0.7010598031704132
34	58	-1.5291952700841631
34	59	-0.7105541876996889
34	60	-0.2719856790842832
34	61	-1.4753003022578273
34	62	-0.6801677783095483
34	63	-0.8015708649166373
34	64	-2.061002359641176
34	65	-1.80810865786783
34	66	-2.5485001211165397
34	67	-0.5362015688901347
34	68	-1.3011745242601642
34	69	0.4095002610802494
35	35	NaN
35	36	-0.21414206935314917
35	37	0.7247515326809468
35	38	1.5994543398160626
35	39	0.6326597883297986
35	40	0.24925497147217218
35	41	-1.5296388395731786
35	42	0.6537831577270069
35	43	0.5646977069763279
35	44	2.377524661086668
35	45	-1.610048164420234
35	46	-2.4008757582043487
35	47	0.8344130484810939
35	48	-0.8659852623558323
35	49	1.617154410690604
35	50	-2.3006201984423402
35	51	-2.8452297241408493
35	52	3.297189667011505
35	53	0.1566670299717916
35	54	0.27188830330144237
35	55	4.597440114426255
35	56	3.6816782473949825
35	57	0.03270637003624306
35	58	-0.5418297277371648
35	59	-1.5169821423702552
35	60	-1.4997180677321977
35	61	-0.43785744521566183
35	62	-1.7359286804785627
35	63	-2.2113515417325793
35	64	-1.3593265876641452
35	65	-2.8910699064906833
35	66	-0.9312887628897109
35	67	-0.6208423328942605
35	68	-1.843324856491312
35	69	-0.19720946176514592
36	36	NaN
36	37	-3.367524241516207
36	38	-3.477361601453007
36	39	-2.865251840287225
36	40	-2.3955008148401458
36	41	-1.4039334829793213
36	42	0.4302694690674914
36	43	-2.5680731259674165
36	44	0.2660508298849864
36	45	-1.45798497421445
36	46	-2.626423187160949
36	47	-0.7393582690525118
36	48	-2.382160206296429
36	49	-2.005883576013696
36	50	-1.6725555339459741
36	51	-2.6244186763805093
36	52	-2.0989258832903652
36	53	-0.1929604976990828
36	54	1.1453192442960354
36	55	-1.825554023726719
36	56	0.005166949691189392
36	57	-2.285995970407068
36	58	-4.316113453394926
36	59	0.9171477839591284
36	60	-1.721630695448162
36	61	2.3677494703461774
36	62	1.529474411942873
36	63	6.029294976735193
36	64	-1.2488416398630389
36	65	-2.7455939370376385
36	66	-1.847570697924284
36	67	-2.1439120631356787
36	68	-1.5655087940724692
36	69	-0.5316109393144134
37	37	NaN
37	38	0.05462124426086884
37	39	-0.4616049359877376
37	40	1.3100514553057327
37	41	2.089234475682743
37	42	1.0781886514107404
37	43	-3.3015490549818587
37	44	0.351445624020161
37	45	-1.2897418345593266
37	46	-2.176134341426248
37	47	0.6879646546459328
37	48	-1.4307463819266946
37	49	2.5814589409367894
37	50	-0.8013055688369416
37	51	-0.16237870482843567
37	52	-0.49448133263908184
37	53	1.1311756748311388
37	54	0.5784401847702145
37	55	0.6282198955443689
37	56	2.9098561044621962
37	57	0.8256526523746084
37	58	-1.7234944612467293
37	59	-1.8077414916071857
37	60	0.12229488135680582
37	61	0.7078639665101857
37	62	-3.0948170414676435
37	63	-1.2027707026669987
37	64	-2.671241858950377
37	65	-1.371647427438305
37	66	2.386141362963476
37	67	-3.9098732542724073
37	68	0.13489873493350868
37	69	-1.769017818073811
38	38	NaN
38	39	1.0094484540947828
38	40	0.3342577369756289
38	41	-0.5724968239880143
38	42	0.2288248478022665
38	43	-2.8073971961219795
38	44	0.8747220224472002
38	45	1.2435940288548823
38	46	0.6439676077664043
38	47	-2.7236477780672628
38	48	2.628648413334117
38	49	1.3655146146617758
38	50	1.8922498601073565
38	51	-0.5824630522152522
38	52	2.294330422079535
38	53	2.8640872267420754
38	54	-2.9575744882960464
38	55	0.689097929481502
38	56	0.35770406574609553
38	57	-0.9498815165447497
38	58	-0.02124529940993988
38	59	0.3879803915675312
38	60	-0.966788468956892
38	61	-1.333807602956547
38	62	2.938875246046414
38	63	0.3054358338788398
38	64	-3.052681766998812
38	65	4.519624780913423
38	66	-1.925038581724661
38	67	-1.679358080489527
38	68	-1.1885333252252046
38	69	-1.8824717240135336
39	39	NaN
39	40	3.3542711406499777
39	41	-1.4391661051293667
39	42	-0.7090673238585583
39	43	8.010802271979495
39	44	-2.1605410051545784
39	45	-0.7530947835554058
39	46	-1.5052717308504173
39	47	-1.3350140246116036
39	48	-3.9747454477011055
39	49	1.6868241051835202
39	50	-0.2974031530749792
39	51	-3.0421680699856735
39	52	0.09538073844825226
39	53	-3.089673215546661
39	54	-1.8782208475024464
39	55	2.767295431857202
39	56	2.031732944057554
39	57	-0.9759903693226077
39	58	1.8922199708118526
39	59	-1.9753911960722157
39	60	1.0332423549813348
39	61	-2.813385877291666
39	62	-1.1208393394499176
39	63	-2.122171579823067
39	64	0.6547366148149516
39	65	-3.5977348664447564
39	66	-3.02248629727408
39	67	2.5035080849063855
39	68	-0.3282273685368383
39	69	0.2415345457111903
40	40	NaN
40	41	1.911849845907245
40	42	0.9965370550226992
40	43	1.5153715438001827
40	44	-1.7359391636414498
40	45	-0.3061091817386963
40	46	-1.1034239814025468
40	47	-0.29904034866638185
40	48	-2.076695548943393
40	49	2.32618109240001
40	50	-2.737153446474083
40	51	0.4175904346604852
40	52	3.3348108959870046
40	53	-0.2190648877643422
40	54	3.055239135222115
40	55	2.580732618625091
40	56	3.1975069766759017
40	57	1.8853736390487905
40	58	-0.08918220093624268
40	59	-0.26968988227850943
40	60	-1.8066562352742352
40	61	-1.13882138070495
40	62	0.2526886841629988
40	63	0.09180289388050467
40	64	1.635292871757321
40	65	-1.3755279985772046
40	66	-2.293727286235593
40	67	-0.8352451805069194
40	68	0.28588153355695883
40	69	-0.694172860762865
41	41	NaN
41	42	1.152237688624933
41	43	-1.3439315658511521
41	44	-0.387315729627051
41	45	-0.6053656811758286
41	46	3.9558917705782584
41	47	-1.8832686633522073
41	48	-0.5390760359668377
41	49	1.3776686299044933
41	50	-1.915526261210825
41	51	2.208273209625704
41	52	-1.2254008540097918
41	53	-2.5669101721294636
41	54	-0.5383993421788348
41	55	-1.0371986077966986
41	56	0.4523424817134949
41	57	1.9919899832339398
41	58	-3.09957445503065
41	59	1.197586826298016
41	60	0.12267293642160579
41	61	1.6665223561102633
41	62	-0.0348786542486424
41	63	2.1215320806776634
41	64	-1.3332437442727574
41	65	0.3148034586519543
41	66	-0.22634539174179316
41	67	0.5931279276765793
41	68	0.1479107082169515
41	69	1.013315720913073
42	42	NaN
42	43	1.977109631166243
42	44	2.8011903260971405
42	45	0.029620189221942508
42	46	-0.5083885841426731
42	47	-0.09848390313407163
42	48	-1.9675558950221324
42	49	-2.2319751401126617
42	50	1.3324980948626302
42	51	1.9290341518103258
42	52	-3.064612867794016
42	53	0.0032909527421502577
42	54	0.6175091133067905
42	55	-1.0240992522136585
42	56	-0.5487096874549515
42	57	-0.13586322993264
42	58	0.9039838146837549
42	59	-1.0657936408258704
42	60	2.237735104289766
42	61	1.0383250021871544
42	62	0.11086482786210511
42	63	3.444827819570938
42	64	-1.8969592502939425
42	65	3.8150614327351664
42	66	1.1353685810306426
42	67	-1.6235520227327986
42	68	-0.42918246536066007
42	69	-2.928787331572005
43	43	NaN
43	44	-0.11320683462999916
43	45	1.080107605675678
43	46	-0.5710799293663089
43	47	0.017743246350365945
43	48	-1.6884452072831067
43	49	-0.49785335239760453
43	50	0.03267614966179316
43	51	2.9951501583263194
43	52	-2.042699351930809
43	53	-2.0241855049826363
43	54	2.1818135319396217
43	55	-1.3661753618336363
43	56	-2.393822397591033
43	57	-2.0178663757347493
43	58	4.443124829732049
43	59	6.081962496697374
43	60	-1.6604299563438958
43	61	-0.6237179171524985
43	62	-1.5132611451763083
43	63	1.3072522750514377
43	64	2.8456872956341597
43	65	-1.181902632539169
43	66	-0.8241419103863017
43	67	-1.0267852428270867
43	68	-1.0841505263475784
43	69	-0.41705722873373674
44	44	NaN
44	45	-1.6300859124793476
44	46	1.5672803383958873
44	47	-0.5086373655964986
44	48	-1.820477629040952
44	49	1.6940525222317835
44	50	-1.2419690244542778
44	51	0.2399722038923085
44	52	-0.8156651678625839
44	53	-3.0474872227033862
44	54	4.011244702178855
44	55	-1.6972715924485804
44	56	-0.3353026073785011
44	57	4.439947705168776
44	58	-0.17948427160621533
44	59	-0.18689791862231933
44	60	2.748092149769012
44	61	-0.30342207519298664
44	62	-0.8892896078946025
44	63	3.8623564374194475
44	64	0.7162103506352474
44	65	0.13567945314202512
44	66	0.5496384816624501
44	67	-0.8679587229738727
44	68	0.8420188007684619
44	69	3.6004061105244682
45	45	NaN
45	46	1.715894864922357
45	47	-0.5770073602682669
45	48	6.340285804197396
45	49	0.9342641450657987
45	50	0.9000082375165526
45	51	1.53453508904758
45	52	-1.5870544042722958
45	53	2.1920820754466277
45	54	-0.16973751993544137
45	55	2.6647552786555764
45	56	-2.3705586721929204
45	57	-3.1904079423104723
45	58	3.2971762009946066
45	59	-2.3994030149313197
45	60	-1.5838301071830656
45	61	-0.9154205467888759
45	62	0.045110716445390026
45	63	2.4309710591887046
45	64	-0.24774035892492316
45	65	-0.46130902310815797
45	66	0.21248770205439546
45	67	1.4396999436103874
45	68	0.8025861614425072
45	69	2.3253680132660763
46	46	NaN
46	47	-1.4115818418425061
46	48	1.664660653552145
46	49	2.1766375529946416
46	50	-4.902451868987738
46	51	3.1956425972655063
46	52	-2.8993750012981647
46	53	-4.448893356799207
46	54	-2.305779799848146
46	55	-3.4404287977996124
46	56	-0.10907895525134952
46	57	-1.0079718533982838
46	58	2.1290592145756984
46	59	0.05358033464616299
46	60	-3.823582307057997
46	61	1.6955928932123967
46	62	-2.2036400213767875
46	63	-4.387398814214101
46	64	5.9040337595923695
46	65	0.8611255225584803
46	66	0.010185772895538524
46	67	-0.8132539842995361
46	68	0.11422167643690553
46	69	-2.151035191886392
47	47	NaN
47	48	0.2618126961923633
47	49	-0.8349210197159849
47	50	-1.2195000057182097
47	51	-0.30709880570268006
47	52	2.716537224507263
47	53	2.165585501824059
47	54	-0.11953077610839383
47	55	1.0271959420789498
47	56	4.175212362186734
47	57	-0.7512260034244974
47	58	2.8456095671729322
47	59	-2.0437859862277747
47	60	-1.075163980537061
47	61	2.384802210703197
47	62	1.449658109797339
47	63	-1.3969710433846567
47	64	0.9659419426721286
47	65	-0.10805345784940676
47	66	-0.19170171923043966
47	67	0.1950554945434192
47	68	0.7308586299656085
47	69	1.3060709439326537
48	48	NaN
48	49	-0.5544854597776123
48	50	-0.04859465345080595
48	51	1.9443292688735516
48	52	-1.4004722353895613
48	53	-3.0184761406437532
48	54	1.4619970297697111
48	55	0.6476986870273899
48	56	-3.3457281982792875
48	57	4.2840476363395465
48	58	-1.5191083697957453
48	59	5.709366868919452
48	60	-3.4146802339390137
48	61	0.22778276216752225
48	62	1.5397075731628325
48	63	1.5788941273386095
48	64	-0.48411872695589575
48	65	0.7920541625885643
48	66	-0.0462341375232294
48	67	2.6732547932495074
48	68	3.848418481049763
48	69	0.8448166525875852
49	49	NaN
49	50	2.245523703886392
49	51	0.92052722757717
49	52	0.663857830571041
49	53	-1.431635743555975
49	54	3.1352793318486394
49	55	0.9713072347986963
49	56	0.8781643978747554
49	57	-1.7107464400131074
49	58	0.5610474154405976
49	59	-1.1563471598354802
49	60	-2.7064051395960207
49	61	1.9332314467971932
49	62	3.7143008227427767
49	63	0.03390381021003496
49	64	0.821340008474832
49	65	-0.8005987865661912
49	66	0.9490629625570157
49	67	-0.11547327930094571
49	68	-2.1084382663358685
49	69	-0.04765419943508088
50	50	NaN
50	51	2.1774686913842998
50	52	1.967602739298
50	53	-0.22680112861449317
50	54	-1.8916333121302131
50	55	-3.19905178761316
50	56	-0.2474029946651787
50	57	2.0993877173979314
50	58	3.799843350529755
50	59	-0.6221999093184285
50	60	-1.9246762305040872
50	61	-1.2735980798213402
50	62	0.6940593022956507
50	63	-0.7364589053179389
50	64	4.2340850364345375
50	65	2.4986237260320143
50	66	-1.0684213859201603
50	67	-1.5652222727622451
50	68	-4.082870376960276
50	69	0.9913946228471873
51	51	NaN
51	52	0.8559417178351167
51	53	0.6230215655512322
51	54	-1.1838202752883682
51	55	0.2896273672997648
51	56	0.4655492961424584
51	57	2.208887389766088
51	58	-1.9935085945918405
51	59	0.5545568054176493
51	60	1.362013096503512
51	61	2.8759316287661534
51	62	-0.3223596667787418
51	63	0.6194181592962997
51	64	2.778351839070931
51	65	0.7449427847642722
51	66	3.0249157352908735
51	67	2.1666218751249735
51	68	0.015715666343232095
51	69	-4.538667542607233
52	52	NaN
52	53	4.298659332255983
52	54	2.575283933033451
52	55	3.17708328313337
52	56	2.990900368655622
52	57	-1.1569057831182235
52	58	-1.048956487731299
52	59	-1.8685252303476747
52	60	-3.1422610005071916
52	61	-1.8545597209369902
52	62	-0.2088295825430437
52	63	-0.47416604765035747
52	64	-0.8288381486760146
52	65	-0.6451355673629467
52	66	-1.8237058319058026
52	67	-3.0406344932512512
52	68	1.1364448480057197
52	69	-0.5643142094459532
53	53	NaN
53	54	1.5144082586622214
53	55	5.2685220024026815
53	56	0.7875603626120069
53	57	-1.6083006437449479
53	58	-0.33279103228162693
53	59	-2.771294084672809
53	60	1.287959039867238
53	61	-0.9538104336104605
53	62	0.3898523521082663
53	63	-1.0901945590596838
53	64	1.8640113197366968
53	65	-0.9833650324833746
53	66	-4.739191993228113
53	67	-2.088462541341296
53	68	2.4372043541003223
53	69	-1.0200550671353739
54	54	NaN
54	55	0.8365632139489306
54	56	-1.171869311684637
54	57	-1.0070403266628198
54	58	1.2756976712830093
54	59	3.407192280264595
54	60	-0.8179680352531549
54	61	0.9986090494268343
54	62	1.2658690125608127
54	63	1.8932259112657246
54	64	-3.105105514044524
54	65	1.4939459257808185
54	66	-0.3648836120788105
54	67	-3.3390580178507343
54	68	4.3514543393155725
54	69	0.8527774553026384
55	55	NaN
55	56	0.67160293888396
55	57	0.2619246534528778
55	58	-0.6140354665071848
55	59	-2.4752493922330863
55	60	-1.6258345789728914
55	61	-1.6346302614649237
55	62	-1.7453299959164459
55	63	-1.0486730573776424
55	64	0.9425943365576361
55	65	-1.8180696374855192
55	66	9.38588751580289
55	67	1.4540948833544647
55	68	-0.8707265063443784
55	69	1.5999095380235067
56	56	NaN
56	57	-0.2312051995378037
56	58	-4.200058253574715
56	59	-0.23669909344729897
56	60	-1.1729531468649228
56	61	1.67648081092969
56	62	-1.218973282457125
56	63	-2.686963966912592
56	64	-1.4815658535208311
56	65	2.19231203253522
56	66	3.279919519254768
56	67	-1.5923652625106701
56	68	-1.3372598300361669
56	69	-2.3210507857773597
57	57	NaN
57	58	1.006147442481959
57	59	-0.9001207181283107
57	60	2.555254799873109
57	61	-2.110972488935735
57	62	-1.371129711053399
57	63	2.9401309681376517
57	64	-1.2021798366433079
57	65	0.0626886531031275
57	66	1.1782860400241535
57	67	1.739983207327582
57	68	0.012411969885287834
57	69	3.4713405061379956
58	58	NaN
58	59	0.6813833939043639
58	60	-1.0008568225681396
58	61	-0.3476241676632709
58	62	-1.742952904389866
58	63	-6.096000924234787
58	64	-1.2317996284416837
58	65	2.531620261774957
58	66	-0.9964728705390444
58	67	4.661381062158264
58	68	2.0039659188079577
58	69	1.1835623221466713
59	59	NaN
59	60	2.053738646579445
59	61	-0.07854911707206615
59	62	-2.000300978887052
59	63	2.1377611923522815
59	64	0.466893543245948
59	65	0.10579875027246276
59	66	-0.37325998782099473
59	67	1.1728974613389362
59	68	1.7212526852147674
59	69	0.17620491554033343
60	60	NaN
60	61	1.9997860916786026
60	62	-1.3273203367479915
60	63	0.4036364628559894
60	64	-0.6936829917707231
60	65	0.23967302785037675
60	66	-0.2565895466344224
60	67	-1.671688936083282
60	68	0.5097611425845539
60	69	1.5676525053094852
61	61	NaN
61	62	1.9118488076842157
61	63	1.486146573040275
61	64	3.5005096562046556
61	65	1.2345604345625876
61	66	-0.48665154456802523
61	67	0.2849365394734473
61	68	-3.8293793244339023
61	69	-2.401482165474977
62	62	NaN
62	63	4.396231872855473
62	64	-2.316364942394442
62	65	0.2628874072629851
62	66	1.634705909805674
62	67	-1.7748165198846917
62	68	0.5590691644096344
62	69	-1.0655421968104697
63	63	NaN
63	64	-2.5046223769637073
63	65	0.6969300843261914
63	66	-0.16170230473016028
63	67	-2.1534139647169708
63	68	-0.30828572328169107
63	69	1.6352647092550257
64	64	NaN
64	65	-1.3463281088492252
64	66	0.16570103419489393
64	67	4.240866511972039
64	68	0.6296330682971071
64	69	0.7495156998684138
65	65	NaN
65	66	2.3394675555683544
65	67	5.311191822136401
65	68	0.9774236842050662
65	69	3.5671362227488657
66	66	NaN
66	67	2.7087688935289194
66	68	-2.6608962336811466
66	69	1.4468232527667517
67	67	NaN
67	68	2.5269921843382495
67	69	2.4640746041134283
68	68	NaN
68	69	3.873918230899682
69	69	NaN
