1	1	NaN
1	2	-3.185231528286731
1	3	0.28780566482376835
1	4	1.0538500911992654
1	5	1.4370425407005885
1	6	1.3594395922558262
1	7	2.435324709414981
1	8	0.9840796578005974
1	9	2.0670074355267736
1	10	1.9519631316026047
1	11	-0.7373541154598744
1	12	-1.0017046222003978
1	13	-1.3752004137732454
1	14	-2.030260439475277
1	15	-1.34056132415059
1	16	-1.005498239212009
1	17	1.2890705898483978
1	18	-1.8802746753209083
1	19	0.9125906712959859
1	20	2.098392007086202
1	21	1.054017539547248
1	22	-1.3403739526035297
1	23	-2.089062794144154
1	24	0.6397557549539172
1	25	-1.3015954434442192
1	26	-1.392745583213821
1	27	0.37894337380659493
1	28	-1.0720756022979099
1	29	0.25184026663114956
1	30	-3.907713753595981
1	31	0.1814958657970337
1	32	-1.8101285265267009
1	33	-3.2830075157440732
1	34	-1.0993582976776946
1	35	1.0485840298987212
1	36	-1.3851775614184074
1	37	0.16708192350454745
1	38	0.812738675367773
1	39	3.1514550833985475
1	40	0.7415057534827656
1	41	0.19938024054652545
1	42	0.05018687441072107
1	43	-0.834907731522539
1	44	-0.19883299388160205
1	45	-0.5999078295372311
1	46	-0.1968331858905258
1	47	2.6020263670612813
1	48	-0.6131959751565067
1	49	2.334449136570051
1	50	-1.585459685960583
1	51	-0.1507634762328169
1	52	1.0755611776842733
1	53	1.4011758709170958
1	54	1.4516056351145317
1	55	0.08619909816491717
1	56	-1.1401426720384855
1	57	-0.09625129617453118
1	58	8.693368694947772
1	59	-0.7836056966396385
1	60	-1.6499031281598084
1	61	-0.972599676371403
1	62	-2.4395453298814544
1	63	-2.0055949814921483
1	64	-1.096833065199479
1	65	-1.4958961193954188
1	66	2.733268873553333
1	67	-2.7885843480819856
1	68	0.4169984697189519
1	69	-0.2502984565443068
2	2	NaN
2	3	5.709696308326607
2	4	0.6153231486972015
2	5	0.8373711469353919
2	6	-3.4750877189777767
2	7	-1.1238162119596864
2	8	-2.6387791350576077
2	9	1.6659585953124143
2	10	-0.4754186883321927
2	11	0.09059845612583751
2	12	-1.2105376964981989
2	13	-1.1827413011465504
2	14	-1.5519450226914684
2	15	2.7583192569803927
2	16	4.671021981347572
2	17	-3.365001076428704
2	18	1.2131291179870414
2	19	-0.40493758388229445
2	20	-2.3411649817581703
2	21	-1.629314326209764
2	22	-0.8681025927309869
2	23	1.720961856490365
2	24	0.10642641850572682
2	25	1.7742282385723271
2	26	-0.38799149211430756
2	27	0.7510798855054582
2	28	-1.5091559841478566
2	29	4.946476489150715
2	30	1.5092264907435144
2	31	1.5594916236195446
2	32	1.0618665580732713
2	33	-1.4189692884736864
2	34	3.882661650919849
2	35	-4.497975333677192
2	36	0.6828896880970124
2	37	-3.9937831465533526
2	38	-1.7746105255315974
2	39	0.24913196218259007
2	40	-1.4034200455941623
2	41	4.1217108262531115
2	42	0.9656174579644027
2	43	4.15181980277208
2	44	1.1426318923053531
2	45	2.9119325156731124
2	46	2.31452327327616
2	47	6.691540720375432
2	48	2.2275676868482055
2	49	-2.4370211369696366
2	50	0.04842849589816413
2	51	-4.40062562485639
2	52	0.00048270505426825595
2	53	0.4606098881078697
2	54	0.504387466009839
2	55	-1.7400913540744778
2	56	0.8202401333058923
2	57	-2.7100929854069316
2	58	1.5013571316887206
2	59	-2.207925909352091
2	60	0.26278371494729375
2	61	-0.5245003954554237
2	62	0.004198618506364567
2	63	-2.189008511274291
2	64	-3.486028104276673
2	65	0.6730230819779092
2	66	1.7904198171191477
2	67	0.020551324437026168
2	68	-1.6230863577952028
2	69	0.40164085792383736
3	3	NaN
3	4	3.7213398214951563
3	5	-1.1651084448162057
3	6	1.013377903872888
3	7	2.927884076714499
3	8	-1.9577321761188287
3	9	1.867952934346
3	10	0.049844703964201355
3	11	2.1287373954125206
3	12	0.7718797342220566
3	13	-1.7598265787395384
3	14	0.5259326642505556
3	15	-0.5352329444356244
3	16	0.8405790285055689
3	17	-2.9550368003824423
3	18	2.2098538086297266
3	19	5.0739675768578
3	20	-1.2478731586178302
3	21	-1.7553265056322962
3	22	-1.2013082456028774
3	23	0.27249441120734674
3	24	-2.8265593765553785
3	25	-3.5856026236863228
3	26	-0.9090583180415182
3	27	-3.3648148808323297
3	28	-3.8377205853916285
3	29	1.4146316746223795
3	30	3.9548746418367315
3	31	6.0791960866181975
3	32	1.2343845353157443
3	33	-0.7505463278058505
3	34	-0.44268219946113896
3	35	0.10166395591754777
3	36	-1.93676898741625
3	37	-0.2570558734778794
3	38	0.21244802904980475
3	39	-0.5827649500553618
3	40	-1.7395549976003473
3	41	-3.6663351431361177
3	42	-1.7833829728253185
3	43	-0.7580010131844525
3	44	1.4542742695619904
3	45	0.9127201168866533
3	46	2.4334844738263635
3	47	0.4536926985108996
3	48	-1.051039387208093
3	49	-1.426622182846467
3	50	-1.2632449757117639
3	51	1.8650046827100926
3	52	-3.522552981744391
3	53	-0.1351462814906928
3	54	2.8039145210245304
3	55	0.9502708936797488
3	56	-1.423871340751467
3	57	1.0362033250521523
3	58	-0.38358548733030956
3	59	-1.0795221756135835
3	60	2.4320690591539194
3	61	-1.0003534036228212
3	62	-0.5701934874471353
3	63	0.8377439638328509
3	64	0.0015636638585340913
3	65	0.5773869323319297
3	66	-0.46828553844501103
3	67	4.101175759673058
3	68	-0.8413410900314078
3	69	-0.7608102474243097
4	4	NaN
4	5	-1.4694570035123151
4	6	-0.6521508204148294
4	7	0.3530849014932162
4	8	0.8966195670036367
4	9	1.719321697261024
4	10	1.1075842093427386
4	11	0.42239134145350643
4	12	-1.5213933940293
4	13	-2.161083703993379
4	14	-0.4653010307165887
4	15	2.175475687393385
4	16	-0.9747777007584727
4	17	-0.32611133826639893
4	18	-3.5765965396267014
4	19	0.04973984984022393
4	20	-2.4457907114059037
4	21	0.338072506909073
4	22	-0.10102081476544204
4	23	-1.0455399292377923
4	24	3.6855481886921813
4	25	0.8696698200229149
4	26	-0.7094094184767399
4	27	0.6781749517999016
4	28	-1.197876618409604
4	29	-1.875439033623765
4	30	1.1351461635554645
4	31	-0.5518807132884004
4	32	-1.095045311046605
4	33	5.428721665147896
4	34	-1.8308586374889342
4	35	1.883843938079773
4	36	-0.8749792775695815
4	37	-0.35484419271575907
4	38	1.5058300650467784
4	39	0.3391799335215049
4	40	1.0800070315371773
4	41	-2.9350394207527764
4	42	0.8773428252153391
4	43	-1.9590014068621187
4	44	0.34180804192559067
4	45	-0.39627208638882055
4	46	-2.496130282841261
4	47	-1.1185166989196993
4	48	1.7874148655187116
4	49	-0.07255108446794219
4	50	-0.17764566279175278
4	51	0.5830809181735617
4	52	1.3271266178587147
4	53	-1.301022488567369
4	54	0.37957491653605113
4	55	-1.1108172667530234
4	56	-2.841120955825219
4	57	8.284810744495719
4	58	-3.3090300907885064
4	59	3.1861025593499934
4	60	1.8121838309079399
4	61	0.3359333917622737
4	62	-0.5069710756650845
4	63	-1.7463451367989957
4	64	-0.9994599138470351
4	65	1.3915677491603404
4	66	-3.376627517086164
4	67	-0.24947243990099274
4	68	1.5437400120460145
4	69	-2.4336419995291743
5	5	NaN
5	6	2.1877408835278187
5	7	-1.4710443373673114
5	8	1.8458822341351298
5	9	3.057473421337547
5	10	1.6259334868243955
5	11	-0.05047357646129024
5	12	1.0318357636400475
5	13	1.9728335254253044
5	14	-0.5242472984306692
5	15	-2.0310394357155777
5	16	-2.470880481232341
5	17	1.5141783733469805
5	18	-1.7024685154048407
5	19	-3.622139378028552
5	20	1.0546507923432409
5	21	-1.6340958734932798
5	22	-3.0741828201368397
5	23	-0.5060829103725043
5	24	0.4682403527832914
5	25	0.25453749870238296
5	26	-0.9726991642240259
5	27	1.457670943595097
5	28	0.03260221775298987
5	29	3.8197730291725116
5	30	0.7606181993500137
5	31	0.009319075702686239
5	32	-0.838629366192552
5	33	-0.6983893421117
5	34	2.527380737231753
5	35	1.152576479297067
5	36	7.864986203235746
5	37	0.6681761498642494
5	38	1.4128454914399584
5	39	0.7882749110049186
5	40	-0.93234650269464
5	41	-2.302706143791109
5	42	3.270258907977522
5	43	-0.7497655226573695
5	44	-0.5079535158246803
5	45	-2.092097711649075
5	46	-2.5947061478230946
5	47	-4.357055364558728
5	48	-0.6437451286690096
5	49	1.3841044141611738
5	50	-2.2997612752709755
5	51	-2.020595620972028
5	52	0.5640755877001682
5	53	-1.4081995629898842
5	54	2.015548771795416
5	55	3.046430113392528
5	56	-1.6201612362344617
5	57	-1.5133440595593244
5	58	0.39278751300777676
5	59	0.5989562012812927
5	60	-0.8696677664024274
5	61	0.3277394366069952
5	62	-1.7415037492464451
5	63	-0.7480247550505637
5	64	-3.85956796334968
5	65	1.0835135088782892
5	66	-0.14517694559820235
5	67	-1.5743996476185362
5	68	-2.388014615077418
5	69	3.372875622592395
6	6	NaN
6	7	-2.3053876781585974
6	8	5.148579291200772
6	9	3.5333467925814293
6	10	2.519494275182853
6	11	2.0839973530786984
6	12	-3.5665522196516735
6	13	-1.352197022271353
6	14	-0.39077774101304746
6	15	-3.3409305703495606
6	16	0.47981306208575647
6	17	2.4060176350948788
6	18	-2.547225883232294
6	19	-3.472917055048595
6	20	1.8957533515530591
6	21	-2.902089689211903
6	22	-0.2522088051342684
6	23	-0.031775817199032504
6	24	3.812853349796078
6	25	-1.2294479633843163
6	26	-2.862951730622607
6	27	2.2668975931389004
6	28	1.1884777814010268
6	29	-2.9669203262251367
6	30	-3.707710242651698
6	31	-2.031176022611927
6	32	-0.6161464334272355
6	33	2.7408696430950057
6	34	2.4062283709921624
6	35	5.6018806551210085
6	36	-0.9075587280273195
6	37	2.199468662061071
6	38	0.8742810036063361
6	39	-3.2264377641286504
6	40	2.9583614431851033
6	41	1.1799913991447049
6	42	-1.8909929508911723
6	43	0.1055478462634064
6	44	2.0469785492879384
6	45	-3.097355951140615
6	46	-2.920996766865688
6	47	-3.0548824498903135
6	48	-1.6260584465129038
6	49	0.2746802640019394
6	50	-2.7494206876980134
6	51	-0.4538375940128813
6	52	2.3754786630806617
6	53	4.54765745302041
6	54	0.6836886670995486
6	55	6.077734441974763
6	56	-0.8799992699901636
6	57	1.9116338409510945
6	58	1.041099077908067
6	59	-1.8664904903073922
6	60	-2.9818699159542525
6	61	-0.626308668513537
6	62	-0.02044262380637417
6	63	-0.9213010198836863
6	64	-0.8104321175823911
6	65	-2.1951360873676005
6	66	0.32780942758706566
6	67	-3.1475881016674943
6	68	-2.605632629862524
6	69	-0.8538671716177816
7	7	NaN
7	8	-2.564952222706569
7	9	0.9658116915291469
7	10	-1.9889075973673387
7	11	-0.45441497597187086
7	12	2.0321855239865805
7	13	2.55711630643932
7	14	-2.1766944844656155
7	15	2.589765212041981
7	16	-0.2797010227641082
7	17	0.7174783973671438
7	18	0.546400282764081
7	19	-3.0868155476340675
7	20	-4.837606423662072
7	21	-4.082474778223597
7	22	-2.454898386966027
7	23	-0.18841290782582334
7	24	-4.202250361575027
7	25	-0.09821728765974154
7	26	0.2786150600688761
7	27	-0.5746560664811676
7	28	0.4292571828228929
7	29	2.3418669021464837
7	30	2.272272982707358
7	31	0.2698411654339859
7	32	1.0452815128125734
7	33	0.059421069062916484
7	34	-1.7588253483736909
7	35	-0.449402795413828
7	36	41.036072028446036
7	37	-1.8493062900525556
7	38	0.17122392927159769
7	39	-0.08103567882833802
7	40	-3.0094650752529817
7	41	-1.386330648247219
7	42	-3.0034235608657096
7	43	-0.24598427948438428
7	44	-1.7182505988201928
7	45	2.773522110960202
7	46	1.0528697357947854
7	47	-0.6287530890707265
7	48	2.3599539529158147
7	49	-2.924377520476251
7	50	0.7140738339262112
7	51	-0.8173920085640741
7	52	-1.9502813697438315
7	53	-3.4955611276338776
7	54	-0.2527387672946135
7	55	-2.330721396269186
7	56	-1.0917735804051378
7	57	0.26483223757710556
7	58	5.415567506481108
7	59	0.8995173847917111
7	60	1.2254311499348935
7	61	2.1212299277285833
7	62	0.25053950631827243
7	63	-1.752841319584412
7	64	0.1422550429309095
7	65	-1.261388190739088
7	66	-1.8795379985456546
7	67	-0.8738886372642919
7	68	-0.5072347140981592
7	69	-0.5748603309639684
8	8	NaN
8	9	2.4470658841920496
8	10	3.2565668228889733
8	11	0.09118208958484068
8	12	-3.0637864762096974
8	13	0.40862879269143343
8	14	-1.1269274183500426
8	15	-2.1190584764732194
8	16	-2.0222535236178687
8	17	4.76340609735844
8	18	0.6616026304398244
8	19	-2.6440977140212913
8	20	3.4865742318491835
8	21	0.3197916013908925
8	22	-1.6029854389811737
8	23	-1.0666147642704449
8	24	4.893114492976334
8	25	0.3183149402093859
8	26	-1.3694442609853716
8	27	2.47684048930002
8	28	0.08276511169457824
8	29	-1.6469994584204226
8	30	-2.1412472275688557
8	31	-1.8334920151531375
8	32	-1.4518768565401579
8	33	3.25528532021503
8	34	-1.2134562968472713
8	35	4.112061299118719
8	36	-1.58439679852029
8	37	3.414943977147375
8	38	2.915559102726833
8	39	-2.6071191199424337
8	40	3.990133505398444
8	41	-3.070747856889103
8	42	-2.093059892567216
8	43	-1.1425106113295405
8	44	2.1844449355406956
8	45	-1.2156745177570691
8	46	-1.890876977367188
8	47	-3.096877884630224
8	48	-2.572488456647297
8	49	2.57420622328567
8	50	-1.0549210247689156
8	51	-1.2969538093487103
8	52	4.644245498171808
8	53	2.287046976390515
8	54	0.013120400710031743
8	55	5.555745405477616
8	56	-1.3446019394836422
8	57	2.356722516435337
8	58	-3.641673849661504
8	59	-2.2045382327241736
8	60	-2.9438545272809353
8	61	-1.8270316878255723
8	62	-2.192601259743181
8	63	-2.466321302691227
8	64	-0.1325444204643753
8	65	-1.272478669388075
8	66	-2.0455282306901297
8	67	-1.5971417715233853
8	68	-1.1302511554575037
8	69	-0.4910388938945906
9	9	NaN
9	10	4.721014226974855
9	11	1.2226112494277626
9	12	3.001453012026995
9	13	-2.3476126975771696
9	14	-1.1211096059211743
9	15	2.0958068224379733
9	16	-2.1585933938296353
9	17	2.0894233403022904
9	18	-0.6714261349174521
9	19	1.2570568934366928
9	20	4.001256891421852
9	21	-2.342708607049726
9	22	-2.901210434263518
9	23	-1.872766981639568
9	24	2.050259386367117
9	25	0.3968709090857115
9	26	-2.1024011308793034
9	27	1.7047343410301574
9	28	-1.7069710323133322
9	29	-0.5526148191531536
9	30	-2.432494941700585
9	31	0.08711188545930035
9	32	-2.2772734933758305
9	33	1.6957766960493337
9	34	-2.6371456744272703
9	35	3.0377832874686717
9	36	-4.657254606441143
9	37	2.2252504232408037
9	38	2.0844765360385433
9	39	-0.062290275643953674
9	40	0.6495863238788848
9	41	-0.780252900455359
9	42	-3.1166429459731657
9	43	-1.4956804154797998
9	44	0.26239694850336415
9	45	0.4018494780289599
9	46	-1.079535235973731
9	47	1.5556949958181463
9	48	-0.5472712114350611
9	49	2.240693438569304
9	50	-2.26300637044651
9	51	-3.0711015747091315
9	52	2.0751093470728637
9	53	-0.12106249971848736
9	54	-1.783209383478908
9	55	2.846139034240843
9	56	-1.1035830974382894
9	57	1.603581763183856
9	58	-0.9409925771080445
9	59	-3.354530355158387
9	60	-1.210133182121956
9	61	-3.5686912255856784
9	62	-0.19318212756311617
9	63	-3.9285164630054292
9	64	1.1518034637603216
9	65	-4.375295478942382
9	66	3.91991036071218
9	67	-3.980373154337033
9	68	-2.0643084484035055
9	69	0.4060270889344144
10	10	NaN
10	11	0.8414221623779876
10	12	-0.06534661642535146
10	13	0.5272749478858232
10	14	-1.8796627893798512
10	15	-1.1169380698559197
10	16	-5.135308862772828
10	17	12.21955105651966
10	18	-2.8092054895116907
10	19	-0.6003979033437381
10	20	-0.08085281411736579
10	21	-3.1576026489955358
10	22	-3.122391951647829
10	23	-0.05225909062651036
10	24	1.6176994922976407
10	25	-0.6910047358098529
10	26	-1.4662720321868792
10	27	0.629039897345079
10	28	-0.7803358857557969
10	29	-1.5477523125360544
10	30	-0.18163537777538544
10	31	0.042547503013694955
10	32	-3.3951232661923028
10	33	4.227507461034913
10	34	-2.6077878923364874
10	35	3.097010094543971
10	36	-1.4740677160420304
10	37	2.4617836900333283
10	38	2.4177337427319734
10	39	2.009630189322488
10	40	16.083695615870447
10	41	-3.2681911781343125
10	42	-3.65886059599584
10	43	-2.680678166824002
10	44	2.6060330727001686
10	45	-3.141698786197798
10	46	-5.4600245115910635
10	47	-4.372833912047893
10	48	-1.3073419724178974
10	49	2.542305773062858
10	50	-1.1556526796057633
10	51	-0.38469066775979177
10	52	0.8246323584834643
10	53	0.7572598275244423
10	54	-1.4594067841051137
10	55	2.5195447892138803
10	56	-1.4106852853773588
10	57	1.8110891295991423
10	58	-2.2739346842595154
10	59	0.8288535001902732
10	60	-2.7755652344683233
10	61	-0.9311797132096507
10	62	-2.469316530961097
10	63	-3.281021646584802
10	64	-0.4309282470180309
10	65	-0.9809760465862173
10	66	-1.82027380263236
10	67	0.18425117781226127
10	68	-1.852780370363245
10	69	-0.5215280308038588
11	11	NaN
11	12	3.8653005115384156
11	13	2.4762653814728455
11	14	0.03336774569978745
11	15	0.9387439851719007
11	16	-2.7340742234909023
11	17	6.879899077661422
11	18	-0.4783793896844078
11	19	1.938347786901254
11	20	0.2507426811242812
11	21	-1.0668648662238989
11	22	0.22982784272794218
11	23	-3.085203940911336
11	24	0.10650612847555077
11	25	0.7229155388019275
11	26	0.7873824862762739
11	27	-0.5650665455401669
11	28	-0.8617982685400596
11	29	2.6434691109660777
11	30	-0.9012972426351691
11	31	-1.8424568364217133
11	32	1.4782988313231804
11	33	-1.12637761847658
11	34	-1.5809484779518381
11	35	-0.21743284769708002
11	36	-2.0412553842911327
11	37	0.31392319741082164
11	38	-0.051396087287584755
11	39	-0.9667988277750845
11	40	0.32233616226233297
11	41	8.166631279370456
11	42	-2.0478678535123387
11	43	0.9767739672702074
11	44	-0.6722979246870571
11	45	0.06751542665209415
11	46	0.768278494674415
11	47	-2.1237036375798786
11	48	-2.9112670779018543
11	49	1.4668120303172145
11	50	2.633130303840228
11	51	-0.8945679064893566
11	52	-0.23363221287263206
11	53	-0.9442114962804649
11	54	0.47902015136091936
11	55	-1.2549765883731427
11	56	-3.1393105119397893
11	57	-0.7583847708935789
11	58	-1.5421384967183418
11	59	-0.09979914758297942
11	60	-0.902036128352931
11	61	1.373975401210424
11	62	-2.464065838256361
11	63	1.7036702114147477
11	64	-2.894983305546935
11	65	1.9421291980763287
11	66	-2.453025046675384
11	67	-4.430075691604415
11	68	-1.694393180658455
11	69	-0.7456590213667971
12	12	NaN
12	13	0.575424517827599
12	14	2.1975668604938763
12	15	4.646909587426777
12	16	2.60982652460366
12	17	-0.3477758850551611
12	18	0.9799339356260391
12	19	-1.6271860020053388
12	20	-1.930408007531884
12	21	2.476372480655728
12	22	0.3971373166875522
12	23	1.492388195892629
12	24	-2.303890545138922
12	25	-1.1809121975962111
12	26	-0.40794795216231305
12	27	-1.3487757153562117
12	28	2.4259014312474187
12	29	0.7824787228418932
12	30	0.9751294697751944
12	31	-0.18122016921508083
12	32	-1.1689395821663904
12	33	-2.281970252870336
12	34	0.6987284286434061
12	35	-0.8608455873971175
12	36	-0.9367695629134173
12	37	-2.2472265164623146
12	38	-0.7583258180059748
12	39	0.682451884804892
12	40	-2.344881541568261
12	41	1.4172724510206307
12	42	0.044874885751789675
12	43	-0.2749831419229243
12	44	-1.2515056043238337
12	45	1.397219018928093
12	46	-0.8880283860184358
12	47	7.095601726733677
12	48	-2.3262493941449804
12	49	-1.8462247163938845
12	50	0.09942318280157048
12	51	0.4865752599287146
12	52	-2.112229571095192
12	53	-1.7130405088153169
12	54	2.5563294141679025
12	55	-1.4484826044397825
12	56	1.6032462856022536
12	57	-0.6564446612568093
12	58	-0.7887622177069199
12	59	1.6447192767727463
12	60	1.2945270537272522
12	61	2.61040391344205
12	62	4.170227080746376
12	63	0.4729499022341964
12	64	-2.796198157464449
12	65	-1.3788776068528048
12	66	2.71138849158917
12	67	-1.4147069184012604
12	68	0.6116416591993135
12	69	-2.236042310144049
13	13	NaN
13	14	2.34633926944829
13	15	-1.1058048297907341
13	16	-5.125628228923217
13	17	-1.6832034886426899
13	18	-1.395292254440356
13	19	0.5260544056124878
13	20	-0.7700605999481285
13	21	0.5622062300238373
13	22	-2.7624089015500006
13	23	2.6879009142712693
13	24	-3.5283850939610457
13	25	-3.3550588343613
13	26	1.5111644390763428
13	27	-1.6105141373515386
13	28	0.9032892931867138
13	29	-1.6020014708621535
13	30	0.6176193841489092
13	31	-0.12174491234110894
13	32	-1.4565952378829579
13	33	-0.43737374403973317
13	34	-0.19729059974304
13	35	-0.39478654693696025
13	36	-2.394287109515946
13	37	-1.207051206198267
13	38	-1.2936900486436287
13	39	0.5873778108167955
13	40	-2.4692021394107595
13	41	44.34434280520484
13	42	-2.3133413612515574
13	43	-0.9296438527127012
13	44	-0.9533526517340556
13	45	1.337539397746049
13	46	0.14386009038069808
13	47	-0.7922798424160744
13	48	-1.2521834842217694
13	49	-3.8234150387638506
13	50	3.364274472565782
13	51	-0.10356986380079071
13	52	-2.5720620840081763
13	53	-1.1642860342632895
13	54	-0.12361376512182067
13	55	-2.687100349026986
13	56	4.114887325710107
13	57	-2.7939330353976657
13	58	-1.4346267363176486
13	59	0.23404451640831317
13	60	-3.76971948405487
13	61	1.1906559314464564
13	62	-3.0482575425960663
13	63	-0.3190606525852107
13	64	-0.6474034820454131
13	65	0.31270487860339147
13	66	-0.4502030316035656
13	67	-1.966940324010007
13	68	1.7718051191922144
13	69	-2.3383082136579865
14	14	NaN
14	15	4.293123779236803
14	16	-2.20963076460598
14	17	0.7847687779906507
14	18	-2.061890519302158
14	19	-0.021579941842669054
14	20	0.15864535040925096
14	21	-0.9898157703000625
14	22	3.4963068350062008
14	23	-1.2053136169236593
14	24	0.6317499565146287
14	25	-0.887045687047134
14	26	-1.1241357470322055
14	27	-1.1079634753100733
14	28	-1.664872348392254
14	29	1.4612202574342914
14	30	-0.9531036348789754
14	31	3.4239008264985187
14	32	4.0322312588802784
14	33	1.2460821123584174
14	34	0.7787105227770339
14	35	-1.7682269248470597
14	36	0.04782708808354883
14	37	1.3163219039249359
14	38	0.03000677990076895
14	39	-0.8754731719963421
14	40	0.5304171798986885
14	41	-1.8450463444440874
14	42	1.3545009123509675
14	43	0.4253770473449394
14	44	0.7817763675395649
14	45	1.397968537837588
14	46	-0.5717508930957085
14	47	1.2833603858416598
14	48	-1.2794023415337727
14	49	-2.078657845469162
14	50	0.9377046618159138
14	51	0.29026801016480497
14	52	-0.822957307284086
14	53	-1.4375814278280095
14	54	-1.7522535685989356
14	55	-0.35527136502896794
14	56	-0.26798297179110014
14	57	-0.8176241751827958
14	58	-2.997547413186125
14	59	2.780007597145264
14	60	1.6629856952229478
14	61	0.06593998227837425
14	62	-0.754300218555477
14	63	1.2374213687857052
14	64	1.2127691738414235
14	65	-2.1887886184172896
14	66	0.9943488050991777
14	67	0.5132687908659695
14	68	3.9789422058334667
14	69	-1.002283526934338
15	15	NaN
15	16	0.8090218579978428
15	17	-2.1218042115356983
15	18	0.5933176244964598
15	19	-0.17238246906894183
15	20	-1.1620912066566897
15	21	1.1668890365308116
15	22	0.803871607610484
15	23	-0.8684490330075406
15	24	-0.6113481358814011
15	25	1.8223007692740885
15	26	0.0006147138433346248
15	27	-1.153654100182467
15	28	1.1224621007485922
15	29	1.1768363098920667
15	30	1.4394315872286123
15	31	3.759687731386938
15	32	1.9015777085624135
15	33	-0.9786277318781105
15	34	1.71869368300103
15	35	-2.3103063165424653
15	36	-0.11282369439074214
15	37	-1.9600427080155987
15	38	-2.3596737412901785
15	39	-1.4758304460394662
15	40	0.5513335768915043
15	41	3.879775636347548
15	42	0.9699700831759349
15	43	-0.3436454091814037
15	44	-1.6209589093673025
15	45	-3.0248180555035202
15	46	0.32106969745374836
15	47	-0.03482194041401709
15	48	-0.8138745581208309
15	49	2.820952696449323
15	50	0.8745749449490979
15	51	2.6766218345763204
15	52	-0.18443663116331502
15	53	-2.3589254095617327
15	54	-1.7480537102988352
15	55	-3.8800032796890744
15	56	0.15501020712411567
15	57	-2.6201735352140214
15	58	0.6749056027121021
15	59	0.5123785360745503
15	60	0.03003910606759617
15	61	2.1785113151353337
15	62	0.027646151131449408
15	63	1.8471572183759934
15	64	-0.6467921026533759
15	65	-0.9909568744550801
15	66	-0.704679209635546
15	67	2.3172487934786274
15	68	1.2611527488248289
15	69	-2.918508187490507
16	16	NaN
16	17	-0.5625724257053867
16	18	3.1765560178394647
16	19	1.2134577500217307
16	20	-1.5957582417467202
16	21	-3.329294608436199
16	22	4.235264942344832
16	23	0.4622007828604046
16	24	-1.178685480055689
16	25	-1.0542463401381483
16	26	0.35125269056022684
16	27	0.5012273263896863
16	28	0.32003038900716196
16	29	-1.6776816456181978
16	30	1.9378861046479032
16	31	-0.871510199395876
16	32	4.895693676900119
16	33	1.5969349038902494
16	34	-0.8233243044618946
16	35	-2.2270898682222944
16	36	0.44123019441537564
16	37	-1.7321671975575008
16	38	-2.951904448181452
16	39	1.6516511464726005
16	40	-3.9895417703592306
16	41	2.1997565968655035
16	42	0.8866615088529667
16	43	-1.2494608982204776
16	44	-1.8777588809510748
16	45	-0.39715386462614644
16	46	2.6041461693581267
16	47	1.5786334873819792
16	48	3.3225650735501144
16	49	-3.2040379862397557
16	50	0.9313648686487335
16	51	2.2287954805133636
16	52	1.1305689568272916
16	53	11.584586164074475
16	54	0.7696724925976879
16	55	-1.0894684869401186
16	56	-2.189300037042417
16	57	-0.4869864405897497
16	58	-2.6930772670738534
16	59	-1.7445652329633212
16	60	1.5853192968102094
16	61	-1.9304964231839103
16	62	-3.607931535949709
16	63	-1.794390885137551
16	64	-3.9235584361435034
16	65	-0.13701803199358698
16	66	0.9980158203176471
16	67	-0.06833030087044788
16	68	1.8593363398214617
16	69	16.61563138597985
17	17	NaN
17	18	0.038391746996567215
17	19	-2.551082598681425
17	20	2.487728156258111
17	21	0.7309791351880658
17	22	-1.5348883888888392
17	23	0.9845604773303928
17	24	2.4955050409573505
17	25	-0.37409846681984976
17	26	-4.812334079784382
17	27	0.35454011202708174
17	28	-1.657528779064716
17	29	-2.044499822094019
17	30	-3.558615111502101
17	31	-2.0058883224035196
17	32	-3.036448453344568
17	33	0.8012896261758651
17	34	-0.7736373693269146
17	35	1.776684050738784
17	36	-0.4080903696125692
17	37	1.1072751875106788
17	38	2.1239602680382252
17	39	-1.199219852492867
17	40	1.8658654073348648
17	41	-0.3746789766696814
17	42	-1.6633044044145977
17	43	-0.9776064763894121
17	44	2.7660348890557684
17	45	-0.6406272792861799
17	46	-3.7054759523507115
17	47	-2.437245584518685
17	48	-0.30621084515915087
17	49	4.162290635912636
17	50	-2.1071032962673364
17	51	-1.7478422517959538
17	52	2.8769059414072244
17	53	2.9438210935607776
17	54	-0.42346733693627847
17	55	2.6960838628134174
17	56	2.459198857188731
17	57	1.1716197477888217
17	58	-4.29033288506299
17	59	0.6108137917779273
17	60	-3.243280878762817
17	61	-1.7167130479192736
17	62	-1.4249939546487784
17	63	-1.5498690348338513
17	64	-0.5174337525649603
17	65	-4.1563672958621
17	66	-1.3721677551352507
17	67	-2.5292011482054644
17	68	-2.6937253646863724
17	69	0.21808551477372945
18	18	NaN
18	19	5.801277756262952
18	20	-0.3482713829500146
18	21	3.5275486979096145
18	22	0.5256773339501356
18	23	0.12349489429606102
18	24	-1.2836599469585268
18	25	0.5271851799353394
18	26	2.6080957846517734
18	27	-1.9927135873408233
18	28	3.639051120311192
18	29	2.7090279786665796
18	30	-1.0408403487426885
18	31	-2.71051851456791
18	32	3.171046540360898
18	33	-3.5488260492492434
18	34	-2.1591667768180987
18	35	0.4338352850954399
18	36	2.728025973803465
18	37	1.1897034070858328
18	38	-0.40703410329228584
18	39	3.9295419550387805
18	40	-2.324405898020751
18	41	-2.7956017493046255
18	42	-0.5712197985767447
18	43	0.6502527060543462
18	44	-0.26419628616216284
18	45	-1.0005089830838392
18	46	4.107552499379687
18	47	2.1629310397230754
18	48	-1.8398244820204217
18	49	-2.6741882319800996
18	50	3.245222484792223
18	51	-0.557696715629021
18	52	-1.6362890034617015
18	53	-3.3023411381339627
18	54	0.21107425223759801
18	55	0.8593532207364105
18	56	-0.5149136455845817
18	57	-1.3328083415997478
18	58	0.7062780636017799
18	59	1.0010859330606827
18	60	-0.8220821448436308
18	61	1.3241939232512179
18	62	-0.1414993555179676
18	63	2.1771631366498907
18	64	1.427702528201419
18	65	-1.5073139688842483
18	66	1.505191470757904
18	67	1.1247199371718446
18	68	-1.2030696369277392
18	69	-2.753449053378592
19	19	NaN
19	20	-3.229223454567968
19	21	-0.39873021561993616
19	22	-0.1923143442826879
19	23	-2.5172916759865247
19	24	-2.4701057917566995
19	25	0.18388159786457964
19	26	1.6783492688471606
19	27	0.4399001901760214
19	28	4.122215953125807
19	29	-3.095407872694174
19	30	0.7287673984336638
19	31	1.8639605982182061
19	32	3.7581230761859854
19	33	-1.198094125304507
19	34	3.0650916132131547
19	35	-1.0854095749976116
19	36	0.8592210977701296
19	37	-3.135047201701045
19	38	-3.9628075622975327
19	39	0.7412731502518065
19	40	-1.1274156951954983
19	41	-2.561360664150786
19	42	0.15068362615351205
19	43	1.2076601552001447
19	44	-1.512848542480358
19	45	0.17011863352124265
19	46	0.709674947098398
19	47	1.9739199515013865
19	48	-0.02419937925513579
19	49	-1.429945453964519
19	50	1.3090112855199083
19	51	-1.4303548992585682
19	52	-2.259133363448207
19	53	-1.6252268456704297
19	54	-1.3702125422292577
19	55	-0.6083317702426575
19	56	-0.8628497698715819
19	57	0.6787761748610005
19	58	-0.849033109404624
19	59	3.7881910758066026
19	60	8.533668460974424
19	61	-1.2466710335425912
19	62	2.3577398140342494
19	63	2.698579127822162
19	64	-1.9073838776904444
19	65	1.4704221309156404
19	66	-0.5755636488873388
19	67	2.8118465278203892
19	68	0.7339443780829875
19	69	3.679520434876844
20	20	NaN
20	21	-0.1621279629781049
20	22	-1.2223645503761171
20	23	-0.50469491249907
20	24	3.3692764672737074
20	25	-1.0694020105472415
20	26	-0.6936760200461114
20	27	2.5704545866069353
20	28	-1.148160892861221
20	29	-2.8984474810005794
20	30	-2.626177198751339
20	31	-1.2359521542920926
20	32	-0.685742730267977
20	33	2.3019345925029713
20	34	0.9719997561883683
20	35	2.604400007025222
20	36	1.29319959240582
20	37	0.9098588424336036
20	38	1.876167726639606
20	39	-2.52588925488207
20	40	2.0520855036259054
20	41	-0.4722078811674517
20	42	0.1099164421070172
20	43	-0.7366548056137496
20	44	1.6450340647570325
20	45	-1.5039376116543466
20	46	-2.325629893649691
20	47	-0.008502625744950837
20	48	-2.1392760461671143
20	49	3.4702867247779787
20	50	-0.9515762087021782
20	51	-3.062795975175763
20	52	2.992303933288748
20	53	4.737989175597925
20	54	-0.6632626959158201
20	55	4.405730386248874
20	56	-2.525099259835108
20	57	3.087281805704387
20	58	-2.380102121458763
20	59	-0.6031177246230598
20	60	-3.1634156302451943
20	61	-1.4319763377869188
20	62	-0.26813442630527645
20	63	-0.8943208685540225
20	64	-1.7977605166424018
20	65	-2.217701204966806
20	66	-0.9983335689190361
20	67	-2.39011500885258
20	68	-0.584941107270362
20	69	6.843964456881746
21	21	NaN
21	22	2.4367830746263652
21	23	0.37850242608465134
21	24	0.8918917755322474
21	25	5.455732842736292
21	26	2.6515903686382765
21	27	-2.5220982470907813
21	28	1.3548722158221778
21	29	2.1428582026769316
21	30	-3.5211276156923037
21	31	0.93484423688535
21	32	2.2832148003873005
21	33	-0.5229396653209735
21	34	0.37468545115898944
21	35	-2.6987404605842613
21	36	1.2340725742970569
21	37	2.568177159387161
21	38	0.568068165699735
21	39	-0.8235479625394043
21	40	-0.31990008665023856
21	41	1.3741243135579182
21	42	-0.06311395782415903
21	43	-1.7404744512995536
21	44	3.0575012299087545
21	45	1.032153286282121
21	46	4.9328342381117825
21	47	-2.6371528387205636
21	48	0.3831060028207309
21	49	-1.5494499736756218
21	50	-0.9832900669175902
21	51	2.1425972785322602
21	52	1.133249899144527
21	53	-1.6185326166899294
21	54	-2.039217506582496
21	55	1.3475081039537753
21	56	0.7279133786929947
21	57	-2.6758382705385926
21	58	0.4591795034067521
21	59	0.6725682630400356
21	60	-0.9674538632633337
21	61	-1.4354460436817411
21	62	-3.4676864595096304
21	63	2.412891556850322
21	64	-0.9931481565111547
21	65	3.506313273558705
21	66	-0.7484673067098421
21	67	0.6337319656254533
21	68	1.579205509218341
21	69	-1.429139569980858
22	22	NaN
22	23	0.9443111868134101
22	24	-3.1064974061141104
22	25	-0.9880948484202713
22	26	-2.05628629285509
22	27	-2.1498441886422577
22	28	-0.8878452881806936
22	29	-0.9661547686423518
22	30	2.5701551270522427
22	31	-1.4987233202843995
22	32	-0.3899111929589597
22	33	-1.691022786663004
22	34	4.81169497340299
22	35	-3.6462320732617854
22	36	-1.6075512115420272
22	37	-1.0118191217855286
22	38	-0.1794768907234651
22	39	1.9526265615989684
22	40	-0.4186813677007386
22	41	-1.3419666638810015
22	42	3.0589601560966284
22	43	1.2194054714334794
22	44	1.7053845382370498
22	45	1.086625623381048
22	46	2.7787678490884478
22	47	-0.6616414092201874
22	48	-5.982981840864801
22	49	-0.5606763971441353
22	50	0.8771084030051638
22	51	0.1162585336929737
22	52	0.7004054887519355
22	53	1.410322615162956
22	54	-1.0581384153036428
22	55	-2.211433117623134
22	56	1.6406731696946955
22	57	0.8048357688980736
22	58	0.5231918906834033
22	59	-0.9463195427263241
22	60	1.3051735722849727
22	61	2.213834356480045
22	62	1.812484521652271
22	63	5.678876397637714
22	64	1.081479851589085
22	65	2.2349029378277994
22	66	1.077400030943489
22	67	1.3700620105242933
22	68	2.2509028053984355
22	69	1.9971503169907465
23	23	NaN
23	24	-0.384550112784766
23	25	2.4756105507975614
23	26	0.7062378706361319
23	27	10.33198584300907
23	28	-0.19077046054262323
23	29	2.569157719768119
23	30	-2.314171038137421
23	31	0.47023972911004347
23	32	3.2355497219663123
23	33	-3.2331607365703285
23	34	-2.0606475337941363
23	35	-2.419110225206177
23	36	-0.6242587767382154
23	37	-1.1543887989541646
23	38	0.3078330410238019
23	39	-0.23152358855928468
23	40	0.06397862964061399
23	41	0.3474028904684391
23	42	1.571988694228476
23	43	1.900830698255927
23	44	-0.7997222020624122
23	45	2.36031805053619
23	46	1.2778722529687703
23	47	-1.4277109878976624
23	48	1.2117301146123782
23	49	0.5993393823885959
23	50	-1.0355542345645092
23	51	3.6431408157931946
23	52	-0.8001495612595183
23	53	-2.273505917710622
23	54	1.8619937790650458
23	55	-2.979851652849956
23	56	-2.067949641205687
23	57	-1.0445659814402048
23	58	-1.4990888722424311
23	59	-0.2536433124853635
23	60	1.0161521724156735
23	61	2.8502558153321877
23	62	2.5423135506445336
23	63	1.5275746281985794
23	64	-3.2470911514091374
23	65	-1.8374730471356464
23	66	0.05296153423879432
23	67	-2.731886424108227
23	68	0.6470975192417256
23	69	-2.7651074101028987
24	24	NaN
24	25	0.40601052975442015
24	26	-1.4678309957347708
24	27	3.3776609632881596
24	28	-3.3592493458071457
24	29	-1.7235208887151374
24	30	-2.065382499283254
24	31	-2.4943662590856346
24	32	-1.144792840325855
24	33	0.8561989355490839
24	34	-0.4542795163012056
24	35	4.579603138028312
24	36	-0.6106661546817003
24	37	2.3303921434479635
24	38	3.68536220227126
24	39	-0.48245188260534655
24	40	3.5909525712020867
24	41	-3.3028044347719914
24	42	-2.548977980074044
24	43	-1.0542234210940322
24	44	0.5005272542216181
24	45	-0.7623490147404283
24	46	-1.4208424796833639
24	47	-3.1715502804068305
24	48	-0.6609653421143618
24	49	4.763403679840677
24	50	-1.894404847039609
24	51	-3.5788182390105012
24	52	2.063813831787998
24	53	2.239290486760323
24	54	-0.8909525717192839
24	55	5.4526340260634525
24	56	1.2075101052333965
24	57	1.6025945825351633
24	58	-4.0352430726586554
24	59	1.9424796669116253
24	60	0.049384908092145505
24	61	-2.519940746941538
24	62	-0.17654053506566955
24	63	-4.030311358953373
24	64	-0.05241057045865608
24	65	-1.861650573621829
24	66	-0.3899869255307116
24	67	2.20476847828428
24	68	-3.018086915930938
24	69	0.8536134626562121
25	25	NaN
25	26	1.2447387484916574
25	27	0.8665074459136471
25	28	-1.2068427251738212
25	29	-0.12950290212353208
25	30	-0.7232024886315107
25	31	-0.7348500037816543
25	32	-0.18033414718718085
25	33	0.21053475936780644
25	34	-0.6533216905819993
25	35	0.8097701292413982
25	36	-0.9115839120248136
25	37	22.9067705995008
25	38	-1.4291933184388688
25	39	-2.0785878403835363
25	40	-0.16399918969871966
25	41	-1.8584259106244696
25	42	1.5770481260265798
25	43	-2.2080886065823253
25	44	-0.850715314183977
25	45	1.2087711176316562
25	46	-0.61707652355032
25	47	-0.953268359564482
25	48	2.3007475101578274
25	49	0.9195151672494657
25	50	-1.2804803451512066
25	51	-3.427873058068387
25	52	0.32126497620768313
25	53	-0.87302385303581
25	54	-1.0641148735105872
25	55	2.577338544450761
25	56	0.6271988674954221
25	57	0.4991491590316946
25	58	-3.41288880144273
25	59	0.29289674514505687
25	60	-1.1626467365307847
25	61	-0.3167018563376035
25	62	0.9759177622263824
25	63	0.7837415368948665
25	64	-0.7308922741221532
25	65	-0.893128244156341
25	66	-0.21484429755408707
25	67	-4.074506177827713
25	68	-2.889012405870875
25	69	-1.4723159782217403
26	26	NaN
26	27	2.898153427747448
26	28	2.2403124725509738
26	29	-0.12234786456469951
26	30	1.4193586899363886
26	31	-2.089832594904264
26	32	-0.4950208797388399
26	33	-1.417781508757398
26	34	3.294521624282686
26	35	0.07248614929573832
26	36	-0.07270567162662026
26	37	1.7732300760272326
26	38	-3.1504907979888706
26	39	1.3896955118385734
26	40	-1.7469700486328683
26	41	-2.8695489526333082
26	42	3.254927550753794
26	43	1.1832970457958136
26	44	1.7775185976783638
26	45	0.8552306854085385
26	46	2.587810501140474
26	47	-1.1331036993441344
26	48	1.581194972064827
26	49	-3.2731594438543867
26	50	-0.7157528932707286
26	51	1.9545135239947717
26	52	-1.4643629305983212
26	53	0.30778959661931565
26	54	0.703556205374702
26	55	0.05018303961105628
26	56	0.9551398781524447
26	57	-2.406484954968156
26	58	-2.085859795484931
26	59	0.38705518337149974
26	60	2.598876845213331
26	61	3.15398272990185
26	62	-0.11183175690196237
26	63	-1.9516946176277215
26	64	-0.34863668785905244
26	65	0.7991337720687233
26	66	4.294947097517642
26	67	-0.41280578336847046
26	68	0.44676761724846714
26	69	-1.6974351347977836
27	27	NaN
27	28	-2.0023687964386125
27	29	0.7205045461420778
27	30	-0.43214857773885945
27	31	11.729872072456736
27	32	-2.294015009770873
27	33	0.6014760460908348
27	34	-0.14608189050542628
27	35	0.8799961888159128
27	36	0.16564411957221992
27	37	1.8927805207432509
27	38	3.096382205136547
27	39	-2.3764396008158037
27	40	1.797360019218857
27	41	0.2180336865619265
27	42	0.559448434453308
27	43	-2.645722901976578
27	44	0.19129368006807687
27	45	-1.4562737191428436
27	46	-1.7255067378559679
27	47	-0.13462304346123036
27	48	-0.20904471004069938
27	49	0.5324402761594985
27	50	-3.546431625767543
27	51	-3.8892145725166998
27	52	-0.6267576275958537
27	53	1.212122881244092
27	54	-0.8150292618214298
27	55	0.9816828882945939
27	56	-4.522915299846775
27	57	-0.5475427444360618
27	58	-3.3066914223228614
27	59	-0.41376041485818055
27	60	-5.023863465418815
27	61	-1.824464074357888
27	62	-0.4492353429559784
27	63	-2.3709151015498047
27	64	-1.304162831602858
27	65	0.680996574903843
27	66	0.4836067536531407
27	67	-0.8533729744048065
27	68	-3.068544904362257
27	69	1.3180095505988325
28	28	NaN
28	29	0.15709860940793455
28	30	1.5588739722577585
28	31	-2.235350468632197
28	32	-1.6382600383355623
28	33	4.44803423957051
28	34	-1.3676528574631954
28	35	7.340542987096852
28	36	-0.19239089387004304
28	37	1.0881023012097948
28	38	0.7546720801903307
28	39	-2.6219931673168544
28	40	0.5671940894669312
28	41	0.828058601410525
28	42	0.5151179935958589
28	43	-2.377942413128044
28	44	0.5655676382335073
28	45	1.1446167920605186
28	46	2.910066385865723
28	47	-1.6872390343516055
28	48	-0.6156109678596634
28	49	0.43287384434457254
28	50	-2.2153034352846928
28	51	2.3581763018289124
28	52	-0.7204060294779019
28	53	2.3737396213501776
28	54	-1.7830328762911207
28	55	1.1289643577792476
28	56	2.5398849943997948
28	57	-1.805084276879807
28	58	-0.19443098990783092
28	59	-0.5331889108592784
28	60	-2.4338480034993197
28	61	1.079742671547189
28	62	-3.170986733188898
28	63	2.2563683638681007
28	64	-1.4753924681498791
28	65	1.4158098619778063
28	66	-0.8326552919406607
28	67	-0.43923940505489945
28	68	-1.5216291145445717
28	69	-1.6241414356482342
29	29	NaN
29	30	3.912138295687569
29	31	6.3476610389155805
29	32	0.9535365132534306
29	33	0.8343976663997786
29	34	1.368661283373547
29	35	0.9944583701571704
29	36	0.785032763279036
29	37	0.914469921954137
29	38	1.8391926137154329
29	39	0.7386204986771953
29	40	-1.8834363743886693
29	41	0.12239205589220337
29	42	0.8398027414178082
29	43	3.1272647987431585
29	44	-0.06081994139530708
29	45	-0.2686252628251347
29	46	-1.2486408855817328
29	47	-3.525686945459828
29	48	-1.115701661621416
29	49	-1.4853869215286972
29	50	1.1991201069573032
29	51	-0.5585762778844338
29	52	-1.4379115471910298
29	53	-1.2554749350413832
29	54	-1.7222541650966385
29	55	-3.6137147794275415
29	56	1.4638247494630199
29	57	-3.008338882379937
29	58	-1.2272791959292046
29	59	-1.1095647779860776
29	60	-0.3517010415407149
29	61	2.00889309235802
29	62	0.31102263618411863
29	63	-4.623206005189663
29	64	1.4261521149034198
29	65	-0.7459639173521516
29	66	0.6346568537601286
29	67	-0.7821120112303271
29	68	2.541242797929402
29	69	-3.054387380973292
30	30	NaN
30	31	0.6862243971533744
30	32	1.7944124984124288
30	33	1.1442221009124618
30	34	4.153479271965672
30	35	-1.260693821725794
30	36	-1.5271482676969628
30	37	-2.8291982568114786
30	38	-3.494391628706203
30	39	0.39898678419264155
30	40	-1.984011044807425
30	41	1.4318932718070885
30	42	0.08876740161092349
30	43	1.356598717672043
30	44	-2.173397083367219
30	45	0.14639328869378268
30	46	-0.8160592697632787
30	47	4.269165190935316
30	48	5.072146552320503
30	49	-1.5032815885982282
30	50	-2.547723490940781
30	51	0.1274443876646135
30	52	-3.731350887912748
30	53	-1.0072986005180518
30	54	4.396811740128979
30	55	-3.1627794293894236
30	56	1.417571034383811
30	57	0.7966770951026164
30	58	-4.778637865011932
30	59	-0.5564284646871394
30	60	0.3301282027470377
30	61	0.18397308445386423
30	62	5.205475640047033
30	63	1.333697511104778
30	64	3.372605000632509
30	65	3.573262217929527
30	66	2.670465333306191
30	67	0.3914449479800901
30	68	0.9115716003728291
30	69	-0.7278177731346585
31	31	NaN
31	32	0.4407291299610768
31	33	-4.144168366556589
31	34	-1.6025395636006268
31	35	-1.4637666115648196
31	36	-0.8075055211723062
31	37	-1.1133901622724858
31	38	-2.8784702013250154
31	39	-0.5571329631083141
31	40	0.1932076409496277
31	41	-0.0088896853174719
31	42	2.2646077905577124
31	43	-2.6884245145523797
31	44	-0.13789288612772732
31	45	-0.27062626926663663
31	46	-0.7401604003922803
31	47	-0.6254439185585856
31	48	0.5363223180024509
31	49	1.1187597659322583
31	50	2.4749369182295275
31	51	-0.6712682043267022
31	52	-1.36016135756831
31	53	-0.5131178235759759
31	54	-0.5202699728989401
31	55	-0.9353390502024926
31	56	-0.06180800752291901
31	57	-0.7496601033455607
31	58	2.3083312334890587
31	59	-0.6866517514580966
31	60	0.5790140090707637
31	61	-0.6233631198223418
31	62	-2.664192377072495
31	63	1.890268231783479
31	64	-1.7616467147911843
31	65	2.137485350848484
31	66	0.7514392099286997
31	67	4.994848718501456
31	68	2.102210841984781
31	69	0.045876410442863697
32	32	NaN
32	33	0.7335368256108218
32	34	-1.884697723783239
32	35	-1.0435678320434318
32	36	-2.3197289188019505
32	37	-3.7158341122017036
32	38	0.1655722492530971
32	39	5.0403343295747405
32	40	-1.6117667963596902
32	41	2.702556370332102
32	42	1.4810997690148606
32	43	0.8723701475381141
32	44	-2.0802764323601317
32	45	1.7371504930580723
32	46	-1.9884235018245155
32	47	2.5249371777496097
32	48	-0.3331207777691828
32	49	-1.7679805871787766
32	50	3.754253102827432
32	51	-1.8626455213448518
32	52	1.13126820120392
32	53	-0.7365211325141489
32	54	0.8321693849239998
32	55	-2.6729219751990745
32	56	0.6237849684810731
32	57	-2.0892746710127317
32	58	1.5822270742162934
32	59	-3.0414572630440064
32	60	-1.3241259995010366
32	61	-3.3145407801353204
32	62	0.7612211822788835
32	63	0.6105496047650574
32	64	0.7141838257464236
32	65	-2.3917552113346208
32	66	4.574608175954677
32	67	-1.3741265373750873
32	68	1.5224550956282048
32	69	1.8942535059478631
33	33	NaN
33	34	-0.22776047305655883
33	35	2.687292474184197
33	36	-2.251895305821386
33	37	1.1091262294143442
33	38	1.8987160952518576
33	39	-1.0750686967016947
33	40	0.8865545519221721
33	41	-2.4513822496036544
33	42	-2.389307251525147
33	43	-3.275260564488895
33	44	-0.9703974931356038
33	45	0.39581772706509083
33	46	-0.5400469326912632
33	47	-0.6045345803776391
33	48	-0.7652740541115314
33	49	3.295514216406303
33	50	1.6261926092875436
33	51	-1.5036317779280683
33	52	-0.38675122821674907
33	53	-0.23273927163259386
33	54	1.7335580351121118
33	55	3.576370774091496
33	56	-1.8247206362755972
33	57	0.07738097385830027
33	58	-5.292782235908044
33	59	1.3840651031191686
33	60	0.27871354192632114
33	61	-2.7322472374546662
33	62	2.1297138707712753
33	63	0.06492027459432921
33	64	-1.5749904061104143
33	65	2.174679185709321
33	66	0.7456105286265458
33	67	-0.3979853410519116
33	68	-0.4088127902316886
33	69	-2.3847219150590804
34	34	NaN
34	35	-0.8844861109965415
34	36	-0.708872746545244
34	37	-1.4661208759841697
34	38	-2.223387740285611
34	39	-0.6437293375014423
34	40	0.5773230706450273
34	41	0.3350040257531442
34	42	-1.2337478090207408
34	43	1.6793485696632533
34	44	-0.292124609841611
34	45	-0.926363383652834
34	46	2.928001927653619
34	47	-0.7167113155029122
34	48	0.16468222612118305
34	49	-0.2884872920236534
34	50	1.0670050091542302
34	51	2.981417054775562
34	52	-1.772247614026239
34	53	-0.9452397760870554
34	54	-3.6894298559467655
34	55	-1.472786113120839
34	56	-0.3349224913255494
34	57	0.699951635306585
34	58	-1.5724025508932276
34	59	2.696923409799452
34	60	0.7245784895726336
34	61	4.904708237250689
34	62	-2.218435608661651
34	63	-1.563671561746161
34	64	0.14451085376223188
34	65	0.529644157063001
34	66	-1.0507267684908688
34	67	1.84805087602942
34	68	1.6042601913375008
34	69	-1.829777411494
35	35	NaN
35	36	-0.07198970039829619
35	37	2.0974086237872687
35	38	5.050963671135311
35	39	-0.9887571056029767
35	40	2.33609061900795
35	41	-0.3595976183162937
35	42	-0.05929914954831094
35	43	-0.9787252222055441
35	44	-0.013281758319399654
35	45	-3.839236214563646
35	46	-3.130823031026129
35	47	0.9677074861894163
35	48	-3.991288454565604
35	49	0.6368988062059683
35	50	-0.8532843197215494
35	51	-1.0132225291098584
35	52	1.553219125038715
35	53	-1.3366380263933575
35	54	0.3843426094448782
35	55	3.4745348689869497
35	56	1.4340268432948793
35	57	1.2747036187361613
35	58	-3.3669622583988987
35	59	-0.6600118098515699
35	60	-2.510704399996107
35	61	-2.0450857958123407
35	62	-0.04375921914538712
35	63	-2.356694841652595
35	64	0.15312719274954656
35	65	-0.24654669322252656
35	66	-4.241539994266166
35	67	-2.345346486597832
35	68	-3.2234797920106035
35	69	-0.9239029827016001
36	36	NaN
36	37	-0.08733130979727022
36	38	-1.6596166520169828
36	39	0.866212765311009
36	40	-0.04032376018360435
36	41	-0.9757260161047314
36	42	-2.926196567125878
36	43	-3.1842325923479318
36	44	0.064538709859276
36	45	1.067445950216396
36	46	0.9387281468558719
36	47	-2.1629933441653666
36	48	0.4099835812622796
36	49	9.376932694806656e-5
36	50	-3.2513195747820727
36	51	0.0957745505419541
36	52	-0.5561363458519681
36	53	-2.285668803020855
36	54	-1.4645464583700278
36	55	-1.0743057438801635
36	56	-1.2205073857651347
36	57	0.9759075466522267
36	58	0.6106569582703206
36	59	-1.4059458140200949
36	60	-0.9924485711157489
36	61	0.3328345234418925
36	62	0.748993699198688
36	63	1.2588978677255482
36	64	0.7761349954241127
36	65	2.4964154895336303
36	66	-4.087080880878907
36	67	-3.6739302217266925
36	68	0.21727622037839345
36	69	-2.8315632949471894
37	37	NaN
37	38	1.4792112824615893
37	39	-1.6834627204066674
37	40	2.0269205218279165
37	41	-2.3758863107719246
37	42	0.31272042843924647
37	43	-2.070972398910258
37	44	0.9803469143572078
37	45	0.36129881864711494
37	46	-2.8531032324880403
37	47	-2.201890639873722
37	48	-2.929505039527041
37	49	1.75206675733928
37	50	-1.2822192549558522
37	51	-3.2746762100622133
37	52	1.238115808463878
37	53	0.5468323835656652
37	54	-0.4497618844518419
37	55	2.517607393873219
37	56	-2.879377552786785
37	57	1.9745570230083191
37	58	-3.7789144601647187
37	59	-0.44748102429310116
37	60	-2.7987535485458537
37	61	-2.6481908257671187
37	62	-2.082573148688009
37	63	-1.4238001776632145
37	64	2.3221940706368707
37	65	-3.0991780947269647
37	66	-1.4920683984636982
37	67	-2.014925629939761
37	68	-2.645965328192971
37	69	-0.9700078000413023
38	38	NaN
38	39	3.4848102732845394
38	40	2.584235069708464
38	41	-4.161500399783297
38	42	-2.85384405486869
38	43	-0.10957484829252613
38	44	4.41371883533956
38	45	-2.245794435076007
38	46	-7.34370700679386
38	47	4.281767776028177
38	48	-2.0728228837391267
38	49	3.352935392830597
38	50	-0.18203484624692232
38	51	-2.8554212385115934
38	52	2.760743313116916
38	53	2.3185272908160415
38	54	0.4428886288695258
38	55	2.094726261588141
38	56	-2.6298715658546628
38	57	1.9546233714601025
38	58	-3.1740870733249364
38	59	0.2946434264120002
38	60	-2.8513018623270834
38	61	-1.8466375628791114
38	62	-1.455216680657157
38	63	0.04718801557461082
38	64	-1.5053724133366801
38	65	-3.0389888782223253
38	66	-1.2346196125301154
38	67	1.756837247284233
38	68	-1.1434634473009244
38	69	1.8105878942185698
39	39	NaN
39	40	-2.0219747934916774
39	41	0.6676449960175115
39	42	1.6551146514839234
39	43	0.4329280589289876
39	44	-1.3430634775583699
39	45	0.605074600926076
39	46	0.6639602367448808
39	47	5.496649220458779
39	48	3.364824740833313
39	49	-2.2692156177572604
39	50	-0.8772124797255301
39	51	4.683851661980656
39	52	-0.088184593006037
39	53	-2.269823702460386
39	54	-1.3642685726241364
39	55	-2.0302348745039853
39	56	1.395397820281512
39	57	-3.5842314310797723
39	58	2.7707758399437554
39	59	4.440899626369722
39	60	3.18747999304041
39	61	-0.6142976457917769
39	62	-0.4441607042582614
39	63	1.0955230339179687
39	64	-1.49125017797791
39	65	-0.0800995187873556
39	66	-0.10229994152315458
39	67	-4.108242154421988
39	68	2.7102044782163364
39	69	-3.1125709006076923
40	40	NaN
40	41	-1.7311270314818017
40	42	-1.288057831685405
40	43	-2.996913981754344
40	44	2.7775173851363353
40	45	-2.6423183475122944
40	46	-3.9169998322760247
40	47	-2.0002517664926778
40	48	-4.168129639927611
40	49	4.207109336523995
40	50	-2.140179066279364
40	51	-1.468953655913176
40	52	3.561555447243859
40	53	-0.20851853471132617
40	54	-0.12214840588800886
40	55	4.1613458569010335
40	56	-0.9076730266975098
40	57	3.5722326556723805
40	58	-0.2058644228966
40	59	-0.015269042350867694
40	60	-0.8267190307213683
40	61	-1.7945951871061123
40	62	-1.5675183513313047
40	63	-3.2861760646720835
40	64	-0.30042222612616454
40	65	-2.578957144644985
40	66	-1.7274793884088382
40	67	-0.38519160672009906
40	68	-3.8693922856347056
40	69	-0.1506800633540526
41	41	NaN
41	42	5.313735757160984
41	43	2.3042717084576365
41	44	-4.062937300544813
41	45	0.6376014964734792
41	46	-0.2972586794699495
41	47	-0.01467520940449738
41	48	-1.6505426099744027
41	49	-4.336093593067824
41	50	1.8026807601002237
41	51	-4.370591022812679
41	52	-3.6544133185471983
41	53	-2.9046140123813315
41	54	-3.081294987712436
41	55	-0.6691312472310449
41	56	-0.07162004728437166
41	57	-1.5915582223085378
41	58	-1.1834954458402471
41	59	1.0201121494706658
41	60	0.9056698456141706
41	61	-5.213255366078001
41	62	-3.3329374171031585
41	63	-0.803349153998456
41	64	-0.10722357411937843
41	65	-2.2510827630480783
41	66	1.3754664996774195
41	67	-0.363699728530472
41	68	1.2617752738798969
41	69	-1.5285834132951082
42	42	NaN
42	43	0.8792886522295683
42	44	-0.935120205288319
42	45	0.4214913763314567
42	46	2.926051256899811
42	47	-1.1928111747007322
42	48	-0.4277471009138283
42	49	0.8307367110033411
42	50	1.0884745828075868
42	51	1.1579274656070748
42	52	-0.37519523932446086
42	53	-2.306873113831718
42	54	-0.6131864302479559
42	55	-0.4531077959099764
42	56	-0.5597960637560027
42	57	0.5589611709095076
42	58	-2.797334403721378
42	59	0.5686602931938209
42	60	1.3757483376607256
42	61	2.6590793277398523
42	62	2.8349798216184836
42	63	-1.7213902827655323
42	64	-2.628579391463978
42	65	-0.7536057898827294
42	66	1.5307299395681628
42	67	1.2871860128230557
42	68	4.160103949515917
42	69	-0.6817702700847107
43	43	NaN
43	44	-1.8497239667306768
43	45	2.2504764775331854
43	46	4.86814054174303
43	47	3.0350163878327296
43	48	1.8103935846341614
43	49	-1.9655452799263902
43	50	-0.9165378200475102
43	51	1.5265849287328235
43	52	-0.519451602706805
43	53	-0.32920655699612644
43	54	-1.7559554286177856
43	55	-2.5980396946652697
43	56	-2.0701445696861467
43	57	-0.37959114270952404
43	58	4.958751609674262
43	59	0.547249225429189
43	60	2.2144204272965102
43	61	-1.5209510634947627
43	62	0.06751263227929127
43	63	4.494544174514342
43	64	1.3134696975011433
43	65	0.8938130508799875
43	66	0.0743324058810041
43	67	3.4214626858299497
43	68	2.1493628578037685
43	69	1.7305150521022226
44	44	NaN
44	45	-0.7800821991382892
44	46	0.7297078456930168
44	47	-1.856379038798308
44	48	-1.0527074303084734
44	49	3.1236117196152793
44	50	4.024626712341393
44	51	1.241085368750386
44	52	-0.8855219876297605
44	53	-0.532292509540388
44	54	-2.093578558867672
44	55	2.141078717717145
44	56	-1.5787698492084505
44	57	-0.1852389964557165
44	58	-1.3333297369453896
44	59	-2.896175161358871
44	60	-0.10328922549525912
44	61	0.3749502977935439
44	62	-1.1909184929943564
44	63	0.26115055080788857
44	64	-0.4291271449276829
44	65	-0.3394176206909032
44	66	-2.906884488587188
44	67	-0.45621550524414856
44	68	-0.3243818205500933
44	69	-1.5549910834746732
45	45	NaN
45	46	2.2544477258751736
45	47	1.9697881150243413
45	48	3.7939873405467783
45	49	-1.6553995677229856
45	50	1.271166383922196
45	51	0.2878426324422614
45	52	-1.3129206609280992
45	53	-0.7995410605112773
45	54	4.270775226414742
45	55	-3.27759056880667
45	56	-0.32576218635533927
45	57	-2.9794399162960783
45	58	-1.0368336369119082
45	59	-0.18233063666334925
45	60	2.5070784794454952
45	61	0.19159295051278746
45	62	0.5500809840539663
45	63	1.240521416454188
45	64	0.993375847252249
45	65	-0.09890922353400083
45	66	-0.8925500460899838
45	67	-2.2594698676295324
45	68	0.8228502584332771
45	69	0.7051291623621693
46	46	NaN
46	47	7.168423239857651
46	48	4.955591235597078
46	49	-2.3532350009796237
46	50	-1.754964741365665
46	51	3.0245497510340895
46	52	0.2333082098155547
46	53	-2.1789783790429453
46	54	-0.5055856949905341
46	55	-2.9175710905865286
46	56	1.7416392582037283
46	57	-0.779059217861617
46	58	-1.8628733108993003
46	59	1.8809138711442073
46	60	2.3365262600226764
46	61	1.1962940392615835
46	62	2.4089529143674935
46	63	1.2303168922846979
46	64	-1.7137357516493346
46	65	1.0780625118056313
46	66	1.0771110181484471
46	67	-0.7533470067318238
46	68	2.806406200462632
46	69	-1.873868148368588
47	47	NaN
47	48	3.008400590384276
47	49	-1.127695107974856
47	50	0.6675110323506483
47	51	-0.6737321685497185
47	52	-1.0109107223191425
47	53	0.42348119790634714
47	54	2.4945913975142964
47	55	-3.1368163304655168
47	56	-1.6486481828992205
47	57	-2.9282901546399285
47	58	2.2892512630088233
47	59	-2.324088508699155
47	60	2.3578467530880967
47	61	2.705903397723598
47	62	-1.643586354431973
47	63	-1.4280090695469916
47	64	-1.5507892599468704
47	65	-0.58857195951267
47	66	3.399112693583438
47	67	2.1612761429436484
47	68	2.9230621865619777
47	69	2.4858389078890575
48	48	NaN
48	49	-3.8511753143389615
48	50	1.1777817850888501
48	51	1.6304150346114883
48	52	-1.0664886929545232
48	53	1.030868080381976
48	54	1.2475380905347269
48	55	-0.49149607566757475
48	56	2.4056074957897478
48	57	-0.5728489924556023
48	58	-0.8691114564603387
48	59	0.7643750905134803
48	60	2.935620839304006
48	61	2.5315297867291773
48	62	3.035631210495925
48	63	0.00558495288947539
48	64	0.7474669526932016
48	65	1.0860328258804242
48	66	0.055985090779755976
48	67	0.33282963224038303
48	68	0.30524020047356676
48	69	0.5174802358705332
49	49	NaN
49	50	0.07859984085969728
49	51	-0.5500606683641598
49	52	2.360627734317052
49	53	3.7387880669263414
49	54	4.690957846463115
49	55	2.4918011687456247
49	56	1.197162542219958
49	57	0.6736817635036447
49	58	-2.526084643258555
49	59	-2.0147481647850705
49	60	-0.2790104613210201
49	61	-2.8525560388362625
49	62	-0.1968713457662066
49	63	-1.8595717305387425
49	64	-0.9198525765495116
49	65	-1.486511850516261
49	66	-2.601343896792352
49	67	1.3388567056523253
49	68	-3.175579821941995
49	69	-2.2998486579820927
50	50	NaN
50	51	4.602990901152823
50	52	-0.7016403872424553
50	53	0.20521422562708236
50	54	-1.5193363538998053
50	55	-0.2968859051859992
50	56	3.9172029757743814
50	57	0.17757346600254242
50	58	-2.1220650015103435
50	59	2.757967894530045
50	60	-1.710644365367755
50	61	2.6615887287260422
50	62	-0.5103055873877804
50	63	1.4627893100490028
50	64	0.920949163299727
50	65	1.463680083239795
50	66	1.015244329485268
50	67	-1.812461494147344
50	68	-1.511611301243008
50	69	0.2650305996238839
51	51	NaN
51	52	-0.6471026544889763
51	53	-0.7463559264695291
51	54	-1.6904636689824448
51	55	-1.498406244575592
51	56	-1.4696802434307281
51	57	-2.3596373047327295
51	58	-0.3052605547209079
51	59	-0.9541241951898816
51	60	0.4791278687474986
51	61	0.3845315954671477
51	62	-0.26312922770689784
51	63	0.8253337316901367
51	64	3.034482627342875
51	65	-1.4243781263958608
51	66	-0.9104731734991095
51	67	19.341760250526296
51	68	3.9744152046357963
51	69	-1.696047756970341
52	52	NaN
52	53	3.311223983576258
52	54	0.7521841883832298
52	55	2.0527464687290276
52	56	-0.42988357771346414
52	57	3.065041613661274
52	58	-1.76403755337435
52	59	-2.009075330272247
52	60	-1.8216321029919433
52	61	-1.2284393174697887
52	62	-1.1937501620037576
52	63	-2.809164353691627
52	64	0.4522808736669094
52	65	-1.3869536128273254
52	66	4.903424779465963
52	67	-0.8410867359886851
52	68	-2.4129472888231174
52	69	-0.6429208341879991
53	53	NaN
53	54	0.5359109636494159
53	55	0.30813024543283457
53	56	-0.8080633199852062
53	57	-0.6981495356950183
53	58	-2.3758530305006373
53	59	-1.4214860958047246
53	60	0.981794518654795
53	61	-0.6920926254219629
53	62	-4.056851409767605
53	63	-1.023433653392484
53	64	2.203118071191299
53	65	-2.2077454700865657
53	66	-3.5971398350372157
53	67	-1.8218463459381753
53	68	0.4952338148751514
53	69	4.450775696711049
54	54	NaN
54	55	-0.736800495295975
54	56	0.006393860379329861
54	57	1.7242471151430228
54	58	0.3534054390069383
54	59	0.9732582936324695
54	60	-0.17529113859817422
54	61	2.332438783665291
54	62	-1.8101184491077136
54	63	0.508256161238338
54	64	-1.7665765374294955
54	65	-0.1254455584211837
54	66	-0.7026624528092092
54	67	3.665312667016012
54	68	-1.3804518412312883
54	69	-1.7162899099649345
55	55	NaN
55	56	-2.4204317111881237
55	57	3.489902314127986
55	58	-1.6166960260141061
55	59	-1.7893371868675512
55	60	-0.0910636407143798
55	61	-1.099502668395976
55	62	-2.697722730313614
55	63	-2.102224916157452
55	64	3.0658878338572726
55	65	-2.0305544632545414
55	66	0.7113178741235447
55	67	-3.231660521016086
55	68	-2.9028599118082274
55	69	-1.536285854099789
56	56	NaN
56	57	-0.05422065984901711
56	58	2.939475326350614
56	59	0.6555589806623463
56	60	-0.3576659213548252
56	61	0.2564915346369773
56	62	3.0272867640957517
56	63	-3.0990887708114743
56	64	1.3573413852022902
56	65	13.395259154495035
56	66	-0.41522600137463095
56	67	3.057240261618577
56	68	1.5865534493679876
56	69	-2.6851403606668804
57	57	NaN
57	58	2.267962793409356
57	59	-0.7789099879635947
57	60	-2.3430495087815397
57	61	0.1058933559796168
57	62	-3.541206873704178
57	63	-1.8686758176257507
57	64	5.598259175663256
57	65	-1.2430840578671767
57	66	-1.7076809852589065
57	67	-1.4356234005547854
57	68	-1.3000796162756887
57	69	2.5970835032007473
58	58	NaN
58	59	-1.4654724990125767
58	60	2.876700757132074
58	61	2.055623938367049
58	62	28.912126397621243
58	63	26.53687724700468
58	64	0.06992066524102407
58	65	0.1850361197217829
58	66	-0.7877606369271374
58	67	-2.3329098769305174
58	68	1.8902360625819619
58	69	-0.8958729746125342
59	59	NaN
59	60	-1.084814348496377
59	61	-2.7085830334045835
59	62	-0.1980758415793269
59	63	0.491915493290721
59	64	7.463996350360957
59	65	-0.18740730584883195
59	66	-0.363179261005774
59	67	2.3748933297943817
59	68	-1.1621728040977048
59	69	0.5370877702264266
60	60	NaN
60	61	1.8740554227839572
60	62	-1.8603096693444776
60	63	-1.8479099378928114
60	64	5.489091230538503
60	65	1.638353474623848
60	66	5.6937572390697095
60	67	-0.013092836127536594
60	68	0.19214449768283093
60	69	3.7194717702521025
61	61	NaN
61	62	-0.8245909571524338
61	63	1.5236070910355324
61	64	-0.800937317197102
61	65	2.4262298560868905
61	66	1.5833188047743696
61	67	1.3656709236104088
61	68	4.7943094870209
61	69	0.7742972040412938
62	62	NaN
62	63	2.069965896572801
62	64	-1.5365044568792359
62	65	0.7003345869317626
62	66	-1.2499736507429464
62	67	2.9998492683040037
62	68	2.2356711537497
62	69	2.8424960838007327
63	63	NaN
63	64	2.7870697785048097
63	65	-0.12346282046929671
63	66	2.4096865911624197
63	67	-2.3974164672756286
63	68	1.5204353149696517
63	69	-3.237229459152689
64	64	NaN
64	65	1.696544659203688
64	66	-1.4524900601963882
64	67	-0.47752637560560207
64	68	-1.3217072445769544
64	69	1.6988454007060148
65	65	NaN
65	66	1.4583846686744864
65	67	1.0051163540526353
65	68	3.1057280663175315
65	69	2.582251922677919
66	66	NaN
66	67	1.2717072369882971
66	68	0.04967096309430553
66	69	0.185761211486773
67	67	NaN
67	68	4.036443885571132
67	69	2.062303595883517
68	68	NaN
68	69	-2.086964297222496
69	69	NaN
