1	1	NaN
1	2	-1.067663560478341
1	3	0.38022535903437266
1	4	-1.0972288805425223
1	5	6.05768079233162
1	6	2.3427032123914446
1	7	10.246204543104925
1	8	1.1035762501346627
1	9	1.7319359706649606
1	10	0.3027160853897082
1	11	-0.20883263249213152
1	12	-2.793325962634534
1	13	0.5579808802869362
1	14	-0.9274025144625109
1	15	-0.8179099267114472
1	16	0.36899263258074055
1	17	1.9531448363481112
1	18	1.1281407085245165
1	19	-2.8924615460266265
1	20	0.12171613667111136
1	21	-0.8839095267953136
1	22	-0.03866282747197372
1	23	-0.08292475473829668
1	24	0.4748551663537428
1	25	-0.13174593321626946
1	26	-5.045282868557603
1	27	0.9345417712699664
1	28	-0.3563752585756403
1	29	-0.06438576970928583
1	30	-3.1167337600651224
1	31	-2.245435333066498
1	32	-0.7176582277974642
1	33	2.3349572760686024
1	34	-1.4297494242157385
1	35	-1.0514074031724192
1	36	3.498455174968309
1	37	-1.1019370385148797
1	38	1.7018036564282901
1	39	-1.129783602501558
1	40	1.188201784881923
1	41	-0.18266525385692534
1	42	1.4809569825829594
1	43	-0.886970342443202
1	44	-0.6746196398189656
1	45	0.018557950246497396
1	46	-0.8690355950023216
1	47	1.0013044567763043
1	48	-0.9395409137615898
1	49	-0.9696384759657295
1	50	-0.5191007043700471
1	51	-1.697682481233615
1	52	1.0449292966287687
1	53	1.7317698154318242
1	54	0.019639230454331275
1	55	1.3768712031564636
1	56	2.066054061876556
1	57	0.17640709626707546
1	58	2.635285867329537
1	59	-2.3070490855466237
1	60	0.884035884601154
1	61	-0.8984162556573787
1	62	-0.9484345278045482
1	63	-0.9894597926299745
1	64	-0.6608551891443692
1	65	-2.7536121774014353
1	66	-2.687323288843991
1	67	-2.1488141510586156
1	68	-1.453461036953113
1	69	-1.5908020241468088
2	2	NaN
2	3	0.22959808562990464
2	4	0.41438766766858554
2	5	0.02790033384183276
2	6	0.1901741590120729
2	7	0.559102137298313
2	8	1.647609014411381
2	9	1.2871364366893263
2	10	-1.0637865838212721
2	11	-0.8155556387130186
2	12	1.3859908942100223
2	13	1.2226539500098341
2	14	-0.22817455772333636
2	15	-0.3112383676720959
2	16	-0.7020164228861593
2	17	0.30665134900679086
2	18	0.8591977134317091
2	19	-2.35156108556126
2	20	-0.6295619830070233
2	21	1.3661580736139662
2	22	-0.08325465065968081
2	23	1.465682568410148
2	24	-0.5783769083848131
2	25	0.908532698884338
2	26	-3.475106941977344
2	27	-0.9464036996054825
2	28	2.3833892205658023
2	29	-1.0395237729358615
2	30	-1.6321883374528117
2	31	-0.2358815966753066
2	32	0.21677785170296218
2	33	-1.7866978741961654
2	34	-0.038632038054697726
2	35	0.24527709190758412
2	36	-1.6233948669106706
2	37	1.8200020017476963
2	38	0.055275642574409735
2	39	-2.7583537194015033
2	40	1.8814753419802346
2	41	-0.09988561550593417
2	42	0.7793589239545395
2	43	-0.7126540764688373
2	44	-1.0192230580510404
2	45	-0.8620209327511136
2	46	-1.1470056227644319
2	47	2.6109119866071238
2	48	2.3158903399467463
2	49	-1.980497252735324
2	50	-0.6669601771442295
2	51	0.8711026679019491
2	52	-0.16607209071665754
2	53	0.029124616991988785
2	54	0.06673693129724773
2	55	1.727451272061253
2	56	2.6822401144903085
2	57	-0.8599842596433043
2	58	5.256054175186569
2	59	0.3750740926942212
2	60	-1.3440433112301737
2	61	7.882782435928331
2	62	-0.4828091133578294
2	63	0.45508451846036524
2	64	-2.7132480360896967
2	65	-4.029298284067494
2	66	-3.648295121619788
2	67	0.3705086348320753
2	68	-2.9247986797461443
2	69	-1.6360212120249233
3	3	NaN
3	4	5.636990837578414
3	5	0.4273821401452028
3	6	1.2917426267015446
3	7	-1.000149182070114
3	8	-2.2978329024892754
3	9	2.4337037593313604
3	10	-1.098786122781156
3	11	-0.22787156693416527
3	12	-1.775867331731176
3	13	1.225401823231184
3	14	1.6070727680356056
3	15	1.0980032013804815
3	16	1.01001846545622
3	17	-2.18616649226786
3	18	-0.8454514600607983
3	19	-2.743468217028497
3	20	-2.0809501039371527
3	21	1.6754950782245372
3	22	1.2951511170971515
3	23	-1.7035998014759937
3	24	-0.9571801823564942
3	25	3.395684258617133
3	26	-1.6486195900153335
3	27	-0.8761688239530743
3	28	3.0655515789864163
3	29	2.583115387627415
3	30	-1.714196417843453
3	31	0.35350633090150435
3	32	-3.436782491325656
3	33	-1.0849392555597608
3	34	-1.1248607261391053
3	35	1.4482892672303025
3	36	0.5646458839169297
3	37	-2.9792811285733607
3	38	-2.755903199407179
3	39	-0.6353379165960611
3	40	-1.3501043359597145
3	41	0.4738733766953727
3	42	5.633904740579346
3	43	-0.13833336626796505
3	44	-1.5055303584235535
3	45	-0.6020994309466648
3	46	3.5868760167489655
3	47	-1.7552397077352195
3	48	2.86335777434746
3	49	2.501858603783915
3	50	0.46517619381682807
3	51	-3.246187467342851
3	52	-0.2560455349079977
3	53	-2.1523804148226766
3	54	2.2323148416947927
3	55	-0.7916428743068805
3	56	-1.8998778496041162
3	57	1.1939498709873806
3	58	0.2099150355329717
3	59	1.2046354785640392
3	60	-0.9865310937765802
3	61	2.6138584546769064
3	62	-0.015297270048967967
3	63	0.8061039834881514
3	64	-1.2818603676292157
3	65	0.4504830975016126
3	66	2.632299004754197
3	67	-3.1878459183352694
3	68	3.0965622821136134
3	69	-0.5188814442525084
4	4	NaN
4	5	0.7919670074944529
4	6	1.0820979509563784
4	7	0.7989034707784392
4	8	-1.3538622932520994
4	9	-2.797259762220027
4	10	-1.1623499739179906
4	11	-1.2542110023675506
4	12	2.556804291731607
4	13	0.5196553751463884
4	14	-0.17119878271383257
4	15	3.2287441697375816
4	16	3.227242389709617
4	17	-0.8427842944477786
4	18	1.4839820088167186
4	19	-1.3170782287604943
4	20	-2.463014930508838
4	21	0.3001448362405443
4	22	0.21591108710385726
4	23	2.4978937017185276
4	24	-1.9318553337015776
4	25	1.2422315240752746
4	26	-0.9703471114582539
4	27	-1.514582675236645
4	28	1.474123363914307
4	29	0.22155562002482207
4	30	-2.774012041407783
4	31	1.732875907205131
4	32	-0.20191867900554467
4	33	7.769729552036073
4	34	-0.41590089528690305
4	35	1.371207757950892
4	36	-2.8024935934798236
4	37	-1.1972988949890073
4	38	-1.3967146251420652
4	39	-0.2255077296282369
4	40	-0.8888148622403051
4	41	-0.633463717570477
4	42	-2.7500591475678546
4	43	0.6352930500350668
4	44	0.8643873266067552
4	45	1.7396565581099186
4	46	2.2799231138735587
4	47	-1.3757225695887962
4	48	0.14947862069514664
4	49	3.4070590951846524
4	50	-2.6517154453797076
4	51	0.3076908899968828
4	52	-1.8876062016924209
4	53	-0.9509846493386448
4	54	-2.18641178550793
4	55	0.1442878573410091
4	56	-1.6064674691743095
4	57	1.5226373521354657
4	58	-0.7762498191157735
4	59	-1.0358692744533284
4	60	-0.9742933271021944
4	61	-0.9188253031277785
4	62	0.7119733968464715
4	63	-0.7421891307012751
4	64	-0.58828053822376
4	65	-1.2841417430242361
4	66	-1.2136681223892014
4	67	2.6444824091567245
4	68	-0.37576420867600063
4	69	0.7087504747951604
5	5	NaN
5	6	-1.7230257864638128
5	7	-3.238585807160058
5	8	-3.566167079189062
5	9	-2.742125523400564
5	10	-2.1425540259137703
5	11	-1.3603992956430335
5	12	-0.20439231355727178
5	13	-3.1942095754007878
5	14	-1.904138749003309
5	15	-1.6817248058085037
5	16	-0.6295719812269862
5	17	-4.928013860172725
5	18	4.688147308677846
5	19	1.38171107122641
5	20	-3.214838866129474
5	21	-0.9607530702193938
5	22	1.7780364511652393
5	23	0.9743000817513096
5	24	-1.713832504782869
5	25	0.19772587349388976
5	26	-5.927895627994132
5	27	-2.187531791134288
5	28	-2.1089432388411438
5	29	-1.7116642597785192
5	30	-1.2931338954266414
5	31	0.4670960084017494
5	32	-0.9463744460899693
5	33	1.9760556798604596
5	34	29.058658705546527
5	35	-1.3594644099359143
5	36	54.863719099908536
5	37	-3.4746023006552624
5	38	-1.7364984968883872
5	39	-2.7570104626133842
5	40	-1.936698047569953
5	41	-2.7678172360742255
5	42	-0.34798836085391044
5	43	0.261049007551755
5	44	1.2335199868170421
5	45	0.87352563346172
5	46	-1.7188101869524413
5	47	-2.216954933504105
5	48	-0.9789930880554579
5	49	-1.2438068997279697
5	50	-1.0917628063491507
5	51	-0.2798547833557552
5	52	-3.612614280324052
5	53	-3.3540126515940276
5	54	-3.057986797676213
5	55	-2.6773869498815817
5	56	-4.120723813191808
5	57	-1.2189156403418027
5	58	-1.5961658779440533
5	59	-1.9682818291086055
5	60	-3.467535051767875
5	61	0.2561882939443945
5	62	-1.8091410747408276
5	63	-1.6630062844468934
5	64	-3.7471890696723764
5	65	1.2361769950846748
5	66	-1.1255189900245608
5	67	-2.639593092158995
5	68	1.3004801980921445
5	69	-0.16288878929407538
6	6	NaN
6	7	-2.9091779782833167
6	8	1.483878131638416
6	9	1.8523067918298652
6	10	2.08956026138961
6	11	0.08850427615327715
6	12	-2.589062636761124
6	13	1.727097486912484
6	14	0.07929644110387941
6	15	-1.6044196661082186
6	16	-2.5692630345907923
6	17	2.33950143159015
6	18	-0.8207095212680918
6	19	-3.5354564317429666
6	20	2.1304699160335607
6	21	-1.1488089367560985
6	22	-2.1452740626019033
6	23	-0.6540749758362726
6	24	3.5501530761385207
6	25	-1.5644771465042095
6	26	-0.256607402681686
6	27	0.9936253210178957
6	28	-0.5906627161993963
6	29	1.3988691004797544
6	30	-4.215535841141768
6	31	-2.181892163463934
6	32	-3.3490830300400685
6	33	2.1194453582992536
6	34	-1.7404052766308298
6	35	0.9410836218330135
6	36	-2.7950258972641326
6	37	3.5746435051967382
6	38	2.187285459363407
6	39	-1.731083287193802
6	40	1.2408336215216995
6	41	-1.1996912257421855
6	42	-2.684461215645044
6	43	0.08085456730057419
6	44	2.661131684483671
6	45	1.4508165071501322
6	46	-2.0716561532489983
6	47	3.284426755098259
6	48	-0.8823297889319643
6	49	0.27905500244499615
6	50	-1.417344056588232
6	51	-1.9554664132513577
6	52	0.834008546865409
6	53	4.679542103644386
6	54	0.8178168731537115
6	55	2.9248527294993223
6	56	2.229568319989152
6	57	1.9689528302944521
6	58	-5.194712533421612
6	59	-3.8933039710960196
6	60	0.3078651729986117
6	61	-0.6805371875796505
6	62	-1.739882254197008
6	63	2.547305742847044
6	64	-0.022247485618525176
6	65	-0.1678906113255969
6	66	1.6788352361375205
6	67	-1.5422378526494374
6	68	0.17644474312071687
6	69	-0.7455520438989577
7	7	NaN
7	8	1.3744863769413231
7	9	-1.3588622489642157
7	10	-1.3484011286848268
7	11	-2.09998870669417
7	12	0.5596403466098917
7	13	-0.5269338058794895
7	14	-0.854675144185353
7	15	-0.4375062539879664
7	16	-0.8786956952590527
7	17	-1.7794387836244725
7	18	3.223289869169775
7	19	-0.37753454757388305
7	20	0.6717237315067218
7	21	-1.194698391756288
7	22	-0.849894734781659
7	23	0.5328934340884268
7	24	-5.129617084109575
7	25	1.661665914731593
7	26	-3.223416289132268
7	27	0.24840063881069252
7	28	-0.6332132707932184
7	29	-0.4589593915783149
7	30	-1.3382583657318097
7	31	3.1287677786951265
7	32	0.842459770348417
7	33	-1.707552323752842
7	34	-3.1579296470974487
7	35	0.4054735021412254
7	36	48.22684696003092
7	37	-0.6814300331773651
7	38	-0.39861281870759324
7	39	-0.6427394790095218
7	40	-1.4076533958793997
7	41	-0.06269939471336444
7	42	-3.1079887655100755
7	43	-1.52215644038363
7	44	0.33064954042822836
7	45	0.38424811653114793
7	46	-1.133625972717515
7	47	-2.4156925391107484
7	48	-0.42525050386889673
7	49	-1.5866669143665038
7	50	0.5009931133389239
7	51	-0.1296844433172774
7	52	-3.104565023327926
7	53	-3.8690348336534677
7	54	-3.1010841402974276
7	55	-1.9862929047838582
7	56	-4.186778884667786
7	57	-1.2367762443601227
7	58	-1.3366920248498417
7	59	0.7756742573541919
7	60	-3.697581240901263
7	61	-2.2333324272119843
7	62	0.5872879453585673
7	63	0.3578693170604728
7	64	-0.6315641215356386
7	65	-0.2866958698784241
7	66	-0.32770922436119676
7	67	-2.031151159159569
7	68	0.7934386007833059
7	69	-1.323256398967604
8	8	NaN
8	9	-0.18387947399215837
8	10	-0.8461276688577006
8	11	-0.19279029409185486
8	12	-1.6293728655156672
8	13	-4.366444346490482
8	14	-0.35120922659084014
8	15	-3.2241873919520248
8	16	-1.0022908864964473
8	17	1.9541091728218971
8	18	1.2617620232643445
8	19	3.517788701134785
8	20	1.2515660899296759
8	21	-3.0422649551690517
8	22	-2.5294779138697496
8	23	-1.0152959209720087
8	24	1.2070042988469123
8	25	-2.9846892707901262
8	26	-3.7000274918082923
8	27	0.21550267135148882
8	28	-3.4565579087453293
8	29	-1.5638726692228757
8	30	-1.358172993236083
8	31	-0.30423762729167403
8	32	0.5222119301814967
8	33	0.5583748072161746
8	34	-1.3395467853091783
8	35	0.6758408826779037
8	36	-1.3629614990089964
8	37	26.41439174832942
8	38	-0.3717924518108047
8	39	1.3406610385136442
8	40	-0.7195919105051389
8	41	2.583313293840026
8	42	-2.0244995359307976
8	43	-2.3206498043004298
8	44	-0.8444789008143512
8	45	-0.0777692816389986
8	46	-1.853303176808518
8	47	0.7517686402871041
8	48	-1.700861432365558
8	49	-2.238726179230596
8	50	-2.046326401153222
8	51	-0.8660441437076801
8	52	3.309984083580493
8	53	23.343488034637897
8	54	-0.06904171810534951
8	55	2.9729181406349046
8	56	-0.965201121286422
8	57	-2.8996648692045692
8	58	-0.2445786164946141
8	59	-1.7650779995985646
8	60	-1.3090933467879065
8	61	-0.18539190041042672
8	62	-5.599740383063691
8	63	0.17660604067056312
8	64	0.8704866678759015
8	65	-0.7770339755866132
8	66	-2.9313848484815272
8	67	-1.0461364995261873
8	68	-2.52293756001409
8	69	-2.018013298823614
9	9	NaN
9	10	3.504098801236879
9	11	1.3745768002319525
9	12	-0.43693869552817477
9	13	-0.9404803798346556
9	14	-0.32404801888250556
9	15	-4.379671186522008
9	16	-3.069504165242163
9	17	1.5884160094812876
9	18	1.4393849993203867
9	19	-2.848604138827398
9	20	3.516398185421145
9	21	-1.6611671787757492
9	22	-1.0921087513946015
9	23	-0.41554565196791726
9	24	5.464205698021813
9	25	-2.2556414473576756
9	26	-1.8922504919436258
9	27	3.256591524356322
9	28	-3.234737292671891
9	29	-1.746479637099749
9	30	-2.906176992559369
9	31	-2.0424492550123072
9	32	-2.3877770188713474
9	33	0.21943548729075824
9	34	-0.25534994400937644
9	35	1.4472547811711716
9	36	-2.425387290435226
9	37	1.0783818237385738
9	38	3.235555535985398
9	39	0.35947444558167707
9	40	2.9347516837043335
9	41	1.954808981528901
9	42	-0.3477307651359673
9	43	-1.5496253185720286
9	44	0.37657980766674176
9	45	-1.6232820262185328
9	46	2.635523058846899
9	47	2.9448037520420334
9	48	-1.6157922680695658
9	49	1.2291539101995899
9	50	-2.424703743515952
9	51	-0.07850739583555469
9	52	2.193643616615684
9	53	1.742199850797439
9	54	-0.37064306355760135
9	55	1.9121345138650792
9	56	1.9555814901170547
9	57	-0.3083838970444243
9	58	-0.6631517938586968
9	59	0.18397240425473058
9	60	-0.5328448266128688
9	61	-3.9586277843065933
9	62	0.6778782792584296
9	63	1.467336027313133
9	64	-3.116499286916269
9	65	-3.1796927827222414
9	66	3.1269542204951666
9	67	-2.091179413773872
9	68	1.175907492354435
9	69	-1.2221799401157327
10	10	NaN
10	11	0.4818452741717807
10	12	-0.5976703807429213
10	13	-0.6434157934026898
10	14	-1.4064648955746182
10	15	-2.8619797608896076
10	16	-0.6752394311594749
10	17	23.086680084853167
10	18	1.1284414401341518
10	19	-0.27298273868566386
10	20	1.7100847814995703
10	21	-0.911707754931737
10	22	-2.048614897100033
10	23	-2.294759929013775
10	24	1.8526385474339717
10	25	-0.8625960831026681
10	26	-2.1942380781708253
10	27	2.212397236923213
10	28	-1.8034912898499258
10	29	1.6282313706702651
10	30	-1.0167880864874508
10	31	-2.6573695024743103
10	32	1.009069540861182
10	33	-0.7255925578781225
10	34	0.8699258522324292
10	35	2.3364332381702573
10	36	-2.872954374135921
10	37	1.4654501170552743
10	38	-0.5798228440092061
10	39	-2.6399560734208145
10	40	3.937528917477745
10	41	1.7889828998235489
10	42	-1.810975070642554
10	43	-1.3275882866283624
10	44	0.23920535777694446
10	45	-2.610171293998861
10	46	-0.23208897751873458
10	47	1.7786169250966415
10	48	-1.667518348412883
10	49	1.5296782186586002
10	50	-3.830690067312925
10	51	-2.4643431111638296
10	52	1.1920207986620546
10	53	2.2607775259594294
10	54	0.11520082409364572
10	55	2.4877290385857753
10	56	3.1442907709185777
10	57	-0.14690928412070833
10	58	-0.5053955084633791
10	59	-1.4518569068191465
10	60	-3.689423617455877
10	61	-2.429894274880003
10	62	-2.9251516339947226
10	63	-0.2724735848127972
10	64	-2.502709302543809
10	65	-0.9859759424307545
10	66	-1.777301824692001
10	67	-0.2899537101106573
10	68	1.028601307551204
10	69	-0.4417913080022733
11	11	NaN
11	12	-0.6850731836908958
11	13	-1.6204344468414889
11	14	0.42261327908825574
11	15	0.39761676898147075
11	16	-2.1318071141418455
11	17	1.98214946737206
11	18	-1.5644958325651022
11	19	-1.1526235022098916
11	20	0.11206253885799321
11	21	1.493471327097384
11	22	-1.2019428279546325
11	23	-0.579636914617954
11	24	3.2256620503153663
11	25	-2.168108351790431
11	26	-0.8296082074808774
11	27	-0.1928884735115629
11	28	0.38011711647610896
11	29	0.4522725537120187
11	30	-3.2010281838941914
11	31	-1.0629263638198985
11	32	-2.369806768086352
11	33	0.13204415365144367
11	34	0.1407117704015963
11	35	4.1931554046161255
11	36	-4.805936334098184
11	37	1.4538300228085583
11	38	0.5491617332524216
11	39	1.3247811473117466
11	40	4.231568922990704
11	41	-0.2652429031985523
11	42	-0.7302356193797114
11	43	-0.2585598448909522
11	44	-0.5942218630185324
11	45	1.0071516847707183
11	46	0.3993608137596886
11	47	1.8176542680805978
11	48	0.43201745250415924
11	49	0.7207417830674762
11	50	0.8570869324167822
11	51	-1.112791678896064
11	52	3.8281826719564718
11	53	0.8719179430801257
11	54	1.224197236170239
11	55	1.2931384429744943
11	56	2.401370435391365
11	57	1.1871043003941464
11	58	-3.7120965545231446
11	59	0.21186453161851335
11	60	0.9488393405407719
11	61	-1.6489768525083908
11	62	-1.4253430599670982
11	63	-0.4811547876391576
11	64	0.34592688783250053
11	65	-0.3977928571678489
11	66	0.05733710685713916
11	67	-0.41715967318054126
11	68	-0.7627192296328101
11	69	-3.271560889592263
12	12	NaN
12	13	2.978808981689331
12	14	0.008439384983836494
12	15	1.1311837123111574
12	16	0.12331173001090287
12	17	-2.231277109983356
12	18	3.1966442826227692
12	19	-0.9991797603828487
12	20	-0.014790479691237054
12	21	-1.1057338040692182
12	22	3.1440872928078063
12	23	2.939161272604403
12	24	-1.535375494612665
12	25	0.8039302574919704
12	26	0.8540889511814636
12	27	-1.5986862658856438
12	28	-1.237126852542121
12	29	3.8776487964850013
12	30	1.5683093645053343
12	31	-0.5155695794503173
12	32	1.0007420574962165
12	33	-1.5387400875498851
12	34	-0.25992614764553934
12	35	-1.0570237421943782
12	36	-1.3285041710450882
12	37	-2.1275784443904313
12	38	0.39014551626689054
12	39	0.3931571434129122
12	40	-0.4087135569760344
12	41	2.3296638463696175
12	42	0.2033881993981808
12	43	1.281305627411422
12	44	-0.6460137442473654
12	45	1.0303291977886047
12	46	2.184972131846725
12	47	-2.302504652871573
12	48	1.244497203581279
12	49	-0.2704825753914994
12	50	4.625722712091452
12	51	-0.778558034558822
12	52	-0.4549491883055619
12	53	-2.721295491613692
12	54	-1.2913315602840914
12	55	-3.260354636219566
12	56	-4.768086631258075
12	57	1.6091973771260542
12	58	0.7844485478162927
12	59	2.967470207747676
12	60	2.025877325863873
12	61	-2.7468799221260722
12	62	3.4315526477069396
12	63	0.7229629098881784
12	64	0.5827833108197163
12	65	1.5478897075410605
12	66	2.262225731741371
12	67	0.347711429133857
12	68	-0.23984440906163046
12	69	-1.0632941363280561
13	13	NaN
13	14	-0.1865658129433644
13	15	1.7105763387772335
13	16	-1.1470903991718873
13	17	-2.061386169220926
13	18	0.0679208435164537
13	19	-2.189309727554387
13	20	-0.11961985574726314
13	21	0.19550737364058401
13	22	-1.6700088257762529
13	23	-1.170759020284641
13	24	-1.581751451050795
13	25	2.1221035606271927
13	26	-0.19457804029016182
13	27	-1.5826378237579455
13	28	4.421522620076
13	29	2.863175966511745
13	30	-2.0151628382699647
13	31	1.1774681110317322
13	32	-2.1016147763790127
13	33	-0.706803856765846
13	34	-0.7705847264153242
13	35	-2.133560450919565
13	36	0.7533286914251243
13	37	-0.11707938555317703
13	38	-0.045512385522501114
13	39	-1.9369591088580238
13	40	2.963510938013022
13	41	3.460453140812866
13	42	2.5542152725614193
13	43	-1.867918792138928
13	44	0.5751207400559302
13	45	0.6763663024552468
13	46	2.0904393779620465
13	47	-1.0332403986620002
13	48	3.0682453302570147
13	49	0.8564597728711135
13	50	0.22987478609064668
13	51	-0.5097335641104668
13	52	1.9741724466260495
13	53	-0.7300267391131627
13	54	-1.490692157045524
13	55	-1.6284389797474508
13	56	-2.493159608528381
13	57	0.6163450370532798
13	58	0.5676237148072804
13	59	-1.6930773426012955
13	60	-0.705298701746863
13	61	2.770811179306961
13	62	-2.9779848654596357
13	63	-0.7761399293456384
13	64	0.7856654008718614
13	65	3.040583630666633
13	66	2.638641329723077
13	67	2.9921669292529884
13	68	-0.2512960043926943
13	69	-2.47850761024795
14	14	NaN
14	15	6.065292825857067
14	16	1.6820687107141647
14	17	-1.7361539251637406
14	18	2.6203330555326096
14	19	0.06936380247781622
14	20	0.19388142642153233
14	21	2.2998672677984957
14	22	1.3787453036411867
14	23	-1.369740584915711
14	24	0.3001119730372822
14	25	0.2799315896948123
14	26	-2.2531488606630132
14	27	-2.008514703840452
14	28	-1.129348726711519
14	29	0.4993517202891922
14	30	-1.2842479300307632
14	31	1.6971180515887077
14	32	-0.16121815914396256
14	33	-1.7828957133530046
14	34	-0.6958152854932371
14	35	0.23971886113792362
14	36	-3.294765100241856
14	37	-1.0515031582733099
14	38	0.9713488989466358
14	39	0.8459141358189702
14	40	-0.2841879035423761
14	41	0.9843583235243651
14	42	1.4674846605991638
14	43	-0.7442921012934879
14	44	-3.3298723087334197
14	45	1.5616317720569597
14	46	0.4873218025455309
14	47	-0.6478462581532684
14	48	0.1042052232150717
14	49	-3.955942822877834
14	50	0.45565577563673937
14	51	-1.1085945842904668
14	52	-0.7210294458871208
14	53	8.866936504722956
14	54	1.9872687924350678
14	55	1.851180608991662
14	56	-0.6955503542479845
14	57	-1.2431602851269292
14	58	-2.4460818269812643
14	59	-0.381050115702572
14	60	1.715467980081108
14	61	-0.6562156636153519
14	62	-1.3586497618584708
14	63	0.06992048030593676
14	64	-2.424684435663643
14	65	1.8267909274794694
14	66	0.5449849914781744
14	67	-0.9374007305962119
14	68	2.765301548160469
14	69	-3.5346938635024374
15	15	NaN
15	16	2.1897514594377596
15	17	-1.1691573194888532
15	18	2.9357439441764845
15	19	-0.9638242519961021
15	20	-0.9639837735596104
15	21	-1.2558005398578236
15	22	-1.7670605865040565
15	23	2.259125500704062
15	24	-2.170948925139287
15	25	1.8018634957354174
15	26	-1.9412571572040487
15	27	1.4512804619124904
15	28	2.993486090742735
15	29	1.9292513293968483
15	30	0.6734338894782732
15	31	2.9265955702911577
15	32	-0.14634245034975946
15	33	-0.7270243380186254
15	34	-1.2246944430151485
15	35	-1.837675467090005
15	36	1.7720318232702506
15	37	-2.3399872942523405
15	38	-1.7392806069794238
15	39	-1.9618785042315543
15	40	-1.2568291625653882
15	41	-1.0113032619774238
15	42	2.3738287198899175
15	43	0.5279824202210587
15	44	-1.3654932922180636
15	45	-0.5758882306368592
15	46	1.0037102608610056
15	47	-1.4752439339408012
15	48	-0.8371677284843622
15	49	0.8718681024767412
15	50	0.3426667576968073
15	51	4.437860222265943
15	52	-0.5742675352855835
15	53	-2.452473958175376
15	54	1.1007129690608315
15	55	-2.5340041738794836
15	56	-0.0755702553381324
15	57	0.6286838248656814
15	58	1.9408639401680046
15	59	3.8927426530643054
15	60	4.7503750909815246
15	61	0.48440682631194676
15	62	-0.2531387232077343
15	63	-3.41676230421532
15	64	-0.2471637588538664
15	65	-0.7832388576008122
15	66	4.0784795189075576
15	67	-1.816689493216465
15	68	-1.120187024147675
15	69	-0.437915639223111
16	16	NaN
16	17	-0.10604641324017748
16	18	-0.9521763164646474
16	19	1.502020719052347
16	20	-1.1131382188839547
16	21	1.2928729110644794
16	22	-1.086529179188264
16	23	0.5999414422576486
16	24	-1.6229202648615897
16	25	1.748790500069856
16	26	-2.299707800601963
16	27	1.2640975713118445
16	28	0.37626610134337485
16	29	-2.177365988131554
16	30	-3.576482867883353
16	31	1.127118675515831
16	32	0.9138034618631002
16	33	0.3653888487656332
16	34	-0.9596924707444602
16	35	-1.0484942700801336
16	36	-3.4436553463636947
16	37	-0.9877054047848534
16	38	-1.1032528884471295
16	39	-2.6747867466712307
16	40	-1.1367164636573666
16	41	-1.5596775232774371
16	42	-0.45560877214872203
16	43	-0.24906816312517085
16	44	-1.5880260540144395
16	45	2.063362953961239
16	46	1.0123975970006753
16	47	0.9172224473815864
16	48	1.4265684368120515
16	49	0.44020604197349467
16	50	1.3617237998059117
16	51	1.8334112307404333
16	52	-0.40135846635980277
16	53	6.895896093032696
16	54	0.3215924349927251
16	55	0.29831915681940957
16	56	0.8983632252422452
16	57	-0.8056468298888784
16	58	-2.568765673799175
16	59	1.762415961559991
16	60	0.3871683971499819
16	61	1.151446628158801
16	62	-0.9921240154558598
16	63	-2.665122679389465
16	64	-0.9863788597417944
16	65	0.7207289526203224
16	66	1.977513597815922
16	67	0.7215471227566906
16	68	0.7156183752592358
16	69	9.519499558308281
17	17	NaN
17	18	-1.7587449440919127
17	19	-0.8412741271075259
17	20	1.3316194494109148
17	21	-1.866076231175003
17	22	-0.5814866801969919
17	23	-2.0408014292281442
17	24	3.4380751652916444
17	25	-1.5123393586022356
17	26	-5.353189203273365
17	27	2.091953680459904
17	28	-1.9265749127311824
17	29	-2.3861593002038135
17	30	-2.983417225658802
17	31	-2.4808389010724103
17	32	-4.262243536197538
17	33	1.46128411592061
17	34	-2.2308689379647975
17	35	1.5948313909701195
17	36	-1.2812891452382063
17	37	1.366945841448973
17	38	2.394021286576153
17	39	-1.5640411120064455
17	40	2.240368570781337
17	41	-1.0348796206437194
17	42	-1.6954556712808315
17	43	-1.8658683336790376
17	44	1.103812928837225
17	45	0.5818529089078738
17	46	-0.16999516095120887
17	47	2.2970075515797905
17	48	-1.058665992166287
17	49	1.0771203260426419
17	50	-3.944705887759556
17	51	-2.6812819124681213
17	52	3.920926723787048
17	53	5.5855821225317275
17	54	1.2827062992578948
17	55	2.330445302866514
17	56	2.3777016154273523
17	57	0.5556513495690458
17	58	-3.6789377641407306
17	59	-2.7519792948469046
17	60	-2.131837333324823
17	61	-2.0816609659777643
17	62	-0.17125518155712188
17	63	2.2223421496072104
17	64	0.13276113736423986
17	65	0.3508526529398256
17	66	-2.009397855728394
17	67	-0.8178414132004594
17	68	-2.616093447729491
17	69	1.1397614529369107
18	18	NaN
18	19	0.5297628173801686
18	20	0.6733835105098959
18	21	-2.410964750820109
18	22	-0.5098332786329538
18	23	-1.2118263600802408
18	24	-2.5691684420231993
18	25	2.9865905879460186
18	26	-0.7628221894256866
18	27	-2.7872441904577334
18	28	2.3391691075490515
18	29	2.8329989192947678
18	30	-3.298781836704348
18	31	-4.039686210213422
18	32	7.822624064213785
18	33	-2.5852235743856715
18	34	3.8500918796792694
18	35	-1.795018450436779
18	36	-1.3427727014636444
18	37	-3.351758829746137
18	38	-2.6516200150432594
18	39	0.8991311220406984
18	40	-0.5976138593957437
18	41	1.8470283340016997
18	42	2.960395870212733
18	43	3.079529384970435
18	44	-1.8701534791827246
18	45	1.9596011014235084
18	46	-0.9136628577276386
18	47	-2.1693837651984675
18	48	-0.29919873428858657
18	49	-0.4445710214240221
18	50	-3.3257955825851298
18	51	4.186602273195019
18	52	-0.4958743587023046
18	53	-3.2586420576095296
18	54	1.1373200667751815
18	55	-4.751936094227319
18	56	-1.6692191028788472
18	57	1.3889938461485394
18	58	4.198804871805944
18	59	-2.7264448189059745
18	60	-0.8157953297930799
18	61	4.2564100826627715
18	62	-2.6540489527921003
18	63	-0.8388871123181886
18	64	-3.4577939266754223
18	65	0.7908864839964339
18	66	1.99813159309243
18	67	-0.4677555393590473
18	68	1.802281419452712
18	69	-0.015716885612668728
19	19	NaN
19	20	0.4199370760473966
19	21	-1.2797371103631872
19	22	3.731509617563398
19	23	-0.10023412358227594
19	24	-0.8634098045472424
19	25	-1.3246706138037339
19	26	-1.1917539534098431
19	27	-0.9410344982605887
19	28	-0.625817433686803
19	29	1.2363724334581243
19	30	-4.12332708104199
19	31	-1.6911652128109933
19	32	2.9813412242537654
19	33	1.379695927683115
19	34	-1.6121506747417866
19	35	-1.9041052331556567
19	36	-2.5235316080400962
19	37	-2.8010361090344578
19	38	-2.5988450294713523
19	39	1.837033695644186
19	40	-0.8849458246637266
19	41	-0.9261447035562335
19	42	0.2001469738538757
19	43	1.4680097747094316
19	44	2.425457795751944
19	45	1.5810118377522586
19	46	1.4945363346092577
19	47	-0.35227753461628747
19	48	-3.227276184233979
19	49	-1.5312360449983742
19	50	-0.4355851073425299
19	51	3.271625156184243
19	52	-1.4632311287314137
19	53	-1.0687610026106928
19	54	-2.5921000912052006
19	55	-0.8118631128086238
19	56	-3.0008857810637295
19	57	0.7149674295564926
19	58	-1.5086683778529117
19	59	-4.030364281420917
19	60	1.998545959574359
19	61	3.2142174884072925
19	62	-1.0532579547700058
19	63	-2.0894642086583435
19	64	-1.527197782668002
19	65	-0.3238800427410153
19	66	-1.6979698707237678
19	67	0.4498637317078567
19	68	0.8131162749144271
19	69	40.36619590797918
20	20	NaN
20	21	-1.1232745488480043
20	22	-0.7248089047850785
20	23	-2.121859375393631
20	24	2.7043229115596077
20	25	-3.2247308216670327
20	26	-1.165614078852083
20	27	1.9178637490417203
20	28	0.23237378328060276
20	29	-3.456026931306736
20	30	-2.8255198383952087
20	31	-1.1097581208032674
20	32	-1.3601074058393434
20	33	0.9031376088414385
20	34	-3.0315681114030526
20	35	2.7753878276841637
20	36	0.020939755660418242
20	37	2.1962914252940786
20	38	2.4287557654365854
20	39	-2.7043278868260194
20	40	2.332699663552113
20	41	1.0605357256824925
20	42	0.6729450554616823
20	43	1.957470006134572
20	44	2.8835918247564423
20	45	-3.186610791498576
20	46	-2.0792251927592833
20	47	4.033048749762302
20	48	1.8588361855912485
20	49	-0.2037997203531806
20	50	-2.3826573060565255
20	51	0.05360474033195326
20	52	2.219608851902271
20	53	1.5693695714984646
20	54	-0.3384224956614046
20	55	2.444221354272982
20	56	1.577648241629071
20	57	-0.4104372257774086
20	58	-1.114249399219195
20	59	-1.4070970382519954
20	60	-2.945987048597878
20	61	-0.8007287535014822
20	62	-1.1371078399084606
20	63	2.5475141379174384
20	64	-2.0959369851868406
20	65	-0.5264748783755236
20	66	-2.338415340462197
20	67	-1.810182351143228
20	68	0.151127629701057
20	69	2.678678518219527
21	21	NaN
21	22	5.183202222714726
21	23	2.150389386527287
21	24	-2.8522509722454026
21	25	0.23099761815730177
21	26	-5.500194341307004
21	27	1.8004497049032266
21	28	2.2130955058952058
21	29	2.1405064650835164
21	30	-1.569057465111158
21	31	1.4310179453716505
21	32	1.7658222734032134
21	33	-2.2585480449171116
21	34	-1.6782562700386945
21	35	-3.6475982226317285
21	36	0.8436860488707464
21	37	2.7372302707978204
21	38	-1.9905146503563267
21	39	1.3304093851814132
21	40	-0.9112602687069248
21	41	-1.542616787548158
21	42	0.07927286411912567
21	43	-1.5377246236522861
21	44	1.3236808373319864
21	45	-0.7898243870118996
21	46	0.5908297841598182
21	47	-0.988069977486373
21	48	2.0923344287624976
21	49	-1.5072939373891916
21	50	0.6859091623019541
21	51	0.44481351856158535
21	52	-3.3464895141380504
21	53	-0.08270099206535937
21	54	2.3800680127605003
21	55	-0.8687729374300248
21	56	-3.941663783700381
21	57	1.0061465194681807
21	58	-0.5345658730165493
21	59	2.737917592981094
21	60	-3.4288686004586904
21	61	3.6928115858924935
21	62	2.2300294797815265
21	63	0.9625843555656196
21	64	-0.6500059344976837
21	65	2.6843727100841392
21	66	0.2144937067871326
21	67	2.3144547563875593
21	68	4.311687460137005
21	69	2.679648908084048
22	22	NaN
22	23	4.524876850419894
22	24	-0.24974755087272404
22	25	-0.24949725959630276
22	26	-2.9891765715801237
22	27	-0.23161337892774758
22	28	0.8139445154321903
22	29	0.9372188091084266
22	30	-3.2815646004166763
22	31	-0.40927049918564873
22	32	2.3327080573116747
22	33	-1.2838518374020396
22	34	0.8541380305198751
22	35	0.7929565409548143
22	36	0.4749606036647309
22	37	-0.9098123479366084
22	38	-1.2445285328624869
22	39	-0.2806329999885747
22	40	-2.2107707190010877
22	41	4.179146546940261
22	42	2.8784873006338403
22	43	2.470326929176005
22	44	-0.12924651621549688
22	45	-1.0682941072052834
22	46	1.2159931311739844
22	47	-2.5799806552377604
22	48	0.648703118711361
22	49	-0.9006983149602759
22	50	1.0102639372880895
22	51	-0.28302490501037786
22	52	1.8476535221576564
22	53	-1.4296049286291934
22	54	0.7512895187810916
22	55	0.5286577984356073
22	56	-3.7734277812428743
22	57	1.8129793395386238
22	58	-0.3962292612895202
22	59	-1.4342172824182071
22	60	-1.2638560346752903
22	61	-0.9981965822906377
22	62	-0.6824401989415092
22	63	-1.6186776235988691
22	64	0.9280296478769249
22	65	-0.48549495756411637
22	66	5.198369214470471
22	67	-2.3677542392657402
22	68	1.6273065408162637
22	69	-0.002828516209398179
23	23	NaN
23	24	-0.07814306208470208
23	25	-0.6937203961428146
23	26	-2.5970082292522645
23	27	4.551261576154649
23	28	-0.9179845100186634
23	29	0.41677977049079046
23	30	-2.3684920358768533
23	31	1.8462724101897814
23	32	0.4264027016217662
23	33	-1.4653761267529286
23	34	-0.2512907860774118
23	35	-3.203695274418946
23	36	-3.132691362138611
23	37	1.269618861963928
23	38	-1.78401927714495
23	39	2.338068350070541
23	40	-1.03705595535085
23	41	-4.248437703854306
23	42	3.065057395910434
23	43	-1.2138096712412454
23	44	-1.912983724726313
23	45	2.1954720222482074
23	46	3.088992734199791
23	47	-1.8768448311126167
23	48	0.8422153170176158
23	49	1.6306490579349726
23	50	2.07036683039808
23	51	-0.46491423318871006
23	52	-0.3042660869804126
23	53	-1.8241339220494783
23	54	-0.33281958412457346
23	55	-1.7758758991779757
23	56	1.4466999759525925
23	57	-3.0164475325932685
23	58	-1.7583210170758423
23	59	2.3754385404048906
23	60	2.292096908215144
23	61	-0.3986780404572823
23	62	0.7421799892666018
23	63	-1.1841177968132965
23	64	2.5122300635812533
23	65	1.7129076432461734
23	66	-1.8162474665781823
23	67	1.4887753976198
23	68	1.112377760693855
23	69	-1.0529093112324022
24	24	NaN
24	25	-0.8643527691518075
24	26	-3.7965964143875857
24	27	2.03393483656523
24	28	-0.8531276237486982
24	29	-3.472775795111425
24	30	-3.2117301394913627
24	31	-0.12563718938055546
24	32	-1.7947458634900058
24	33	2.0707458809107773
24	34	-0.8599535378790613
24	35	2.6304956988558037
24	36	-0.5073901081082739
24	37	2.895296853498703
24	38	2.4371739350262427
24	39	-0.3067514203701286
24	40	3.202230585184691
24	41	0.5664196564714892
24	42	-3.7845523097818847
24	43	-2.9316572668434704
24	44	0.9488882947812478
24	45	-1.1999272397240837
24	46	-0.5345350165103617
24	47	2.598798994336185
24	48	-2.2734964459599123
24	49	0.4431425733059917
24	50	-1.8378465352223277
24	51	0.9758023636606472
24	52	5.630665577602145
24	53	0.9322465589223506
24	54	-1.321151537276566
24	55	2.618023730068767
24	56	3.210463506630892
24	57	-0.01603068405608322
24	58	-1.5914070854886901
24	59	-1.9224249247750542
24	60	1.1188774634816185
24	61	-1.441042517438325
24	62	-2.066183730740156
24	63	2.2328908529274125
24	64	0.25807293669524534
24	65	-3.0426529921996197
24	66	2.4824707418232266
24	67	-1.228140707347137
24	68	-1.5466647375483855
24	69	0.043381982735630244
25	25	NaN
25	26	3.415714155912834
25	27	0.39533119221770946
25	28	0.8474281970286848
25	29	0.33542478045440755
25	30	0.4970723077987745
25	31	4.03301349990417
25	32	3.3507802902472887
25	33	-1.1569641403831086
25	34	0.7398112331109166
25	35	-2.214530719140486
25	36	-2.219788105550438
25	37	-0.9297150349421633
25	38	-1.0517102059746173
25	39	3.312995572106095
25	40	-3.60123134138601
25	41	-0.9598323661499223
25	42	-0.7648805338594318
25	43	2.5236058015419847
25	44	-2.652561044786531
25	45	-1.5775674747060646
25	46	1.8485924734162833
25	47	-2.064614180269664
25	48	1.9209116093646013
25	49	-0.40660132331981785
25	50	-0.5754595446274972
25	51	0.9441636346377799
25	52	-0.587265855255024
25	53	-3.7861175886317557
25	54	-0.12485064876232566
25	55	-2.1822872768237076
25	56	-3.196925534200737
25	57	1.1808691892345675
25	58	0.07580684828915464
25	59	-0.5615960015981205
25	60	6.154364726676288
25	61	0.6810263294160025
25	62	4.672206967117431
25	63	0.6481920229525387
25	64	1.584734838126024
25	65	1.7845766880107252
25	66	0.010388083710145315
25	67	-2.5849270460834872
25	68	0.6958467569172399
25	69	-1.5612496268831477
26	26	NaN
26	27	-4.548758529007036
26	28	-1.415639988358871
26	29	-1.3048221465518666
26	30	179.73324694057732
26	31	-2.5689529707418512
26	32	-1.829793980316543
26	33	-1.0906314610535897
26	34	-3.3633132909230525
26	35	-2.26282097286064
26	36	-2.1350518779672965
26	37	-3.370469841123563
26	38	-2.3911960598544066
26	39	-0.27535906558664897
26	40	-3.8803565391093557
26	41	-2.19669196873737
26	42	-0.5100000965717166
26	43	0.8780760808511798
26	44	-0.7914456555496373
26	45	-1.7315618278009852
26	46	-0.31044271750041874
26	47	-1.761368102069114
26	48	-2.8487167134213953
26	49	-2.4145266719764975
26	50	-2.0975846871489914
26	51	-2.5892847343247305
26	52	-2.5122521897701966
26	53	-3.883005041541232
26	54	-2.813809554638403
26	55	-2.7601591498113436
26	56	-0.7147312880627109
26	57	-2.6396301030926574
26	58	-3.9860369350631766
26	59	-3.438981533348503
26	60	1.5986452642182225
26	61	-2.526659312227747
26	62	-4.058234116379574
26	63	-3.560105973511501
26	64	-1.3799748868029689
26	65	-1.7695526968780753
26	66	1.0518827651958247
26	67	-4.376810791814023
26	68	-4.360561575357511
26	69	-2.007522582818011
27	27	NaN
27	28	1.5418972327819618
27	29	-0.3805140529886014
27	30	-1.864941056806655
27	31	-0.7263064888221991
27	32	-1.8126905520344294
27	33	0.7194352777866279
27	34	-1.011504526342418
27	35	4.881866205005215
27	36	-3.053322961429406
27	37	2.2406174969107977
27	38	-0.27636311631903593
27	39	0.019932113672959204
27	40	2.068715607293365
27	41	-1.1715768480437931
27	42	0.06669066400800153
27	43	-0.009653466857830462
27	44	0.25370093560951323
27	45	-0.29848749931294466
27	46	0.5516465282747719
27	47	1.8777205591873933
27	48	-0.6532648566214599
27	49	2.4737668193323463
27	50	-1.880458658410122
27	51	-2.5653230197088615
27	52	1.046058004072761
27	53	0.6557415152808175
27	54	2.4401351715290325
27	55	2.263697210670266
27	56	1.2694901718365545
27	57	-1.49553308938276
27	58	-3.944578826961107
27	59	2.040568318432629
27	60	-1.4241939088060276
27	61	-1.3178983831540978
27	62	-2.2375164756959744
27	63	-0.09215047297438293
27	64	-2.877907460386656
27	65	-2.66220618484972
27	66	0.17803589893300611
27	67	-1.730392727578834
27	68	-2.0304671581656923
27	69	0.811594661471661
28	28	NaN
28	29	-1.2354030699013732
28	30	-0.9390034684571726
28	31	2.432784818597962
28	32	0.6184415757909086
28	33	-0.33216186994378094
28	34	-0.26682079350139354
28	35	6.8051001762948475
28	36	-0.75133451766595
28	37	-0.26925061172795467
28	38	0.3153094574680372
28	39	0.8503334335424322
28	40	-0.39478850325543025
28	41	0.661507735360808
28	42	-0.5982924604227631
28	43	1.2797862311706991
28	44	3.1204622720195423
28	45	1.355627231310938
28	46	0.03684699209922597
28	47	-0.6646608369563015
28	48	-0.5727624500453865
28	49	-1.8589898561888563
28	50	2.3873489803355983
28	51	1.5195179036985211
28	52	-2.5810165946221404
28	53	-1.0868973253775072
28	54	-4.11043122807579
28	55	-0.44554656436620044
28	56	-1.5607254700165214
28	57	-1.44080840889293
28	58	3.0466166625407904
28	59	0.5656917448820378
28	60	-2.028442105677879
28	61	-2.075183149886662
28	62	1.5951370563573117
28	63	-3.4427408739182845
28	64	1.5615803692014856
28	65	0.37382700921716794
28	66	-1.8863445087427684
28	67	-1.6154603956044205
28	68	2.7455133214050838
28	69	0.1439250612887488
29	29	NaN
29	30	1.9160280476753733
29	31	7.266065946141362
29	32	1.6847045431274195
29	33	-1.4680864489229173
29	34	1.526870882276592
29	35	-2.7077981705203706
29	36	-0.7773770205097225
29	37	-2.687570909589866
29	38	-2.0142148841739
29	39	2.139383796440929
29	40	-1.89614337131505
29	41	-0.2259171852154314
29	42	1.5257294691468275
29	43	1.6353142808888033
29	44	-2.2654841144988382
29	45	3.284069963325102
29	46	2.519629286535197
29	47	-2.3283643246242973
29	48	0.3909305803785167
29	49	2.1358332954686152
29	50	-2.454159495719257
29	51	0.0797242229460476
29	52	0.14426723973528066
29	53	-2.9921149872449213
29	54	-3.839933133746709
29	55	-1.8945569446947697
29	56	-2.04130239817468
29	57	1.866349310464203
29	58	-1.40056509761211
29	59	1.1505943161416379
29	60	0.3542631898176786
29	61	2.232044438211437
29	62	0.1715780544830026
29	63	1.0661589419813489
29	64	-0.95468388339282
29	65	3.5144007843802734
29	66	2.6454622504076366
29	67	0.6194410064903961
29	68	0.09548041698968014
29	69	-3.301029123067247
30	30	NaN
30	31	-1.9978366151073756
30	32	-2.0491679384001937
30	33	-2.645578583195457
30	34	-6.525197470040865
30	35	-4.557174702755485
30	36	-4.9787702820041275
30	37	-4.015328672850856
30	38	-0.8293103788832595
30	39	-1.6422849638879333
30	40	-1.6093497075621055
30	41	-3.6682427535193933
30	42	-0.4131276527358999
30	43	-1.9534122710682633
30	44	-1.1946516944141028
30	45	0.7669570340184079
30	46	-1.6305915001526967
30	47	-3.535075335069297
30	48	-0.30107540341386196
30	49	-4.26107017740427
30	50	-2.740182728662865
30	51	2.450159057473978
30	52	-4.603419421593609
30	53	-4.813752659361516
30	54	-2.3637520210798333
30	55	-4.383078292214996
30	56	-1.6398078135527858
30	57	-1.3086255754229048
30	58	-3.0218514203143805
30	59	-1.4904402621054147
30	60	1.3372837127235806
30	61	-0.28389786898855096
30	62	-2.8491201009455875
30	63	-2.914655368099489
30	64	-3.1294965086003503
30	65	-3.446790529106601
30	66	-3.4355384654172365
30	67	0.15613906830345772
30	68	-1.5766961227277745
30	69	-4.234942788840849
31	31	NaN
31	32	1.36913149240001
31	33	0.11263862459541585
31	34	2.582080609636618
31	35	-1.2594450660157561
31	36	0.44311701834448725
31	37	-2.5843808673940543
31	38	-2.0117627473324955
31	39	-0.6330120384229819
31	40	-2.1747802756003325
31	41	3.4348864077555694
31	42	1.5876699254425295
31	43	0.7910542077035334
31	44	1.186340938552491
31	45	-1.240779492499486
31	46	-0.3601080073728908
31	47	-1.5451843473496714
31	48	4.4164377020824315
31	49	-1.975623502586599
31	50	2.997702060734387
31	51	1.3859994388951256
31	52	-2.1934148337286445
31	53	-0.9822181485385215
31	54	-2.9123859192623867
31	55	-0.9236784318375031
31	56	0.31537543055363315
31	57	1.0713321104936913
31	58	-1.8127001044719295
31	59	-0.4753202764194891
31	60	2.3585149177535527
31	61	2.349216141303132
31	62	0.9493593076578803
31	63	-1.2386388785660716
31	64	2.219878606090872
31	65	-2.4746436639179015
31	66	-2.371495086609085
31	67	0.9858323085666975
31	68	0.7312415804040422
31	69	0.05073215820552725
32	32	NaN
32	33	-1.2742928502961994
32	34	2.030327759585253
32	35	-3.00361632237594
32	36	0.5226754008727502
32	37	-2.240780589048312
32	38	-1.2067820847231134
32	39	1.4611579438485722
32	40	-3.2199900909221104
32	41	1.7615604975795836
32	42	2.9774159467015675
32	43	1.0746993248081913
32	44	-0.2821030763839409
32	45	2.049881981239382
32	46	0.8377389763451848
32	47	0.28634578550483303
32	48	-0.3583300990447319
32	49	0.7639765787877735
32	50	-1.1772886240125904
32	51	1.8883920250847064
32	52	-2.3555543879735747
32	53	-1.9930918595104674
32	54	-1.6854654046473698
32	55	-1.9660629275207469
32	56	-1.6038204293403535
32	57	0.5341228738277078
32	58	4.213360079944491
32	59	2.2875021331341236
32	60	1.1428683102457633
32	61	-0.7545816902119163
32	62	2.7723793008239133
32	63	0.022507211285073072
32	64	3.2020128413823676
32	65	-0.4883754942813243
32	66	0.9474103652242035
32	67	1.206183510584555
32	68	-0.3354678106878458
32	69	-1.2499258481342737
33	33	NaN
33	34	-0.9942180948794721
33	35	1.2346764685306317
33	36	-2.0276020885336634
33	37	0.4172059735832087
33	38	-0.8290040862567383
33	39	0.9968200338787201
33	40	2.7201518813268186
33	41	0.809649603469104
33	42	-3.700883075830654
33	43	-1.0481926552599647
33	44	1.7426988045645357
33	45	-1.2074599428298083
33	46	-0.08430896138879908
33	47	1.5772223671147154
33	48	-2.767744453286872
33	49	-0.7151153558547307
33	50	1.7525245938964764
33	51	-1.8934530573500274
33	52	1.3025650610177626
33	53	-0.9923142016639415
33	54	1.3184391796030388
33	55	2.177368108291212
33	56	0.07575524463758074
33	57	-0.44978843730082524
33	58	-1.180942984062047
33	59	1.1591415083242096
33	60	0.7283375959969235
33	61	0.1208570885520107
33	62	2.1254196662690084
33	63	-0.01141716308998645
33	64	-1.0090645092167292
33	65	1.921700840369494
33	66	-1.8945020709109224
33	67	-2.155755696953403
33	68	-0.11280028222645226
33	69	-0.7739511310458889
34	34	NaN
34	35	1.3240286366082927
34	36	3.7364813419134797
34	37	0.1268903460967682
34	38	-2.153900958598066
34	39	1.6776159874277947
34	40	-0.667468017314062
34	41	-0.5770276847022952
34	42	2.6726118872788964
34	43	1.690667401181311
34	44	-1.674019508276533
34	45	-4.2200827769774465
34	46	-1.0846261178564898
34	47	-1.794607470642458
34	48	-1.8023452156271478
34	49	-0.3705393733686792
34	50	-0.3080893272300427
34	51	-2.1017939017140685
34	52	-4.1993741948941885
34	53	-1.3076571960130285
34	54	0.3230280788412605
34	55	0.16278331377076374
34	56	-0.03879034418402533
34	57	0.7067273733228403
34	58	-2.4978275250212163
34	59	0.2557303671459363
34	60	-2.6299507736623764
34	61	3.8153642272386366
34	62	0.9594332162052157
34	63	-1.9659409842114788
34	64	1.2565637899050912
34	65	0.6834698916862478
34	66	3.013103361467475
34	67	2.1468534996926243
34	68	2.9551894119225603
34	69	-0.3774148236970477
35	35	NaN
35	36	-0.14786686388131823
35	37	1.5998493368925866
35	38	1.2067980355650734
35	39	0.7543362412291956
35	40	0.48370068107717185
35	41	-0.42783774036101824
35	42	0.23533730433142186
35	43	-2.3106445410306415
35	44	-0.1066348355015367
35	45	-0.3552149609523873
35	46	-2.0036094597508884
35	47	2.8648302499620644
35	48	-1.6511282250335095
35	49	0.43710922762044635
35	50	1.5287691576050868
35	51	-0.8581950324527648
35	52	2.4844114465488127
35	53	0.9470421690071866
35	54	0.8262753660471297
35	55	1.9272318552628362
35	56	0.5269747822414624
35	57	-1.0781734662558249
35	58	-2.7962865432295927
35	59	-1.1550920383527454
35	60	2.9270506162472505
35	61	-0.1980290758793915
35	62	-3.331164507653981
35	63	1.9945759169492947
35	64	-2.926801238094392
35	65	-0.7195268868115995
35	66	-0.12985190942509542
35	67	-0.6733175904813502
35	68	-2.316963333234858
35	69	-0.6265004637694324
36	36	NaN
36	37	-0.7313709856952663
36	38	-1.2983785061761803
36	39	-5.342019214621323
36	40	-3.0618877892623346
36	41	-4.001890711878531
36	42	0.5842047040777157
36	43	-0.46009007139188496
36	44	-2.619087350849314
36	45	-5.694060492204336
36	46	0.1892627881247869
36	47	-0.6106595490487581
36	48	1.9074839007493107
36	49	-3.436399145810025
36	50	0.19164472325371018
36	51	-3.4113188091237143
36	52	-2.658856433751196
36	53	-3.3234854378501026
36	54	0.7974981021009435
36	55	-2.1845837882960306
36	56	-0.3561659929508569
36	57	-3.5125945686558855
36	58	-0.05404939374341111
36	59	-1.0805690537268473
36	60	-1.9293014403992317
36	61	-3.459429780084193
36	62	-2.2886351902865125
36	63	-1.4840795630141999
36	64	-0.4999999038287747
36	65	-1.164273679575937
36	66	-0.059082837220064306
36	67	-3.273031541960582
36	68	-4.420155646395232
36	69	-2.35884054120553
37	37	NaN
37	38	0.4608738922642844
37	39	-0.6239916668549659
37	40	3.653563263785547
37	41	-1.1934352429727535
37	42	-1.9098362529234072
37	43	-2.528081501629695
37	44	1.302002266889003
37	45	-1.0027328080889693
37	46	-1.6838582171470853
37	47	3.6719034820590477
37	48	-2.050295734831056
37	49	0.13920820056564612
37	50	-1.5296305796337029
37	51	-1.5345975900381643
37	52	0.49942648715103427
37	53	2.662546702777097
37	54	0.7778025715547895
37	55	1.8421165977545584
37	56	2.5784434959747697
37	57	0.37811254707146286
37	58	-1.692857579930269
37	59	-1.7652126880680044
37	60	-0.8720702089110121
37	61	-0.7174506095934545
37	62	-2.782278539752805
37	63	1.5381018192489908
37	64	-3.735893389680819
37	65	-2.519274150250754
37	66	-2.2246653137327588
37	67	-0.1818706221969989
37	68	-1.3776626128241911
37	69	1.6182493838248717
38	38	NaN
38	39	1.5111367777974138
38	40	3.5407781575297506
38	41	1.3417462243787406
38	42	2.1425002001187448
38	43	4.429164684953375
38	44	0.3520792697418403
38	45	2.3051939337532867
38	46	-0.19192143556127048
38	47	2.4159049242247765
38	48	0.5361505670726855
38	49	3.0204881129692382
38	50	-2.8927969302425125
38	51	-3.1505906126165546
38	52	1.309130739857601
38	53	-0.26684277387198607
38	54	2.147539205838489
38	55	2.595499183363514
38	56	3.0637679370397417
38	57	-0.7176525345717147
38	58	-1.441605786406532
38	59	-1.7205806909117425
38	60	0.4767230474626599
38	61	-1.3004750538341967
38	62	-2.4565386086171883
38	63	2.241196674416574
38	64	-0.6230451244013174
38	65	-2.1942817589473993
38	66	0.10037890605925523
38	67	-1.9486144199997824
38	68	-0.8150187180485172
38	69	-0.9852561691594175
39	39	NaN
39	40	2.689609287648871
39	41	-1.5737630079152405
39	42	1.701009775120141
39	43	4.980219729088167
39	44	-3.374143135671206
39	45	3.690421532161211
39	46	-1.2490781190265132
39	47	-1.1915243610459085
39	48	1.4024226859283815
39	49	-0.2604765307447268
39	50	2.578855123043523
39	51	0.18875921039186327
39	52	0.3685375805606033
39	53	1.33538025065516
39	54	-1.3004683001260307
39	55	-0.6139034818299653
39	56	-1.665910805950053
39	57	-0.4560435437348309
39	58	1.672832777881238
39	59	1.3154551454047194
39	60	4.163909331040741
39	61	0.041258695045279625
39	62	-2.31933275420625
39	63	3.2713622265119424
39	64	0.5612950536638995
39	65	0.6839122609121401
39	66	-2.1094763300135684
39	67	-0.9230466790886245
39	68	1.3238754288539007
39	69	-0.12205902510299738
40	40	NaN
40	41	-0.7075202217157742
40	42	0.8662967214162146
40	43	-0.5272090729288772
40	44	2.8949680020019755
40	45	-2.7696494996288687
40	46	-2.7965500063099933
40	47	3.067314102785049
40	48	-1.0384689682986292
40	49	1.379984478058807
40	50	-2.538583553577086
40	51	-1.8651463960478154
40	52	2.68833887705311
40	53	1.5186480860632345
40	54	-0.0020741724033792844
40	55	2.7824272335536424
40	56	2.5563078354075683
40	57	0.39500055603225026
40	58	-2.972977384741339
40	59	-0.1228620105918944
40	60	-1.6028545211709775
40	61	-1.9081416511363953
40	62	-2.4809995883886855
40	63	0.048260377159766596
40	64	0.595898242766061
40	65	-1.1134210536375946
40	66	-1.2098095651068903
40	67	-1.1173892130686234
40	68	-4.155173197332367
40	69	-0.08818133015388353
41	41	NaN
41	42	2.287268281326056
41	43	3.2279925479213176
41	44	-1.2816249902257792
41	45	0.6768687235592504
41	46	2.284734498684548
41	47	-2.421606013340446
41	48	-1.4672359672485502
41	49	-0.041726734280847326
41	50	1.0971112977864215
41	51	1.275486509588426
41	52	-0.08971468407422331
41	53	-1.3886539959096178
41	54	-4.25980115273314
41	55	-0.23443013243487787
41	56	1.2924660369855878
41	57	-3.8641469279099585
41	58	1.2136978610674134
41	59	3.4436233044009965
41	60	0.6330603935464498
41	61	-1.4897703885126208
41	62	2.502426020201855
41	63	0.005090708684990069
41	64	0.36134334644573424
41	65	-1.2759382324386592
41	66	-1.671369578123489
41	67	-0.05040109972168506
41	68	4.414810249427711
41	69	-2.084829871481102
42	42	NaN
42	43	4.353807969890245
42	44	-0.47509434333701
42	45	0.8415926268905966
42	46	-1.2375198244466823
42	47	-2.551925559954314
42	48	1.8319087192166776
42	49	1.0869343553782278
42	50	2.2222593971158897
42	51	0.04697513370778515
42	52	0.16746038930111018
42	53	-1.774578056721083
42	54	-0.23954706772445825
42	55	-2.124267762259931
42	56	-2.4005368321787697
42	57	-1.8351353933815682
42	58	0.7310047498050363
42	59	0.6070721579206817
42	60	-1.3479128851096556
42	61	1.6445457905383585
42	62	-0.018550110870018777
42	63	-1.9266903678558727
42	64	1.1002539858507772
42	65	0.45732063194218303
42	66	1.7051944375425208
42	67	1.0296642910653953
42	68	-4.367269713481492
42	69	-4.511735723412833
43	43	NaN
43	44	-0.6692486739183571
43	45	1.4437579045607338
43	46	2.6134008188932283
43	47	-1.7135669924249726
43	48	1.3861055183129918
43	49	0.13799388023264197
43	50	1.9063909467041695
43	51	-0.9016901665322181
43	52	0.021577992055290783
43	53	-3.127694881261128
43	54	2.240104871786152
43	55	1.139399250955266
43	56	-1.0795016830055442
43	57	-1.4913936289319254
43	58	-2.1246575632839013
43	59	2.0743742659571613
43	60	2.972711539066137
43	61	-1.0651826963952902
43	62	0.013844259966378418
43	63	-3.9080934467761037
43	64	-3.061629373890541
43	65	0.5603551065419791
43	66	0.818065282664834
43	67	-0.8911989838754498
43	68	-1.2084032115454548
43	69	-2.8006027782766814
44	44	NaN
44	45	3.0347663055911975
44	46	-1.4821821057853264
44	47	1.133227818807574
44	48	-0.7907916557164077
44	49	5.6671362038655415
44	50	3.216701329138854
44	51	0.5596612108034786
44	52	-1.323270876761339
44	53	2.3860086399462705
44	54	0.9854491381927241
44	55	1.1595054299427274
44	56	-0.3678370106648086
44	57	-0.9006037794545001
44	58	-2.9879120772343524
44	59	-2.369067666254039
44	60	-0.03611300485124122
44	61	-2.1205577318242934
44	62	0.9638176316078878
44	63	0.3645779719211963
44	64	0.9439412678197433
44	65	0.04404655834169507
44	66	-3.48030470578894
44	67	-0.4330256439282606
44	68	0.9469739708803362
44	69	-0.9597825468503567
45	45	NaN
45	46	3.306679637046577
45	47	-0.6023798801654191
45	48	1.921645276711913
45	49	-4.211833836157994
45	50	4.358801510048068
45	51	1.1358029384163817
45	52	-1.2208051390597847
45	53	-4.152241554929182
45	54	-2.198479241738994
45	55	-4.6117324185604405
45	56	-1.4054029645313957
45	57	2.1069436855071744
45	58	0.6296708992861128
45	59	1.1412882199601988
45	60	-1.496803275426325
45	61	4.375370301834247
45	62	-2.163345623816732
45	63	-1.3313374961967461
45	64	-3.044766806745957
45	65	1.626625348175853
45	66	4.115939947369226
45	67	-1.1115813707725204
45	68	2.873235769778611
45	69	-0.8444704545071484
46	46	NaN
46	47	-2.6995873969641124
46	48	1.4989508875945068
46	49	-3.8202380024541536
46	50	-1.2376157891440218
46	51	1.948006817813271
46	52	-0.19102061073950838
46	53	-1.8769513172115697
46	54	-0.8793563005671177
46	55	-0.5633168440351646
46	56	0.43925757159944767
46	57	-2.9476376827176773
46	58	-2.240172831585689
46	59	1.8999066715589017
46	60	2.4282172710627936
46	61	0.11056725373952261
46	62	-1.922426337428376
46	63	-1.2368892862999668
46	64	-1.4341368685865243
46	65	3.1383857430531656
46	66	5.353213390725592
46	67	0.46712170270822506
46	68	2.063796400754332
46	69	-0.867303697193384
47	47	NaN
47	48	-1.1137669119575517
47	49	0.24956123669356858
47	50	-0.21707363418041803
47	51	-1.7668403719363794
47	52	2.5697517645232453
47	53	3.5781726715872346
47	54	-1.3463781507640837
47	55	2.836826104924149
47	56	3.2927421221920747
47	57	-0.38812138597337426
47	58	0.5567260598283704
47	59	-1.535056251888092
47	60	-0.21164222137373648
47	61	-0.42517655294319256
47	62	-1.5873716357416014
47	63	2.0008804827852686
47	64	-1.3280186986902582
47	65	-0.5841579838268164
47	66	-1.9275930085638848
47	67	-0.5119904174859183
47	68	-1.533504110816583
47	69	1.1035117820966467
48	48	NaN
48	49	0.9121747754855835
48	50	2.9085795310828937
48	51	-0.4277131602774609
48	52	-1.7384566970322117
48	53	-2.749601067100158
48	54	0.17331700892502577
48	55	-1.0366031148703274
48	56	-2.2835749182130445
48	57	-0.27320366240756355
48	58	-0.9844144511608116
48	59	1.1295621587581313
48	60	0.1951942532494251
48	61	1.6058536270312456
48	62	3.1429771720173862
48	63	0.1635018091658685
48	64	1.474588959704602
48	65	0.3770848090576567
48	66	3.760394848359166
48	67	-2.189556434175808
48	68	-2.006765953723694
48	69	1.1640472898320475
49	49	NaN
49	50	0.3412759801405397
49	51	0.03770934888986824
49	52	3.377173883428326
49	53	2.896637592352784
49	54	4.6583755837229255
49	55	2.1932188299292728
49	56	2.2521776533020463
49	57	1.2087409876733284
49	58	-0.9594811496476184
49	59	-0.21117180394623694
49	60	0.24194517601027496
49	61	0.46028240883305593
49	62	-0.20258250906526382
49	63	0.6416889940667528
49	64	-0.7895614460181698
49	65	-0.7210444360910688
49	66	-4.721939266751507
49	67	-3.96600512680896
49	68	-0.29799738498908634
49	69	-0.2372478199505625
50	50	NaN
50	51	-0.07424204621165995
50	52	-0.497189402704117
50	53	-1.846693886359965
50	54	1.0243564351767358
50	55	-1.465021128821427
50	56	-1.6247553046542453
50	57	-1.2204949432979084
50	58	3.580426150401172
50	59	3.146585319534717
50	60	0.3804932936422945
50	61	-1.4764736680636823
50	62	-0.6229418490244085
50	63	2.9356077395801923
50	64	-0.22192386201699496
50	65	1.589285845506396
50	66	-0.15746759871899765
50	67	0.9366319151893648
50	68	1.0527927789808864
50	69	1.1476163812869933
51	51	NaN
51	52	-0.7909665231099535
51	53	-2.6766463823257096
51	54	-2.3569204693651336
51	55	-2.843130382066398
51	56	-0.7126563464299778
51	57	0.9596156232562112
51	58	2.3955776750191755
51	59	-0.3895813910056546
51	60	1.7425820199316262
51	61	1.8888287541409499
51	62	2.1060091354479384
51	63	-1.3372093351223464
51	64	-2.4105005541040896
51	65	-2.2112478565176654
51	66	1.2704290687954956
51	67	22.716732841655677
51	68	0.3325631201269657
51	69	-1.4544539706567692
52	52	NaN
52	53	1.4354028313684186
52	54	0.26350224840414244
52	55	4.9735245333584475
52	56	1.4293475813176488
52	57	-0.5257350590106148
52	58	-2.0383640972040187
52	59	-1.923478975849911
52	60	-3.258293200811448
52	61	-0.17089580221400397
52	62	-0.06318864897495759
52	63	2.1456218171957517
52	64	-1.0760169603318266
52	65	-3.303711045929727
52	66	-1.2236252748004401
52	67	0.14158135774035585
52	68	-0.7522434127409509
52	69	-1.0645696436646164
53	53	NaN
53	54	1.6116305382911005
53	55	0.9066976310716668
53	56	2.0575454410975196
53	57	-0.4834138167396131
53	58	-4.529602836039473
53	59	-3.063147947440277
53	60	-3.089925403635469
53	61	-2.7055472843240227
53	62	-1.2558395268007931
53	63	-0.8599884480406891
53	64	-2.410022248891919
53	65	-3.21116558390907
53	66	-0.8065951149335803
53	67	-1.8247932037291628
53	68	6.791032765798428
53	69	2.9601978367330806
54	54	NaN
54	55	1.7904089696132108
54	56	2.580445715497416
54	57	-0.7149086142433507
54	58	-0.6908425521544577
54	59	-3.3664612863998857
54	60	0.655265666283167
54	61	1.2637059841746134
54	62	-3.0217035392309084
54	63	0.4632426837765988
54	64	-1.0084703986938888
54	65	0.3582312830626087
54	66	-2.0997426882344667
54	67	14.198970922673787
54	68	-0.39649938397704054
54	69	-0.2624316119360153
55	55	NaN
55	56	4.283599776709031
55	57	0.942048592278746
55	58	-2.859752878792077
55	59	-0.16350394190593676
55	60	-3.388546375529033
55	61	-3.4238718702244584
55	62	-1.5170811542859104
55	63	1.0983498878910858
55	64	-0.8719314977301503
55	65	-0.8259358731317528
55	66	0.442438176379778
55	67	0.14000271858725324
55	68	-1.7505095573971408
55	69	-0.41355029097769774
56	56	NaN
56	57	1.4982459124291236
56	58	-3.6607137294179215
56	59	-1.8420157581626655
56	60	0.027386133770750675
56	61	-0.17281920327474004
56	62	-2.1890424835631737
56	63	3.504095100731536
56	64	-0.807279213360223
56	65	2.548131597928469
56	66	1.2119342160576563
56	67	-1.9225685674181874
56	68	-0.15151310700819945
56	69	0.061444118975193356
57	57	NaN
57	58	0.05677069411463813
57	59	-1.125359256859002
57	60	-1.3701506085792707
57	61	-0.783868245102124
57	62	-1.7417276159620307
57	63	0.11690713940763214
57	64	17.279196108794345
57	65	0.10117578027618
57	66	-1.5199405095478427
57	67	0.15877266179621116
57	68	-0.5962960942270702
57	69	-0.8007426128948257
58	58	NaN
58	59	3.8348655537043816
58	60	0.7870397278520995
58	61	0.6765647647857932
58	62	42.99029178530368
58	63	2.705341526350595
58	64	-1.0156088430523738
58	65	2.717361236897807
58	66	0.5689182793952983
58	67	1.2469552566545306
58	68	-0.43346383617466133
58	69	-3.479151539274479
59	59	NaN
59	60	2.7984783824264508
59	61	2.8976885743247043
59	62	1.43846888256802
59	63	-2.67546619880631
59	64	20.951758483920546
59	65	0.9115861543695225
59	66	-1.0894111228936134
59	67	-1.5125427878198643
59	68	-1.0266261817894624
59	69	-2.6475036759321005
60	60	NaN
60	61	3.9209405678452756
60	62	1.371428374733821
60	63	-0.9870388328223207
60	64	3.6952589317992377
60	65	2.1776195400658556
60	66	-1.5110107088373448
60	67	-3.3616154395513607
60	68	2.33600705708431
60	69	-1.4002986495671865
61	61	NaN
61	62	2.88513858376615
61	63	-0.1661345259042933
61	64	2.3817202276473464
61	65	-0.4971701296861231
61	66	-0.45976475581314424
61	67	-0.21884095786518967
61	68	-2.7141760560091117
61	69	-3.776742759812431
62	62	NaN
62	63	-0.13356219748240752
62	64	0.24965588767833624
62	65	0.9546176459056697
62	66	-1.2487943446047491
62	67	-1.1067923189103628
62	68	-0.34049640274155435
62	69	-4.093243622844962
63	63	NaN
63	64	3.330210341351676
63	65	2.085380430588672
63	66	-0.7117859185637013
63	67	-0.8591058082046278
63	68	-0.25207017663541625
63	69	-2.8184126534733496
64	64	NaN
64	65	-0.265693955223633
64	66	0.09139411985753834
64	67	-2.1830375921671843
64	68	-2.944481383369448
64	69	0.035813315779229284
65	65	NaN
65	66	2.4144088218351087
65	67	3.9158907329879806
65	68	0.45314550998283265
65	69	2.4771933502285557
66	66	NaN
66	67	4.37145164575526
66	68	5.275710662555855
66	69	-2.0236682289233556
67	67	NaN
67	68	4.356624014451673
67	69	-0.4570847304567872
68	68	NaN
68	69	0.13903937690858004
69	69	NaN
