1	1	NaN
1	2	-0.015929924680549927
1	3	-1.1632659731909218
1	4	-1.7278238452284627
1	5	0.4112620842519302
1	6	1.93959458440138
1	7	1.4388143847292285
1	8	2.807811772126821
1	9	0.415016817394782
1	10	1.8225315317949902
1	11	-2.5143447951761666
1	12	-1.5702519003568645
1	13	0.17899178764928225
1	14	0.09474248382876424
1	15	-0.36402243458316363
1	16	-2.8301561723580755
1	17	-1.0008974277921843
1	18	1.8606780794809248
1	19	-0.31457203768284475
1	20	1.0094743846202794
1	21	-3.17791347237067
1	22	-1.058221816003401
1	23	-0.40580916809442097
1	24	3.338255886899415
1	25	-2.581549500617512
1	26	-2.6200593360356046
1	27	-0.35994801506240737
1	28	-0.717402858536951
1	29	0.38408698816419257
1	30	-3.0464869981175187
1	31	-0.4537656785647819
1	32	-1.3496768019756695
1	33	-2.4655399364246735
1	34	-1.1345751977372154
1	35	1.0957018970387544
1	36	-0.44488647965589434
1	37	1.3540582169506528
1	38	2.7025920404483865
1	39	-2.2217647118814203
1	40	-0.45682013197340693
1	41	-2.180448059382975
1	42	-2.312641169732419
1	43	-2.210412407276239
1	44	-1.02180255576846
1	45	-0.37221021330654586
1	46	0.16927306240521522
1	47	-0.7311310438751979
1	48	0.29116322954636636
1	49	0.7118339342917231
1	50	2.47821226226041
1	51	-0.5633900094448981
1	52	2.6786944467101983
1	53	0.09612409958093875
1	54	1.8803775075880276
1	55	0.9134555518389182
1	56	0.5189495866654307
1	57	0.35924063960059
1	58	3.5094703007927577
1	59	-1.2097160764175867
1	60	0.9274886310738644
1	61	1.2175409842138456
1	62	-0.2740452059527417
1	63	1.164259444589022
1	64	-1.5966220878138584
1	65	2.368157237477957
1	66	0.5961669160028295
1	67	-0.6322125258807877
1	68	2.4046275685631637
1	69	-1.0153296242350067
2	2	NaN
2	3	2.1378861850914213
2	4	2.034318440938331
2	5	3.4240908575575064
2	6	-0.43413110282469236
2	7	-0.23971089398215542
2	8	0.5140543003768078
2	9	3.08105488157841
2	10	-2.108752810581454
2	11	-0.733855422180462
2	12	-1.9916946914762264
2	13	-0.8101580790445805
2	14	-1.69477480059742
2	15	2.10160244172434
2	16	3.129488531889472
2	17	-2.6628702784220386
2	18	4.631300097090987
2	19	1.3210677384156235
2	20	-2.7339188259671476
2	21	2.0925029427000563
2	22	0.6805958927751754
2	23	0.5836603575460121
2	24	0.6325080325564539
2	25	-3.2431151007303534
2	26	-1.3320392250812474
2	27	0.840914253963523
2	28	1.8858944644785858
2	29	-3.1752961873071044
2	30	-0.5300559270022642
2	31	-1.6494319934840342
2	32	-1.814102445783366
2	33	3.2556781580998244
2	34	0.08690351971453647
2	35	-2.178759240885694
2	36	1.1180901093721216
2	37	-4.195763015265014
2	38	-2.1012846015933055
2	39	0.6804173718480636
2	40	-0.9741921502868262
2	41	-1.1743290457695794
2	42	5.558010053578155
2	43	0.6031135627318324
2	44	1.3845242797591515
2	45	0.5816199731255147
2	46	-0.8860265955637664
2	47	-2.416335108272355
2	48	2.1706776521317592
2	49	1.2511120425033337
2	50	3.749313532447682
2	51	-2.061952342049454
2	52	-1.520927508820275
2	53	-2.095833393164256
2	54	3.063497308678418
2	55	-3.0034002930828194
2	56	-3.390708362242049
2	57	0.8351149179064303
2	58	-2.2496277221339485
2	59	1.8083441147972608
2	60	0.8804985025886046
2	61	0.8253905659671391
2	62	-3.033827174284031
2	63	-0.9374536395466568
2	64	-0.6880123890023426
2	65	0.0072438357302357335
2	66	1.4254184491505895
2	67	0.9510464165908054
2	68	1.4555527020847792
2	69	-2.9214987035032234
3	3	NaN
3	4	0.44657528558437526
3	5	1.7749804635522053
3	6	-1.4159288767713096
3	7	-0.5772180682394971
3	8	-0.10622341709342988
3	9	-2.1503722073197697
3	10	-0.32502692566276087
3	11	2.008360507598325
3	12	-3.9963441205886525
3	13	0.6928784560977145
3	14	0.18621068046799147
3	15	-1.3247170214825954
3	16	-1.2676117431883485
3	17	-0.5582179499239079
3	18	-2.980134987869674
3	19	0.7025217986065749
3	20	-1.4361255014435543
3	21	3.4652065688884894
3	22	2.779720254270623
3	23	1.9984909343623267
3	24	-1.1312790626440765
3	25	2.0462571846783764
3	26	-1.9569381267805717
3	27	-2.30073623201462
3	28	2.356920217536779
3	29	-1.0888914645918075
3	30	0.32207196203088223
3	31	0.6957603074048063
3	32	-0.6035772976689089
3	33	-2.5950056968227617
3	34	2.4762750853100233
3	35	-0.9304874881531743
3	36	2.2908716474948263
3	37	-0.08698414464441434
3	38	0.07729213705324958
3	39	1.9986275212112297
3	40	-0.3020777730442759
3	41	2.460693630270436
3	42	1.1774570484483065
3	43	0.16801314058549735
3	44	-1.674440655347699
3	45	0.918502463481928
3	46	0.9323590911235654
3	47	-0.1533870749267257
3	48	-0.813262716187161
3	49	-1.7623685201941337
3	50	-0.6389501846585097
3	51	-0.42735039370441363
3	52	-2.0702514220063843
3	53	-1.4688672053076688
3	54	-0.9300999682128599
3	55	-0.2625416966397946
3	56	0.9567899405785347
3	57	-1.5487006111311346
3	58	0.8662288873114216
3	59	2.2856387147533415
3	60	3.622576708425038
3	61	3.1430418215623517
3	62	-0.3159279603477478
3	63	-0.8672419342713898
3	64	0.7792448681882045
3	65	-2.6374132727828803
3	66	-4.644241005631111
3	67	0.2087519766854842
3	68	-0.1888759767557
3	69	4.971331086289623
4	4	NaN
4	5	0.2575885468966845
4	6	-0.31373516052685085
4	7	-0.7317492563919568
4	8	-0.46919101215516146
4	9	-1.2716270849271243
4	10	-0.3062702804057826
4	11	1.195753793587328
4	12	-3.1645177629949277
4	13	-1.815260746149726
4	14	-3.5463383124146524
4	15	-1.1247807348832226
4	16	0.024322015584166773
4	17	-2.1870961122826174
4	18	-1.6173718303601474
4	19	-0.8945156665851595
4	20	0.16258743349435048
4	21	-0.6668439861657562
4	22	0.07300641626716209
4	23	-1.0807280141978122
4	24	0.6423426170610089
4	25	-0.6743709217469026
4	26	-0.4321713413239258
4	27	-1.2622031969117502
4	28	-2.6971276456636657
4	29	-1.1574495616629212
4	30	-3.116624485893539
4	31	-1.1463439192159472
4	32	1.9132153754693417
4	33	12.47336096452099
4	34	-0.36563723232701045
4	35	-0.40084842069159293
4	36	-1.155899208846477
4	37	-1.3513819998977827
4	38	-0.48015094787831814
4	39	-5.249492455942167
4	40	-0.8403312930802361
4	41	-0.7325021568532795
4	42	-0.6994558125909748
4	43	-2.219945626711895
4	44	-2.1364452240339378
4	45	-1.5799839148900832
4	46	2.7973343223635583
4	47	-0.8675989650145531
4	48	-0.1913416238769174
4	49	-0.9975855949217808
4	50	2.3393497027342973
4	51	0.2742356046827543
4	52	0.5569847648639167
4	53	-0.465203097921969
4	54	-1.2993359451460849
4	55	-3.234911673063076
4	56	-1.7761753617555054
4	57	14.150236197752633
4	58	-2.249606729999817
4	59	19.742440251512807
4	60	2.5665953705425384
4	61	-2.2533462547454786
4	62	-1.3269702906793739
4	63	-2.4077614763464292
4	64	-1.3892424391121327
4	65	-1.26768576203016
4	66	-1.059802060949375
4	67	3.589087328774405
4	68	-1.47881866665238
4	69	-0.1707556168214384
5	5	NaN
5	6	-2.0024161457117784
5	7	0.1708453697299461
5	8	-1.3735510370398316
5	9	-3.625532138559598
5	10	0.004226291617076819
5	11	-2.4728278817032456
5	12	-1.2610739114668812
5	13	-5.877351783685045
5	14	-2.649332427370717
5	15	-0.47501272255548904
5	16	-2.6367982883426238
5	17	0.244665695765006
5	18	-0.2140656118512635
5	19	-1.010114088023119
5	20	2.879488389406983
5	21	-2.770580716432997
5	22	0.08508567399954572
5	23	-4.5856568182608
5	24	-0.3224752787130875
5	25	-1.711143926920238
5	26	-4.607894013145942
5	27	-0.8699383956397254
5	28	0.5436522125209713
5	29	-0.8421896639523947
5	30	3.1183568387117453
5	31	-0.45048220212500856
5	32	-0.09959147918647697
5	33	-0.775086577463431
5	34	37.55422681863471
5	35	-2.593694353607972
5	36	55.66000242582786
5	37	-1.1282745663493983
5	38	-1.0426977821153633
5	39	0.23249209247170885
5	40	-3.088123960684653
5	41	-2.177224046495791
5	42	-2.311350372423196
5	43	1.9478649623720612
5	44	-3.069309535280327
5	45	2.154117437345409
5	46	-4.736225359375505
5	47	0.30654862454240067
5	48	0.8815200156437784
5	49	-4.573824432581451
5	50	-2.965185310640349
5	51	-4.510484439434667
5	52	-1.621526095744344
5	53	-4.10981925531954
5	54	-3.055448274115533
5	55	-0.4611689749078602
5	56	-1.702451520720018
5	57	-0.9279105576176923
5	58	-3.192785793090043
5	59	-3.305180081105507
5	60	-2.3129540038376333
5	61	-2.1590359182719543
5	62	-2.786040858909777
5	63	-0.7475921655650086
5	64	-2.9939663103567837
5	65	-4.535930086925915
5	66	-0.007411866023664133
5	67	-1.2423449433321871
5	68	-0.18901458879010968
5	69	-0.24977790823017734
6	6	NaN
6	7	2.6797853527301925
6	8	1.8358013658739987
6	9	6.405360337614708
6	10	2.984760712819037
6	11	1.3753670646081124
6	12	-2.835104999645442
6	13	-0.37832015305210775
6	14	-2.215535607287737
6	15	0.8318179456214786
6	16	-2.4007042212059524
6	17	1.2271671542076112
6	18	-2.456575234130507
6	19	-0.8465854411201381
6	20	2.0340396684836883
6	21	0.3612483994098657
6	22	3.311527122784374
6	23	-0.7863919429210964
6	24	4.320285046007176
6	25	-0.33553148503382213
6	26	-2.1338407306725937
6	27	-0.2887524540369735
6	28	-0.5143003675683618
6	29	-1.1452989377207925
6	30	-1.5054529983549567
6	31	0.028061468351241358
6	32	2.5549972777128223
6	33	0.5800693392240747
6	34	-3.2652166567561025
6	35	1.956423333509902
6	36	-0.7182075364762756
6	37	0.6119088876047021
6	38	2.011641665359527
6	39	-0.7142002761239482
6	40	-0.9018885983112871
6	41	0.5346580632098885
6	42	-2.8818507884312354
6	43	-1.7233707405854883
6	44	-1.082275206777222
6	45	0.17452944224857234
6	46	-2.257520163046093
6	47	-2.3050182070863863
6	48	-2.9545377716575527
6	49	0.3134735745207734
6	50	-0.2029517872586749
6	51	-0.1838073086774979
6	52	3.9057740594471815
6	53	1.3179630653530952
6	54	-1.5128815019422774
6	55	4.326000816751774
6	56	-0.3581001215368255
6	57	-0.26502557571784563
6	58	-0.5650687974157785
6	59	-2.7275685482483585
6	60	-1.9575370732778175
6	61	0.817714790965401
6	62	-0.16874615216102734
6	63	-1.7422187008306875
6	64	-2.831111759402918
6	65	-0.7180135175343005
6	66	-0.5414311033717154
6	67	-1.0147264813787187
6	68	-0.1643604484505169
6	69	0.3384559298564512
7	7	NaN
7	8	1.3688171308341677
7	9	1.3076493307082255
7	10	3.558372514372105
7	11	-2.5668004310591344
7	12	-4.513693826874717
7	13	-1.4566387225995434
7	14	-1.2183170927923856
7	15	-0.7475722833716739
7	16	-1.8759248561244677
7	17	0.318923728207574
7	18	-0.019492273833490642
7	19	0.7611819240369408
7	20	2.267030564530168
7	21	-1.4339512756427337
7	22	0.9000579069855064
7	23	-1.1679412098543385
7	24	3.7114540505412896
7	25	-0.9279702622157813
7	26	0.8967588731872506
7	27	-0.22657309478059634
7	28	0.14064167175217382
7	29	-0.18540182535141153
7	30	-0.004556939064557483
7	31	-0.515787461151325
7	32	2.006082606303748
7	33	-0.5282899446592609
7	34	0.15551251400716753
7	35	2.503863834481794
7	36	1.2264347766977657
7	37	-0.9553946674267364
7	38	1.1744537223470164
7	39	-3.4480922185805865
7	40	0.5344996397012224
7	41	-0.3439888593245164
7	42	-0.20562814028507576
7	43	-0.6947272917989692
7	44	-0.0031425911846890337
7	45	-1.475048620268691
7	46	-2.337417294198124
7	47	-0.5440229847331542
7	48	0.48849844471359777
7	49	-0.4156097414582657
7	50	-0.5850607748477971
7	51	-2.4085553664439474
7	52	4.331577883540055
7	53	0.45969521419074
7	54	-1.8500379382373013
7	55	1.6231275685194573
7	56	-1.0854079104606091
7	57	-0.19323725660351465
7	58	2.0398245347339268
7	59	0.23361074662390582
7	60	-0.03453568953863344
7	61	-0.44726251624773783
7	62	-2.3231418833075264
7	63	0.10442801926638924
7	64	-0.8679197260916761
7	65	-0.9919065065290377
7	66	0.7229669462278212
7	67	-0.9377093473432448
7	68	-1.164842757798669
7	69	-1.1477488976909886
8	8	NaN
8	9	2.0655165527766086
8	10	-0.07448659518649631
8	11	-0.8270765911772265
8	12	2.0080791752342866
8	13	-3.1496987422025735
8	14	-1.4884446580261694
8	15	-3.9393420103695784
8	16	-2.147634146609651
8	17	-1.9169605404755572
8	18	-2.2755033486738494
8	19	-0.8439147191751307
8	20	1.0317202385548772
8	21	-1.2252082233666532
8	22	-1.6308137040340716
8	23	-5.840289633361196
8	24	3.8269693920939285
8	25	-0.4376738096027612
8	26	-5.003559276608129
8	27	0.8565556112914168
8	28	-2.127173266485632
8	29	-3.075602658129502
8	30	-0.9706729366506128
8	31	0.5817107807809093
8	32	-0.16686273758620287
8	33	0.8192266603830285
8	34	-2.039563138862024
8	35	2.7535379274113536
8	36	-2.162185991755473
8	37	32.76455945947306
8	38	0.1135775706982941
8	39	0.4068635849213505
8	40	-1.2210692514417112
8	41	0.1851298096283358
8	42	-1.091629120792941
8	43	2.8182513693901097
8	44	1.8350792700807688
8	45	-2.86153221443921
8	46	-0.6475629429332672
8	47	-0.4478981658515836
8	48	-2.760434110173295
8	49	1.8570972414516604
8	50	-2.5673035311293124
8	51	-0.5608109182322009
8	52	4.009675314136785
8	53	15.37475307104041
8	54	-1.9631625807162991
8	55	1.26781491368935
8	56	-2.9711377716287437
8	57	-0.0853212321698552
8	58	-1.3696498541429418
8	59	-1.166207214583767
8	60	-3.5376228372504466
8	61	-1.5785232588585774
8	62	-3.0074930939559006
8	63	-1.3931215832427668
8	64	-2.9336702485584234
8	65	-1.666617827055044
8	66	-1.903460094720448
8	67	-1.6888919714798272
8	68	-1.628711459584979
8	69	-3.282729069455537
9	9	NaN
9	10	0.25252397681743854
9	11	-1.6110716054843044
9	12	-0.8229860285306398
9	13	-2.0348968257277273
9	14	-3.775410828455281
9	15	0.3603274865012945
9	16	-1.641311104378973
9	17	0.8190631755750677
9	18	-1.044795124133822
9	19	-1.608915716072434
9	20	3.5316549819095324
9	21	1.5658380906194607
9	22	-0.7271889753216272
9	23	2.52551785200328
9	24	1.5075925035657296
9	25	-4.476562094476226
9	26	0.4455864428050956
9	27	-1.5515829705357933
9	28	-2.6181858124498225
9	29	-2.1810652053167936
9	30	0.08151806932423972
9	31	-0.05024997423157715
9	32	1.0670989223077432
9	33	-0.5589089437980248
9	34	-2.6193925970790497
9	35	4.930029706615599
9	36	-0.36611298886266724
9	37	1.6826891384487472
9	38	1.9490288256474058
9	39	1.4546474480607714
9	40	-2.6397363790178403
9	41	1.470104653372521
9	42	-0.6792332197350865
9	43	2.0721320889705646
9	44	-2.5749676423636707
9	45	0.6625515126495023
9	46	-3.120263443555844
9	47	0.12894881970079353
9	48	-3.258819971718686
9	49	3.861951651489964
9	50	-2.5439953182120005
9	51	1.580137245909431
9	52	3.7960703763237804
9	53	1.0623314556260335
9	54	-1.6597135708969613
9	55	3.579950549260141
9	56	-5.469101379518582
9	57	1.2082295133188856
9	58	-0.8173040635915996
9	59	-0.14838570578695554
9	60	-2.053305247846748
9	61	-0.6609951805536907
9	62	2.6991224629457666
9	63	-0.6540904174047149
9	64	-1.1830431761649507
9	65	0.904191506163374
9	66	0.9936713480969124
9	67	-1.1180650403377834
9	68	1.4445653441170498
9	69	-1.9139720495305315
10	10	NaN
10	11	-1.5111725899262953
10	12	-1.3895697401227862
10	13	1.141288590034327
10	14	-1.274456963489846
10	15	-0.39127435308795955
10	16	-1.7203362542959246
10	17	26.961391056745722
10	18	-3.333351941070535
10	19	0.1700270644885198
10	20	-0.8353052789250839
10	21	-0.6614253930531624
10	22	-4.49264388516591
10	23	-2.1203290870624927
10	24	2.4329470420759787
10	25	-2.4325953738483674
10	26	-2.4460465636878315
10	27	-0.3143990071140046
10	28	0.12489218559849774
10	29	-2.0438500157319335
10	30	-2.1391949862276913
10	31	-2.3131983853840636
10	32	-5.344226137086458
10	33	-0.2808062641667112
10	34	-0.44812451547843934
10	35	1.3834371981189233
10	36	0.9029180238988659
10	37	6.788018151612946
10	38	3.527381101056514
10	39	5.930640532280399
10	40	0.553431782662773
10	41	0.1241281559067877
10	42	-2.406227182626652
10	43	0.44875763602508073
10	44	1.551159922519845
10	45	-1.048275856639504
10	46	-1.023267283825836
10	47	1.079443821531243
10	48	-1.2774796176855
10	49	-0.6402345064069853
10	50	-1.1415343769423811
10	51	-3.0117546704398306
10	52	2.8567888819069647
10	53	0.4280771773068954
10	54	-1.2331506080370518
10	55	1.041182232918345
10	56	-1.1952650341067705
10	57	-1.4321396964302104
10	58	-3.6393800936444065
10	59	-2.8277828443554895
10	60	-0.6509426571758896
10	61	-3.6296033567154398
10	62	-2.43097615252804
10	63	-1.0152530645397502
10	64	-0.8956508043736965
10	65	-2.164732598602091
10	66	-1.0247611585170444
10	67	1.504740830919207
10	68	-0.07501893135358192
10	69	0.3185358938902671
11	11	NaN
11	12	1.9721385659419386
11	13	1.4712746846208264
11	14	0.6591519834417532
11	15	-2.088605346790159
11	16	1.3843369572101025
11	17	0.5473308283152795
11	18	-1.4177090398706549
11	19	-0.7701642780908899
11	20	0.8155856760175819
11	21	3.1227487175981903
11	22	-2.754386987900067
11	23	1.4047393565466868
11	24	-1.1334993318930078
11	25	-0.16735248266432634
11	26	2.3106489587812593
11	27	-0.32362552102095393
11	28	0.013090393281773865
11	29	0.7987587162272592
11	30	-1.3431877776924648
11	31	4.322444318765186
11	32	2.704992665100533
11	33	0.037022355912704384
11	34	-0.14720187284544686
11	35	-1.2937255668972405
11	36	-1.0059700599587307
11	37	0.7384557181527912
11	38	-0.9669666307081041
11	39	-0.820588118884183
11	40	-0.5994000298135805
11	41	8.855569576268508
11	42	-0.7823098255066571
11	43	-2.7382781959229154
11	44	-0.1090089609136463
11	45	2.085220088136686
11	46	2.2535113875666974
11	47	1.2936857471188685
11	48	1.302642423147342
11	49	-2.417788426438406
11	50	-2.5983062596916433
11	51	-2.260059375103071
11	52	-1.7958628584426362
11	53	0.6698459584649423
11	54	-1.5075112085792377
11	55	-1.2701592251635734
11	56	2.5803946147932337
11	57	-0.9253627582274179
11	58	-2.5252122869089506
11	59	1.8734242241455652
11	60	-3.0932675795872746
11	61	-2.1635993289459976
11	62	2.93072488997865
11	63	1.0151754966556608
11	64	-2.1017725141969947
11	65	-0.8710893550770568
11	66	-0.39042047653764583
11	67	0.9536361253602307
11	68	1.7093933250167554
11	69	3.1327284396719692
12	12	NaN
12	13	-1.5065409421044362
12	14	-1.576462923920598
12	15	0.33642219205233365
12	16	0.8278405858209282
12	17	-3.3149267331501604
12	18	-0.7646282884527305
12	19	-1.6053414040243805
12	20	-2.4116129513577684
12	21	1.0530376571844333
12	22	-0.12504027216389785
12	23	-0.10161362913345877
12	24	-1.798295565448382
12	25	-0.15604238892698685
12	26	-1.5832088584661876
12	27	-0.5150905718721331
12	28	-1.351920569165633
12	29	5.0003416170822765
12	30	1.7601167374198505
12	31	0.11513837216467067
12	32	0.8071306155449128
12	33	-0.7008764625358233
12	34	0.40500433054220525
12	35	-2.0840999417707216
12	36	-3.7215224409198577
12	37	1.2375872710456632
12	38	0.8406279284406005
12	39	48.745097363611684
12	40	-1.1444056241395746
12	41	11.76234148770694
12	42	1.156383417997302
12	43	2.4625246217698256
12	44	-3.011678392801003
12	45	0.7909339297592041
12	46	0.06293015361098046
12	47	-3.6608009913397317
12	48	0.9973443387041342
12	49	-2.4577692315939728
12	50	1.4818725372976291
12	51	3.2412789238006807
12	52	-1.0062643068526573
12	53	-0.5635245938210243
12	54	-1.7156399530087252
12	55	-0.565218567319883
12	56	-2.89859156064789
12	57	-3.103704775490699
12	58	-3.5784531108484767
12	59	-3.1049964631879776
12	60	-0.2299291280825717
12	61	0.763221431472223
12	62	4.493517104067346
12	63	-0.31650730408207256
12	64	0.4859625364002353
12	65	3.308269476192248
12	66	-3.930276498504937
12	67	-3.2306436173154736
12	68	-1.2446886286253547
12	69	0.4375998593549406
13	13	NaN
13	14	2.608839171675135
13	15	2.640664908625353
13	16	0.5884546059597766
13	17	-3.1412566498315666
13	18	1.4989729622342587
13	19	0.8540332499919683
13	20	-0.34877034409592234
13	21	1.3964669794718902
13	22	-0.751938460084848
13	23	0.5647432466616344
13	24	-1.5535471247251886
13	25	1.2720908367721404
13	26	1.695662490769093
13	27	5.051603452378884
13	28	4.040687069797332
13	29	2.5214922544941833
13	30	3.8641270423512384
13	31	0.640678040987819
13	32	0.9010115392999363
13	33	0.6531510536381084
13	34	-1.4234354347359819
13	35	1.7336258945033036
13	36	-4.113502593845401
13	37	1.3407281915860025
13	38	-4.6707274408808175
13	39	1.0559132469644743
13	40	1.0598603675052853
13	41	1.3003527180465033
13	42	2.834065794063615
13	43	0.12408224841460007
13	44	-3.0221537049340292
13	45	-2.028974243341517
13	46	4.702011196977519
13	47	-2.0941766402342252
13	48	1.4255367808902448
13	49	-3.342177830384307
13	50	0.49948742863935724
13	51	-1.7629456696958778
13	52	-0.27864661031562027
13	53	-0.25700032698852726
13	54	-1.6193230286573326
13	55	-1.3283558350661129
13	56	-3.235474524838049
13	57	2.500143197028353
13	58	5.037690783533743
13	59	1.922609510829154
13	60	0.36939153915462936
13	61	-0.9335852637919039
13	62	-0.7992265427301
13	63	-0.18742444730293747
13	64	-0.3181462221694194
13	65	1.7064483919387907
13	66	-1.4634530570199995
13	67	-1.2087329138972205
13	68	-2.365605412444066
13	69	0.4584990472940597
14	14	NaN
14	15	3.8044717941393538
14	16	-2.302844965411305
14	17	1.5297520748606022
14	18	0.6369699812431632
14	19	-2.2384362494863144
14	20	-1.7781670909887048
14	21	-0.8919713574527348
14	22	2.2848316244141467
14	23	-0.7708660070705324
14	24	-0.32561035887456213
14	25	0.9240610525412745
14	26	-0.659571819427123
14	27	2.4212229264820357
14	28	1.571222525244693
14	29	0.9621945974769902
14	30	1.6312387575893095
14	31	0.8426753162306712
14	32	0.5734370236191849
14	33	-0.5026294270559584
14	34	-0.5121519403467313
14	35	-1.7875448048335967
14	36	0.2732544627093515
14	37	-1.5428380766141594
14	38	-3.263098232818851
14	39	-2.0363757607760187
14	40	-2.563135112803376
14	41	-0.7692133028412025
14	42	-1.3042914128273275
14	43	-1.7145799860695579
14	44	-3.0106010693197067
14	45	-2.2239324366237403
14	46	-3.2730378027135005
14	47	-2.101689231433436
14	48	-0.7429425064212059
14	49	0.03958567845281634
14	50	-0.8754992876526363
14	51	2.119448060938348
14	52	-0.44482192038637186
14	53	22.591625300395062
14	54	-2.4568126026514774
14	55	0.03290885221961187
14	56	1.2667009398985734
14	57	0.4426180954366993
14	58	-0.4217010423300001
14	59	3.048563407620505
14	60	0.18965408199834774
14	61	-1.304592813796411
14	62	1.498470955156967
14	63	-0.8230919974866643
14	64	2.0938391390024904
14	65	-0.5527785570276813
14	66	1.7890232682501783
14	67	0.4588509659598373
14	68	0.26453401553341693
14	69	4.906723720703782
15	15	NaN
15	16	2.0284343983694093
15	17	-3.0698479091369877
15	18	2.8450580965095376
15	19	0.40997294596678496
15	20	0.9526772910396386
15	21	-0.6899110590971649
15	22	-2.369250749485116
15	23	0.7327994806623183
15	24	-2.546511105911189
15	25	2.7189282927590877
15	26	-1.8264338718883701
15	27	-1.192684078419509
15	28	0.3732488982423521
15	29	0.9111202625450945
15	30	0.8897766444036066
15	31	0.5474364362566327
15	32	-1.379995252352915
15	33	0.48824852106192035
15	34	0.6562174692977948
15	35	-3.0260751041416656
15	36	-2.2719065971982317
15	37	-2.0450268451647937
15	38	-3.5777400649870668
15	39	0.040748899662585665
15	40	-2.011709956378831
15	41	1.4264465392311032
15	42	-2.3148392373249957
15	43	6.676707862180475
15	44	0.9568944932191926
15	45	-1.0337615573397405
15	46	-0.21623514473672167
15	47	-2.6073031221049434
15	48	-0.9305919536002968
15	49	-0.3898143036935735
15	50	-1.5628852581129828
15	51	1.1701912362123958
15	52	-0.6911731275018527
15	53	-1.2701106382432217
15	54	1.5582820778858602
15	55	-0.7339453933210133
15	56	0.20784400762191627
15	57	0.5877955893784932
15	58	2.9618915238942836
15	59	-0.328919961415197
15	60	0.8098503309616554
15	61	2.1932910323721666
15	62	-0.16405089163547074
15	63	1.1648658847892144
15	64	7.205925544135484
15	65	0.7202392220516022
15	66	0.5125361672394655
15	67	2.7545477259287803
15	68	0.4584709350840209
15	69	-0.14426425630547246
16	16	NaN
16	17	-0.5732561445035277
16	18	4.119558434685815
16	19	1.828711322413462
16	20	-0.25293975051901174
16	21	-3.397257924717394
16	22	-2.7486906344930873
16	23	-2.097675048338575
16	24	-1.9174723315745825
16	25	1.2759605371100047
16	26	-0.41120347392362666
16	27	-5.875583014297044
16	28	-0.30017694249575355
16	29	-0.23450138840383536
16	30	1.8292590581824923
16	31	-1.389184032916678
16	32	4.433028210918474
16	33	-0.7295680793862465
16	34	4.464880028226143
16	35	-3.773777183106668
16	36	-1.815731113487124
16	37	-0.9794457785838613
16	38	0.7919941540255873
16	39	1.6350306393930782
16	40	0.2459730513365058
16	41	-1.2757175085850765
16	42	0.2798527576151571
16	43	4.8040576576047025
16	44	-5.075759515451165
16	45	2.7887515946456785
16	46	3.958595993651059
16	47	-0.5091495060079371
16	48	2.534649039859693
16	49	-0.6523786632623898
16	50	0.34383055520625555
16	51	1.7110539290852234
16	52	-3.4567268369396196
16	53	10.431821785808957
16	54	-2.7672799494547986
16	55	0.9450249219704403
16	56	4.556328863725189
16	57	1.5433874138150288
16	58	1.2017896228615528
16	59	0.26776138113965975
16	60	-0.7377519787055584
16	61	0.6292634227270096
16	62	3.4384431549122527
16	63	-0.4362095448588222
16	64	-1.763308503899761
16	65	-0.032378811763938364
16	66	4.2220487921923375
16	67	1.5095766726049322
16	68	-1.5809626858970867
16	69	-1.0854239009303237
17	17	NaN
17	18	2.7729354489650904
17	19	-0.3939836163021501
17	20	1.4243762491549894
17	21	1.5180908474029704
17	22	0.6238051865618107
17	23	-2.207384162551813
17	24	1.6751902234354463
17	25	-1.0998541877933334
17	26	-0.8623280092469152
17	27	-2.5226029453708927
17	28	0.3783422835127793
17	29	-0.3191632007817567
17	30	1.6531064562885762
17	31	-1.1522347993128368
17	32	-0.6410655486666282
17	33	-1.4231935769437107
17	34	-3.6788396369761567
17	35	-0.9100250278092742
17	36	-0.5980394334894747
17	37	0.5232509446767348
17	38	-0.14699990872822197
17	39	-0.5518832118711288
17	40	-2.0772988315416923
17	41	-0.9740519627548504
17	42	-0.044023674446404204
17	43	-2.074657078151985
17	44	0.7430358535975569
17	45	0.5297925669378672
17	46	-0.13080961367068739
17	47	-1.3957992174520875
17	48	-2.9792231000020952
17	49	-1.7157265268587107
17	50	-0.9978658502216939
17	51	2.909339209506868
17	52	1.5414949441706023
17	53	4.635681040517083
17	54	-0.5788973908559831
17	55	0.7812178837994611
17	56	-0.4900325845951661
17	57	-1.5149498544188837
17	58	-3.698514721995255
17	59	-0.504404593437869
17	60	-0.0037554983499717607
17	61	-1.0310337107559733
17	62	2.277087720300475
17	63	2.7468205468407083
17	64	2.6625516154664943
17	65	-2.9764628475815593
17	66	0.11576518528985297
17	67	-2.6443594273777618
17	68	-1.6454292261670262
17	69	0.041217351308494014
18	18	NaN
18	19	0.12496816114769477
18	20	-0.6767884175869034
18	21	0.41316130639939536
18	22	2.8196710526590034
18	23	3.0261360527824275
18	24	0.3636952342356185
18	25	0.6184429391011437
18	26	1.7992733599295188
18	27	2.410893889606339
18	28	-1.9249449488904549
18	29	0.33558956542858986
18	30	-0.1465868372074259
18	31	2.376569957030285
18	32	-2.021040086052314
18	33	0.26624271589071574
18	34	-1.2854445520617745
18	35	-1.762685012193728
18	36	-6.07642307043954
18	37	-3.9877649124639536
18	38	2.2751824938685115
18	39	2.2456945755116093
18	40	0.22668154357696652
18	41	-2.530025161916506
18	42	0.35733988000705696
18	43	1.3100676262572317
18	44	-3.5192840914206074
18	45	6.4217748724425885
18	46	0.4037403229516287
18	47	-2.0722806321514553
18	48	2.900340050130707
18	49	-1.8959906936430966
18	50	-2.058752606184763
18	51	-0.7408535945736676
18	52	-0.1716764304998381
18	53	-1.0118365830206677
18	54	1.4658564650868247
18	55	-2.348935189436827
18	56	1.378728693088484
18	57	-1.867715131482068
18	58	-0.7952691683472058
18	59	-1.3171514758122653
18	60	0.5110975295537035
18	61	1.9594934843958225
18	62	1.7452551459167498
18	63	-2.026818227724778
18	64	0.10134198687155825
18	65	-1.788063971737548
18	66	5.740506652181235
18	67	-1.0214835513978726
18	68	0.9452437464049883
18	69	0.697940815219197
19	19	NaN
19	20	-1.436946112485299
19	21	0.239174556517664
19	22	7.249124390122654
19	23	-1.8396974709927307
19	24	-1.0316848395747675
19	25	0.5777273748952679
19	26	1.0162215047740915
19	27	-0.26679163595727007
19	28	0.7471715334665047
19	29	-0.985336652473882
19	30	-2.574908752915928
19	31	-1.6652096226060504
19	32	0.08431754208125017
19	33	0.11555883446103382
19	34	-1.1795218054571055
19	35	-1.2925392377580824
19	36	0.022772787270410873
19	37	0.6041643074354448
19	38	-0.6172466842297932
19	39	-1.639089348353474
19	40	-0.37146577471069864
19	41	-1.742780969991157
19	42	0.673593628830844
19	43	0.8535908422013888
19	44	-0.04423899146401851
19	45	0.22751214347175142
19	46	4.901414621308817
19	47	-0.6161805925892938
19	48	3.219135316198841
19	49	-1.1899697888367797
19	50	0.1751188957486092
19	51	-1.3455264698251568
19	52	0.09407325787471091
19	53	1.1343669183372462
19	54	0.0590988365224556
19	55	-1.0505779924260066
19	56	2.566373511406894
19	57	-3.6768730297936205
19	58	5.610181464900566
19	59	0.09024968946116174
19	60	1.0000398763468095
19	61	-2.4773956130424697
19	62	-0.6306961080468262
19	63	0.6027643896842977
19	64	1.0183113185353967
19	65	-2.866390661550382
19	66	1.485934231445467
19	67	-1.48561426303194
19	68	1.7552167581961629
19	69	1.7611000101172984
20	20	NaN
20	21	2.8830522319062886
20	22	-1.261968649592778
20	23	1.5495333566019815
20	24	2.39159321038673
20	25	0.8148264578784367
20	26	-0.8398566269085548
20	27	-2.5905725475524086
20	28	0.7826139761249771
20	29	1.0814208309745759
20	30	0.45286249218902624
20	31	-2.363345353345187
20	32	0.8586788558375087
20	33	0.04948643420677106
20	34	-2.2271485656027505
20	35	3.235808669418455
20	36	0.35340463608028927
20	37	-0.03893081712452564
20	38	1.0239804461917632
20	39	-1.0932994698604388
20	40	0.11373235593049077
20	41	-1.90567189258507
20	42	-2.1593818898841515
20	43	-0.18087317739050968
20	44	1.5685868574180288
20	45	-1.6662731109660223
20	46	-1.4480320630119652
20	47	0.7327260685793883
20	48	-0.6980936500613093
20	49	-1.1401756933591358
20	50	-2.1899235584094536
20	51	-0.08408757042291332
20	52	2.5006180882373643
20	53	5.100612554112366
20	54	1.6865752787358492
20	55	4.22194571678411
20	56	0.28413817778499456
20	57	-1.3220619426825166
20	58	-1.8091281704651632
20	59	-0.24995695877519686
20	60	-2.6270618466112152
20	61	1.1152390934651382
20	62	0.8448256432440157
20	63	-3.664063546988892
20	64	-1.801154974578863
20	65	-2.406649783518891
20	66	-1.2596111215492543
20	67	-1.8756093457000358
20	68	-1.5967873274485829
20	69	-2.726037662020833
21	21	NaN
21	22	0.04879710527964347
21	23	3.5891965627894487
21	24	0.1301768845665274
21	25	-2.131552245894671
21	26	0.11294939638607496
21	27	0.1630188452206187
21	28	0.12659454145153323
21	29	-0.4274831645494476
21	30	0.4708678328525531
21	31	-0.969560167978193
21	32	1.7518448307743328
21	33	2.1914211464433317
21	34	-1.7452473628392868
21	35	-0.4768475067012725
21	36	2.22985891871682
21	37	-0.2801925993519546
21	38	-0.23092514892732263
21	39	1.0081893354866167
21	40	-2.6659363687234374
21	41	0.26792061049537197
21	42	0.39194652534803476
21	43	1.566068743629371
21	44	-1.5639314747234159
21	45	0.5716165384074985
21	46	0.948259894220386
21	47	-0.2541517747063212
21	48	-0.7444607389042915
21	49	-0.3612674033053292
21	50	0.2806809522470281
21	51	0.3258318275339261
21	52	-1.233643268535352
21	53	-2.2256223488397073
21	54	0.9816651516771109
21	55	-1.1119218537684263
21	56	-1.4319846031701609
21	57	-2.09517247255495
21	58	-0.6079078960769084
21	59	0.08649846785865908
21	60	0.5279547551352355
21	61	2.1030997834455443
21	62	0.5354492110171768
21	63	-1.014976810466307
21	64	1.541125370659747
21	65	0.15303522664978955
21	66	-3.3556407713920433
21	67	-4.538156274161758
21	68	1.9385342366792984
21	69	2.797557738821135
22	22	NaN
22	23	2.8615068181822223
22	24	-0.03879940029541926
22	25	1.531297477550894
22	26	3.0289897833857244
22	27	1.297155172041601
22	28	-0.09390953441939018
22	29	-1.0796827150544308
22	30	2.816533621076282
22	31	-2.258843958278008
22	32	0.4265899678117281
22	33	-2.4018865197886234
22	34	-1.5893442114987641
22	35	-1.4454163026868803
22	36	0.344623433604235
22	37	-2.6299343157360346
22	38	-2.90729175070659
22	39	0.6265846648768046
22	40	-0.21570637700679315
22	41	1.1878718577852345
22	42	1.594486629318186
22	43	0.6816826756176418
22	44	-0.9325607402127705
22	45	0.9969819427830905
22	46	-1.5778297098750789
22	47	-2.4921765401396927
22	48	-1.0271386274216203
22	49	-2.0608639854176523
22	50	1.227236586368719
22	51	2.8510725110514037
22	52	-1.7028966675553718
22	53	-1.2242580947757815
22	54	2.2646198134459183
22	55	-2.568002710011149
22	56	-0.8717502574491556
22	57	0.174652010038766
22	58	0.806824657931079
22	59	-1.520157481311423
22	60	0.4251361098520243
22	61	3.058201108452028
22	62	3.366697812900489
22	63	2.0843899751846213
22	64	-1.1799826662878365
22	65	1.0113198005925221
22	66	0.7568289454541839
22	67	0.020630356333558423
22	68	-0.56716329997015
22	69	-1.6751328799839917
23	23	NaN
23	24	-2.1939685499467907
23	25	-1.1183771139390837
23	26	-0.751360205249507
23	27	1.6125586961919558
23	28	1.9655203589887416
23	29	-0.8988765477660411
23	30	2.016234769311695
23	31	1.5403743112805268
23	32	1.9636569021660089
23	33	-1.2117128249672917
23	34	0.13259187408051587
23	35	-3.0625952663566243
23	36	-0.21102579304415522
23	37	-3.5658276826426767
23	38	-2.2420951985777227
23	39	-0.1936907996610835
23	40	-1.3663534981476964
23	41	-0.6945310836234736
23	42	1.5184207491352026
23	43	5.646908266669486
23	44	-0.7660706010105248
23	45	0.6622650109810649
23	46	1.7759769891404555
23	47	-1.3731059500747336
23	48	4.954519164342173
23	49	0.7199081454785715
23	50	4.477396398059847
23	51	3.058040825767588
23	52	-1.9273255791681236
23	53	-0.9247703874583287
23	54	1.2765526056318346
23	55	1.499348826464796
23	56	-4.181820765525053
23	57	-1.2908797755619772
23	58	2.1569529686908875
23	59	0.6078724453792983
23	60	0.4244351111318503
23	61	-0.2052476253551758
23	62	2.8759711921657782
23	63	0.6167014960261619
23	64	0.06081831246574338
23	65	1.5042295790758258
23	66	-4.118487662661563
23	67	1.9688946482462084
23	68	-1.075636721411219
23	69	-0.4733407399682425
24	24	NaN
24	25	1.215096054060317
24	26	-2.4252242122583607
24	27	0.8910651232186259
24	28	-0.5332511222225138
24	29	-2.406008455576588
24	30	-1.5634590666043477
24	31	-0.12133587052257232
24	32	-1.3587120756958466
24	33	-0.3758754171680218
24	34	-1.419911569169502
24	35	4.140431296199803
24	36	-2.693122293288107
24	37	2.7488066634938764
24	38	4.6570045752275915
24	39	-1.6225325145339573
24	40	-0.8626239207502662
24	41	-1.0053402215130745
24	42	-2.802907461400544
24	43	-1.2685194799952433
24	44	-0.03688134643706621
24	45	-1.3909467179106918
24	46	-2.4106304245235557
24	47	-0.14335405808451734
24	48	-1.5088050612200745
24	49	1.0056398937195223
24	50	-0.3002360044465591
24	51	-2.0394809445697417
24	52	5.719841937102679
24	53	2.086545706358377
24	54	0.20925952984476123
24	55	3.8694744017143656
24	56	-0.3949703916451574
24	57	-0.25854480332069024
24	58	-3.5112017669211797
24	59	-0.41859690848237247
24	60	-2.6156998595259324
24	61	-1.199429602571802
24	62	-1.871883334696316
24	63	-0.35329445247440444
24	64	-0.10842531061828653
24	65	-0.8648387384843806
24	66	-1.9183072442833533
24	67	0.27323779269381765
24	68	-0.9288319784159307
24	69	-0.0030710908844216235
25	25	NaN
25	26	2.017392254979585
25	27	1.521019767316395
25	28	0.17500945744855587
25	29	1.5181338863869798
25	30	-0.621055882329281
25	31	1.4774878389742099
25	32	1.340564322117432
25	33	3.95653887444602
25	34	-3.443356376027416
25	35	1.3914243480661532
25	36	-1.9737104341839626
25	37	1.195892998401189
25	38	-0.688175037253247
25	39	-1.189193249029958
25	40	0.4538191466007472
25	41	0.23130149165338623
25	42	-0.26631586040728744
25	43	0.04455638392933149
25	44	-1.1588081081722206
25	45	-4.594157398020695
25	46	1.9535150681741542
25	47	-2.1365923449133666
25	48	1.8633225230920696
25	49	1.0091063150669881
25	50	-1.5791828475529388
25	51	0.2956791648728872
25	52	-1.2014408307161757
25	53	0.14005874102749186
25	54	-0.6338515930316139
25	55	-0.02890122887109205
25	56	3.511335053071485
25	57	-1.597703727544771
25	58	-1.0152699563849088
25	59	1.176528749449145
25	60	2.8357227579453914
25	61	2.774768793600869
25	62	-1.1472094179488035
25	63	0.13590407254356968
25	64	1.1809632498906268
25	65	0.6641730701706627
25	66	-2.1376974311229704
25	67	2.670006674949529
25	68	1.6392756989820003
25	69	-0.9436810413462876
26	26	NaN
26	27	4.347376498315578
26	28	4.279171438139184
26	29	1.8484952376069719
26	30	1.2036592408198954
26	31	-0.6213357039068911
26	32	-3.6243791644449375
26	33	-3.362439837622222
26	34	1.4940897870272034
26	35	-1.4976144660689907
26	36	0.6650612499625475
26	37	-0.5377772269746316
26	38	-1.4023802987045
26	39	4.2241764271339886
26	40	2.246580995784783
26	41	-3.4682750705058356
26	42	-2.315480140449241
26	43	2.887558378548937
26	44	-1.0909827643472065
26	45	2.584699850610777
26	46	1.0546126865600507
26	47	0.5201562868930327
26	48	-1.175779910654333
26	49	0.9341199699224676
26	50	1.3008335878476118
26	51	-1.0635491074970433
26	52	-2.063363807707147
26	53	-2.3379299882174496
26	54	3.3803870009699932
26	55	0.07808978487506972
26	56	-0.5018189794186078
26	57	2.316914042851445
26	58	-0.41586981713613036
26	59	1.8520772049925383
26	60	2.3530966040488357
26	61	3.699457000595517
26	62	-0.8477560426107242
26	63	1.3276419377455797
26	64	1.63968885450667
26	65	-1.0115070988411388
26	66	3.1202470576896717
26	67	-0.4914267204394974
26	68	1.0868463241806003
26	69	0.6900382577210125
27	27	NaN
27	28	0.8828494158943578
27	29	1.0822468254887334
27	30	1.6225147251510461
27	31	-0.47551520275446335
27	32	-1.934012923949556
27	33	1.7302277256736456
27	34	-4.2104873851766635
27	35	7.43902544753056
27	36	-2.973399055658632
27	37	1.217523629062385
27	38	-0.5955827579705539
27	39	0.03394188816145979
27	40	-3.146735345545057
27	41	-3.885356082092988
27	42	2.540107400101412
27	43	-2.449003345136723
27	44	0.08370954494314699
27	45	-1.5102895339439546
27	46	-1.485706615062732
27	47	-4.2537529840679555
27	48	3.427112016786285
27	49	-2.6629214973730893
27	50	2.8382951283251137
27	51	3.9868302155976583
27	52	-0.8880074599941461
27	53	-3.988191463985469
27	54	-1.1984723643343331
27	55	-1.652260448032485
27	56	-0.9424702717835652
27	57	-0.6845397577642454
27	58	-0.5068306163306415
27	59	-0.6870294827838107
27	60	2.6594323336890504
27	61	3.259894042283905
27	62	3.0867624601801915
27	63	0.584844510192583
27	64	0.7739187713138359
27	65	0.8183768547630015
27	66	0.7355829413110998
27	67	0.10389564218055965
27	68	1.4542279151953188
27	69	-0.6110011367237699
28	28	NaN
28	29	2.5184559038126144
28	30	-0.12023980361381256
28	31	-1.1336395343746346
28	32	-0.5179173260317409
28	33	0.9692254466117781
28	34	-1.0507414922986216
28	35	5.95072056473785
28	36	0.6993485256840785
28	37	-0.41997255716254567
28	38	-1.2771106175659501
28	39	-4.239373633426536
28	40	-2.6535753791298093
28	41	0.6165957486793089
28	42	0.497676769911985
28	43	-1.518804162650758
28	44	-1.1472958464945502
28	45	0.20805294338408623
28	46	1.824462171114031
28	47	-0.6458631247940534
28	48	-0.8039051763518688
28	49	-2.1253576098251026
28	50	1.730516317056776
28	51	-2.8207801262476244
28	52	-1.3737605224284761
28	53	-1.298077104593128
28	54	0.10101376334989158
28	55	-1.3089126557007615
28	56	4.000215265190901
28	57	-0.3922477846641223
28	58	-2.2342852648604423
28	59	2.213368554753702
28	60	0.973633016693743
28	61	1.7079445314559707
28	62	-2.3957902386072747
28	63	0.4647930101724706
28	64	4.521002428507768
28	65	-1.898826630570081
28	66	-3.041462977334678
28	67	0.8370138965377849
28	68	-1.1633251326813854
28	69	1.2121395200064937
29	29	NaN
29	30	3.1724887025185735
29	31	0.016140286394374783
29	32	-0.0034667177267305956
29	33	0.41674355983448924
29	34	2.249192349068043
29	35	-2.093702055584832
29	36	1.066911240400484
29	37	-3.3735305425150175
29	38	-0.6328999533809154
29	39	-4.02982053226613
29	40	-1.1078409037262513
29	41	1.7297643924799115
29	42	1.6165281838535046
29	43	-1.7445149390650179
29	44	-2.0516120060244107
29	45	-1.1148051943785273
29	46	0.301454747776654
29	47	-0.6751295065436289
29	48	-2.0208569951514197
29	49	2.5270428815912416
29	50	1.7333813797388418
29	51	0.21491894501491557
29	52	-2.4188912705013936
29	53	1.2452483593000003
29	54	1.1582495558130865
29	55	-0.9157712621682177
29	56	2.2432449749235452
29	57	-0.2203604673465967
29	58	-1.8729025160983823
29	59	0.44007972393566164
29	60	2.167120283228431
29	61	1.381542455965341
29	62	-1.0267256607454283
29	63	-0.47385170871098514
29	64	1.0384894708708137
29	65	-0.8892501070891189
29	66	3.591529357903942
29	67	-0.3192498456636535
29	68	3.342252523998109
29	69	3.4750269438930843
30	30	NaN
30	31	-0.8161624673903974
30	32	3.2534721872993053
30	33	-0.2060385493463019
30	34	0.07822318732285301
30	35	-3.9245793996860283
30	36	-0.584543675481574
30	37	-4.407374637127817
30	38	-1.475408876718488
30	39	-1.030588798410524
30	40	-0.6937912150657841
30	41	0.8486230648789017
30	42	4.2237731901905775
30	43	-1.629194435801624
30	44	-0.6970040640808061
30	45	2.1836842928890094
30	46	-0.5690555689371977
30	47	1.5337742689341618
30	48	2.452472804990755
30	49	-0.47819604221634954
30	50	1.5578497389895107
30	51	4.718406873195812
30	52	-2.3311606158838787
30	53	0.3950877378846367
30	54	-1.5961497644723677
30	55	-2.595815470158095
30	56	0.8556014345858423
30	57	-2.5475091380261645
30	58	-2.747668684285502
30	59	-0.24354902372221582
30	60	-1.4896300966880685
30	61	0.9697495677586702
30	62	-0.2599684392161066
30	63	1.325173153680359
30	64	1.2793522264386044
30	65	1.1649952912617971
30	66	-1.6441400919130442
30	67	-1.4878452462436116
30	68	-0.7752384292635366
30	69	5.329383508085935
31	31	NaN
31	32	3.252177947348888
31	33	2.63322348858248
31	34	1.6147251499968098
31	35	10.396387769138023
31	36	-2.325766512521057
31	37	-0.04854149659404306
31	38	0.7708058556871987
31	39	-3.0924559394752773
31	40	1.7903477652224133
31	41	1.587803392449574
31	42	-1.2534513262655167
31	43	1.6686072828121434
31	44	-1.0369167568577329
31	45	2.3839927107738643
31	46	0.5687391807569504
31	47	-1.3740839125928905
31	48	0.7065479112396739
31	49	-0.24927557490511604
31	50	0.9097630456019142
31	51	-0.02627235399270679
31	52	-1.1655320842952395
31	53	-1.3093382594070997
31	54	-3.215463083697206
31	55	-2.5890528792673178
31	56	-1.2942520678567662
31	57	-2.0594341132126557
31	58	-2.6817627295381388
31	59	1.4927203654326169
31	60	0.6290445125513778
31	61	-3.2636738136910566
31	62	-0.40172818392843496
31	63	0.4140303032131469
31	64	-1.579540995723159
31	65	-3.921621165111106
31	66	-0.34353983549436223
31	67	3.794621902531034
31	68	3.1029593744456796
31	69	-0.2633437689328282
32	32	NaN
32	33	2.3237073206927934
32	34	-1.822527537404897
32	35	1.653348914463302
32	36	1.4118350819777132
32	37	-4.045312072754737
32	38	-0.3839563227902018
32	39	0.5067127891239003
32	40	-6.712491038757103
32	41	1.0705659092751134
32	42	-0.922658523810816
32	43	4.014681190942197
32	44	-2.760330815944008
32	45	0.968565536708561
32	46	0.07954903335646263
32	47	-4.020763235893617
32	48	-1.7261313911358176
32	49	-0.4210803715466001
32	50	-3.6184020177965617
32	51	0.3448867120816265
32	52	-1.64679628368795
32	53	-2.7259599006072435
32	54	0.22817048395725228
32	55	-1.308718292812033
32	56	1.3042268002346076
32	57	6.188287556384459
32	58	-0.8332133805331562
32	59	1.3371257654926116
32	60	-1.0555330356774557
32	61	-2.4050615989607143
32	62	4.142185436816671
32	63	0.6146569826058437
32	64	0.5456991820908734
32	65	-1.316662291345695
32	66	2.256185655166453
32	67	1.619024826432475
32	68	-1.1019150988032373
32	69	5.424067128068914
33	33	NaN
33	34	-0.3231587461875342
33	35	-4.085580424279498
33	36	2.7000655513317158
33	37	-1.8633633952300126
33	38	0.9987655432451454
33	39	-2.8434368975772846
33	40	-0.602290606159179
33	41	-2.1841815983250674
33	42	0.4257829269886799
33	43	-2.2381605140200813
33	44	-1.1335764883497441
33	45	-0.06989626545949504
33	46	1.669748026713388
33	47	-1.2220076157806934
33	48	-1.6438506361883718
33	49	-3.6207341581985264
33	50	-0.7227045511745495
33	51	-1.1746739108710642
33	52	-1.108436666592114
33	53	1.0630024283356223
33	54	0.726556546712571
33	55	-0.8471759875236141
33	56	0.1298233147811425
33	57	1.0843999401303939
33	58	-0.777374368168853
33	59	1.6509110702072358
33	60	1.4363867152911864
33	61	-1.1501007921624684
33	62	5.698928783399177
33	63	-1.0085130317497044
33	64	-0.36676764112755056
33	65	-3.1828081799747587
33	66	1.6852061826224594
33	67	-2.855835388571611
33	68	-0.758800739162595
33	69	0.11910846986559277
34	34	NaN
34	35	2.909084321651974
34	36	5.579432155719656
34	37	-1.0754425896784439
34	38	-1.3502260454250843
34	39	3.0054244336591154
34	40	-2.9105349754472316
34	41	-2.842683073836314
34	42	-0.6930510426159564
34	43	-1.1770661727948177
34	44	-3.263395083140364
34	45	0.8624727835166105
34	46	-1.8188876690136457
34	47	1.7768008507318058
34	48	0.6327779274371792
34	49	-1.8482511043319474
34	50	-0.07184674110419513
34	51	-2.746328208255216
34	52	-1.8030732227708282
34	53	-0.5682484925532327
34	54	-2.574735550606578
34	55	3.7310504990678393
34	56	-0.1958729141193906
34	57	-2.476804918008613
34	58	-1.1614047035275217
34	59	0.14539388237164144
34	60	0.4768436866589414
34	61	-3.205235907648417
34	62	2.1022205908072973
34	63	-0.6727804439491173
34	64	1.2910782985758802
34	65	-1.0168277868120728
34	66	-1.6143645289855109
34	67	0.566519673249344
34	68	1.384693542276159
34	69	0.39288971332657424
35	35	NaN
35	36	-2.405899725857538
35	37	1.2833397466628071
35	38	3.5903683325934486
35	39	-0.9545878488670214
35	40	0.4990818061878283
35	41	-1.2076994119485125
35	42	-0.4335134525615322
35	43	-2.8259744569567107
35	44	0.391896897443922
35	45	-3.99575481576075
35	46	-3.094928034147428
35	47	-1.3418781421566035
35	48	1.8173419200872825
35	49	2.3633550560886545
35	50	-1.8808637107072237
35	51	1.5301908195995046
35	52	5.403465601779395
35	53	-0.5146968279418099
35	54	-1.6256305252882537
35	55	4.133602762794121
35	56	-0.8910923175616802
35	57	0.7812971293164499
35	58	-1.8944389486511317
35	59	-0.7866079056172356
35	60	-1.978502698736692
35	61	-1.2010069558031493
35	62	-3.2825651152320123
35	63	-1.3670968438409175
35	64	-1.965246940711723
35	65	-2.2434985574620696
35	66	-2.633223142527816
35	67	-1.603534380887195
35	68	0.6181712166939505
35	69	-1.5970660136261836
36	36	NaN
36	37	-2.1888271699316526
36	38	-0.9421551194206129
36	39	-0.6143089189912612
36	40	0.108304978867115
36	41	-3.728848523753075
36	42	-2.4723056580017007
36	43	-5.2820551909306825
36	44	-0.1419692885176395
36	45	-0.5677935978419739
36	46	-4.854085640083771
36	47	0.5894450808439836
36	48	1.3148023899728396
36	49	-2.0465406863630933
36	50	0.3187022661936292
36	51	-1.1168782246860436
36	52	-0.40450500455094385
36	53	-2.0025660603180038
36	54	-1.891554128129697
36	55	-2.0120467601849397
36	56	-0.5991285097852901
36	57	-2.729207063885128
36	58	-2.152557432866556
36	59	-2.4497647845106907
36	60	-0.44262875957000897
36	61	-3.923482364327288
36	62	0.8085398830876325
36	63	-1.4996815295020272
36	64	0.1809909856397327
36	65	-3.650957886102755
36	66	-0.16427091213214068
36	67	-0.7484870409587246
36	68	-0.2251739552739544
36	69	0.9899473529933618
37	37	NaN
37	38	0.7944422890380137
37	39	-0.1558196374990457
37	40	1.7686222058572005
37	41	1.2956378398940842
37	42	0.35304181782817184
37	43	-1.7594997866963684
37	44	-1.0571089000550744
37	45	0.6856697162619682
37	46	-2.123175483443371
37	47	-1.9592301397122232
37	48	-4.0966094361896355
37	49	-1.110322120819536
37	50	0.06291028044301179
37	51	-1.2030486298396448
37	52	1.8697897860983743
37	53	-2.8937279776383047
37	54	2.239155317415638
37	55	0.1716241280885928
37	56	-3.123365024027394
37	57	-3.2469891119669767
37	58	-0.6742011811657842
37	59	-2.742355164700152
37	60	2.0341286552304787
37	61	-2.129579958480881
37	62	-1.9224945552112538
37	63	-1.0895735768727508
37	64	1.6137872826144253
37	65	-1.584182139485275
37	66	1.309697077804885
37	67	-2.3721085343022503
37	68	3.310672868821564
37	69	0.35940832538634876
38	38	NaN
38	39	2.791049707442319
38	40	0.8696806567921469
38	41	-1.5684999217961058
38	42	-0.9385693444270092
38	43	1.4593634453947546
38	44	-1.8486916286377835
38	45	-3.378695375653414
38	46	-2.525196243007017
38	47	-1.31738353898021
38	48	-0.22219032128254299
38	49	5.082772217744647
38	50	2.3403822829565275
38	51	-0.812116284738283
38	52	3.7054856460971983
38	53	2.2397901169529564
38	54	-0.7570530195918643
38	55	1.6351434666855704
38	56	-2.0681096031130424
38	57	-2.5509223244770003
38	58	0.9950593498468269
38	59	0.2959346318281095
38	60	0.5804375835309626
38	61	-1.780463143261559
38	62	1.907090440146243
38	63	0.21888010830009066
38	64	-0.4030358706073333
38	65	-0.8507916981104906
38	66	1.7568855322522845
38	67	-1.8489494714270858
38	68	-0.9685592198070164
38	69	-2.0965571463659605
39	39	NaN
39	40	-3.5917079521818525
39	41	-1.3247037684439318
39	42	-0.1722752129710974
39	43	-1.7523865622379644
39	44	-2.3460340468495713
39	45	0.7115661377579698
39	46	0.38685756646648983
39	47	-3.871396759169565
39	48	0.8463924974384112
39	49	-1.9583591600278465
39	50	-0.1761144364999606
39	51	-4.708843775132352
39	52	1.0862871989053609
39	53	-0.6907310492811249
39	54	-2.992757008551039
39	55	-1.2524971096766822
39	56	1.8090720689442854
39	57	-1.7310286058128397
39	58	-1.976588375950473
39	59	0.042258974242126914
39	60	0.9605974456621023
39	61	1.0805417401922446
39	62	1.498766033944835
39	63	-0.9505564222418947
39	64	0.15339448547857895
39	65	-0.9106201286142424
39	66	-1.866039289629985
39	67	-1.0929199712510358
39	68	-1.2914146122531502
39	69	-2.9074615442378127
40	40	NaN
40	41	-0.6841445228072022
40	42	-2.8549544092067007
40	43	0.48993363659103234
40	44	52.323384423395005
40	45	0.6480242637040299
40	46	-2.366846484507145
40	47	0.4662429869446823
40	48	-1.367326808942659
40	49	1.395759188864267
40	50	-0.22013189273556955
40	51	-1.8688585773284832
40	52	-0.14028426536545366
40	53	0.7962965132424868
40	54	-0.033730569401048224
40	55	-1.742331540414766
40	56	-3.8984140134641585
40	57	-0.446668442897422
40	58	0.33036986576638105
40	59	0.2084665116230227
40	60	-1.6349855922680137
40	61	0.7234399026091352
40	62	-0.9649994174382733
40	63	-0.7418790612186072
40	64	-0.4404834232933472
40	65	0.08569090285780753
40	66	0.6828769283835048
40	67	-0.7506429030866971
40	68	-1.0607183527358868
40	69	1.374143577388986
41	41	NaN
41	42	5.29456052051468
41	43	1.3689875265358398
41	44	0.2417643129161667
41	45	2.9017323255288097
41	46	2.0688135459005093
41	47	-3.341353511725801
41	48	-0.963560288978091
41	49	1.6354938233841103
41	50	-0.3879923185717431
41	51	0.8459677324090676
41	52	-0.08158624163411524
41	53	0.6348004546063103
41	54	-1.7038539456324946
41	55	-1.0534577037686974
41	56	-0.27801989331276883
41	57	-1.7748065321612436
41	58	1.1556174193092679
41	59	1.3985753214177923
41	60	-1.5027932644698876
41	61	-3.697634457128135
41	62	-0.34600917517316726
41	63	-0.3680588968996786
41	64	-0.891531174050752
41	65	0.4079305171541933
41	66	0.9327528619543134
41	67	0.5300773820390693
41	68	-1.181348987820237
41	69	0.16378406642220514
42	42	NaN
42	43	4.431487870109896
42	44	-4.270759930884928
42	45	-2.4983315240142283
42	46	-1.5575943998707211
42	47	-0.7901249515030816
42	48	2.4922677302086296
42	49	-1.5515961143355224
42	50	3.119413032966446
42	51	3.439317328669091
42	52	-2.097901839479614
42	53	0.6723693058167219
42	54	2.76869673937168
42	55	-1.427022811386936
42	56	3.971785032404627
42	57	0.468850304452998
42	58	5.075193988043836
42	59	-3.3146495165127217
42	60	2.0507353646918864
42	61	0.9517354101957074
42	62	0.3971640073954114
42	63	-1.7007635814068884
42	64	0.7540032680149695
42	65	0.4833757713644307
42	66	1.376562193224889
42	67	1.1446619013101984
42	68	0.12485071541805493
42	69	-1.5839103948549282
43	43	NaN
43	44	-1.8322838303403506
43	45	0.38219213689084197
43	46	6.079979508351967
43	47	-0.3671691548007105
43	48	-0.9741968683741803
43	49	-0.658559847513274
43	50	3.5416643838579565
43	51	-0.3862184333911338
43	52	-1.173666802269821
43	53	-5.735377307560022
43	54	1.8189364404387665
43	55	-0.18133699779131204
43	56	-3.5382137221553798
43	57	1.441435923651222
43	58	0.38007677098214876
43	59	-1.1046341186129505
43	60	1.740713646819511
43	61	-0.9459052513789804
43	62	0.5589129251436827
43	63	-2.5813824787001343
43	64	-0.13619224730896834
43	65	1.6984649186381533
43	66	-5.151834960227599
43	67	0.8217503905812841
43	68	-0.433609346050572
43	69	-0.9813221364007323
44	44	NaN
44	45	-1.3309002783304762
44	46	-1.8511404287738922
44	47	-0.3856081990725194
44	48	-0.4980020625482179
44	49	6.628884192889032
44	50	0.07980821665598956
44	51	-2.1965397306660672
44	52	1.3578972569349241
44	53	-3.727616935275942
44	54	-1.4444572206780844
44	55	-1.7219134702416046
44	56	1.7538500653997031
44	57	-2.42564056700951
44	58	-1.9067604820584036
44	59	0.32047507928788427
44	60	-1.3003152204815769
44	61	1.1840167714598282
44	62	-2.897924392936905
44	63	0.7488122008598022
44	64	0.24988335291215888
44	65	4.332762484968544
44	66	0.5602563834075764
44	67	1.4406066623382576
44	68	0.06048447003000822
44	69	0.08780675389702147
45	45	NaN
45	46	6.789563380871428
45	47	5.138707540986316
45	48	-0.3176235012618985
45	49	-3.3894648630441373
45	50	3.6776765906095723
45	51	-1.5128173931889326
45	52	-1.3752942524565221
45	53	-2.1846264549424883
45	54	4.356427103712055
45	55	0.056577911450179603
45	56	1.0496274063624689
45	57	4.142321389415232
45	58	2.8172196221287513
45	59	1.3293367382475545
45	60	-0.14389798567112247
45	61	-1.364487024209834
45	62	-0.17208329495124022
45	63	0.1953193050799002
45	64	-3.020130996990219
45	65	-1.2756336921272318
45	66	-2.152135561471796
45	67	-1.8930248208691358
45	68	-1.9553850828179615
45	69	0.3826656292032665
46	46	NaN
46	47	-0.8019448673521434
46	48	2.3484294116795414
46	49	0.8259103938988105
46	50	-1.4171120970835376
46	51	0.10732056932082577
46	52	-2.193981092973624
46	53	-1.0362491989864324
46	54	1.8367041553665846
46	55	-2.1785007855914906
46	56	0.6466192372469609
46	57	-0.578548682990566
46	58	-2.697615721156766
46	59	-2.9985837381184792
46	60	3.1475172997090732
46	61	1.487323241085499
46	62	-0.3881610823777911
46	63	-0.3744758983030109
46	64	1.5077888865282476
46	65	3.4182633617745792
46	66	3.394027531657374
46	67	-0.10438990383308053
46	68	-0.192020801251683
46	69	0.34638514658418523
47	47	NaN
47	48	0.6395237807619549
47	49	-1.6255082549909743
47	50	-0.045041133545200125
47	51	-1.9155540103851538
47	52	0.04250328755459281
47	53	-1.8460019172876725
47	54	-0.6604121105534463
47	55	0.5709768521634058
47	56	0.048468656205807696
47	57	-0.09560247280166638
47	58	30.468758015234776
47	59	-0.41863305438304016
47	60	-1.017728483137867
47	61	0.3439271952787939
47	62	0.46679639220542135
47	63	11.13390223456026
47	64	-0.6194742790466603
47	65	-2.7973064683715356
47	66	1.3023201824843544
47	67	1.9375081649893537
47	68	2.0713529090080662
47	69	2.0207247324273347
48	48	NaN
48	49	0.5007277758603312
48	50	0.8437904497829256
48	51	-2.2060625189090963
48	52	-2.4295467443140213
48	53	-0.6731414727789026
48	54	0.0845734776482504
48	55	0.9459493353420046
48	56	-4.403928773789094
48	57	0.8712422788571434
48	58	-2.359905115744561
48	59	-2.502897593511973
48	60	1.4796226728327162
48	61	2.8570473199113584
48	62	1.4617665478066146
48	63	0.9470685814118612
48	64	0.6799450842760789
48	65	0.19915651635701997
48	66	0.5243181216493678
48	67	2.0865240628265687
48	68	0.3469911324069574
48	69	-0.7812091805267789
49	49	NaN
49	50	-0.6440860905329472
49	51	1.23614733745546
49	52	3.1112973868990754
49	53	0.5964672984543005
49	54	6.312674553122846
49	55	0.5076954584390433
49	56	0.6716958983070672
49	57	-0.3342971160138209
49	58	1.5348478891764952
49	59	0.36111098867998176
49	60	0.17701169114449516
49	61	-1.3858299088163792
49	62	-1.416660745974966
49	63	-2.2022676479984136
49	64	-1.0681378967285418
49	65	0.7765301035409107
49	66	0.5956994933873306
49	67	3.0154835981923878
49	68	0.0011327057096316114
49	69	0.4978613374934069
50	50	NaN
50	51	0.6338477406433042
50	52	-1.3959095155184444
50	53	-3.3462995032484932
50	54	-1.9929665765693017
50	55	-4.185763978717892
50	56	1.537236195977149
50	57	0.034898947479837746
50	58	-1.3853328872444102
50	59	-0.8144696248226577
50	60	-1.1510725715558163
50	61	1.9186247504158858
50	62	0.0652380176121228
50	63	-2.032101750714281
50	64	1.323323204241114
50	65	-1.9581769068377275
50	66	1.0535508102851874
50	67	1.0094917124620566
50	68	3.5629825777941053
50	69	0.4382021204781745
51	51	NaN
51	52	-0.8739629914651377
51	53	-0.19217892826425453
51	54	2.229210168523057
51	55	-2.998765418576254
51	56	0.6159556671553863
51	57	1.2698827174482041
51	58	2.931607819099987
51	59	-0.1733253622706106
51	60	1.9020355966317377
51	61	1.1235290303815708
51	62	1.592556026224732
51	63	4.29369654545354
51	64	-1.1229609451511042
51	65	0.21927714852250635
51	66	3.6683119444926
51	67	3.0034334369989892
51	68	-0.23884176142036026
51	69	-0.200656882478428
52	52	NaN
52	53	2.8537482449066682
52	54	0.3932376241139795
52	55	5.856775564414944
52	56	-2.451366491527768
52	57	1.360967711791249
52	58	-2.099012195538957
52	59	-1.2053053927012993
52	60	-2.281970883056765
52	61	-1.2894558350736136
52	62	-2.1549818665863367
52	63	-0.6964227088020748
52	64	-1.2842848841152257
52	65	-0.9801736921634077
52	66	-0.2970156815410214
52	67	-2.1123045916727956
52	68	-0.14497096957421915
52	69	-2.1455019430493403
53	53	NaN
53	54	-0.63532173760354
53	55	1.9836404502067198
53	56	-1.870998397989103
53	57	1.4852632054764854
53	58	-4.822049717560249
53	59	-2.686035168914963
53	60	-2.1769966064280344
53	61	-1.6425022698392697
53	62	-0.9668219959865618
53	63	-2.394495430982984
53	64	-2.264865938889737
53	65	-4.265087694732223
53	66	-1.74962297814822
53	67	0.9088962445404895
53	68	-3.721689198676495
53	69	-1.4233398201744303
54	54	NaN
54	55	0.8666179681079775
54	56	2.323922566872933
54	57	-0.8519929438376614
54	58	-1.4555644515507264
54	59	0.9513304373512587
54	60	-0.7713601497795839
54	61	-0.11866149586236646
54	62	0.12503558898543002
54	63	1.8131610865016237
54	64	-2.62421735381706
54	65	6.034668370784432
54	66	-3.36384443721962
54	67	-1.6845827612768314
54	68	2.5090586460883437
54	69	1.4113189604585787
55	55	NaN
55	56	-0.05543347131771656
55	57	-1.8106753821969968
55	58	-0.9993808662940643
55	59	-0.9639903310979347
55	60	2.797338251428539
55	61	-0.5981266314525344
55	62	-1.7782864422144227
55	63	-0.2365219750763445
55	64	0.23959373143751458
55	65	-0.9877519646864772
55	66	3.7085323145338074
55	67	-0.1531131497355619
55	68	0.08406954775286983
55	69	-2.013201193480049
56	56	NaN
56	57	-1.0127248924102108
56	58	2.124284121917355
56	59	1.186000818212425
56	60	-1.172274137243439
56	61	-3.150548834066949
56	62	-2.951312939941183
56	63	4.199938226920698
56	64	-2.4535251664632196
56	65	23.707111143616917
56	66	-0.0013357127421928358
56	67	1.484241002385465
56	68	-1.266350305694213
56	69	-0.11396366867181221
57	57	NaN
57	58	1.8554768998514677
57	59	3.1980434544644756
57	60	2.807069636739324
57	61	-0.855991348854231
57	62	1.5354789587086954
57	63	0.5143886551937938
57	64	4.534588981872564
57	65	3.5286568983579834
57	66	-2.967975273230896
57	67	-1.9526742883660266
57	68	-3.319312567718658
57	69	-0.973910521139323
58	58	NaN
58	59	2.5757609781755777
58	60	1.857094040087443
58	61	1.188594253878153
58	62	-1.5764896581992216
58	63	0.9583907054263665
58	64	-1.1510034379619392
58	65	1.1425914094345715
58	66	2.993074916336533
58	67	-2.8914165752525016
58	68	-2.473753182250918
58	69	1.1194936038717027
59	59	NaN
59	60	-1.136055571043821
59	61	-3.9725463363163116
59	62	-0.8555386765689456
59	63	-1.9533076511760659
59	64	-1.33621911758611
59	65	3.289177625793688
59	66	-2.5703400906516523
59	67	-2.7111389159177457
59	68	0.8206609805247715
59	69	-2.525147754086564
60	60	NaN
60	61	7.991043837402428
60	62	-0.22691092194209442
60	63	-2.8858825747456165
60	64	1.4436746145174466
60	65	-2.9949685820701495
60	66	-4.3409051117481345
60	67	0.8868699348777143
60	68	-0.33634469507451065
60	69	-1.0721324139338302
61	61	NaN
61	62	1.3564242575144312
61	63	-0.5837760787079579
61	64	1.0969451121570866
61	65	2.4562629469708166
61	66	0.781228033447857
61	67	1.0556961425721285
61	68	0.6640335721287642
61	69	-0.32916939076914603
62	62	NaN
62	63	-0.2882533781376941
62	64	2.2144518181499637
62	65	1.3541079650608545
62	66	0.969552457763245
62	67	0.8504168342955101
62	68	-0.040502918528936394
62	69	-1.8238273659705302
63	63	NaN
63	64	3.095927491707509
63	65	1.5588796136467395
63	66	0.4155942002204161
63	67	0.8451217604439394
63	68	1.3093441432120863
63	69	0.8362103910660644
64	64	NaN
64	65	-0.5463696032035517
64	66	1.2386885510383918
64	67	0.28680190954687357
64	68	-0.4226086396546313
64	69	-1.4202010654958972
65	65	NaN
65	66	3.178001172032757
65	67	-1.4235636401842025
65	68	-1.908334365220644
65	69	-1.3401679006632015
66	66	NaN
66	67	4.678624287714124
66	68	1.7782738136840741
66	69	-1.2783608970399913
67	67	NaN
67	68	1.4470314452440918
67	69	-0.13818783832239717
68	68	NaN
68	69	0.9036262138615111
69	69	NaN
