1	1	NaN
1	2	2.0510238577381066
1	3	1.1020040650420588
1	4	-0.4596824422506106
1	5	-1.745620529853721
1	6	-3.936466432802534
1	7	-3.2140187366443733
1	8	-1.6441004773236914
1	9	0.2192375257987186
1	10	-2.5512918602280723
1	11	-0.41952243334112027
1	12	1.3308305054254757
1	13	1.7731580825444648
1	14	-0.024069004329036067
1	15	0.3118149841075802
1	16	-3.203547834753282
1	17	-2.4240966150248635
1	18	1.3211556064831953
1	19	4.788854786465712
1	20	-2.575773838465901
1	21	-1.0124143764277267
1	22	1.6751086365102688
1	23	-0.6404276985934373
1	24	-2.913353077509154
1	25	-2.958726123652886
1	26	1.8007663864625425
1	27	-1.6873727429218612
1	28	1.0652810449383099
1	29	0.5795733320369442
1	30	0.20455219480342654
1	31	5.208342734112921
1	32	-0.07238967358373409
1	33	-1.581894184609256
1	34	1.2096573446550747
1	35	3.1782685555661465
1	36	0.9101949342374716
1	37	-0.38086809631921775
1	38	-2.5569672887754433
1	39	1.297009928049707
1	40	-1.3305508717115981
1	41	1.9905322825597784
1	42	4.308450879643649
1	43	-0.5337714250302446
1	44	2.7972703935971066
1	45	3.3938980245287413
1	46	0.270026240420386
1	47	-1.4754604754241218
1	48	0.3380187357160679
1	49	-1.808279038266118
1	50	0.9316069516117158
1	51	2.1077692080524564
1	52	-0.9840862279929822
1	53	-1.2562023259512405
1	54	-3.208792088542117
1	55	-2.121638638128673
1	56	-1.9129649762533953
1	57	1.5453526248404568
1	58	-0.5211030521738654
1	59	1.3961584186855687
1	60	3.2200690845399143
1	61	2.7700856251889068
1	62	-1.261209480791108
1	63	0.39367137842182376
1	64	-0.16054336881243694
1	65	-0.32563079245274157
1	66	1.7939815421084693
1	67	-0.11449547112697357
1	68	-1.2617036611152224
1	69	-0.9288184926511578
2	2	NaN
2	3	3.0527243825229324
2	4	-2.1951950896938808
2	5	-2.421726110798634
2	6	-1.678061712467307
2	7	-1.3770031741760824
2	8	-1.7549704941041164
2	9	-0.7260068057314957
2	10	-0.9022902336268591
2	11	-0.6493370742611722
2	12	0.9229792323170243
2	13	3.2976217967233805
2	14	2.036652828417246
2	15	0.3071225070962549
2	16	2.4276734519911134
2	17	-0.02587948668721268
2	18	0.4676942181539871
2	19	-1.5430422769065528
2	20	-1.4366822150396508
2	21	-1.7270432596430585
2	22	-1.1232011492468723
2	23	-1.060020124856381
2	24	0.5258736643739653
2	25	1.4095046652812742
2	26	0.8971213991622853
2	27	0.6360344626597338
2	28	2.543699008437775
2	29	3.0561820139813665
2	30	4.840677140090978
2	31	0.9407371904634003
2	32	0.5483467731576801
2	33	-1.5739563064297422
2	34	-1.0034701132660677
2	35	-2.337945464992907
2	36	-2.818777417845569
2	37	-1.2387067347726293
2	38	0.9792793715292328
2	39	-2.083817019864721
2	40	-1.3374813383614848
2	41	2.2549266153801164
2	42	0.9104524149632705
2	43	3.525707281534726
2	44	1.2756879116945496
2	45	-1.613075822611811
2	46	1.908830941412034
2	47	-2.088290676147136
2	48	-0.10994824678420105
2	49	-1.6034592966670635
2	50	0.3894543496907382
2	51	-0.6037193876819122
2	52	-2.5694754340189068
2	53	-1.7340986957894062
2	54	1.2298677324325944
2	55	1.6041641850110147
2	56	-1.828792071972809
2	57	-0.759254917403685
2	58	-0.7578597491704713
2	59	-2.631428403365289
2	60	1.2147358717774064
2	61	2.265016313442182
2	62	3.5364463529322743
2	63	0.6706511737861269
2	64	-1.0560748792912404
2	65	0.35254813934038826
2	66	1.6483990786444154
2	67	1.2798766413999367
2	68	-0.2971376052592014
2	69	-0.3383983617960596
3	3	NaN
3	4	0.24618190140440863
3	5	-2.167444038163044
3	6	-1.7593379026250715
3	7	-5.015938953952867
3	8	-2.1793692126284236
3	9	0.9702270026324824
3	10	-0.8031093388931402
3	11	-0.20570770191535745
3	12	5.9074920888311615
3	13	2.4722249827520053
3	14	-0.7066521958470318
3	15	2.015119635477881
3	16	1.192462763308048
3	17	-2.5323462361304148
3	18	-1.3594451971899266
3	19	0.22152393621914673
3	20	2.18611224094281
3	21	-0.587218087822518
3	22	2.8133850248965424
3	23	6.928629411285016
3	24	0.5538044663363895
3	25	-2.7312541780997637
3	26	1.5086350564780282
3	27	-2.0723616518240098
3	28	-1.2783309274494183
3	29	1.0378246020791997
3	30	3.118521617493511
3	31	3.3148440969556847
3	32	4.262004476995396
3	33	-2.448266438323707
3	34	-2.3628441694541724
3	35	-3.2731905638344574
3	36	-3.0034350400984855
3	37	-0.7437927669283544
3	38	-1.189130332109412
3	39	0.3422102103698508
3	40	-1.4659558203705572
3	41	0.8972319140353207
3	42	1.942031186190938
3	43	-2.989803860433435
3	44	1.1075229378110343
3	45	-1.835627606996351
3	46	2.33317793757973
3	47	-0.885237249552782
3	48	-1.3533690396435878
3	49	-1.4205085365337533
3	50	-2.729895849975642
3	51	-1.3191348490887254
3	52	0.6262118084732837
3	53	-0.6618354490149209
3	54	1.2582889255615595
3	55	-2.2771099549750753
3	56	-0.5655281997734797
3	57	0.5116686595417751
3	58	-1.1975214072495355
3	59	-0.08955261352153465
3	60	10.407910139543569
3	61	-0.4556400606570651
3	62	-1.2156330395018045
3	63	-0.8655353434520661
3	64	-1.8956587598851882
3	65	-3.638509842505032
3	66	2.934410131566961
3	67	1.5020306107639176
3	68	3.265330903974978
3	69	3.249994054355641
4	4	NaN
4	5	1.2136035400239529
4	6	0.002878495074641461
4	7	0.3978820115435023
4	8	1.2382782794250222
4	9	0.47455188528810666
4	10	0.7470424384048235
4	11	-2.0702040787593656
4	12	1.7316218989311312
4	13	-1.5152299025804465
4	14	0.1784492369589899
4	15	-2.72327621562789
4	16	-3.7234529005868664
4	17	1.1953952129725678
4	18	1.4435217557307365
4	19	0.29513780081107543
4	20	2.222407197134945
4	21	-0.4879533617840124
4	22	0.1690102286522805
4	23	-2.9399744207864678
4	24	1.0381978036063877
4	25	-0.1901828404484244
4	26	-0.2112365356519354
4	27	-0.692477382566358
4	28	0.35829757619631947
4	29	-3.0186205614311357
4	30	-2.564160854524969
4	31	-1.6211508521309228
4	32	-0.2071742483791526
4	33	2.1136637978361597
4	34	0.08562128582771573
4	35	1.3282270874494608
4	36	0.7802691707383544
4	37	0.519374597393082
4	38	1.9600917924752357
4	39	-0.3863747662466135
4	40	2.491869855780263
4	41	-1.3477120894108139
4	42	-1.363200592378756
4	43	-0.7362837938930975
4	44	0.10157773554830249
4	45	-0.4154418502144294
4	46	-0.2570599362713716
4	47	-0.4052730157539998
4	48	1.7566580714583808
4	49	0.1507708564776719
4	50	-3.9874184694316854
4	51	0.22407755123699852
4	52	0.5382551198498637
4	53	1.3713726049474522
4	54	-1.57226491040796
4	55	-0.25518736820694277
4	56	0.8567639492259028
4	57	1.176686740583303
4	58	1.22282406005254
4	59	-0.2407968437209686
4	60	-1.6997662584976176
4	61	0.06083051059498696
4	62	-1.1961267297573523
4	63	0.9174547271763618
4	64	4.727114715271253
4	65	0.35491396390352437
4	66	-2.2945318033932813
4	67	1.1562146288066082
4	68	-1.4098875692959305
4	69	0.8448615802079674
5	5	NaN
5	6	2.971620745607048
5	7	2.5982268384955236
5	8	0.9342309922710847
5	9	1.5214630295059193
5	10	1.8721529202172598
5	11	-2.410027724408898
5	12	0.24060253156544195
5	13	-0.9010745580463697
5	14	-2.1929899805161703
5	15	-3.597054083339298
5	16	-1.1758625000337903
5	17	1.3315688261948313
5	18	0.9139395853403371
5	19	-2.689932944762007
5	20	1.6935170643617001
5	21	-1.0372006095128257
5	22	-0.7754593488082334
5	23	-0.10670104123085411
5	24	2.341942509213591
5	25	-1.4098097848058868
5	26	-2.8876426395926864
5	27	0.3730679867226862
5	28	-2.609528973048313
5	29	-0.7018953669150544
5	30	-1.6366009351697526
5	31	-0.5041733717728459
5	32	-1.1260552832027209
5	33	3.211918735604299
5	34	5.021915326931862
5	35	1.0833750146221446
5	36	1.7949052925718354
5	37	0.5182645390844525
5	38	2.2754171659974745
5	39	-0.3512664925558694
5	40	-0.29737122105217517
5	41	-2.2823433635228123
5	42	-3.0377340792312557
5	43	-3.0627125345628787
5	44	0.752095826194625
5	45	-2.5318683786070344
5	46	-1.6477319540860118
5	47	3.4121792745226265
5	48	-0.6894625878194435
5	49	1.6318310113289634
5	50	-1.8844863593464452
5	51	-0.7234123194482893
5	52	2.5144658613719333
5	53	1.5225109220826563
5	54	1.4905872714967172
5	55	2.1581566144770585
5	56	3.160688157129204
5	57	-0.25937163895686977
5	58	1.4866443260212017
5	59	-0.5896544323654603
5	60	-0.8423346439686191
5	61	-1.4242651051941406
5	62	-0.8819592396788263
5	63	-1.6681857237217526
5	64	4.061292406811718
5	65	1.6293414864944495
5	66	-0.9329706870937094
5	67	-1.8803614440282916
5	68	-1.434294724937869
5	69	0.20944799079489032
6	6	NaN
6	7	5.296857126177038
6	8	2.991408822224415
6	9	3.0071789613095254
6	10	0.25108097962735515
6	11	-3.6947203477792896
6	12	-1.6778184635762237
6	13	-1.586916994016351
6	14	0.47002981203203614
6	15	-1.4727541096355479
6	16	-0.8544494835433619
6	17	2.3203797932694235
6	18	-3.2067617484037374
6	19	0.07244904333608437
6	20	2.7767305743528934
6	21	-2.1636832396216925
6	22	-3.320520789075797
6	23	-1.3594755383926294
6	24	7.873182468664292
6	25	-3.1185863763567006
6	26	-2.380004838738641
6	27	2.0956388760960545
6	28	-0.6089011164500816
6	29	-2.666426173759348
6	30	-2.0346784592848923
6	31	-3.004920570441985
6	32	-1.918774007139172
6	33	2.52566707218299
6	34	-2.4944515004917887
6	35	3.448446740866674
6	36	1.4976046634893392
6	37	1.166210471460099
6	38	3.687683730494368
6	39	0.7131364246283594
6	40	2.5646578892915084
6	41	1.9815943543488814
6	42	-2.123986596975693
6	43	-2.4305617157441324
6	44	0.889790135727793
6	45	-3.780204617686641
6	46	-2.9610446097506773
6	47	2.0024893844256573
6	48	-1.1550719731310226
6	49	3.1196265754974077
6	50	-3.8108231644752113
6	51	-4.583872989035699
6	52	3.7475794968679805
6	53	-0.7857037213269884
6	54	1.0432818536492883
6	55	3.506971321632539
6	56	1.0049901637653267
6	57	1.2248875400107202
6	58	2.429591236691771
6	59	2.731138018460479
6	60	-3.794364793396018
6	61	-1.77149514478924
6	62	-2.5424896597689655
6	63	1.200154057434807
6	64	2.397492011586798
6	65	0.8706109677471069
6	66	-0.7521485786832502
6	67	-3.0813840583180068
6	68	-3.222120451078829
6	69	-0.7472431079614622
7	7	NaN
7	8	2.4022783054425956
7	9	2.2609717794129818
7	10	0.42483762487527177
7	11	-3.0622721387101537
7	12	-4.537606619313824
7	13	-1.3125698022876995
7	14	0.06638812627926748
7	15	-3.6146851585539768
7	16	-1.1203363220241667
7	17	3.948824724852981
7	18	-0.5705301812783752
7	19	0.14388984775103497
7	20	3.3244835124594743
7	21	0.04587232192471253
7	22	-3.1570537190752863
7	23	-4.10089025609202
7	24	0.722675243814734
7	25	2.490910138018071
7	26	0.853631407587944
7	27	0.5396659303104435
7	28	-2.0541772819304622
7	29	-3.558018469981396
7	30	-0.06271296898084587
7	31	-1.653311265282886
7	32	-3.107866200170642
7	33	3.468603240342008
7	34	-0.19047641023619352
7	35	2.079099278899053
7	36	0.7999781214845842
7	37	2.7584489362014137
7	38	4.899149482215646
7	39	-1.5022949918275943
7	40	0.7282663250854285
7	41	-1.73653677466399
7	42	0.3468442517621079
7	43	-2.962106436740489
7	44	1.0751268442297797
7	45	-3.5781038653500716
7	46	-2.603321353715446
7	47	3.299598264941013
7	48	-1.256009361787576
7	49	2.6384651157048995
7	50	0.5769179040460676
7	51	-0.7408341659686816
7	52	3.395972632778251
7	53	-0.19520052553610437
7	54	1.3155992982146563
7	55	0.7821072779146264
7	56	3.1450090423766244
7	57	0.7886229292149569
7	58	2.861678580659892
7	59	1.190604155710123
7	60	-0.8493477711030073
7	61	-3.8495684452304393
7	62	-1.4939435143799111
7	63	-1.0303820595750162
7	64	-0.06795194648852183
7	65	2.125767785729685
7	66	-0.955132718608035
7	67	-0.41379198406996437
7	68	-3.626818813500668
7	69	-0.6434418816484738
8	8	NaN
8	9	1.897336714663443
8	10	1.1338581677585071
8	11	-1.2095455731266074
8	12	-0.9632737235548806
8	13	-0.051068593582909376
8	14	-0.760600040354451
8	15	-3.9267364602019685
8	16	-1.7983358022010034
8	17	7.337637736178542
8	18	-1.2295030152553577
8	19	-1.6026276186171078
8	20	3.081980200764767
8	21	3.1437100490972587
8	22	-2.503676533172011
8	23	-2.6495950228321634
8	24	3.2185390312291537
8	25	-1.225613401136044
8	26	-2.297512780770937
8	27	2.7751704173422063
8	28	0.8365361814061888
8	29	-3.854508905766091
8	30	-3.3784384710710507
8	31	-1.9317373778607434
8	32	-2.517711777228323
8	33	1.6997121044664811
8	34	-1.8549174050085606
8	35	1.3441617612515488
8	36	1.6011966899267567
8	37	1.6721412599927405
8	38	2.319334725519648
8	39	-2.1206679126851706
8	40	2.095850584191776
8	41	-2.239557092453738
8	42	-3.1813192344430767
8	43	-2.145348755750348
8	44	1.2891431134564124
8	45	-1.1030645690099246
8	46	-3.115776187988641
8	47	1.7819259455065815
8	48	-0.4760644281338855
8	49	4.727816046410932
8	50	-1.6178555952921574
8	51	-1.325116362316025
8	52	2.9562039180606408
8	53	3.8953873665906427
8	54	0.44585109249511107
8	55	2.901369130696887
8	56	2.7194760980049013
8	57	0.18500265368302063
8	58	2.7014357279612136
8	59	0.8446309696216283
8	60	-2.734191130162672
8	61	-2.900766516834908
8	62	-2.0902153498074063
8	63	-1.298359702646436
8	64	3.4661748787619024
8	65	1.2286031172177194
8	66	-2.9925232945524023
8	67	-1.8832292135922977
8	68	-3.2607795801797717
8	69	-0.6600523519522372
9	9	NaN
9	10	3.381100801182686
9	11	-0.5190855560656588
9	12	-1.4398082194030175
9	13	1.5320507887944679
9	14	-2.2459855738238526
9	15	-2.9528735271018065
9	16	-0.3689071321739477
9	17	1.6539828769298468
9	18	-3.558483854805725
9	19	-2.0109548777821984
9	20	1.749920736759033
9	21	-2.6527341724444753
9	22	-3.8814894790884655
9	23	-0.669505014895524
9	24	0.2868157018385722
9	25	-2.2253783288500983
9	26	2.5971607838915083
9	27	2.13054738761809
9	28	-2.428099239673463
9	29	-1.5724190986501374
9	30	-0.6069652687851954
9	31	-2.3571876916690226
9	32	-2.544215189155258
9	33	0.8566121533579731
9	34	-2.982653086055706
9	35	0.9656569446393494
9	36	0.20032773170303664
9	37	2.184229263724937
9	38	3.353527080062624
9	39	1.4049537140404438
9	40	1.5520386504727541
9	41	-1.0225027515184222
9	42	0.5751044845192426
9	43	-0.09911801798015794
9	44	-0.1904740422539813
9	45	-2.400783661407704
9	46	-0.4813804803027291
9	47	-0.2851899946355841
9	48	-1.0959840946376458
9	49	1.9396456440976266
9	50	-2.4947322037126356
9	51	-1.5684434376568044
9	52	1.9744932862998281
9	53	0.4744016384696364
9	54	-0.2055441314553742
9	55	1.3947450576081541
9	56	1.4021350093281268
9	57	0.1520347319756489
9	58	2.1390273834762654
9	59	1.1517441730896638
9	60	-1.3473172335915264
9	61	-1.6923996352102666
9	62	-1.6288719329948333
9	63	1.3210721440721733
9	64	1.1621023655461566
9	65	0.8328526080262745
9	66	1.3255206236711967
9	67	-4.72604043167676
9	68	-1.2540573153940349
9	69	2.841776305041334
10	10	NaN
10	11	1.6405673510794667
10	12	0.41615685748317566
10	13	-2.0086133006671987
10	14	-2.270548275415422
10	15	-2.3863493497185555
10	16	-0.11165027954392362
10	17	0.19735124703275633
10	18	-4.337190593934676
10	19	-1.3470692336497794
10	20	1.054680118441545
10	21	-1.6645903337250596
10	22	-1.8759276172669854
10	23	1.7126598793658656
10	24	1.8866607975584102
10	25	-1.7874211908453785
10	26	-2.1267521048530376
10	27	2.71361473517461
10	28	2.766652598630833
10	29	-1.6304715055590777
10	30	-0.3338754087303147
10	31	-1.8658798589376362
10	32	-2.2967093639240463
10	33	3.280124141077217
10	34	-1.963758653281238
10	35	0.11283092245266658
10	36	-0.7011755812337359
10	37	1.9947641424689784
10	38	4.115402031793143
10	39	5.387699759587763
10	40	1.2845458954286273
10	41	-0.232564195524472
10	42	-4.5347780132617945
10	43	-0.7314328146542315
10	44	0.4626622202315414
10	45	-4.641962173295727
10	46	-2.273229293758215
10	47	3.6414706736550158
10	48	-3.7085774939761587
10	49	2.9103895208194497
10	50	-1.5225569550730889
10	51	-2.4950301448093004
10	52	1.0849719769054962
10	53	0.9380395178696369
10	54	-0.06451209218535087
10	55	0.9357108234994321
10	56	2.8693696693912782
10	57	-0.8539134926727071
10	58	1.2203527080633634
10	59	2.0333454451495214
10	60	-1.3908344751151809
10	61	0.8069906577451141
10	62	-1.4019613249341778
10	63	2.9188346399295133
10	64	2.58521177604388
10	65	-2.0959229951671476
10	66	-3.1960008308259695
10	67	-0.37125202749524355
10	68	1.160417074459207
10	69	-0.7116851388913852
11	11	NaN
11	12	2.2644690349536982
11	13	-0.3765065772754636
11	14	-0.32867502898623635
11	15	0.41665488800400874
11	16	1.4160372053712933
11	17	-1.9206868161011865
11	18	1.2138117597031202
11	19	1.9728208077228262
11	20	-2.242740361376343
11	21	4.126579113237397
11	22	2.2904700292931772
11	23	-4.743682014986141
11	24	-0.3592304433018242
11	25	-0.19502725157654166
11	26	1.4700759583062128
11	27	-0.7123457068346721
11	28	1.281830596549381
11	29	-1.0459890739131723
11	30	0.8982762587531729
11	31	0.11297632159046488
11	32	0.6857635916873945
11	33	-1.0599172226809899
11	34	1.5823288769957276
11	35	0.5501472364617567
11	36	0.5045322649822116
11	37	-1.1950517655003674
11	38	-4.222339482417936
11	39	13.276399575228394
11	40	0.36182592451697104
11	41	11.771916809298347
11	42	2.8842812181088937
11	43	5.524255895766189
11	44	-0.5508607024727527
11	45	2.9737134578149185
11	46	0.28604636805769196
11	47	-4.994970293605837
11	48	2.055780258439331
11	49	-2.6826068238502727
11	50	1.4619034425523414
11	51	0.883063106690646
11	52	3.4042330163814922
11	53	-1.465936359404293
11	54	-1.0725533051347775
11	55	-4.363437814910225
11	56	-2.411015168465441
11	57	-3.808635363040917
11	58	-3.315104037706023
11	59	-0.6926447128825542
11	60	-2.9939630067661813
11	61	-2.0970806944616407
11	62	-0.0491904503696177
11	63	-2.5234638277078023
11	64	0.9420615614407225
11	65	-0.37876753780557876
11	66	-3.874537271913992
11	67	-0.08372506642801912
11	68	-0.2783359656503877
11	69	-4.28307137334394
12	12	NaN
12	13	2.0574719788519484
12	14	1.4966893457501471
12	15	2.32787585011475
12	16	0.7103642749589488
12	17	-2.6461734911212424
12	18	-0.7745656107738792
12	19	0.257359503162565
12	20	0.12394471343636765
12	21	1.055198974237459
12	22	-0.3694654306507424
12	23	0.6054217404118015
12	24	-0.9054238422823216
12	25	0.45947871919314537
12	26	-2.423374939577074
12	27	-1.6871070362027596
12	28	2.6413717454530685
12	29	5.338873695798359
12	30	0.007120126386125871
12	31	0.9040612192803322
12	32	0.3640401458441456
12	33	-1.3998866245179218
12	34	5.029061721388921
12	35	-2.474844721936669
12	36	-1.5049580390000556
12	37	0.14017823197029414
12	38	-2.661568659208117
12	39	-0.37527224575945184
12	40	-0.8069524204419868
12	41	-1.487841895695276
12	42	4.10658667141551
12	43	0.46866389013349774
12	44	-1.4903006728527382
12	45	1.3302303798057495
12	46	-2.061176438746616
12	47	-0.3772109953088923
12	48	0.9024312727843943
12	49	-1.518993463230144
12	50	2.615227020681166
12	51	-2.9044827075035045
12	52	-2.3035175163409254
12	53	-0.9759845716281335
12	54	-0.9526826335692018
12	55	-2.655042374420076
12	56	-0.9211163437667388
12	57	-0.5399954716880296
12	58	-1.4511084456693466
12	59	1.0142125909441104
12	60	2.562052862304336
12	61	3.9085362900140197
12	62	0.9187529273942665
12	63	3.464507410372103
12	64	-3.2121012436229592
12	65	-3.544997667705321
12	66	0.07231140219083765
12	67	1.8404229168739115
12	68	3.0347159499301224
12	69	2.1508312161372456
13	13	NaN
13	14	1.0631278746316297
13	15	4.580103518631696
13	16	-1.6029621107784993
13	17	0.8662452383097538
13	18	-1.4836099455987277
13	19	-0.47113987941131913
13	20	-4.734241003788436
13	21	2.1669660604714553
13	22	2.2212915396473214
13	23	2.089610284498341
13	24	-2.2915308788568214
13	25	-1.897510281745356
13	26	0.1938499623219936
13	27	-3.2990461006904677
13	28	-0.3936733374401933
13	29	0.9954230784906271
13	30	-0.4777019538106434
13	31	-0.29494411889700234
13	32	2.142257648363985
13	33	-2.3411327553625068
13	34	9.769351574092012
13	35	-1.8585335871832867
13	36	-2.1379249767078217
13	37	-1.7648799940243878
13	38	-1.4477139036301485
13	39	-1.5361655885617844
13	40	-2.3142001599541433
13	41	0.751656370348363
13	42	2.2143956065083428
13	43	4.603132206917991
13	44	-1.943494982451917
13	45	1.3276639729153672
13	46	1.153315003040073
13	47	-3.023955068409682
13	48	3.604154450881121
13	49	-0.8144132563204586
13	50	1.6392290887220704
13	51	0.7794822477430038
13	52	1.4690438105319912
13	53	-2.920950509914989
13	54	-0.18215592063368727
13	55	-0.6152572261165759
13	56	0.036677224495615814
13	57	-1.2179758926965663
13	58	0.7912868531937807
13	59	0.8292836801970457
13	60	-1.53878480556493
13	61	2.811965501894616
13	62	1.3040877584532184
13	63	-1.2138951501068904
13	64	-3.134651536228818
13	65	-1.6241323992464625
13	66	-0.8201598107158875
13	67	-3.6953938203230754
13	68	5.124708941362891
13	69	-2.2525839884652594
14	14	NaN
14	15	0.5200008072962506
14	16	2.4841007809885953
14	17	-2.6708605513781136
14	18	2.1705955457526342
14	19	-0.20143189059749314
14	20	0.7810435030464459
14	21	1.6360189752876284
14	22	1.9781000413501675
14	23	1.0413051750651507
14	24	1.816775664516648
14	25	-1.1754989231818718
14	26	-1.259261899412416
14	27	-1.3144325773058323
14	28	0.3342237645331283
14	29	1.1184926482531399
14	30	0.6767061788944624
14	31	0.417316902152815
14	32	0.38849650703160804
14	33	-1.815186796218258
14	34	1.1384039470606635
14	35	1.6625885110925962
14	36	2.8840912235647282
14	37	1.4583647243183993
14	38	-2.6322594079212345
14	39	-2.6378975781938854
14	40	-0.8257931460120997
14	41	-0.5940215628430393
14	42	2.3031195133001794
14	43	-0.4341978253754464
14	44	-3.0563221470103987
14	45	2.780579421684787
14	46	1.3776196671749275
14	47	-1.7664007494588827
14	48	2.995754556821974
14	49	-2.5813808714362834
14	50	-0.6308194659125459
14	51	0.4522162031253855
14	52	1.634655924578567
14	53	-0.49654726558627493
14	54	-1.2752529810284388
14	55	-0.3054478490644793
14	56	-0.5544057325838656
14	57	1.9934479889461314
14	58	-2.0391152015509637
14	59	3.129691447425595
14	60	-0.27616069574505164
14	61	-2.897102214129618
14	62	0.9044210364400356
14	63	0.16849369296456426
14	64	-3.1492828499603824
14	65	-0.8676077707695247
14	66	-1.4607318366943622
14	67	-0.7062787633935829
14	68	3.676870672211821
14	69	-0.7828746903710747
15	15	NaN
15	16	1.0235815122720857
15	17	-2.3659454180369064
15	18	3.76167845890116
15	19	-0.9250592594555681
15	20	-0.5566122289379771
15	21	0.017740017095557586
15	22	1.4054009620805021
15	23	2.7562229473748374
15	24	-0.08933799039969091
15	25	2.369405152186071
15	26	1.0271862376673593
15	27	-4.539169840896526
15	28	1.4235657069546945
15	29	2.530072385935619
15	30	-0.052309094445192876
15	31	0.5421764566544864
15	32	3.09971576521076
15	33	-0.416310892350335
15	34	1.92169852994364
15	35	-0.19710615885716298
15	36	-1.6598859137791124
15	37	0.07852573666200612
15	38	-2.6049281514639215
15	39	2.0876192342966537
15	40	0.12774251015876134
15	41	2.641925401338389
15	42	-2.590115479513516
15	43	-0.09913897611745065
15	44	-0.8409959729249475
15	45	3.0660960102991264
15	46	3.3129192057287815
15	47	-0.6529117803248287
15	48	-1.0017724900844913
15	49	1.2914462273138192
15	50	6.854850447702253
15	51	0.5663916734141026
15	52	-2.6820597032049367
15	53	-3.6309077550842117
15	54	0.19995601860647555
15	55	-2.868986606900871
15	56	-1.9787556285628
15	57	0.3387146195834027
15	58	-2.5447748793955367
15	59	-1.7186317219919516
15	60	8.125233714574263
15	61	4.521171732753761
15	62	1.6990418594052588
15	63	2.3757714767141715
15	64	-2.039330111207656
15	65	-1.3124923795226529
15	66	0.9925977252994748
15	67	-2.3416090574208375
15	68	-1.4508475404013057
15	69	-3.343229829400537
16	16	NaN
16	17	-2.254572114375575
16	18	2.682666271568922
16	19	-1.0213815625876068
16	20	-2.4498674965841336
16	21	2.0120324363631648
16	22	3.475919450566056
16	23	-0.4593645271921834
16	24	-0.2708580643329732
16	25	3.718424685750635
16	26	-1.3545900945634881
16	27	-1.1484591573824765
16	28	-2.226331744846595
16	29	3.1579539496699356
16	30	0.05628416506003385
16	31	1.0711571356048548
16	32	3.870654803207257
16	33	0.03909323935736407
16	34	0.06507260796313413
16	35	-1.2396030143871546
16	36	-0.4901567824926592
16	37	-2.0308032507091616
16	38	-0.5040431671887499
16	39	-3.4921599226560907
16	40	-3.0123048917457926
16	41	0.24134615965407508
16	42	-0.8214292683346245
16	43	1.9274770529142151
16	44	2.0989151624561955
16	45	0.7299292001292547
16	46	0.319593728522006
16	47	-1.323510458248813
16	48	1.6739712799994837
16	49	-3.3825323006285677
16	50	-0.9646782632557405
16	51	2.8468693217299084
16	52	-2.11234982956323
16	53	3.9134379393412364
16	54	1.2368940202513068
16	55	-1.3492238353542152
16	56	-2.732261651859864
16	57	-0.42951254265483024
16	58	-3.0714848737605744
16	59	2.554046225889698
16	60	-0.31112605823756934
16	61	-0.025998929770184608
16	62	2.024065943709175
16	63	1.4373161486419914
16	64	2.2654767522678787
16	65	-0.13243955988668094
16	66	0.7469005390622265
16	67	0.32919525706443276
16	68	0.5329099437602071
16	69	1.8382759381769016
17	17	NaN
17	18	-2.4610743471700864
17	19	-1.9003703293611036
17	20	1.9447223457876925
17	21	-0.512918207610391
17	22	-1.5293227660705662
17	23	-0.2468253889905124
17	24	1.0684936075810472
17	25	-1.7850767118951507
17	26	-0.6186894519467188
17	27	1.881669387142072
17	28	0.6380127362348336
17	29	2.1370201921393677
17	30	0.7820163292514325
17	31	-1.538612078245301
17	32	-2.812169376556361
17	33	0.7369911830048566
17	34	-1.6556802963362207
17	35	2.1139055090522283
17	36	0.4817399208791723
17	37	-0.7262598827669493
17	38	1.0161254700663092
17	39	-0.6560279445851553
17	40	0.4263679042951353
17	41	-0.7333724421811689
17	42	-0.5483413473970424
17	43	-0.8094051360596309
17	44	2.0880898411254725
17	45	-2.0135188704221787
17	46	-1.4463216409175876
17	47	0.6474727521576145
17	48	-0.7874554513883183
17	49	2.943346739590537
17	50	-1.7259691983843088
17	51	-0.5491650571762433
17	52	4.433323481325183
17	53	3.5932992185987365
17	54	1.0534027322378314
17	55	1.5715150746820639
17	56	0.12863548170350975
17	57	1.4440547577589267
17	58	0.5320327116901924
17	59	-0.7576879310179698
17	60	-2.35714154186096
17	61	-3.017820501804936
17	62	0.28723180019914646
17	63	-0.06168870497473438
17	64	0.4904549408108073
17	65	2.4635778553193632
17	66	-0.6278196964480341
17	67	-4.997460324895029
17	68	-3.3272607723380987
17	69	0.052120203490566945
18	18	NaN
18	19	3.42254074478228
18	20	-2.913073482011818
18	21	3.2224667573353662
18	22	0.6358500131818893
18	23	-1.1526350104770144
18	24	-3.4220634377071506
18	25	2.0248994883018208
18	26	-3.4252670645810683
18	27	-2.3225453840569306
18	28	0.16744253177793056
18	29	-0.14593260971301167
18	30	1.166671988039845
18	31	0.46717048571541486
18	32	2.1468400122573983
18	33	-0.5382478522998827
18	34	-1.6816557325607215
18	35	-0.09922159314070195
18	36	3.55624219933392
18	37	-0.4567243853241403
18	38	1.0784977303401753
18	39	-0.46216025826939283
18	40	-1.745182130325888
18	41	1.719502800127388
18	42	-1.287010935629282
18	43	-0.018850614666757998
18	44	1.3134342189183879
18	45	5.69513384633972
18	46	2.121757669468418
18	47	1.4965108185230283
18	48	0.5028128972058125
18	49	-1.009316400238925
18	50	5.173047998015936
18	51	-1.5750574940539006
18	52	-1.355942668018962
18	53	-2.3066171559203803
18	54	-1.2033671389712426
18	55	-2.1377308373519917
18	56	-1.7917048119036303
18	57	3.258962373879555
18	58	-4.356467819842124
18	59	-3.1412454236997513
18	60	3.9492217928426725
18	61	0.5573726409551102
18	62	3.2676126030481916
18	63	-0.5358365734682643
18	64	-3.4413634273645184
18	65	1.4813132173685963
18	66	2.000707095679931
18	67	0.5094765452358693
18	68	0.8133045184338299
18	69	-1.6645680882713174
19	19	NaN
19	20	-0.10220873458809829
19	21	2.0153624346098518
19	22	1.521112232847365
19	23	-1.1660292373527847
19	24	-0.44495217571249895
19	25	-0.9695765343112447
19	26	0.6255272775006527
19	27	-1.557336920174294
19	28	0.1876065461938664
19	29	6.752793167248036
19	30	2.276103103733517
19	31	2.1806365905007805
19	32	0.9666369411223179
19	33	-2.5778080147041322
19	34	1.7966609892025933
19	35	0.32473176154002154
19	36	-1.5671520941119663
19	37	-0.05152165924848592
19	38	-3.2358153255846207
19	39	-1.813370850840643
19	40	-1.3765057091436272
19	41	-0.33546076283220366
19	42	1.1344658268637131
19	43	-4.203055664699214
19	44	-4.327454224947127
19	45	-1.2576867514224688
19	46	-1.060687838390482
19	47	0.7053452565945669
19	48	1.370879427038068
19	49	0.18400323718876893
19	50	0.1008433979227202
19	51	-3.2768955951193526
19	52	-3.844202782990948
19	53	0.8431616387587163
19	54	-0.8820416991511687
19	55	-1.4780399489542837
19	56	-0.48784785407045894
19	57	0.8721592528681092
19	58	0.20139189172397126
19	59	0.19000184783058893
19	60	0.6717228368716701
19	61	1.4230207235874655
19	62	1.4687488564073707
19	63	-2.8770099744784363
19	64	-0.7637555559834376
19	65	-2.375491947657266
19	66	-1.044263997315155
19	67	3.103608470139626
19	68	1.659644107980782
19	69	20.261024285405902
20	20	NaN
20	21	0.14405150811284068
20	22	-1.8849818422023534
20	23	-2.4320829377125635
20	24	-0.29268430494796727
20	25	0.39773471587291215
20	26	-0.7435145288857539
20	27	-1.1420095715824108
20	28	-2.400533179019648
20	29	-1.664161324929277
20	30	-0.5732269504791636
20	31	-1.067141992515864
20	32	-0.48561462316614445
20	33	1.0186502480295225
20	34	-5.696487365425131
20	35	0.300206171887444
20	36	-0.2760341152020795
20	37	1.3900569375086247
20	38	3.3135167725998618
20	39	2.262426886464632
20	40	2.9664878508392256
20	41	-2.67873218063279
20	42	-1.3081939112494232
20	43	0.22435121732985613
20	44	-1.528583317074932
20	45	-0.9742699049090044
20	46	-1.3077113539837018
20	47	1.8592726720079162
20	48	-2.8408414894691494
20	49	2.014111111898484
20	50	-0.050099947500733474
20	51	-1.4832289442383664
20	52	0.7574243695976695
20	53	2.318245189249726
20	54	-0.777115563305361
20	55	1.3161684311643538
20	56	1.0767201951799006
20	57	-0.03605519871644589
20	58	0.39477321599663767
20	59	1.8369715804022073
20	60	1.011159971113801
20	61	0.7844382214968246
20	62	-1.8244785484178163
20	63	-0.6642637543076141
20	64	-0.10421151627752427
20	65	1.0462211985247727
20	66	0.6523335186524316
20	67	-1.6984861752254365
20	68	0.006930547849702538
20	69	1.0546835048528171
21	21	NaN
21	22	0.22445326059189327
21	23	4.227735434170153
21	24	1.9923570044177574
21	25	0.0830395911395783
21	26	1.3505051804761108
21	27	-0.9077288429496697
21	28	-1.2692719586609071
21	29	-0.9750377932831394
21	30	-0.5688263589383472
21	31	2.6311107355936856
21	32	1.5915871271670678
21	33	-1.7779663381839446
21	34	0.8862369571128977
21	35	-2.008875153392705
21	36	-0.5977884634605626
21	37	4.217272216029275
21	38	-2.9050139721599386
21	39	-2.5196602565523127
21	40	0.20413344654651175
21	41	1.0655748049175335
21	42	-2.1149940327926577
21	43	1.789116913312161
21	44	2.2525827061497483
21	45	3.0739764846761
21	46	-0.02364867417337119
21	47	-3.7055411534061795
21	48	1.3627755617038344
21	49	-0.10799296344034925
21	50	2.5060603432271837
21	51	2.563572766492017
21	52	-2.4163800575549135
21	53	-1.7199896022339074
21	54	-1.524551406064252
21	55	-4.23246522051737
21	56	-1.0211152674079653
21	57	0.6703669653428366
21	58	0.7189093427960896
21	59	0.6936359873372586
21	60	-1.6377951859733124
21	61	-0.23258786620816718
21	62	0.8948766053598993
21	63	0.5428244018010869
21	64	-2.77207368120821
21	65	-0.05471361947514604
21	66	0.5299492225607516
21	67	-0.591349447385416
21	68	-2.6813318769972434
21	69	-3.7017899530986704
22	22	NaN
22	23	1.5346537316037814
22	24	-1.3517863531265921
22	25	2.3640583239544637
22	26	20.502039908100997
22	27	-0.5932106244950509
22	28	-1.5517884188740385
22	29	1.2569968337573172
22	30	2.2354989096319233
22	31	-1.3102060698838718
22	32	-0.29896520377404445
22	33	0.4491275171625245
22	34	-2.4057597142600295
22	35	-1.6686201608193845
22	36	-1.0694177777401532
22	37	-1.7080662751347147
22	38	-2.1276468605779093
22	39	-0.6826794373392352
22	40	-2.2040233258445965
22	41	-0.34526895825557613
22	42	2.526623760041976
22	43	2.0466145758928893
22	44	1.1605511258471974
22	45	0.16471308769589532
22	46	1.5328289579970518
22	47	-2.9336529254400117
22	48	0.13672404712020692
22	49	-1.1681194392600713
22	50	0.719927014073567
22	51	1.8867969175034884
22	52	0.32712818277870054
22	53	-1.2112665329292422
22	54	0.7380351667363104
22	55	-2.1678267656437153
22	56	-0.47491880424922633
22	57	-0.9326038491368399
22	58	-4.609734833894432
22	59	1.4276691170713396
22	60	1.3140685722198422
22	61	-1.0694087686407279
22	62	0.7446350746898603
22	63	1.088939700087045
22	64	-4.678269284848996
22	65	-0.9029683877992266
22	66	1.5850595264623661
22	67	-2.2471218280420246
22	68	0.8985971050140351
22	69	1.0091630910500786
23	23	NaN
23	24	-0.32065771238871704
23	25	-0.5752658026676247
23	26	2.431682496892261
23	27	-0.5601055449948362
23	28	0.7382366490492284
23	29	2.957220834543456
23	30	-1.2793414309061646
23	31	-2.041332562229405
23	32	2.742510963791751
23	33	-1.1955704817638666
23	34	1.9900189091778582
23	35	-1.7994214692927564
23	36	-2.319132767817245
23	37	-0.32028152248876324
23	38	-0.033022616465169775
23	39	0.41355433486443255
23	40	-1.0830065767820796
23	41	2.827332568539706
23	42	0.8953576397710502
23	43	1.296866081346255
23	44	-2.2260394670599846
23	45	2.335494501175988
23	46	0.3098943402657874
23	47	1.5585014474695567
23	48	-0.8892577675781438
23	49	-1.8149263128464286
23	50	0.9761485992070067
23	51	0.5477570081196502
23	52	-0.4561182144486993
23	53	-0.8513979139768713
23	54	-0.9087854387319495
23	55	-3.2909411353503963
23	56	-2.464878323688898
23	57	-1.584243782181533
23	58	1.5010260951343477
23	59	-2.5021581022510504
23	60	0.12461677561863063
23	61	2.269516348013282
23	62	4.664683444398275
23	63	-1.2486749391474374
23	64	2.940919404373987
23	65	-4.767725733714558
23	66	-1.6929435705705258
23	67	1.785176990229101
23	68	1.6806334464728199
23	69	6.950855292677669
24	24	NaN
24	25	-2.3386722673636835
24	26	-2.637898922141541
24	27	1.2789270502750405
24	28	-2.3629459820590646
24	29	-1.7404637726836936
24	30	-2.787921813102264
24	31	-2.58001631380982
24	32	-1.4320083878195018
24	33	1.5708263009102776
24	34	-2.8415366126099757
24	35	2.982635034032678
24	36	0.8009215406155561
24	37	-0.849102387543164
24	38	-0.15019344927189593
24	39	-1.1658576116753805
24	40	1.0995045707879125
24	41	0.8210016348031698
24	42	-1.1348170150816073
24	43	-1.6297228479610777
24	44	-0.5532584534139438
24	45	-2.613915202176794
24	46	-0.4799014408551916
24	47	1.3873722106927957
24	48	0.7561323908792724
24	49	3.0170905398881422
24	50	-0.5666347195792711
24	51	-3.396682974989175
24	52	2.110996564154116
24	53	2.310492908493262
24	54	0.10144167471308453
24	55	6.196000810993534
24	56	2.374516599673275
24	57	0.2934812207190835
24	58	1.2279333956847496
24	59	0.8364338939909131
24	60	-0.3363478009193431
24	61	-0.29059190174923555
24	62	-3.1758302107429772
24	63	-2.5235198492088626
24	64	-0.14953102918803649
24	65	-0.28951500415475667
24	66	-3.0620235601652883
24	67	-2.6814673095107495
24	68	0.8940601818833058
24	69	-2.201603284124879
25	25	NaN
25	26	1.1545148745272413
25	27	-2.0591158734959496
25	28	4.307944687252082
25	29	2.5397499001177124
25	30	2.5502941632795824
25	31	5.3421574527660995
25	32	-0.6659591077882918
25	33	-0.29904179086734056
25	34	3.1175019685786425
25	35	-0.7439234174768574
25	36	-0.8626312745602049
25	37	-1.0296525079186463
25	38	-4.521120455506229
25	39	-0.9816658004334883
25	40	0.01562594406940196
25	41	4.425061548191023
25	42	3.150976567932209
25	43	2.3841756333886197
25	44	-2.154800609624431
25	45	1.5511709751114127
25	46	5.586399414827996
25	47	-0.5866087293058404
25	48	0.5756966517338954
25	49	-1.8176613947558085
25	50	0.6772780463616694
25	51	1.244280351322118
25	52	-2.7756473879210968
25	53	0.1248356561877837
25	54	1.009870476284027
25	55	-2.0966151360080154
25	56	-1.7410581407994818
25	57	-2.989322232725192
25	58	-0.332587124878997
25	59	1.8473511590927967
25	60	0.3973760588821833
25	61	0.38206587264148034
25	62	1.6492281771757902
25	63	-0.8279384657901564
25	64	-1.159588752777589
25	65	0.26715632770104913
25	66	2.5363614215675234
25	67	0.837124081955016
25	68	-0.4028706505330017
25	69	0.32759432822801104
26	26	NaN
26	27	-0.1314882963908461
26	28	6.0319667416192555
26	29	3.2867168556880944
26	30	-0.09526398567129775
26	31	1.897843427047018
26	32	1.2518111237896827
26	33	-2.727631342278128
26	34	2.5109610442528627
26	35	-0.5495773520600198
26	36	-0.5976461463461255
26	37	-2.003645882587231
26	38	2.5860631658444713
26	39	-1.966746257458316
26	40	-2.1124559642804535
26	41	-2.440903540598229
26	42	1.0960913907972587
26	43	1.5478788393392682
26	44	-0.5023989668991465
26	45	-0.6890814420959156
26	46	0.9855751903865847
26	47	-1.1647085719516321
26	48	-1.0065378387776367
26	49	-1.6491326540947564
26	50	0.4743267932586521
26	51	-0.7011341623665234
26	52	-1.2068569651012286
26	53	-0.7274886063270497
26	54	-0.3957450398930989
26	55	-2.7234553723059056
26	56	-1.2046210093420584
26	57	-0.03128824261074139
26	58	-1.9300735336526418
26	59	-0.9746297654645657
26	60	-2.7841031316929246
26	61	0.15253336619597047
26	62	0.08449549028560818
26	63	-0.3798554817545775
26	64	-0.9134399026252923
26	65	-1.1023443972488545
26	66	1.080785551363896
26	67	-0.15933312717660716
26	68	3.395669086718744
26	69	0.615948175758178
27	27	NaN
27	28	-1.0432282216922242
27	29	-1.393599480712535
27	30	-2.7092838923866744
27	31	12.87087295933839
27	32	-2.1411327726016562
27	33	2.563382651827325
27	34	-2.9350679819590217
27	35	0.8389590391193816
27	36	0.4762038050656237
27	37	1.2178954978401142
27	38	0.9144504194264887
27	39	0.591300846338559
27	40	2.34478872225284
27	41	-0.6324369103960252
27	42	1.181786649223612
27	43	-2.024980744528003
27	44	1.0984350969378496
27	45	-0.5417087872453039
27	46	0.6680289212499597
27	47	1.9390797680910066
27	48	-1.4492051315917216
27	49	-0.11776941122774287
27	50	-0.8105213910942435
27	51	-1.4651583151252925
27	52	5.225561363951245
27	53	-1.487383229261341
27	54	-1.5523858849381726
27	55	0.20801725408250377
27	56	2.2601538931665477
27	57	0.43226268861261274
27	58	1.9493647814977293
27	59	-0.8746103074980823
27	60	-2.271219267306841
27	61	-1.2082812876337565
27	62	-0.04431767196277327
27	63	-0.9878247534947214
27	64	2.9725157167886174
27	65	4.100692526377704
27	66	-2.048246149869226
27	67	-3.586467179711395
27	68	0.47604105448202755
27	69	-2.577484653908504
28	28	NaN
28	29	-1.6440281011169156
28	30	3.0352505390692337
28	31	-1.0228176109070886
28	32	5.356592059464809
28	33	-1.005886806823028
28	34	-0.4755316986191013
28	35	0.6756875313580362
28	36	0.7814383015794598
28	37	0.1056716247978037
28	38	-1.5385506588016546
28	39	2.053996932476039
28	40	-1.9529987830294344
28	41	1.5282923107249573
28	42	-0.38194871379659756
28	43	-1.137298124107134
28	44	-0.5042042030583949
28	45	0.5324322869228058
28	46	4.18139797269065
28	47	-0.4958859940105654
28	48	0.9222827010849316
28	49	-1.8482087206429711
28	50	1.3615145603005117
28	51	3.7451402586379867
28	52	-0.9332568304279557
28	53	-1.1561460813402784
28	54	-0.09613835678030763
28	55	-1.70260305476612
28	56	-0.5487263635729095
28	57	-1.8015962337008338
28	58	-3.310611619227759
28	59	-1.6471617842146837
28	60	-0.6458024246455627
28	61	3.2850089177124318
28	62	1.246950569159722
28	63	-3.6489525956222573
28	64	-2.9513798367155486
28	65	-1.0497755107517646
28	66	0.4076117682615534
28	67	0.32759501648293393
28	68	2.3572710032964324
28	69	-0.6798549847100863
29	29	NaN
29	30	6.997212117637229
29	31	-2.071584845294711
29	32	0.6692448346438198
29	33	-0.596212553410112
29	34	2.3902994325404037
29	35	-0.06198089964052117
29	36	-2.4583890729351365
29	37	-0.83928946190519
29	38	-2.5022522204947157
29	39	1.9165741907069098
29	40	0.44377015380333423
29	41	-0.9752059051517296
29	42	1.1733202860262966
29	43	0.8571212637110095
29	44	-1.8701716381484768
29	45	0.10743301422100794
29	46	1.3590093122485367
29	47	-4.331134412505885
29	48	-0.1373475847901913
29	49	0.2683396677272077
29	50	-0.34748648293204765
29	51	-0.16431842972876193
29	52	-3.440684358084859
29	53	0.09785099912991974
29	54	-0.5988539633151586
29	55	-0.1918470825997256
29	56	-1.2280607475795484
29	57	0.6163605365775614
29	58	-1.4959449558070819
29	59	-0.42336983163923936
29	60	-0.8290795914021674
29	61	0.16703665092487874
29	62	2.8156237276012437
29	63	0.30108442360178067
29	64	-2.4068458307481624
29	65	-1.5303245104770808
29	66	1.8799049531298964
29	67	0.45212430087986616
29	68	-0.23571402001957775
29	69	1.2458695014552916
30	30	NaN
30	31	0.7055963634266796
30	32	3.7255497096440693
30	33	0.4479406800625365
30	34	2.7320794809736704
30	35	-1.1888055778548388
30	36	0.17314157143464232
30	37	-5.442533081239143
30	38	-2.8416623335244937
30	39	-3.041479240786154
30	40	-1.396514673948336
30	41	-1.3153994399454993
30	42	6.364063025652416
30	43	0.0013446400512446646
30	44	-0.371505809906177
30	45	5.194404421924026
30	46	1.393976263494854
30	47	0.037267665416392246
30	48	1.4350111095246874
30	49	-0.7432319659233814
30	50	0.43948881427689507
30	51	-0.7999872660566568
30	52	-1.8252222123214723
30	53	1.7403787197266114
30	54	1.604055467429651
30	55	0.4837814536307829
30	56	-2.445367405031013
30	57	-0.42424688450550563
30	58	-0.8333421953491073
30	59	-0.02643796804698773
30	60	-1.2040090271988555
30	61	2.8164664313418433
30	62	2.6100286917144704
30	63	-1.8365032277281363
30	64	-3.401099069445381
30	65	-2.11337510336701
30	66	1.4102699870130408
30	67	0.5474696677709614
30	68	1.8381335605920521
30	69	-2.402019117659829
31	31	NaN
31	32	1.7812716548435295
31	33	0.5219847133704535
31	34	1.3028668612435084
31	35	-2.514211040028387
31	36	-1.1253759483793462
31	37	-0.3917235689196965
31	38	0.21284324037181113
31	39	-0.39275238365147214
31	40	0.49142006069319344
31	41	0.9823626175885279
31	42	-0.8740438049427146
31	43	1.7142833711087753
31	44	1.957232975778084
31	45	1.2641950563527742
31	46	0.6755871292043911
31	47	1.0073558133274143
31	48	0.8001966786692031
31	49	-3.617245607422643
31	50	0.25879350856181144
31	51	-1.9707709211444266
31	52	-0.37296256387715304
31	53	-3.4405123894475307
31	54	-0.1481811494108582
31	55	-4.154315767860932
31	56	-2.099932196744891
31	57	-1.9127370219609003
31	58	-4.304697876015372
31	59	0.08619304680444165
31	60	-0.9914350558214476
31	61	3.4828109698670002
31	62	0.11309073623494836
31	63	-0.050195965659506944
31	64	-3.0942009424382197
31	65	-0.727898220196575
31	66	2.294163538283984
31	67	-1.361881986674184
31	68	2.686830314408187
31	69	2.7602135689700233
32	32	NaN
32	33	-2.190532332829988
32	34	1.5419487722066207
32	35	-1.1299869545595254
32	36	-0.33341771496957967
32	37	-3.493713068599481
32	38	0.6242497995756087
32	39	1.5191738154952477
32	40	-2.1332280236543664
32	41	0.1398514783034846
32	42	0.41927468176221744
32	43	-0.7662049672333793
32	44	1.5225560479745062
32	45	1.8809371780843722
32	46	5.0125734698997855
32	47	-0.5446121749379685
32	48	-0.15143466723162774
32	49	-2.443186912528549
32	50	1.2209558109943446
32	51	3.4530640307014098
32	52	-4.566554649718048
32	53	1.914008451879771
32	54	-1.4873548651092277
32	55	-2.9054823521476933
32	56	-1.6391859842688483
32	57	0.7369290706253785
32	58	-1.505004843908783
32	59	-0.07761406766694282
32	60	2.128886133218085
32	61	0.6657256328291875
32	62	2.4883436777687655
32	63	0.39232333659230917
32	64	-3.2939142442207996
32	65	-1.3122809766668915
32	66	1.9409166541223164
32	67	1.0844032907241894
32	68	-5.229634820619694
32	69	-2.879119736950067
33	33	NaN
33	34	-1.4433286731388755
33	35	1.5031520087681072
33	36	0.09212124442886312
33	37	0.2628751855617128
33	38	3.0734275943181806
33	39	0.2017639871713815
33	40	2.45206532626181
33	41	-0.4102177103345861
33	42	-4.76753561432234
33	43	-2.7106419950663554
33	44	-1.7697151156422282
33	45	-1.3527393536152066
33	46	-2.971897592032719
33	47	0.6796465284195339
33	48	-0.7162921888950528
33	49	0.8943795402411537
33	50	-2.699384128305297
33	51	-3.528767417683791
33	52	1.5353416831768087
33	53	2.8538949047840876
33	54	1.0016835741939893
33	55	2.5883130413085684
33	56	1.924418653740587
33	57	-0.12777633233748492
33	58	3.5835072991521626
33	59	2.565952347095708
33	60	-0.22791771233493702
33	61	0.4024447130623165
33	62	-1.9224158624046057
33	63	1.996327933688329
33	64	1.3630172904078282
33	65	-1.3824389594219941
33	66	-0.6918687729369198
33	67	-1.6040592660918438
33	68	-0.30089347504597774
33	69	-1.3499960548490981
34	34	NaN
34	35	-1.6771382169510518
34	36	-0.4347293119766662
34	37	-0.5159795036397538
34	38	-2.4794147662045622
34	39	-0.6241012436583888
34	40	0.1336593511222727
34	41	-0.7157758803022559
34	42	2.963968838768702
34	43	1.9810349903518618
34	44	-1.3693868456161165
34	45	-0.8237304742572005
34	46	4.82729231520058
34	47	-1.9426826799159609
34	48	3.3488698531296124
34	49	-2.8217408360538148
34	50	0.09112352300741838
34	51	-0.24691461375366705
34	52	-3.5764684199010928
34	53	-4.619224309355393
34	54	0.4103864397821008
34	55	0.7007662133399407
34	56	-1.549429273358832
34	57	-2.368476029195721
34	58	-1.2480236856096356
34	59	-3.1345321447197834
34	60	8.143731577238322
34	61	0.6598100057829311
34	62	4.233431295154778
34	63	-2.4789963943452054
34	64	-1.3444774343042876
34	65	-0.1593153556328208
34	66	0.5401602783904947
34	67	0.2088953763960419
34	68	0.7580080487365305
34	69	0.2469144060086816
35	35	NaN
35	36	2.0021649491013727
35	37	1.119394743483432
35	38	1.484698876834436
35	39	-1.5388930525817655
35	40	-0.2620609729025433
35	41	-0.7993585968679027
35	42	0.9436685532835356
35	43	-2.427744243902558
35	44	-0.5790986358802644
35	45	-2.846340730904433
35	46	-3.2369442389939955
35	47	0.34126939459747874
35	48	-0.7325058671820897
35	49	2.103223963334847
35	50	0.1182321083814583
35	51	1.0016762777851682
35	52	2.9807186070073812
35	53	-0.26705551919403675
35	54	-0.9896056012674384
35	55	2.1417940659431354
35	56	1.7342966969078235
35	57	1.768395890501794
35	58	2.2260417607601686
35	59	-0.12551858033086102
35	60	-1.0062285357757743
35	61	-2.148056734907951
35	62	0.7476252385511625
35	63	-2.305846915238635
35	64	3.1219273651276187
35	65	0.953781298671718
35	66	1.3213381263647654
35	67	-4.991226556717572
35	68	-3.542079834558896
35	69	-1.5176464669792895
36	36	NaN
36	37	3.2242305565519818
36	38	0.19743823802004493
36	39	-1.9198008632330283
36	40	0.013065340018594539
36	41	-3.034684298717882
36	42	1.4271044776045234
36	43	1.4226303411928205
36	44	-0.1532002039781001
36	45	-0.92423051248628
36	46	0.5148318685516411
36	47	0.03613030728769993
36	48	1.4005848909173166
36	49	1.755895156382581
36	50	-0.6383380879164409
36	51	-0.7115847770576295
36	52	-0.2310162721245511
36	53	0.15748662905376792
36	54	-0.5210651243346808
36	55	1.3843786476029503
36	56	0.7602898073159919
36	57	-1.5802223765475079
36	58	0.11986226178641038
36	59	-0.044130213130315565
36	60	-3.022973216526428
36	61	0.9277662722725214
36	62	-2.3669952907313445
36	63	-0.1959079673624137
36	64	1.7395332538971557
36	65	1.1840170605794567
36	66	-0.4707520884707714
36	67	-1.3250375054407022
36	68	-1.258811843620628
36	69	3.480791588958261
37	37	NaN
37	38	2.0339840561236304
37	39	2.434599882403251
37	40	1.4259412890707526
37	41	-1.6711889559444155
37	42	-1.858230921338388
37	43	0.32949385363424527
37	44	0.12495712922710865
37	45	0.46839769600253167
37	46	-0.3548571855759865
37	47	0.9986134108684585
37	48	-0.48499081432012975
37	49	2.3686558677963023
37	50	-3.1256726360370033
37	51	-3.004442245511932
37	52	0.206512870111559
37	53	0.8046374907600489
37	54	0.05698823424054089
37	55	2.126786727049247
37	56	-0.4981716243738206
37	57	-1.8366611549258278
37	58	0.6878730600273423
37	59	1.1275657404967523
37	60	-1.1939331797935262
37	61	0.7949002396046674
37	62	-1.378160281806559
37	63	0.3998461151779772
37	64	-0.027867690810240524
37	65	-1.5324238375974562
37	66	0.413188324163509
37	67	-1.2134263746630525
37	68	0.17124910958630374
37	69	-0.5211218273751794
38	38	NaN
38	39	-1.2471208850758233
38	40	0.42492481482231975
38	41	-0.6626714407430443
38	42	-3.7748802000215447
38	43	-4.010947269398632
38	44	0.9345012003569344
38	45	-0.7006390307933852
38	46	-1.628662262652407
38	47	-0.4486724214040772
38	48	-0.8551497151568049
38	49	1.4965765627859051
38	50	-1.4119826540356601
38	51	-0.375441585831953
38	52	2.138410438708524
38	53	-0.98902117692354
38	54	2.6586489346145346
38	55	1.9145088136654653
38	56	2.1669593916505994
38	57	2.3669466745497094
38	58	1.91556721027744
38	59	2.950704882327205
38	60	-3.159246006336423
38	61	-4.405325526960699
38	62	-2.018062087766897
38	63	1.9517145303799919
38	64	2.93104192710353
38	65	1.379164847124056
38	66	-0.08664631530050222
38	67	-0.9518702444207277
38	68	-2.8695811097792765
38	69	0.2509510698083889
39	39	NaN
39	40	0.9765812850043046
39	41	2.4949065446577756
39	42	3.1239046786176994
39	43	4.966869587934478
39	44	-1.9744651024160278
39	45	-0.690444575184578
39	46	-2.540673369313354
39	47	1.839744213606827
39	48	0.8230136216665157
39	49	-0.2658629505360352
39	50	-2.5193891671218447
39	51	-2.3937789156161937
39	52	-0.09149381683244372
39	53	-1.0009040438959793
39	54	-1.818024190986838
39	55	-2.0506431872214432
39	56	1.7316837750396388
39	57	1.9665439144288015
39	58	-2.1045079895185412
39	59	-0.04338391112644185
39	60	0.002588196426862985
39	61	0.6107672564917065
39	62	-0.981722396458752
39	63	1.8139206468607811
39	64	0.25366840072951236
39	65	0.3830659873013936
39	66	-3.4127651042337477
39	67	-1.1985742482355124
39	68	-1.5695464724573214
39	69	2.9639897723834645
40	40	NaN
40	41	-0.06445176040345849
40	42	-2.030768750501288
40	43	-1.4818360939814348
40	44	3.309793874951592
40	45	-1.1549951134530576
40	46	-1.3467925415576152
40	47	0.47424677989400094
40	48	-1.9535671944019741
40	49	1.5265108450226494
40	50	-4.751619429134486
40	51	-1.6420887223127114
40	52	2.650818106048237
40	53	1.707593140143641
40	54	0.5204398693930495
40	55	3.0743035227173934
40	56	0.9048969938739221
40	57	1.2934976904966802
40	58	3.7009916707288277
40	59	0.520020889811576
40	60	0.019253927980451464
40	61	-2.5075478636126958
40	62	-2.5144736973658244
40	63	-1.4204626096127642
40	64	0.8813112347226015
40	65	0.3150273607270402
40	66	-2.121411334614638
40	67	-2.22180695437344
40	68	-0.2309119603593763
40	69	0.21842550534442567
41	41	NaN
41	42	1.9279460385620173
41	43	1.731242806558999
41	44	-0.47373786125082085
41	45	-0.058998776165224545
41	46	2.350024931513376
41	47	-1.4102241235656394
41	48	3.1824611131918425
41	49	-0.34361354500028796
41	50	-1.7866676869247964
41	51	3.645944400358819
41	52	0.05035491351350814
41	53	-4.684785240246589
41	54	-0.7406545117352785
41	55	-0.05099325866749328
41	56	-1.4044727452456371
41	57	-0.9582572609741018
41	58	-2.0919044661971182
41	59	-1.2628599006693366
41	60	1.5199994321153822
41	61	2.555397983220742
41	62	-4.652847308264
41	63	-1.4546779745107228
41	64	-1.536249644990638
41	65	2.4033795629767565
41	66	-2.9189497727565676
41	67	-1.1434252600410197
41	68	-0.7329986069207766
41	69	-1.2084211538742886
42	42	NaN
42	43	0.8700432648860681
42	44	-2.4718628698736493
42	45	2.1419112034077226
42	46	-1.172771086006245
42	47	0.5642818242895244
42	48	-0.3400782100849299
42	49	-0.29076493169263207
42	50	0.27337197587474577
42	51	1.0302333885798596
42	52	-1.3648526481766927
42	53	-1.1852212725917641
42	54	1.3255557533728453
42	55	-0.6905807649528868
42	56	-2.7122623671215202
42	57	-1.9902862816456748
42	58	-2.022301435654948
42	59	0.4147682937322222
42	60	0.9428761743771775
42	61	-0.5471226710853963
42	62	-0.030413395610610804
42	63	3.158345229265061
42	64	-2.794065588874531
42	65	-3.7808565274169186
42	66	2.476821723242857
42	67	1.5028806103998982
42	68	2.169694709650796
42	69	3.2217202197814117
43	43	NaN
43	44	-0.42460089582717686
43	45	2.262362391168264
43	46	4.9300624293138124
43	47	0.10499059575452503
43	48	1.8453734070225771
43	49	-5.391288984213196
43	50	7.11218655591335
43	51	3.169802677073355
43	52	-0.6750932559837579
43	53	-0.7642625690493879
43	54	-1.523443513119023
43	55	-2.9724314918384818
43	56	-2.9342817533088907
43	57	0.0845485696010496
43	58	-1.3718080628508456
43	59	-0.46414148248596737
43	60	0.14786931453651664
43	61	-0.5621426744130643
43	62	3.4577086805746244
43	63	-0.851120502010387
43	64	-0.48693426136214185
43	65	2.8961635361499343
43	66	0.43061284216722984
43	67	-1.0364453348972607
43	68	2.408215029954983
43	69	-5.787283392229621
44	44	NaN
44	45	2.1307923099762824
44	46	-2.2510150662101447
44	47	-1.3256214979366638
44	48	3.4830830578230647
44	49	0.7668863905929457
44	50	-0.45145555698809314
44	51	2.4547066750050353
44	52	-0.15834317218891525
44	53	0.01498472356236793
44	54	-2.752064059140098
44	55	-0.3473211627985468
44	56	2.028486135245229
44	57	-2.626202692402712
44	58	-1.6514040251182118
44	59	1.231710530973618
44	60	-0.674035643547754
44	61	0.5462538869318706
44	62	2.1874398099875605
44	63	-3.4223813727731067
44	64	2.48857031074016
44	65	0.37321656678708104
44	66	-0.449900724048899
44	67	0.791546330220632
44	68	-2.5685400218799423
44	69	-1.4959676560061397
45	45	NaN
45	46	3.1088616178985897
45	47	-2.734901448736017
45	48	4.614245474458009
45	49	-2.169169081355785
45	50	-0.4594557864598476
45	51	1.0121644593046257
45	52	-2.2386473223291445
45	53	-1.2328990470141354
45	54	-1.6251825312482273
45	55	-2.960344221531087
45	56	0.0617719209839727
45	57	0.7475301199974553
45	58	1.434641580026829
45	59	-2.2071873341257815
45	60	0.20147574452530456
45	61	-1.904677219941455
45	62	2.369839609415522
45	63	0.2537505672765893
45	64	0.10820193671864103
45	65	-1.0460209800461036
45	66	-0.16318399009313836
45	67	0.2383221856713316
45	68	-0.05120561531248854
45	69	0.9830629877737549
46	46	NaN
46	47	0.3209632078085618
46	48	3.52460146304218
46	49	-1.848818426912925
46	50	-1.1162334191630439
46	51	-0.8009946109942967
46	52	-1.7016743182489265
46	53	-4.081875667660256
46	54	-1.2885434166655216
46	55	-3.706122693553255
46	56	-1.242313900964438
46	57	-0.5108880427964959
46	58	-0.5360151580037561
46	59	-2.2307860411941953
46	60	2.5707261874406058
46	61	3.8846085818855345
46	62	1.0512422651381832
46	63	4.608420881431009
46	64	-3.854559160499819
46	65	-1.212313579844255
46	66	1.013909499612181
46	67	-1.954870118336076
46	68	-0.2566338151208967
46	69	0.949166783661566
47	47	NaN
47	48	-2.6622320620251303
47	49	1.6348649548406158
47	50	-1.2618297372649085
47	51	-1.2587886413992506
47	52	1.8037156286908111
47	53	3.1220210651963813
47	54	0.02224720538396531
47	55	0.7352904707087525
47	56	3.2057195405941203
47	57	-0.591468995287414
47	58	0.13105675502008485
47	59	0.857348349401085
47	60	-0.1648168976538527
47	61	2.4271741447955537
47	62	0.35021478226689057
47	63	2.4599002766050035
47	64	1.4521097031723138
47	65	2.903240196660245
47	66	-4.5771319410272735
47	67	-1.7482648652639852
47	68	-2.0066995079197523
47	69	1.3197114255338234
48	48	NaN
48	49	-1.743967035536009
48	50	2.372580315562624
48	51	-1.9201256920367769
48	52	-3.2524334109092474
48	53	-2.734529339637599
48	54	-1.8717370699938312
48	55	-1.3898407088755336
48	56	-1.0137335321529932
48	57	0.07019688770416901
48	58	-1.2750600827077674
48	59	-0.6932139198245518
48	60	2.1419820811338606
48	61	2.1070589950934084
48	62	0.26173778816171456
48	63	-1.255018020262696
48	64	-1.6592658229306996
48	65	-0.11927174477593036
48	66	-0.866740216712085
48	67	0.10712679956041331
48	68	-1.0617843404593077
48	69	-3.2974841727574815
49	49	NaN
49	50	-0.9220110136976621
49	51	-0.40551474038574503
49	52	2.484759481546147
49	53	0.8417598634103639
49	54	1.4049172868867268
49	55	2.3257935135709373
49	56	1.379438704047645
49	57	-1.5189544844065712
49	58	2.1591658148456707
49	59	-0.6927550918177252
49	60	-2.7148578968415746
49	61	-2.97570535939288
49	62	-1.944044976005638
49	63	0.18608411297560698
49	64	4.402382725243474
49	65	1.4017511331297112
49	66	-1.3042681356891483
49	67	-0.5448892117187603
49	68	0.932681230626319
49	69	-0.7389210700866212
50	50	NaN
50	51	0.8140667829720836
50	52	-0.7481499080467207
50	53	-0.39520464819436746
50	54	0.21323153452337396
50	55	-0.35284325376027487
50	56	-2.678036754717462
50	57	-2.3554505951921807
50	58	0.1216951670794231
50	59	-1.298008086703339
50	60	0.7899640568034899
50	61	-1.7977323826032896
50	62	2.582628031702341
50	63	-0.30843070849252546
50	64	-2.0339300740282473
50	65	1.829122887080244
50	66	0.43559249359800334
50	67	22.19066895995771
50	68	-0.6169534370102028
50	69	-3.290490302521462
51	51	NaN
51	52	-4.029196524757619
51	53	-3.1445543085090946
51	54	4.015987818007106
51	55	-1.6551072789478132
51	56	-1.2928948858421105
51	57	-0.13417596890995923
51	58	-0.38868599734180387
51	59	-0.33165892007745224
51	60	-0.4663235567696511
51	61	0.23959383276648685
51	62	1.5748436771639267
51	63	2.763090789117011
51	64	-1.2992060195492336
51	65	-1.432107669206279
51	66	2.8823589069440434
51	67	18.01731648942835
51	68	0.7844773390907543
51	69	-1.8263889205253887
52	52	NaN
52	53	-0.08485308673724345
52	54	-0.6533651133024644
52	55	4.432163248025843
52	56	2.3923579353739277
52	57	0.7814203070728822
52	58	2.256636526893808
52	59	-0.37911394472981197
52	60	-0.7250946149157472
52	61	-3.2018679967935557
52	62	-3.899907885814239
52	63	-0.9949502047904103
52	64	4.013909579588968
52	65	2.152803899064588
52	66	-0.07853258309702939
52	67	-4.35120588706412
52	68	-3.122640646647508
52	69	-1.7784427967895833
53	53	NaN
53	54	-0.27839666511459477
53	55	4.958224233189332
53	56	3.095455823298514
53	57	0.17185484205282756
53	58	0.9912953224688198
53	59	0.4243935587739281
53	60	0.43618359661736716
53	61	-2.2124621826827218
53	62	-3.157449443304576
53	63	3.264319786871874
53	64	-0.45555370574880316
53	65	0.08082869023816985
53	66	1.1682996731440949
53	67	-4.083273644768422
53	68	8.641665489561081
53	69	2.386242185709411
54	54	NaN
54	55	1.4779228123429484
54	56	-0.9985339321590426
54	57	-2.5388470993322314
54	58	2.0496281022654963
54	59	-0.6587118280868086
54	60	-3.0551020551961097
54	61	0.6290067159463526
54	62	1.529324307797774
54	63	1.346142380365627
54	64	0.18684779957646233
54	65	3.047803097990772
54	66	-1.1434638537037767
54	67	5.355010283652739
54	68	-0.5780660948346094
54	69	-0.8514927692853518
55	55	NaN
55	56	1.1089215324909631
55	57	1.6890283302438558
55	58	0.7898117366155947
55	59	1.3773719546222463
55	60	-0.7574623490309185
55	61	-2.0208743870636683
55	62	-1.3210922740985218
55	63	1.0456395455569445
55	64	3.0681604930875706
55	65	-1.2438382822745886
55	66	1.0888993722419829
55	67	-2.33770632551966
55	68	1.5567932251361603
55	69	0.40437518665845346
56	56	NaN
56	57	1.2155464084513856
56	58	3.4291911445141374
56	59	0.17518872368729133
56	60	-1.3364343521524618
56	61	-2.6029745561270863
56	62	-2.592479072842297
56	63	1.6346703521466937
56	64	1.9761111876081232
56	65	2.1021871201321645
56	66	-2.92426949910144
56	67	0.8800741748168001
56	68	-3.5468555829049104
56	69	1.1512952724532917
57	57	NaN
57	58	1.6419909110004283
57	59	1.2579144619263993
57	60	-0.05283413529523301
57	61	1.3203077601965176
57	62	-1.836672328845337
57	63	0.022694373296397213
57	64	2.8043401359744657
57	65	0.4907633307441371
57	66	0.14576994269883795
57	67	2.436421296842286
57	68	-2.8477249078551337
57	69	-0.7318484046765313
58	58	NaN
58	59	-0.14257262507860194
58	60	-3.455394536185957
58	61	-1.3431486652830291
58	62	-0.6918683868006943
58	63	-0.18162372447818054
58	64	0.7216397985703767
58	65	0.7518892815404157
58	66	-0.4860160502120643
58	67	0.08231208613524832
58	68	0.36288970176665586
58	69	-1.0517695899235575
59	59	NaN
59	60	0.10895711180696102
59	61	1.8109676536988153
59	62	-2.935376932420201
59	63	-1.8784048397594064
59	64	-0.6211965104505086
59	65	-0.5418548239158602
59	66	-1.0202668507926624
59	67	-1.3478303717702078
59	68	-0.5694588169894875
59	69	-1.2503767404359885
60	60	NaN
60	61	7.4467120450288515
60	62	1.4505996807721286
60	63	-0.713209257192683
60	64	-4.16308691376034
60	65	-1.929020824922948
60	66	1.3236225253316176
60	67	0.4112731900570441
60	68	3.0035046599178803
60	69	-1.2891315302397623
61	61	NaN
61	62	1.9745854887013892
61	63	-0.6901511487002338
61	64	-1.3533674136165201
61	65	-1.8491488206280942
61	66	2.587078250760187
61	67	0.466599657491598
61	68	1.496861764820348
61	69	-1.922240313467441
62	62	NaN
62	63	0.0764258926179308
62	64	-0.8315614581045827
62	65	-2.756420907095073
62	66	2.6347250014349086
62	67	1.7039693482655938
62	68	-1.1332922585100527
62	69	-0.9924592241395231
63	63	NaN
63	64	1.5682972055062616
63	65	1.6287710766906296
63	66	2.151346482349248
63	67	-2.9025606151755325
63	68	-0.8977818592918155
63	69	-2.4689880978532193
64	64	NaN
64	65	2.932611651560433
64	66	1.0916326170920776
64	67	-0.3649649274016328
64	68	-2.186146933829141
64	69	0.0319470813565343
65	65	NaN
65	66	0.0035456860087431366
65	67	0.5567607459348292
65	68	-0.9695332502503182
65	69	1.747594713860141
66	66	NaN
66	67	0.22258750130799973
66	68	9.080280235570427
66	69	-2.658974576142701
67	67	NaN
67	68	1.9919270046630706
67	69	1.489392657736966
68	68	NaN
68	69	0.9623295201465298
69	69	NaN
