1	1	NaN
1	2	0.15782904621540556
1	3	-0.45037143820014447
1	4	1.2731786899151896
1	5	2.603131790022162
1	6	2.0145197869214764
1	7	5.880041370758913
1	8	2.9509142831516604
1	9	1.8940216116032493
1	10	-1.6659653521547373
1	11	0.13672890690753903
1	12	-3.0182676944943654
1	13	-0.41021626190632887
1	14	0.07429421670525552
1	15	-2.038784265348993
1	16	-0.9043775479929806
1	17	0.8952328382792317
1	18	0.09452282678775754
1	19	-0.743036230067563
1	20	-0.1253120712310689
1	21	-1.0780196495480898
1	22	-1.2934155515373214
1	23	-1.6508341675260731
1	24	2.910021113192202
1	25	-0.7806672049697342
1	26	-0.36105920766037847
1	27	2.547515207035692
1	28	-2.9287653377750056
1	29	-1.1126240124395221
1	30	-2.4449845654118545
1	31	3.1652387194687748
1	32	-3.3934374192093566
1	33	-0.25262235332008365
1	34	-2.277539621890296
1	35	-0.3614411243881345
1	36	-0.2719376832144731
1	37	1.6326395014516584
1	38	0.8257871988930966
1	39	-0.502335225896876
1	40	1.6315053021346928
1	41	1.7456346331256578
1	42	-1.0006201395555248
1	43	-2.1573225631979653
1	44	1.5845481804724248
1	45	-0.030048277600945354
1	46	-3.867553765474519
1	47	-0.6360772778355464
1	48	-1.2924607638925905
1	49	1.7753335143192315
1	50	0.7254031787031735
1	51	0.3887656870391099
1	52	1.1437913416539882
1	53	0.5031713591781172
1	54	0.12396510362236896
1	55	-0.20295325346529597
1	56	0.43753591920544216
1	57	1.529250074414192
1	58	2.7017572604848215
1	59	-1.6556579635200832
1	60	-2.894647437309173
1	61	-1.479091791640257
1	62	0.2205226951662532
1	63	0.5373577590451163
1	64	0.48035773856841524
1	65	0.8930409566674798
1	66	-0.903307892938627
1	67	-0.2710993875616176
1	68	-2.4190201077774325
1	69	-3.129443550246278
2	2	NaN
2	3	-0.44117304387696904
2	4	0.5064999298550682
2	5	2.76264985854561
2	6	-2.3740998713236583
2	7	2.4998685558453
2	8	-2.3858105962624045
2	9	-0.022307015527846998
2	10	-0.5471200497548717
2	11	4.010671106126859
2	12	0.882695663262811
2	13	2.088876201522629
2	14	3.258864396277048
2	15	0.8218872432128845
2	16	-1.11385368658327
2	17	0.4579770953645349
2	18	-2.564080963557921
2	19	-1.2161414470551923
2	20	0.0345206087947509
2	21	1.8561675557578552
2	22	-2.620914396881869
2	23	-3.3065605569966787
2	24	-2.2308178961713137
2	25	-1.6285077778674426
2	26	2.0785416076678622
2	27	-2.1146285182260316
2	28	4.224686848125025
2	29	3.0483776621123897
2	30	4.493104783316207
2	31	0.8440845172286541
2	32	-0.9103636100108372
2	33	-2.871936781577871
2	34	-0.14578140894197827
2	35	-1.2205163251124465
2	36	-0.22629691199122215
2	37	0.10586742600207835
2	38	-0.1960452583888412
2	39	-4.112407077522881
2	40	-1.7648878478825518
2	41	-0.38826099736488084
2	42	1.1888323874288127
2	43	-0.5508732892120616
2	44	-2.0670397872185053
2	45	1.8896406931158927
2	46	2.8556364050428287
2	47	0.36484629079750885
2	48	0.6988188676706967
2	49	-1.3421190546496176
2	50	3.5315094359747654
2	51	0.04874248940048025
2	52	-1.4048491951729436
2	53	-3.587004779145346
2	54	0.9068409400497507
2	55	-0.22216439543316835
2	56	-0.023778828549904506
2	57	-0.7461950111105149
2	58	1.244783944821882
2	59	0.18203135750748878
2	60	0.42375411307964445
2	61	-0.6553948060522716
2	62	-2.651711225780994
2	63	-1.4485316956556444
2	64	-0.49771552245809486
2	65	2.540254037315276
2	66	-0.25810859217520493
2	67	-1.415204689228765
2	68	0.2945841037575099
2	69	3.536340381911002
3	3	NaN
3	4	-0.6639807420119143
3	5	3.258546547244207
3	6	-0.88793674646444
3	7	-1.9093530878941996
3	8	-3.241851292190876
3	9	-2.239082805938123
3	10	0.2238882428335433
3	11	-1.9041033992628422
3	12	-0.07351793393788185
3	13	2.3496116568863528
3	14	-5.631407192859261
3	15	0.5898038117537024
3	16	2.155795088536147
3	17	-2.18366166975783
3	18	6.342010964531233
3	19	-0.5825309178552236
3	20	0.5811319935756707
3	21	1.1275702470088933
3	22	-1.2906559839993543
3	23	0.2364909603817589
3	24	-1.7629254155805059
3	25	2.9204947624352906
3	26	-3.2703927456461814
3	27	-3.4658856996885223
3	28	0.8866828301685085
3	29	2.8631019726020632
3	30	1.320512601632157
3	31	1.5580029028887015
3	32	2.7228107080026276
3	33	-3.6218268491497456
3	34	-3.503425547902726
3	35	0.48513905768912474
3	36	-0.3186730052763743
3	37	-0.7986621362417761
3	38	-1.7237705204883709
3	39	1.2644277348790856
3	40	-3.7236803506908616
3	41	2.1611897693859663
3	42	-0.75065824876198
3	43	0.07574737265071914
3	44	-3.256934810953582
3	45	4.015665570146182
3	46	-0.07266076009789471
3	47	-2.2879793983194765
3	48	-1.6952694380857412
3	49	-2.7148210515122493
3	50	-1.1270438539041374
3	51	-2.754017508690948
3	52	-0.8712801496162572
3	53	-3.3331768708522977
3	54	-1.4199389291133782
3	55	3.5095470385310428
3	56	-2.567833463827389
3	57	-0.27394587976350493
3	58	0.8469562015348511
3	59	2.517324312758514
3	60	46.34504435509569
3	61	-2.3986066063151164
3	62	1.2935701483565856
3	63	-0.43820593022231585
3	64	-2.8704320333555193
3	65	-4.939577789851953
3	66	0.08961061367205077
3	67	2.7456029736327245
3	68	-1.5534407221223958
3	69	-2.9307413344590825
4	4	NaN
4	5	-1.7904679265501398
4	6	-2.0812077443845762
4	7	-0.4876749004943459
4	8	1.321748732176732
4	9	1.477331112700479
4	10	-0.5769004019978518
4	11	-2.8485064593782536
4	12	-2.0565204296003095
4	13	-3.5750897744978647
4	14	-0.8270967959271752
4	15	0.2765932157716085
4	16	-1.1731841635954892
4	17	-1.494289325797676
4	18	0.6804339776185783
4	19	-0.28621978036204015
4	20	1.3599462468117525
4	21	-0.9326477844335932
4	22	0.0018558931678134564
4	23	-0.28518114675444134
4	24	0.02067476340285307
4	25	0.13066725215442918
4	26	1.9039391594794264
4	27	-0.3039175934571462
4	28	-0.6196138410644041
4	29	0.3823949705789222
4	30	-1.7040693540549863
4	31	0.705347020065501
4	32	5.004376272063674
4	33	4.1042966424059735
4	34	-0.9877771605614756
4	35	-0.9703832843882181
4	36	2.098653635627944
4	37	0.5823563988510618
4	38	1.519348246475717
4	39	-0.08324957847521784
4	40	0.3924612312085136
4	41	0.41212207616841195
4	42	-0.3030481922348349
4	43	0.5466109852996516
4	44	-0.057741436943878885
4	45	-0.8760441634750059
4	46	-0.8963620475775587
4	47	0.3859475121932059
4	48	1.3643831014769086
4	49	3.540065532824677
4	50	-0.2572081072106884
4	51	4.3026583620686685
4	52	0.43648945540385753
4	53	0.6981862075672118
4	54	0.19504259312283537
4	55	0.3434917959307095
4	56	-1.5448532907724564
4	57	-3.353645585037821
4	58	-2.537938709497147
4	59	10.900805017235985
4	60	-3.870656971933179
4	61	-3.0362574011802717
4	62	-0.9902594602490361
4	63	-1.355576209269799
4	64	0.8052967264771304
4	65	-2.325196892286507
4	66	-1.2247236785469318
4	67	-2.6974941375351165
4	68	-2.2151591900464704
4	69	0.9865974307302912
5	5	NaN
5	6	-2.373402152993911
5	7	0.019932337112514104
5	8	-3.3823749614738983
5	9	-1.3942518884717947
5	10	-1.2332224350657601
5	11	2.1072110864894458
5	12	2.2980631353328502
5	13	-0.33738753438171204
5	14	-2.169268081562024
5	15	-2.3638863627230378
5	16	0.547132670845488
5	17	-0.9709119044639561
5	18	1.4414019806441616
5	19	2.8546172088510695
5	20	-2.0757851826847737
5	21	0.27966896474058783
5	22	0.013584351090770472
5	23	-2.5781060052026463
5	24	-1.7753005295069568
5	25	-1.4971406952623183
5	26	1.468045606464471
5	27	-1.2307132398504521
5	28	-1.2234165021004766
5	29	0.5173391932347691
5	30	0.3773763749556184
5	31	-1.8821992516627954
5	32	0.477043224416877
5	33	1.8563003406817884
5	34	34.0628571600038
5	35	-0.738810140928429
5	36	-1.5552695375663943
5	37	-5.073199165304255
5	38	0.4743066984692461
5	39	2.3723544373535774
5	40	-3.8575255685804524
5	41	0.6778833392887634
5	42	0.5433723610075304
5	43	5.251146860810526
5	44	-4.508373436095837
5	45	-2.0755985701338413
5	46	2.0965996778205813
5	47	-0.2737590270204197
5	48	-0.6075824052291962
5	49	-3.147642777822307
5	50	1.688963627268148
5	51	2.5693715386333107
5	52	-0.7960302615002263
5	53	-4.349063930672777
5	54	-0.9390609479604822
5	55	-3.888529829205881
5	56	-3.2766377457332383
5	57	-2.4596831771678427
5	58	1.7709446323172786
5	59	-1.0926917168060468
5	60	0.8245343414357948
5	61	5.437370772557269
5	62	-1.405969498982266
5	63	-0.37108822414681264
5	64	-1.2948890075109778
5	65	0.3215668710314345
5	66	-3.377460644216232
5	67	-2.0346265574788065
5	68	1.0259587958848477
5	69	3.5329877576942836
6	6	NaN
6	7	2.548524011449173
6	8	4.668988224026639
6	9	4.993606223184406
6	10	4.482759183388003
6	11	0.4855422650108353
6	12	-1.2682568930992686
6	13	-1.3013095096601222
6	14	-3.8845150326936317
6	15	-3.7652980802593663
6	16	2.5280940108391063
6	17	0.5580308632257224
6	18	-2.40447820472683
6	19	-1.1427123315014092
6	20	0.39189929000427315
6	21	-1.7451570091781285
6	22	-0.5885284083615208
6	23	-3.5749301119630257
6	24	0.3514897518430484
6	25	-2.9577775158852284
6	26	-0.6843633245112124
6	27	3.4388762483854345
6	28	-4.4005889582466455
6	29	-0.9251280745203692
6	30	-2.169054741790244
6	31	-2.442128925145043
6	32	0.8199236772318285
6	33	0.8141630289753915
6	34	-2.1246774337795618
6	35	1.6945339304206646
6	36	-3.0908372894812075
6	37	0.8698221487779764
6	38	3.912060142767311
6	39	0.8505518812784423
6	40	1.9485054338380994
6	41	-1.7084662858462742
6	42	-2.018876595181626
6	43	0.5149990241831612
6	44	1.8825200849579051
6	45	-2.530655945132768
6	46	-0.1217297729766092
6	47	1.0212621127544956
6	48	0.6259647011057842
6	49	2.8040533428767738
6	50	-3.345504289366488
6	51	0.9163498703368008
6	52	2.3271941294300635
6	53	0.043540451140598874
6	54	-0.8350007018001254
6	55	7.026044155086444
6	56	3.4776983948445466
6	57	1.3936314686686309
6	58	-1.8319879304966642
6	59	-2.5871496127685383
6	60	-1.371275323850146
6	61	-2.268840356941047
6	62	0.38912003571131176
6	63	0.6846498597307589
6	64	0.3609434072177101
6	65	0.9866792486506066
6	66	1.1220289397653955
6	67	2.2429027885427546
6	68	-0.7578634095601554
6	69	-2.382298529619949
7	7	NaN
7	8	-2.897873771248533
7	9	-0.7156866923659442
7	10	-1.4790716344202335
7	11	0.7937878147461384
7	12	-1.84546997561197
7	13	-3.4253767066215364
7	14	1.7262222682786623
7	15	1.5429996351534336
7	16	-1.4615313689602778
7	17	-1.5755083755178834
7	18	-0.1757974191414576
7	19	1.7431554124518758
7	20	-2.366234273795523
7	21	-1.379125804376528
7	22	1.9769038673300696
7	23	5.112018005927614
7	24	4.951968877019349
7	25	0.5049539241603638
7	26	2.4504350579626943
7	27	1.883347985829733
7	28	-2.9003841515781055
7	29	0.37069302367600365
7	30	3.6353800541855525
7	31	-4.073314631174662
7	32	2.198203054893765
7	33	-1.1353274360732026
7	34	-3.0856696797209318
7	35	-4.213262752131931
7	36	34.8153288401119
7	37	3.1929211957067767
7	38	-0.37357317917639415
7	39	-3.4321992469749842
7	40	-2.594097624432437
7	41	-1.7108531362757056
7	42	-2.0521922106193418
7	43	-0.4534776880988191
7	44	-3.0445430572048338
7	45	0.534245266931656
7	46	0.5113315318755495
7	47	-3.524589897189163
7	48	1.178694877209501
7	49	-2.556487405059343
7	50	-0.42411585082978004
7	51	0.860628521381385
7	52	-1.6626180439561995
7	53	-2.0920865354100995
7	54	-1.6063260201143585
7	55	-4.618475345538773
7	56	0.0918044465619516
7	57	-1.0593528341928133
7	58	-0.08784628799037417
7	59	-0.8825839048693692
7	60	-2.724911696805231
7	61	-1.5457982527107446
7	62	-0.028756248010532864
7	63	-3.3425995250151876
7	64	-0.15045685997342748
7	65	-1.7307284029859464
7	66	-1.274218044162697
7	67	1.4172610349075125
7	68	0.2509097957824908
7	69	-0.6275690089023871
8	8	NaN
8	9	6.259306703209856
8	10	3.257413348771012
8	11	-2.276133629603156
8	12	-2.7732580166524547
8	13	-1.442824845594531
8	14	-0.2975628411881654
8	15	-3.5182698274253874
8	16	-3.1403666728992485
8	17	2.620745047933906
8	18	-3.355349857519805
8	19	-1.656594242221408
8	20	1.3700107977275326
8	21	-1.7890401929136464
8	22	-3.0103085848901285
8	23	-2.34715913564824
8	24	5.492535010359183
8	25	-3.444440824004833
8	26	-3.217354805793057
8	27	4.410618341008127
8	28	-1.719306646074405
8	29	-1.793873092745878
8	30	-3.1245470394894292
8	31	2.806767541708122
8	32	-3.7748829530981816
8	33	-0.22054002145999999
8	34	-2.0697234771090223
8	35	5.060097454880563
8	36	-2.5609561162388754
8	37	8.660639668833037
8	38	5.075693482741031
8	39	-0.7937227000483031
8	40	6.187205647904625
8	41	-0.5423180037158583
8	42	-2.836587837068981
8	43	-2.836363435079765
8	44	5.988472198006808
8	45	-2.157068346082652
8	46	-2.5809288606180147
8	47	2.0757384977477473
8	48	-2.5462000838170504
8	49	5.528400179773951
8	50	-2.7534211834541678
8	51	-3.3057616579799047
8	52	5.862413950785253
8	53	3.9534848825197435
8	54	0.7501890260665972
8	55	5.1850990093702105
8	56	4.748323673493751
8	57	2.887035572709578
8	58	-3.788884734669477
8	59	-1.9658150346114764
8	60	-3.1466309562485577
8	61	-3.1631368913477904
8	62	-3.004386874481372
8	63	4.580163023264287
8	64	0.8517594667931532
8	65	-1.1281623258377822
8	66	-0.4700425052006225
8	67	-3.0951759372329497
8	68	-2.573909641286288
8	69	-2.8973363621479584
9	9	NaN
9	10	3.099017871758444
9	11	-1.2335524763864338
9	12	-2.0875962588618724
9	13	-1.3053010057604109
9	14	0.06349835925740581
9	15	-0.5053185227282618
9	16	-1.3826985384598012
9	17	-0.41578410545970157
9	18	3.2625617422959805
9	19	-0.7648636327138988
9	20	2.7757582116257185
9	21	0.9295085688618797
9	22	-3.371247770267415
9	23	-1.0690622644285135
9	24	2.9413370915723287
9	25	-1.1868951224619497
9	26	-1.1322472052198034
9	27	2.2514497122388275
9	28	1.3960761286961254
9	29	-2.0777692597318547
9	30	-3.1181988470607584
9	31	-1.1390420936226682
9	32	-0.22237048918217378
9	33	-3.784520883332195
9	34	-2.931334494585651
9	35	2.1919270047862467
9	36	-1.3956469556695863
9	37	-0.12696981023962478
9	38	2.265257288797826
9	39	-1.934414544782861
9	40	6.587959751762862
9	41	-0.8496710759267369
9	42	-1.9556745963533586
9	43	-1.3710997153900981
9	44	7.7486951841331395
9	45	-3.261344481844795
9	46	-5.165715776565
9	47	1.5114519273248443
9	48	-0.7804156282562006
9	49	3.927038281148279
9	50	-2.4862935978400786
9	51	-1.01830783253327
9	52	3.647877308319753
9	53	0.6210486487585836
9	54	-3.396075365099047
9	55	3.897984456979354
9	56	3.451553582155913
9	57	0.4191582117350234
9	58	-1.348384972854058
9	59	-5.834456639862983
9	60	-3.4815594546603927
9	61	-3.4154552226138306
9	62	-1.4901836434569065
9	63	2.276340563010387
9	64	-0.9277857982600949
9	65	-0.6188232774611158
9	66	-0.4676920748522074
9	67	3.1895587128255687
9	68	-1.937838452858122
9	69	-0.8168801543696709
10	10	NaN
10	11	1.6506154926086738
10	12	-1.468321309626346
10	13	1.3873090871519844
10	14	-0.6379587955196084
10	15	-1.11301945113659
10	16	-1.399784488686139
10	17	3.1647920328158285
10	18	-1.557482324075429
10	19	-1.6970174679998908
10	20	2.9342531836682095
10	21	-2.1909059196035403
10	22	-1.0690514898438213
10	23	-2.7901861709302955
10	24	3.5175378909641606
10	25	0.7288144325425374
10	26	-1.858702763724008
10	27	4.094702503491887
10	28	-2.8327672730643756
10	29	-1.6972464459034429
10	30	-0.8158418748499542
10	31	0.7200049256659176
10	32	-0.6409123413805479
10	33	-2.288043227816612
10	34	-1.7960967582443046
10	35	1.174095080320639
10	36	1.4042995505955596
10	37	1.9840895524756696
10	38	1.6202783085312529
10	39	1.1154622519363606
10	40	0.601307160396912
10	41	-2.018631845662512
10	42	-1.0723833011672166
10	43	-1.2622968684513785
10	44	0.522717116134537
10	45	-1.8309383787442521
10	46	-1.856261700908051
10	47	-0.25625957947964606
10	48	-0.6361817676503427
10	49	0.9167513568497807
10	50	-2.275589652513165
10	51	-1.9314698489204127
10	52	2.520727267138703
10	53	1.8374424520209711
10	54	-2.312267501042636
10	55	3.5261077592486942
10	56	4.490157325115467
10	57	1.9315560073186433
10	58	-0.21703117450139883
10	59	-2.411829374909103
10	60	3.551786261978024
10	61	0.044276871317891014
10	62	-2.2588206484409685
10	63	-0.16241823901291144
10	64	-0.19941715012895872
10	65	-0.5667369370493046
10	66	-3.9873141654473048
10	67	-2.3112547989862335
10	68	0.5029174648291991
10	69	-1.5663744549330607
11	11	NaN
11	12	1.1674593135999705
11	13	3.1624081112876326
11	14	0.05368180979559062
11	15	2.8390842522466193
11	16	-3.3697791007128703
11	17	-1.9770849803853172
11	18	0.08126030733664923
11	19	0.4791999585096217
11	20	-3.395562331629378
11	21	2.1774407920942296
11	22	-0.5523128076067491
11	23	0.39894432812630004
11	24	-2.3882565943761205
11	25	0.12969443167236203
11	26	-2.863095805551064
11	27	-0.17092882993451117
11	28	1.201423978339633
11	29	2.3748759215865682
11	30	0.8785466296141594
11	31	0.3200387382068596
11	32	0.6174228072984785
11	33	1.4389495963015637
11	34	3.036033645067259
11	35	-4.028898561578622
11	36	3.7038789472071802
11	37	-1.8029964956895628
11	38	-1.4211219478433121
11	39	-0.7353008444653659
11	40	-1.8285493259944716
11	41	16.204004181269553
11	42	-1.6510344755439754
11	43	4.961447183948067
11	44	-2.719908708439731
11	45	-0.7293663007735689
11	46	-4.10443608789046
11	47	-1.737442184298178
11	48	0.9158538750302019
11	49	-1.6637032482073482
11	50	3.3050968914442698
11	51	1.1832119390225262
11	52	1.5462545813691693
11	53	-3.096553575791563
11	54	0.4032621507217761
11	55	-1.9545996423234395
11	56	-2.0869891191752603
11	57	-2.0579884292969557
11	58	-0.8540602896550361
11	59	-0.28102579186646826
11	60	-5.74511437345401
11	61	2.652415088789412
11	62	1.7048892933974444
11	63	0.20786569913605651
11	64	-0.605930141036813
11	65	-3.054607010471212
11	66	-1.1854084340485291
11	67	3.208502894402794
11	68	0.7886885136918136
11	69	1.2321884128214675
12	12	NaN
12	13	-0.8879162138235253
12	14	-1.0867464345965092
12	15	-1.7277716058649497
12	16	0.40983116262817393
12	17	-3.76200439473251
12	18	-1.7875109035755445
12	19	2.127570632624903
12	20	4.807816948642451
12	21	-1.034480936705302
12	22	-3.245527723878593
12	23	-3.0503711517450856
12	24	-0.18511036939696762
12	25	-0.30548017189457455
12	26	4.542922062819092
12	27	-2.8153328642029756
12	28	1.2136180882597827
12	29	-2.146135190995544
12	30	0.46486539792751685
12	31	1.5568520481184305
12	32	-1.2945523998738646
12	33	2.368984092028435
12	34	-0.349233119845506
12	35	-2.6853200622746765
12	36	-3.6702277579043554
12	37	-1.4250411540014625
12	38	-1.0759395649815102
12	39	38.925103553053376
12	40	-2.7074529409941035
12	41	7.8293447344957245
12	42	-0.6113376820279288
12	43	2.0002186711094954
12	44	-3.8612656346446723
12	45	2.036297725854135
12	46	0.43819245389873024
12	47	-1.1000977653936133
12	48	4.532219815557618
12	49	-1.3696742725619326
12	50	0.7929361150551055
12	51	-0.14959266960523276
12	52	-2.329619144535862
12	53	-3.182248449808108
12	54	-1.8876502740949923
12	55	-2.3565905934703135
12	56	-1.8459411577549838
12	57	-1.4356613073579438
12	58	1.5153451972950551
12	59	0.21470176259315288
12	60	2.615840575896772
12	61	1.4131248919391481
12	62	-1.5014282086816624
12	63	-3.1471377816617285
12	64	-1.8760232182324552
12	65	0.556102846539303
12	66	1.0686450517114359
12	67	-0.5105309418140861
12	68	-1.293124317085389
12	69	-0.27784691193078587
13	13	NaN
13	14	0.11078929955595118
13	15	1.2748128807727108
13	16	-0.3633004072331618
13	17	-2.046020777078994
13	18	2.756040346829495
13	19	2.3379084370032945
13	20	0.07575179437272629
13	21	2.0752196362352846
13	22	-1.073711489935851
13	23	1.5122105082536301
13	24	0.2958591273008429
13	25	1.1813329603523397
13	26	6.904201264606027
13	27	-0.12749539667768475
13	28	1.8607736670728372
13	29	0.1680633670104087
13	30	-0.6439803203907688
13	31	-3.6254835220548314
13	32	1.1094651004232814
13	33	-2.3814384051147757
13	34	0.2528372039691273
13	35	2.3145384092052526
13	36	0.03763692155557323
13	37	-0.7434152558127092
13	38	0.06399185617262651
13	39	-4.028386494603263
13	40	-1.539351483492913
13	41	3.181542334659711
13	42	3.041567612913886
13	43	3.083696060223295
13	44	-1.587860164133458
13	45	-0.8634609245528085
13	46	1.8376191146648158
13	47	-0.6237480390487858
13	48	-2.352098564120839
13	49	-3.0210254681294453
13	50	5.077491908561525
13	51	1.3592114675861957
13	52	-0.7800328533986424
13	53	-3.520775016383118
13	54	-0.9254455863861663
13	55	-1.4464063542514471
13	56	-1.7691752802236984
13	57	-1.2377100921133457
13	58	-0.08476467253440347
13	59	-0.9819300041130656
13	60	1.8932144546354697
13	61	-1.9466115632509986
13	62	-4.346222291241305
13	63	-0.6905767328166227
13	64	-3.4271490734580543
13	65	-0.12782625211255952
13	66	1.4971825368629874
13	67	2.407561995574481
13	68	1.3544702862799536
13	69	1.3972296709929026
14	14	NaN
14	15	1.9600710430355681
14	16	-0.3661845120162287
14	17	0.16777700450470953
14	18	-2.521516665414652
14	19	-1.2376080157460005
14	20	-1.0561641703741909
14	21	0.8456751376922834
14	22	2.5349899513194134
14	23	0.9205316444679541
14	24	-2.3664076228351534
14	25	0.013669877208905525
14	26	-0.6706550602515051
14	27	-1.0176042150159053
14	28	0.38516265891065876
14	29	1.035798917920023
14	30	3.2545327598133276
14	31	0.10452238352489507
14	32	0.9353407549308704
14	33	0.9822450727657841
14	34	-1.1939059824079359
14	35	-1.2223458879468572
14	36	-0.9894361436482045
14	37	0.7095815083184045
14	38	-1.57701669089051
14	39	-2.759487985305736
14	40	-3.1522068361798414
14	41	-2.944525881501125
14	42	-1.0998949574482935
14	43	-1.9615241294455326
14	44	-1.3146492716200593
14	45	3.8341620556544322
14	46	1.035416246755586
14	47	0.9139267519758663
14	48	2.580394658121206
14	49	-1.8742898941886112
14	50	1.0520803426529508
14	51	-1.9380167942434359
14	52	0.41724740567054824
14	53	22.0483796998585
14	54	-1.5788882850746697
14	55	-0.14163970550560442
14	56	-2.180822458799605
14	57	0.6714449716124303
14	58	-1.3046223249733568
14	59	-1.599898092984776
14	60	-1.0991523682912994
14	61	0.05120412649633215
14	62	0.6295048383012042
14	63	-0.9935736659918121
14	64	-2.122590048000915
14	65	-2.599031301576228
14	66	0.18459903750609327
14	67	4.155649035935892
14	68	1.9284425378404801
14	69	0.4573850462491277
15	15	NaN
15	16	4.357004359709692
15	17	1.675122709647537
15	18	-1.1945754456017055
15	19	-1.7741643479475433
15	20	-1.9297418743512702
15	21	2.0567629393665428
15	22	-1.3387275755559842
15	23	-0.3628631667552224
15	24	-0.16855306941080658
15	25	3.1511814630718806
15	26	-2.784331944156125
15	27	0.1176128920436646
15	28	-0.6174450228246424
15	29	-1.6840532305049125
15	30	2.179144738916653
15	31	-0.3193706171403062
15	32	1.704891529466111
15	33	0.34388539314801836
15	34	1.8175324297725886
15	35	-1.3299702601358474
15	36	0.25160187291050157
15	37	0.5898255362861897
15	38	-1.870671242009817
15	39	-2.157640739828281
15	40	-1.314857357497933
15	41	-1.772719731019367
15	42	-0.4293467332671373
15	43	0.9716710338062029
15	44	-0.5117644683236464
15	45	-2.1757527617855374
15	46	-1.7297503521057964
15	47	-0.8484941847547012
15	48	0.2241557344563907
15	49	-2.7188912529980973
15	50	-4.674872610894297
15	51	1.2067648530533865
15	52	-0.6070345900810838
15	53	-1.6505947146242064
15	54	-0.4798414154635528
15	55	-2.822521658769103
15	56	-0.294599626084218
15	57	1.3137863810833526
15	58	1.4781200999252346
15	59	5.7637773805263715
15	60	-1.6193245156523128
15	61	1.9407271444803427
15	62	3.9851514401867503
15	63	-1.2064777456561808
15	64	5.524107382507331
15	65	3.2715433248453643
15	66	0.6990387942734066
15	67	-0.6932119348797232
15	68	3.7952273726982595
15	69	5.375625361683301
16	16	NaN
16	17	0.3545035902667689
16	18	2.233120838610323
16	19	0.0359713254067739
16	20	-1.0171980221076453
16	21	4.166907264055037
16	22	1.175650795978156
16	23	-0.8775541396054258
16	24	-3.266976743464232
16	25	0.4696161574201243
16	26	0.6309497641781738
16	27	-0.5437979371026129
16	28	0.4227466687696556
16	29	-1.850990919857126
16	30	-0.8090753381889334
16	31	-0.5548192187878492
16	32	0.5959120963618367
16	33	0.9520255037890025
16	34	5.276332229136427
16	35	1.6400657715910298
16	36	2.223017469444605
16	37	-3.03203758841093
16	38	0.3036361341998153
16	39	0.2961918314243961
16	40	-1.592176862122173
16	41	-1.4161725374397656
16	42	-2.0834716871222874
16	43	0.4387006204242342
16	44	-3.9976275031364428
16	45	0.5606437875321293
16	46	-2.7094538656771037
16	47	-5.003050889023073
16	48	2.1553996791904546
16	49	-0.6765698942624369
16	50	2.0121893099460437
16	51	3.9639144337116825
16	52	-1.7110876005454239
16	53	8.931840895209726
16	54	-0.2627273363467481
16	55	0.5628991717911982
16	56	-2.033631696649636
16	57	-1.89302176721367
16	58	2.4734717376654998
16	59	-0.45598168846495024
16	60	-0.07661095919444637
16	61	2.3612618353569093
16	62	1.0231946438013102
16	63	1.0280207736282434
16	64	3.2470337561315215
16	65	-0.8759306938164371
16	66	-0.2528248746105211
16	67	0.1417576709123586
16	68	4.562309003762494
16	69	-3.717431646473702
17	17	NaN
17	18	1.7891665584799576
17	19	-0.35325302429840977
17	20	1.8274661976917923
17	21	-1.8118623109604777
17	22	-0.6875478593124283
17	23	1.0889539468492888
17	24	2.5840044173123125
17	25	1.1826074544899068
17	26	0.5066349591745422
17	27	0.9321784017179731
17	28	0.6431799742596169
17	29	-0.8842346993180541
17	30	-1.1337749221849804
17	31	-1.1920121585597123
17	32	0.3063570649509211
17	33	-0.07999209461766285
17	34	1.06115934297538
17	35	0.03795986804326286
17	36	-2.358307799660631
17	37	0.6610155774597309
17	38	0.7806852722661304
17	39	-2.483609126281157
17	40	0.5666418661481878
17	41	-1.7794854448972057
17	42	-2.2244266837221454
17	43	-2.290046539265598
17	44	0.9579601954504403
17	45	0.6572209701160511
17	46	0.3929473970522566
17	47	-0.7723460156986861
17	48	-0.1017610272678999
17	49	2.9725542952348545
17	50	-1.1573080327213876
17	51	1.094085132968709
17	52	0.7955959381190966
17	53	6.158046925576237
17	54	1.2314905047199478
17	55	2.740285289439573
17	56	0.7312507776664829
17	57	0.8032951393044176
17	58	-1.469992183016604
17	59	-2.247557649410646
17	60	-3.4657450867928716
17	61	-0.9621469609840488
17	62	-1.7060658599998373
17	63	0.46470099886302685
17	64	-1.0910550814031346
17	65	1.9378609500547954
17	66	-2.8402030739156343
17	67	-1.045374402896756
17	68	-1.176575609661867
17	69	1.5895637499260855
18	18	NaN
18	19	1.3850755365366594
18	20	-2.048128483694314
18	21	2.7834720484665336
18	22	-0.5414082439024621
18	23	0.24465021496629533
18	24	-2.2777771027464615
18	25	4.012417369203111
18	26	2.255548399795215
18	27	0.8368583982371038
18	28	1.944310232957505
18	29	2.3912075711479677
18	30	1.1698129848181957
18	31	2.652833185797122
18	32	-1.0420384106343887
18	33	-3.1276027812259946
18	34	3.020087955997677
18	35	-1.9508879986965426
18	36	-0.8069781395197961
18	37	0.07380426031930362
18	38	-2.792810178718348
18	39	1.26378166190336
18	40	-3.202091941961624
18	41	-2.9640583377005103
18	42	3.2288789068208095
18	43	1.675417479974023
18	44	-2.8584381870974793
18	45	0.4884026033062263
18	46	2.809826994740743
18	47	-1.499000971511454
18	48	3.3993535049536723
18	49	0.4164127848853893
18	50	0.43611410325999433
18	51	-1.5711066332225752
18	52	-1.992230878899869
18	53	-1.5650966632757777
18	54	-0.09110030148717534
18	55	-1.7358048328518039
18	56	-0.9390945821045814
18	57	-0.9238571056234497
18	58	1.456370597992619
18	59	2.095743314727365
18	60	0.9998692148712257
18	61	-0.9075895426912196
18	62	-2.1499152498878935
18	63	-2.8858496075452855
18	64	-2.227734427545573
18	65	2.168493665402948
18	66	-2.1640223901836317
18	67	-2.528873650843198
18	68	2.379866651501634
18	69	3.7143227589742787
19	19	NaN
19	20	0.3661110806896865
19	21	1.2934128761891197
19	22	0.6573587233828908
19	23	1.7792846599922605
19	24	-0.046077666328166934
19	25	1.6035329473548985
19	26	-0.6433805928909944
19	27	-1.2101642902791265
19	28	1.6912982711652544
19	29	2.6114746502112003
19	30	1.7438994402843457
19	31	0.23261137572149143
19	32	-2.157673610753099
19	33	-1.5797589292950047
19	34	-0.3105160300753837
19	35	-0.6313646020509541
19	36	0.5923492209815485
19	37	-0.39137110947934206
19	38	-1.4399995586619225
19	39	-0.04487170273064487
19	40	-4.736050445047234
19	41	1.7996976852490034
19	42	1.3634518364424701
19	43	-0.3803168583852451
19	44	-1.3618391220636161
19	45	-0.8827776773746071
19	46	1.2656223713618209
19	47	0.11412477503932546
19	48	2.7279637518909823
19	49	-0.1772309716411369
19	50	5.541938922213276
19	51	-0.8785210608316064
19	52	-1.104608828831306
19	53	-1.080893781078079
19	54	2.826356566417151
19	55	-4.029753140569393
19	56	0.14938982001861673
19	57	0.23907413678127487
19	58	2.632552183488148
19	59	1.7955641961165
19	60	0.19321853200027628
19	61	0.2112660146066643
19	62	-2.432673187649265
19	63	-0.8746251019276806
19	64	-2.72338941507437
19	65	0.6579189851767467
19	66	-0.5387189475171211
19	67	-2.691729286106357
19	68	-0.3913805426593348
19	69	1.240781174284132
20	20	NaN
20	21	0.5479009283123717
20	22	0.4084274587095097
20	23	-0.4830681073156539
20	24	0.5635739225494002
20	25	-0.25517995749973466
20	26	-2.0121533471407966
20	27	-0.5470833821217186
20	28	-0.7278037589049655
20	29	-2.035134174639282
20	30	0.8183824237451757
20	31	-1.3917161782619207
20	32	-0.8813925376111211
20	33	-0.1008762119633758
20	34	-2.8708626756399793
20	35	0.8605779235958705
20	36	0.9266682408062721
20	37	-0.05261175727399397
20	38	0.4908073437171912
20	39	-1.8804034736983415
20	40	1.0701287682900025
20	41	-2.0920680623227423
20	42	0.7026557728345
20	43	-0.393221187063401
20	44	0.9806394473460485
20	45	1.1985823231897592
20	46	1.7739789431808293
20	47	0.9065790752790798
20	48	0.6525034685582026
20	49	-0.3472512854992783
20	50	-0.6159972784338916
20	51	-0.19486324753434522
20	52	-0.6906821591172713
20	53	4.158256680899447
20	54	-0.46631154297676813
20	55	1.939342952822812
20	56	2.6382118575371107
20	57	0.4813795138228918
20	58	0.30214326091110744
20	59	1.2728209742316094
20	60	-0.9114808962913411
20	61	0.5038115052987421
20	62	-0.32318769199315434
20	63	-0.1309803914327026
20	64	-0.5182965995934318
20	65	-1.8780376580631126
20	66	-2.080192618337745
20	67	-3.517769898382032
20	68	-2.2946922565014956
20	69	1.2967907261312648
21	21	NaN
21	22	2.184023467386516
21	23	6.1456886834825895
21	24	-1.529644254808296
21	25	-0.7694865592849931
21	26	1.0894372318113381
21	27	-2.6720829995313933
21	28	1.6415950581785823
21	29	0.39686753045987694
21	30	1.0984221520778141
21	31	2.2386464953518446
21	32	0.6393913149656484
21	33	-1.1179536786773492
21	34	2.366950757099589
21	35	-3.6102513489371346
21	36	-1.094878487398672
21	37	-2.9582296256965015
21	38	-2.16317079739753
21	39	2.2696708711665754
21	40	-2.3204260078603767
21	41	0.8583110017733352
21	42	0.7081102182936376
21	43	1.3020833659403355
21	44	-2.965503498800211
21	45	0.5318230200943279
21	46	0.6305079294560644
21	47	-3.204751750085777
21	48	-0.2831674399270408
21	49	-1.4866166335110056
21	50	-0.553987889211167
21	51	0.6981817467777178
21	52	-1.3730926402315882
21	53	-1.568269759571546
21	54	1.503452256061023
21	55	-2.2346098681442177
21	56	0.6321396719734846
21	57	0.4613319268122163
21	58	1.3860296004597694
21	59	-0.5902896204533283
21	60	-0.9464270911350486
21	61	2.348121757400165
21	62	-2.3933806780535547
21	63	-1.6079162544059744
21	64	-0.34203234385162007
21	65	1.5217995807025975
21	66	0.11230127445649635
21	67	1.1930042649806303
21	68	-1.0718323070080913
21	69	0.9539174614314023
22	22	NaN
22	23	0.6731040976741629
22	24	0.09686710477369853
22	25	0.08369651627316718
22	26	1.6143645895601206
22	27	0.45288437865361963
22	28	3.0181457795641915
22	29	0.14172156582385173
22	30	2.8175683335078214
22	31	0.787873241403467
22	32	6.388478462237331
22	33	3.0843636625455146
22	34	0.9831754551090442
22	35	-3.688569902133267
22	36	3.285509044255285
22	37	-0.8693376606977563
22	38	-1.9744546428753111
22	39	-2.8657019965651678
22	40	-2.674404016200998
22	41	1.2113680849985256
22	42	4.188064305744496
22	43	-0.3292820249145854
22	44	-2.242063179183832
22	45	0.8142099642201488
22	46	-1.0313250712207127
22	47	-2.8990220776069546
22	48	2.0113866676374164
22	49	-1.1697894539753353
22	50	1.6707990682599798
22	51	1.7353553216135233
22	52	-3.3286945137114863
22	53	-0.8764128546790833
22	54	0.9937933127874131
22	55	-0.4576455840123128
22	56	-2.342735790808485
22	57	-0.7113050276060778
22	58	-2.8872642971638993
22	59	5.6852430549814015
22	60	0.5059117840972649
22	61	-0.5124784049185683
22	62	-0.9016548234520514
22	63	-2.312321113406479
22	64	-2.4093770887576076
22	65	3.206723195222484
22	66	1.295704898428224
22	67	1.0083721642613157
22	68	5.276483980325917
22	69	-0.5807103906227069
23	23	NaN
23	24	-0.8046581304062826
23	25	-2.3337104962390853
23	26	-1.2293728610882804
23	27	-2.6667427980326006
23	28	1.50716661903757
23	29	0.01899702117292053
23	30	0.0533914947326939
23	31	1.840098618899574
23	32	3.1662234752388128
23	33	0.6869536055278741
23	34	2.077676439445302
23	35	-0.2145253444619773
23	36	-2.216101809198803
23	37	-1.0496693773950954
23	38	0.10481914092995434
23	39	-0.5170084946418587
23	40	-1.7215308763674804
23	41	-1.7916879157510959
23	42	-0.6807817988442499
23	43	0.808505359401881
23	44	-1.3428229660660098
23	45	2.926833839054546
23	46	1.0022293984984876
23	47	-3.1209445329965315
23	48	4.772704600192199
23	49	-0.8647564109102086
23	50	1.6566546974133756
23	51	1.8809074050229002
23	52	-0.7141845002094884
23	53	0.0704931138998134
23	54	-1.4804021247871169
23	55	-2.2362761088889718
23	56	-1.656315926063123
23	57	-1.1347365469037485
23	58	2.6745578303330144
23	59	2.08259728499311
23	60	0.4968602167162768
23	61	-0.3893784626795099
23	62	2.4375469351139056
23	63	0.2279329857797298
23	64	-0.7663624479921205
23	65	1.428582250342596
23	66	0.9349544287299872
23	67	1.7917952468559861
23	68	-0.3357825334802556
23	69	-0.2918173821603647
24	24	NaN
24	25	-1.9632369561934393
24	26	-1.8700882233369935
24	27	2.8455662238796258
24	28	-1.783791332859081
24	29	-0.6426381496917136
24	30	-1.4943518250789254
24	31	1.236096459789647
24	32	-1.8284418663489403
24	33	1.3885912119454142
24	34	-0.10329945166845039
24	35	4.625717580005331
24	36	0.7457869047482721
24	37	0.8997077804837702
24	38	2.7484007906035433
24	39	-1.8719519740891635
24	40	2.2036412660884737
24	41	-1.7432179928820164
24	42	-3.175814453396382
24	43	0.05627693027649365
24	44	2.4391282650459365
24	45	-2.5409222091755663
24	46	-3.8079608828612703
24	47	2.514522936368904
24	48	-2.0448953521373947
24	49	1.9310281012594521
24	50	-2.560976366470142
24	51	-1.6477638966873427
24	52	4.1874285048905255
24	53	-0.052580233443771406
24	54	0.7492823922500265
24	55	4.819467985980969
24	56	2.6101587767540746
24	57	0.8384327889551585
24	58	0.14424149588977783
24	59	-2.9339848183800217
24	60	2.245624233714979
24	61	-3.189661846108404
24	62	-3.3122972625165303
24	63	1.54228261894376
24	64	0.8287567181086741
24	65	-3.7287396159595274
24	66	1.0332878042178852
24	67	-1.3833444682490905
24	68	-3.597470232983183
24	69	-3.200125883381907
25	25	NaN
25	26	1.7860761329380854
25	27	-0.26382971373323877
25	28	-1.5003376468408007
25	29	-0.611150355330957
25	30	0.8725682844581281
25	31	-0.7381526249663198
25	32	-0.03224664123204466
25	33	0.586845072624942
25	34	3.091856217968756
25	35	-2.9962791778968407
25	36	-1.8089690094336848
25	37	-1.2076771646663615
25	38	-1.3887422135118412
25	39	3.1591768614266216
25	40	-6.099895581953809
25	41	0.8371322208617532
25	42	6.2364479855808606
25	43	0.1193993827475973
25	44	-4.997015737813818
25	45	-0.5924532634653426
25	46	1.6249080705448866
25	47	0.5740519988341128
25	48	-1.0350122305326612
25	49	-2.0987385828129956
25	50	2.286609323707619
25	51	4.688216185738783
25	52	-2.5071452413786774
25	53	-3.489133464641163
25	54	3.6819521719681267
25	55	-3.5098133745285267
25	56	0.9050502433617598
25	57	-3.5182366345696447
25	58	-1.0713751521738861
25	59	-0.629985614727771
25	60	4.342914222500652
25	61	3.39164988820169
25	62	-0.25345205467850485
25	63	-2.2760519647575665
25	64	2.858364612555577
25	65	1.3642576818137953
25	66	2.857653636804356
25	67	4.631821252284246
25	68	-0.2616424002143859
25	69	0.4998281389040072
26	26	NaN
26	27	-0.5220466885674838
26	28	3.8475675236288502
26	29	-0.20491145634730962
26	30	0.06360722449270048
26	31	1.0690436657511506
26	32	-0.2644990022394031
26	33	1.560472543180878
26	34	-2.414530975491352
26	35	-2.1676983983772757
26	36	-0.18788826310579412
26	37	-0.4106380060386797
26	38	-1.5619112459933346
26	39	1.8298482072375388
26	40	-3.4679838876794546
26	41	1.9161743792274135
26	42	-0.21986806565937597
26	43	-1.1539265111126402
26	44	-1.2923039071582785
26	45	0.01379549698378682
26	46	3.3610935295383046
26	47	-3.386452839716722
26	48	0.5688039595224873
26	49	-0.06753807456601152
26	50	-0.26450131359377044
26	51	3.004645950652
26	52	-0.8055098336672418
26	53	0.43460347297689306
26	54	1.0883323752726548
26	55	1.7250191797482168
26	56	0.5917685523292013
26	57	-1.18727843340471
26	58	-2.2321580252787614
26	59	0.8200449452352558
26	60	1.18845613951156
26	61	1.008026268992917
26	62	0.5745239097020154
26	63	-2.192604777655531
26	64	-1.216325574184204
26	65	-2.6286660764252217
26	66	-0.7849981145265904
26	67	0.6950148577808438
26	68	0.5801848241319852
26	69	5.072227033478362
27	27	NaN
27	28	2.4797917551742636
27	29	-1.694039951566736
27	30	-2.6608457224717648
27	31	4.065979184173428
27	32	-2.0282210512096337
27	33	-0.9624295656476997
27	34	-1.8261566118123391
27	35	3.583012358392629
27	36	0.8256997820091682
27	37	1.5458544986296687
27	38	2.859979679132668
27	39	1.6926214249027718
27	40	1.8496208676056989
27	41	-1.8080283745799253
27	42	0.6742347893665366
27	43	-5.159606567793326
27	44	3.253424825298599
27	45	-2.7319582178937094
27	46	-2.074956255287295
27	47	0.05557299738078457
27	48	-5.078798640469517
27	49	1.7230502930246914
27	50	-2.5794718733411837
27	51	0.19848217814934976
27	52	1.716560360668625
27	53	1.8625142775679882
27	54	-1.336220259160531
27	55	1.941112378086482
27	56	1.1206791673925964
27	57	1.4688296741863627
27	58	-0.5185531617286893
27	59	-1.7677790464531038
27	60	-3.5408843450500225
27	61	-3.6584956239955426
27	62	-1.1532622038202038
27	63	2.0684948976030006
27	64	0.29781181858677186
27	65	0.4418851251174673
27	66	-0.6324705862935291
27	67	-2.3728000976551944
27	68	0.3721446881008679
27	69	-0.8503584491399713
28	28	NaN
28	29	3.8299334785029955
28	30	-1.5601817786791758
28	31	0.9772678359544134
28	32	2.537177356841202
28	33	-0.1785041574176447
28	34	3.2426090617249517
28	35	5.237802630538953
28	36	1.1994674090219126
28	37	-1.0059533104325507
28	38	-2.6119535161858223
28	39	-0.8314785208455386
28	40	-1.8742030203803222
28	41	-1.3874114916972726
28	42	-1.3774482214996573
28	43	1.0458070104451203
28	44	-3.015058854187625
28	45	3.1755788591464054
28	46	0.653758539856494
28	47	-0.04974339855045329
28	48	-0.1624497043461105
28	49	-2.6377901364249388
28	50	-2.3765085112897246
28	51	0.9848092787118676
28	52	-0.501539077816507
28	53	-0.6372190794273739
28	54	-1.3212517661632448
28	55	1.2603382333950301
28	56	-0.2001580704151252
28	57	-0.8859048820474923
28	58	0.026525961972312037
28	59	1.8114987055579177
28	60	-2.7219192662914313
28	61	-1.0059777010561926
28	62	-2.933232998927282
28	63	0.7642098768376197
28	64	-2.033618686986925
28	65	-1.2614003164481362
28	66	-0.33674260264121986
28	67	-0.06695056922124809
28	68	-0.6534332721098699
28	69	3.0210755189311547
29	29	NaN
29	30	1.4327199660043797
29	31	-0.8806437809448469
29	32	4.016069795460881
29	33	-1.4644059872571071
29	34	1.681910200515477
29	35	-0.7399111293129447
29	36	-0.1094634341691847
29	37	-0.16939130069794597
29	38	-1.5963966037723654
29	39	-0.17516884847702202
29	40	-1.7723905714086197
29	41	1.0380368957285777
29	42	2.3058908463438255
29	43	1.4956273196367595
29	44	-2.656933125989792
29	45	-1.7742743828442902
29	46	-0.5173126000096574
29	47	-2.35641984764672
29	48	-0.3949462955018072
29	49	-2.0936716433784532
29	50	0.8542020817202064
29	51	5.6451550910413175
29	52	-0.8915514153998704
29	53	-1.0132489533070212
29	54	-0.6818199026637786
29	55	-1.8408776918276153
29	56	-1.8306640780823946
29	57	-0.9867799028690596
29	58	-1.9574177829449397
29	59	0.7786637235030893
29	60	1.6859826294385607
29	61	2.2995756175447353
29	62	4.177271823687909
29	63	0.12746492524821745
29	64	1.0604148494019536
29	65	-1.4978182679224783
29	66	-1.888335232822397
29	67	1.3398579164205087
29	68	1.1058015568554218
29	69	1.44666264391924
30	30	NaN
30	31	-1.7474439425427892
30	32	2.5463042552142863
30	33	0.724311435638414
30	34	1.3766884640550299
30	35	-3.2402700589631888
30	36	-0.20514068468713154
30	37	-2.4762739167223566
30	38	-2.309024969731642
30	39	1.443384981985461
30	40	-3.925016444086316
30	41	3.4093575861120557
30	42	-1.9822734532723063
30	43	0.7000548143787191
30	44	-2.9929747851262523
30	45	1.3857956195153216
30	46	0.3138606470816981
30	47	-0.15262597438218464
30	48	3.2149712504707906
30	49	-0.9895403738735593
30	50	3.057704892611907
30	51	5.080960033780216
30	52	-3.3946425100703155
30	53	-1.7998786105855793
30	54	0.23979849247953802
30	55	-2.735260300253324
30	56	-0.4431497486117195
30	57	-1.9949037231462228
30	58	-0.18867749542286655
30	59	1.448251990172175
30	60	0.6532912496224028
30	61	1.1270978632383313
30	62	2.745998467505288
30	63	-0.6507160313445757
30	64	0.7982642002549797
30	65	1.4906185977594388
30	66	1.0613743379530525
30	67	0.7453134014696626
30	68	0.9626165406673965
30	69	-4.163910455118756
31	31	NaN
31	32	-1.8153021807361949
31	33	-2.5291573910123004
31	34	-0.7424153296496155
31	35	3.397824749983629
31	36	-1.9196387421033683
31	37	0.8308448373181653
31	38	1.1867202273112354
31	39	-1.0162197673961841
31	40	1.0955729864047603
31	41	0.5084756009623024
31	42	-2.6523095084112738
31	43	-3.2427496342505684
31	44	0.38407182535691153
31	45	-1.099218939706931
31	46	-0.529507348766123
31	47	1.424265706946948
31	48	0.12163382139068704
31	49	1.1970938528511985
31	50	-0.7127189391710513
31	51	-0.2316271575962399
31	52	0.562027479025778
31	53	-0.7914061453003199
31	54	-0.13583694347418973
31	55	2.0344189621085365
31	56	0.9964319203172203
31	57	1.3604869205205083
31	58	-0.5968125720483347
31	59	0.11302470306937037
31	60	-2.16450149715595
31	61	-0.821872559006409
31	62	0.5926299421891575
31	63	1.8690109117444156
31	64	-1.1304772042044964
31	65	-0.5655868118348931
31	66	-0.43161611899262287
31	67	-2.409064894142512
31	68	-1.8239997260692293
31	69	-2.1080975792385668
32	32	NaN
32	33	0.9600213195688164
32	34	1.32578408939869
32	35	-3.587617810540772
32	36	-7.029912016264559
32	37	0.1891130606500058
32	38	0.6619037471220615
32	39	0.33989749275348874
32	40	-3.73868973040609
32	41	-3.762023856259944
32	42	-0.777229865707078
32	43	5.474851878078975
32	44	-3.4386984815367136
32	45	-0.5154145684142316
32	46	4.637687043430634
32	47	-3.6841492951209576
32	48	-0.8320282444367515
32	49	-0.4774880611574011
32	50	1.239104831506905
32	51	1.3481350372794891
32	52	-2.7147679552655415
32	53	-2.8180639348515775
32	54	-0.4494874456472817
32	55	-2.732313759118451
32	56	-5.442631213010132
32	57	-2.9062449201791827
32	58	-2.7360473776967265
32	59	1.2967745190803295
32	60	-1.066882059711914
32	61	-0.1609592153172093
32	62	7.01084777652836
32	63	-1.3931854676133755
32	64	1.4111235391205394
32	65	2.6382871389689635
32	66	3.2697337268274596
32	67	3.2095585309323313
32	68	4.249120602112448
32	69	5.780590637668383
33	33	NaN
33	34	1.80243131297176
33	35	-1.706977247149165
33	36	-3.7171049538039522
33	37	0.3434371938986793
33	38	-1.567681001039629
33	39	-1.5095272393456711
33	40	-0.5084272364955674
33	41	-1.2290456089054493
33	42	0.47257977160202586
33	43	2.157597546160693
33	44	-0.2715281938969003
33	45	3.1518436982658384
33	46	2.205445450064282
33	47	-0.560420135876252
33	48	-0.48167409479475976
33	49	-1.5470834590108664
33	50	-0.02184465853703517
33	51	0.6481323411053584
33	52	-0.7081757333394424
33	53	-0.6469460637215122
33	54	-0.31075603143802727
33	55	-3.1662223257750313
33	56	-0.46531774964382805
33	57	1.7664876433375714
33	58	-0.6703399814419349
33	59	1.7230723532867918
33	60	1.297901672264863
33	61	1.6678383228166889
33	62	1.5186106780357427
33	63	0.6107240509607557
33	64	-1.404668401166926
33	65	0.6584519297756511
33	66	4.161223135665297
33	67	-0.8916387297231949
33	68	1.7505323380376814
33	69	-0.7647424304817788
34	34	NaN
34	35	-2.40709685990874
34	36	2.4999973384540803
34	37	-2.038229482049367
34	38	-0.7749695721489409
34	39	-2.1642110707967097
34	40	-4.3048017866848625
34	41	2.5241340397074548
34	42	1.2743309073010682
34	43	5.859224725944894
34	44	-3.3693788355379537
34	45	2.8734253667071843
34	46	-2.9673412192984423
34	47	-0.7420628267716777
34	48	-2.162081660187636
34	49	1.864237725777163
34	50	0.5298959588361569
34	51	-2.3623548488207042
34	52	-1.970677365517921
34	53	-2.893731667564481
34	54	-0.9394349078324534
34	55	-3.8041422964839273
34	56	-4.9641534669191305
34	57	-2.11754055335842
34	58	-0.2237956042697113
34	59	1.161080458560414
34	60	3.782131576039111
34	61	0.056450305934564224
34	62	-2.2041286819647725
34	63	-1.9011230065849853
34	64	-1.0500778700523516
34	65	1.0439271715899072
34	66	-2.093521008771647
34	67	0.5988111482339892
34	68	-0.0424584483387363
34	69	0.0732399843279408
35	35	NaN
35	36	1.3633222598027208
35	37	0.45059700516528467
35	38	4.439910133104498
35	39	-0.572688152411183
35	40	2.216668674396257
35	41	-0.9120021476313326
35	42	0.10483589495233774
35	43	-1.444476537621068
35	44	2.7594407248299064
35	45	-2.1504997808394304
35	46	-1.125744391786717
35	47	0.2988605180366856
35	48	-3.163777857521126
35	49	2.6147146784896695
35	50	-1.4972624268793062
35	51	-0.5540714663351546
35	52	2.990568866412345
35	53	1.6539187042388017
35	54	-1.0692821761247735
35	55	4.000369734880884
35	56	1.9605718561923897
35	57	1.275593080675238
35	58	-2.884254048350926
35	59	-2.1572821228753174
35	60	0.8142884085387027
35	61	-1.2202122397390658
35	62	1.7675129357542796
35	63	1.151158243274331
35	64	-0.9883207643046704
35	65	0.3500109607850498
35	66	-0.29353687468885586
35	67	-2.34556383533292
35	68	1.9547578640239516
35	69	-3.8184742013351847
36	36	NaN
36	37	-1.2766184954773192
36	38	-0.36427512521542216
36	39	-3.0944691260570703
36	40	-1.6348890952056214
36	41	1.8595966455620374
36	42	1.7564875530847777
36	43	-3.042159188757266
36	44	-3.391641090337542
36	45	-0.22309859904661797
36	46	-0.5937242532179472
36	47	-0.34417904605763916
36	48	0.34748029954402115
36	49	-1.5874013673765837
36	50	-3.9756932177871325
36	51	-0.7322329802377843
36	52	-2.0497405690523487
36	53	-2.0733538368331614
36	54	-1.7618434121837332
36	55	-3.4344107728460656
36	56	-2.8050491940009254
36	57	-0.8930671851310609
36	58	4.993080174528168
36	59	3.6740694957177373
36	60	1.12566260401041
36	61	2.3580979857220354
36	62	3.548401553445693
36	63	-2.2518201296899725
36	64	-2.844531944172742
36	65	-1.658355115641101
36	66	3.747609415589814
36	67	0.17954835015293572
36	68	1.0595081912568918
36	69	1.095031985768855
37	37	NaN
37	38	3.081113111140358
37	39	-1.4955061000689682
37	40	1.6251654718347375
37	41	0.9947813083433485
37	42	-0.5002752142752699
37	43	-0.6236898163026573
37	44	2.0358929851794056
37	45	-0.3617258664076118
37	46	-2.8140038903748588
37	47	-0.0030482624706327046
37	48	-0.6545295275809182
37	49	3.813427636174373
37	50	-1.8291654161032618
37	51	-1.0973553794486506
37	52	3.1029547073199955
37	53	0.22861884902668908
37	54	-1.6093797741242264
37	55	1.5200868380640882
37	56	1.2882098825496224
37	57	0.2609892368272536
37	58	0.11794273282499022
37	59	-1.997116375877719
37	60	-2.0854473575835333
37	61	-0.5122863167873489
37	62	0.7695106274866841
37	63	3.1560021650712526
37	64	-0.05371824968553094
37	65	-2.5283954936100876
37	66	-1.604839000490779
37	67	0.8262221673456124
37	68	-1.7692932626886138
37	69	-1.0848422812256378
38	38	NaN
38	39	-2.0080615457003397
38	40	2.390581265920289
38	41	-0.5350958366792536
38	42	-2.7103068074859906
38	43	-1.4137411669996764
38	44	3.155853597652917
38	45	-1.6328131503053886
38	46	-3.0776437157743866
38	47	0.10186787568949872
38	48	-2.2621356320652413
38	49	2.905295200408827
38	50	0.3257548174817727
38	51	-3.66272939486848
38	52	3.3679088922940985
38	53	5.545582317028309
38	54	-0.7432732550178587
38	55	1.8642715012314797
38	56	2.55000314097043
38	57	1.4803389805808342
38	58	-0.6450509988561718
38	59	-2.8455467926308957
38	60	-2.50480793514622
38	61	-2.5883467804773352
38	62	-1.2199646064463148
38	63	3.565963943649178
38	64	1.1248545773674912
38	65	-1.0272279363141577
38	66	0.785371656043869
38	67	-2.723873133438318
38	68	-1.6491708819370274
38	69	-1.058662614092532
39	39	NaN
39	40	-2.1043860162482306
39	41	-1.26001111584487
39	42	-0.3364160913965633
39	43	-2.65227255618567
39	44	-0.7782956094729393
39	45	1.9253330800386477
39	46	1.940093941759937
39	47	2.978667314779121
39	48	-0.7462347021844367
39	49	-0.9085336522281494
39	50	-0.270152654944627
39	51	-3.3864449922838435
39	52	-1.5639876070067937
39	53	0.6444819269165195
39	54	-3.3704098753938196
39	55	-0.9205110083047267
39	56	-0.5459297755665983
39	57	-0.0305968375832926
39	58	2.8448007865378573
39	59	0.00271482847403935
39	60	-1.792112330635715
39	61	3.0118468983700577
39	62	0.77362911239457
39	63	-2.7176413486724997
39	64	1.055927621993515
39	65	-0.9363759173982826
39	66	-0.7677847807289453
39	67	0.6699058723323985
39	68	-0.48396421371082265
39	69	0.26544109306322006
40	40	NaN
40	41	-2.6004276392896166
40	42	-1.6780412959756865
40	43	-2.2257080018386017
40	44	56.4428722387471
40	45	0.1403049620863615
40	46	-3.1273649857101558
40	47	0.7065830930108629
40	48	-1.2636090330537577
40	49	3.3223100670195804
40	50	-2.8734953831177754
40	51	-3.4607779005901316
40	52	3.6093722057762276
40	53	0.9735717626698024
40	54	-0.7037168034444357
40	55	2.379289994755562
40	56	2.1239116762826646
40	57	2.2981975023188297
40	58	-3.506725280809538
40	59	-1.6703126172987217
40	60	-3.740278236367241
40	61	-0.5467499010411206
40	62	-3.520585918463591
40	63	3.1900972668217715
40	64	-0.8693060854674031
40	65	-1.6449820473679
40	66	-0.18964138593195132
40	67	-2.5465201640015955
40	68	-1.0896321716512378
40	69	-2.479553668035581
41	41	NaN
41	42	-1.231206110164038
41	43	1.9608273732972386
41	44	0.3434793941281454
41	45	1.9897249190504955
41	46	0.2499469583119968
41	47	-0.834648395196196
41	48	-2.5424972391012393
41	49	-0.2852284447513136
41	50	-1.2751957947974388
41	51	3.813705767814039
41	52	-2.0384230861786117
41	53	-1.6035543621681365
41	54	-0.9491167231886889
41	55	-2.3585810351278194
41	56	-3.0228192170494554
41	57	-0.5194708534541597
41	58	0.8551450072127601
41	59	-2.804636448092602
41	60	0.21319736284979277
41	61	0.7606892842115853
41	62	1.5556882701511248
41	63	-1.4784426099058698
41	64	0.15995526489817743
41	65	1.281033286228486
41	66	-0.8600126483889803
41	67	0.0785445158762911
41	68	-0.5128413733976517
41	69	-1.6878887594527152
42	42	NaN
42	43	0.43940227648852936
42	44	-2.7164536739883838
42	45	-1.5581462663612553
42	46	2.1443291453666293
42	47	-2.380220959579251
42	48	2.017318975174563
42	49	1.6047170850045351
42	50	1.0164806442066494
42	51	1.6673239340882908
42	52	-2.2022247875480065
42	53	-2.909962320546859
42	54	-0.4157252111234395
42	55	0.00435337078777066
42	56	-1.5059656799748096
42	57	-0.4743304162430427
42	58	2.551426883208482
42	59	3.484595668179192
42	60	2.2860672617385482
42	61	1.7998063872592516
42	62	1.837831411173721
42	63	-2.293430097464985
42	64	-0.8600031727261159
42	65	3.615155165213494
42	66	2.353387630983922
42	67	2.437823049458683
42	68	0.8840422737613735
42	69	3.1241225135024178
43	43	NaN
43	44	-3.2140533766003547
43	45	1.076911824677113
43	46	1.866913294860581
43	47	-0.11715946399423087
43	48	2.0811908575230156
43	49	-2.7201454785987536
43	50	-0.8519782040206797
43	51	0.2591945130754341
43	52	-1.2940897419412183
43	53	-5.075297134498186
43	54	0.9988937116605783
43	55	-1.4889602692445991
43	56	0.4749419961294856
43	57	-0.6445104614344433
43	58	-0.10227720680419194
43	59	-1.2360795099971424
43	60	3.7809242585914777
43	61	-1.194375522467398
43	62	1.7949978802307673
43	63	-1.0504835898949174
43	64	-1.6868290230753176
43	65	0.5668466553356745
43	66	1.188414270879457
43	67	3.384782416306302
43	68	1.2984127119398483
43	69	2.694081922798432
44	44	NaN
44	45	-2.0417215670528512
44	46	-4.612963160406836
44	47	0.6490413479907109
44	48	-3.2702253672272725
44	49	3.82496076928421
44	50	-1.803650008396231
44	51	-3.5608442304295265
44	52	4.287871394496518
44	53	0.18575605292121106
44	54	-1.621151048806694
44	55	3.41539099701482
44	56	1.905726355481333
44	57	1.4079353793667209
44	58	-2.009279120328769
44	59	-1.8356511822637864
44	60	-3.3494118686233745
44	61	-2.6223575044902123
44	62	-2.0588913298236187
44	63	3.2121290055340936
44	64	0.031219084853599074
44	65	-1.365283065430041
44	66	-1.4663585727659403
44	67	-2.969407552491225
44	68	-1.5119859019700044
44	69	-4.616329860911174
45	45	NaN
45	46	5.846677279984709
45	47	-1.0058068213735771
45	48	-2.0641809539150224
45	49	-0.0815551706945768
45	50	2.1329319514849883
45	51	-1.184581884063492
45	52	-0.5043569915421802
45	53	-2.0120135655167375
45	54	-0.5230656542985115
45	55	-2.872889482823662
45	56	0.818585538920021
45	57	-2.576140724722585
45	58	1.0137470125985415
45	59	1.336089037636673
45	60	0.051707907811884064
45	61	3.2810096795198342
45	62	-0.28224163932530977
45	63	-0.7568892652062995
45	64	-1.6468630285892998
45	65	1.8992304021450193
45	66	-0.16146179134900426
45	67	2.132986987042382
45	68	-1.583456866222594
45	69	-1.6910245683687855
46	46	NaN
46	47	1.1177640642960098
46	48	3.4221513037237377
46	49	-2.385269756568598
46	50	2.0100047888111896
46	51	0.12342167034545397
46	52	-2.0311964856404603
46	53	-0.12042338700523648
46	54	2.1579126642479305
46	55	-2.420300113606906
46	56	-1.3421605754620278
46	57	-0.18611913000344749
46	58	1.0660670533721006
46	59	-2.1414297614794373
46	60	0.7642027942838694
46	61	1.4159245650957946
46	62	4.350785742966707
46	63	-0.07367132838830898
46	64	1.0670540221000604
46	65	3.4424078281967714
46	66	0.8505029133019082
46	67	-0.7318839063561506
46	68	-0.6546964795676362
46	69	2.076550211793464
47	47	NaN
47	48	2.16773154575211
47	49	2.4560697213581175
47	50	0.2907743252057585
47	51	-1.7023130191645992
47	52	1.2016914388927757
47	53	0.5004009824861899
47	54	2.4859029859501716
47	55	0.3153150799051942
47	56	4.787992670092944
47	57	0.1968004576709558
47	58	13.098446127542895
47	59	-0.054776275612035706
47	60	1.9042930648405778
47	61	-0.7049140137188299
47	62	-0.1302335959408596
47	63	8.306183271152696
47	64	-2.103018396867435
47	65	-0.8040545140447084
47	66	0.17197250096504668
47	67	-1.6943169132235862
47	68	-3.7818483990245757
47	69	-0.3203877423008184
48	48	NaN
48	49	-2.2905222851958693
48	50	1.461458057504807
48	51	1.964996049128673
48	52	-1.0521251629008839
48	53	-1.3113512108629302
48	54	1.2538575880866252
48	55	-1.2187332032396911
48	56	0.44575387374491393
48	57	-1.035882640447631
48	58	0.6584617431837362
48	59	-0.4322656419648814
48	60	-2.645797610118179
48	61	0.4342431763028672
48	62	0.7685133026010857
48	63	1.639031234759451
48	64	2.397378359265858
48	65	-0.2393024494028897
48	66	0.18002594052276705
48	67	3.2049220972285775
48	68	1.403887317160127
48	69	-0.2742800903423832
49	49	NaN
49	50	-1.9991442423521253
49	51	-0.6346091919869259
49	52	3.0272419050023798
49	53	0.6446744827449398
49	54	1.9622271288419786
49	55	3.241513054446525
49	56	2.9242963282611574
49	57	0.06736160552352201
49	58	-3.16105569810993
49	59	-2.609597577895164
49	60	-3.3525976064645935
49	61	-1.3046566877891428
49	62	-2.6878852155653723
49	63	2.123669988200109
49	64	-0.12729699075132223
49	65	-1.235426261558297
49	66	-2.135035184209866
49	67	-1.434382146565271
49	68	-1.9408868626530145
49	69	-0.06835211137563131
50	50	NaN
50	51	2.756938184870652
50	52	-0.5857723981957891
50	53	-1.368646684659874
50	54	-1.2298286059986283
50	55	-1.0854188482070668
50	56	-0.41396879232644745
50	57	-1.9188500716350811
50	58	-2.816467749748221
50	59	1.2774400376779476
50	60	-0.06142093778491527
50	61	-1.269160116554419
50	62	6.297823303933057
50	63	-2.108875598044898
50	64	0.5732719530764512
50	65	-0.2858525951574766
50	66	-0.5039917934629091
50	67	1.0914965037628237
50	68	1.9724550272404042
50	69	3.685371004426193
51	51	NaN
51	52	-1.6561298129117101
51	53	-0.5624024468181241
51	54	0.508430570850232
51	55	-2.5970909284905948
51	56	-2.576682183026185
51	57	-0.15424367718664855
51	58	2.3308864418245845
51	59	2.263672057212931
51	60	1.2100258679386036
51	61	0.37719825535200685
51	62	-0.2818332224597875
51	63	-2.541191917992164
51	64	-1.3084623453696202
51	65	-0.2459682135983967
51	66	-1.8214945905997566
51	67	-1.2291643623388684
51	68	0.986332551067774
51	69	0.8902687150152757
52	52	NaN
52	53	1.2557089085108049
52	54	-0.7963675506740657
52	55	3.4312663997709754
52	56	2.1996893513205715
52	57	1.7436763113059752
52	58	-2.7866679981656524
52	59	-0.5264370771111504
52	60	-1.1659188914331151
52	61	-1.2419455928847438
52	62	-2.970293929149152
52	63	2.9239895226466293
52	64	-0.10117098297222127
52	65	-0.8485437651891279
52	66	0.06348606129713869
52	67	-1.6940000168781635
52	68	-1.9524264345734623
52	69	-2.4599839240765835
53	53	NaN
53	54	0.10466299377457841
53	55	1.6194404968510792
53	56	2.269838503922911
53	57	1.515763240075254
53	58	0.7479929833233073
53	59	0.026452222840311557
53	60	0.45263322224449826
53	61	-4.058536598651481
53	62	-3.3226442829657126
53	63	1.7413149938019779
53	64	-0.6592244953898185
53	65	-0.3318084612271609
53	66	-1.700850563796406
53	67	0.46668348909561574
53	68	-3.7457027158838976
53	69	-0.5584779985187557
54	54	NaN
54	55	-0.7743202976871667
54	56	4.319179415345708
54	57	-0.20658774734844956
54	58	2.781813228796522
54	59	0.871150277244763
54	60	-0.6013342824040672
54	61	1.6246545259163434
54	62	0.16656849363342474
54	63	0.30818664541604956
54	64	0.2142021538207838
54	65	4.086587504787875
54	66	-3.1251657642434396
54	67	0.848423541869306
54	68	1.685633377630086
54	69	1.888458174449617
55	55	NaN
55	56	3.8030261198973645
55	57	1.8636450784778447
55	58	-0.7999385591476659
55	59	-1.7532585879462015
55	60	-3.681086645087654
55	61	-0.686891770545492
55	62	-1.445553288474769
55	63	0.2559108935471751
55	64	0.22708548274255916
55	65	0.5217256103868267
55	66	6.538611300285304
55	67	-1.9503629201829251
55	68	-0.6822010496045395
55	69	-2.216400822650622
56	56	NaN
56	57	0.4757484370540487
56	58	-2.810642315360758
56	59	-2.5240669383414507
56	60	-2.1109406900476513
56	61	-0.860387264630318
56	62	-0.8222211426112631
56	63	1.2166806881339962
56	64	-0.29464726159486243
56	65	0.05370094676999843
56	66	-1.3513381729833
56	67	-1.9707187523262595
56	68	-3.113042926008242
56	69	0.052474939631199535
57	57	NaN
57	58	1.6487201671505458
57	59	-1.7323410390921201
57	60	-2.023138926832573
57	61	0.6574265575359539
57	62	-0.8533062240710808
57	63	0.9629086389043993
57	64	5.433470499906233
57	65	-0.9025978249922024
57	66	0.7598397810712445
57	67	-0.6807514717464398
57	68	1.1582080027923858
57	69	0.06902767562957433
58	58	NaN
58	59	-1.5492719655310139
58	60	-0.9407982509843402
58	61	1.7995127526139438
58	62	-0.7624377207930166
58	63	0.7897057045528193
58	64	4.181013313368929
58	65	0.09856474382574666
58	66	0.2875699933446056
58	67	0.5140706790156093
58	68	0.6901970192821728
58	69	-0.7459220904597781
59	59	NaN
59	60	-1.6546082831664204
59	61	1.3454186302982851
59	62	-1.1976862723770731
59	63	0.9640874337913865
59	64	3.057456364400716
59	65	-1.272020930819584
59	66	0.0753351159665435
59	67	-2.1616490509960355
59	68	3.3912057949465924
59	69	0.6093990517820495
60	60	NaN
60	61	0.6512944534680457
60	62	0.797260682050712
60	63	-1.9414206709273099
60	64	-1.8659760599377266
60	65	0.2577902391634406
60	66	-0.7208333426304111
60	67	2.9467364126742908
60	68	-2.188883018512578
60	69	1.1215077117492
61	61	NaN
61	62	4.14440312558749
61	63	-0.8702994924511835
61	64	1.1068177874673484
61	65	2.4250388226678328
61	66	3.3160118876418423
61	67	-0.8958741946409128
61	68	1.9534769065153041
61	69	-2.6755122349141454
62	62	NaN
62	63	-0.4406710209927535
62	64	0.451002278609527
62	65	2.808440025194181
62	66	-0.47213054265822824
62	67	-2.2576743512540354
62	68	4.763427405775237
62	69	4.484001365400849
63	63	NaN
63	64	-0.04411141007148991
63	65	-0.5468102087593758
63	66	-0.35142327663115075
63	67	-1.541602120000251
63	68	-3.07863072702839
63	69	-2.3216355876703174
64	64	NaN
64	65	0.4165130514351036
64	66	0.6274074668289817
64	67	2.9841739779622203
64	68	0.4071094437707376
64	69	1.6758624137760154
65	65	NaN
65	66	-2.3083820692854053
65	67	1.9544931189549175
65	68	1.7025639466993967
65	69	-0.21612655007232634
66	66	NaN
66	67	4.280823322079147
66	68	-1.242139554654278
66	69	2.978528910467281
67	67	NaN
67	68	3.3839081933754467
67	69	-0.8707833650459493
68	68	NaN
68	69	-2.3698419397825963
69	69	NaN
