1	1	NaN
1	2	-2.5839344977622747
1	3	-0.4127078167102286
1	4	-1.9490623232560074
1	5	7.824467388510463
1	6	-1.170229973083261
1	7	2.08161794686142
1	8	-0.001245325748476255
1	9	-0.26058388195913557
1	10	2.039023465178176
1	11	-0.9580872579273516
1	12	-2.0446967468898936
1	13	-0.8602879867726997
1	14	1.7581964287629848
1	15	0.8301918143481439
1	16	-4.298460299626801
1	17	0.12123036875403412
1	18	-1.844847285813199
1	19	-2.158835003638344
1	20	-0.8334373378230115
1	21	1.6839831295428151
1	22	-0.9767761498553335
1	23	-0.6035599269365
1	24	0.21477991694260742
1	25	-0.3157893895102601
1	26	-0.8365929017990121
1	27	-1.2609420770018285
1	28	-1.1252733358093205
1	29	0.9295235492773314
1	30	-1.1140508358695467
1	31	-0.4749611031361616
1	32	0.7788236366185411
1	33	-0.9266829554057944
1	34	-0.6545638922001087
1	35	0.6825468901125349
1	36	4.0435716237219905
1	37	-1.0626468662298711
1	38	-0.06637483771197714
1	39	0.21442916634525835
1	40	1.511872209203945
1	41	-1.816989598284397
1	42	1.0837139203753894
1	43	-2.5768754219864847
1	44	0.15638272936842457
1	45	3.0394640669693413
1	46	-1.3393567084897722
1	47	-3.0011976528911766
1	48	-1.3250026059760214
1	49	-2.097257211968695
1	50	0.37566627717195494
1	51	-0.5760934435905707
1	52	0.9031431385044576
1	53	-1.1475744551027478
1	54	-0.22288853515673496
1	55	-0.6034227728998951
1	56	-0.006419532679776313
1	57	1.4641617194240577
1	58	3.0607817725256985
1	59	0.9260216997950554
1	60	2.995377718897846
1	61	2.670654981421022
1	62	-0.7495126266823945
1	63	-0.29878502470703866
1	64	0.2736657463485418
1	65	-0.6951128069597717
1	66	-0.9519625205280892
1	67	-0.36364741061424094
1	68	-0.7024874928812993
1	69	1.0470165468641544
1	70	0.0007920285403547078
2	2	NaN
2	3	-0.0015148367651184704
2	4	-1.6175453284914054
2	5	0.8795739595242391
2	6	-1.4354620909060631
2	7	-1.1517045946640232
2	8	-4.0481015196914205
2	9	-1.5953317867585635
2	10	-0.07965440825311025
2	11	1.9609121135666114
2	12	-0.8319076289622804
2	13	0.6558599298740491
2	14	3.193837013075358
2	15	2.601883205693967
2	16	1.7617345817841115
2	17	-1.7038119303230197
2	18	-0.5567282147591323
2	19	0.4070203390341535
2	20	1.1805476613992854
2	21	-0.33076130086964683
2	22	-0.41495825076907883
2	23	-3.2949739368970135
2	24	2.316802567178756
2	25	-3.5463146339251668
2	26	-2.577895547167202
2	27	0.23620424184358438
2	28	0.9533076530923064
2	29	0.8646748797329181
2	30	-0.3887353434362715
2	31	-0.4259707150285916
2	32	4.298461801205449
2	33	-1.0280907231582181
2	34	0.0782367261158879
2	35	-2.025367300701717
2	36	4.023806614821141
2	37	-0.22426950881820812
2	38	-2.7029364968741962
2	39	1.240939100010275
2	40	-0.5108690924247778
2	41	3.9678252136598884
2	42	-0.31650647087526085
2	43	3.7609328077706583
2	44	0.11953922618481942
2	45	2.963577328551914
2	46	-0.1807985255982299
2	47	3.765481293184795
2	48	8.485535467676957
2	49	-2.0632884810454124
2	50	0.9628095342352101
2	51	-2.6484864533037653
2	52	-1.8670211321245545
2	53	-0.9076178670510041
2	54	-1.619608116900007
2	55	-2.55443169492183
2	56	-0.9891808642005657
2	57	2.4129812209110546
2	58	-0.84386374331329
2	59	1.3584056208381134
2	60	3.431480612312828
2	61	2.547775230481269
2	62	-1.366465440165552
2	63	0.8001074385390573
2	64	0.986739132097685
2	65	-1.9747994216474063
2	66	-0.9956763309633194
2	67	-0.05241251954816394
2	68	-3.4449782179921575
2	69	-0.3307140872745453
2	70	2.3482521228053415
3	3	NaN
3	4	0.5669024855469816
3	5	1.5119261431202715
3	6	1.2956819664458998
3	7	-1.7450887591447202
3	8	-1.596131758032615
3	9	-3.229068834921891
3	10	-2.5499765918141675
3	11	2.7777283928647747
3	12	-0.5751002926928801
3	13	-1.6565644698356015
3	14	-4.223113841554383
3	15	0.3689096986011275
3	16	2.2343929677359227
3	17	-1.4434132902439207
3	18	4.962078376703604
3	19	0.5750490824619392
3	20	2.1219877158902904
3	21	1.4966324650318534
3	22	1.0804003455188844
3	23	2.7012614340068914
3	24	0.3340875837342085
3	25	-1.7742378281067521
3	26	-1.0035864067591034
3	27	0.8415827766836796
3	28	0.07705051253112231
3	29	-2.5710196736502136
3	30	-4.137484435538787
3	31	-3.23602579652064
3	32	4.11217957828479
3	33	-1.6903619269623325
3	34	0.8888109530774786
3	35	-1.0893070386748451
3	36	3.4153937284707965
3	37	2.592569903290637
3	38	-1.073305650948233
3	39	-1.171517334615229
3	40	0.6402219692424719
3	41	-4.685890921397014
3	42	-0.8779549543101959
3	43	0.6904015014787273
3	44	1.4348080336106919
3	45	1.0198412224325706
3	46	2.478362057934925
3	47	-0.2946258611216388
3	48	4.801425559399656
3	49	-1.8657485605738875
3	50	-2.0196835747400415
3	51	0.8162213687263274
3	52	-2.7505874113191435
3	53	-2.3606393719651635
3	54	-2.9720936109866316
3	55	4.215551331454077
3	56	-2.501240370158277
3	57	4.084948838978378
3	58	-1.6121919180452888
3	59	2.046064833977399
3	60	-0.028357465062819855
3	61	2.3143430186984237
3	62	3.431701073584218
3	63	-0.7845457114139638
3	64	-0.38346576765623946
3	65	0.89577368994944
3	66	1.269965526125828
3	67	-1.5846914270629884
3	68	2.3729901915185043
3	69	2.0791052874499396
3	70	-2.472559133881059
4	4	NaN
4	5	-3.2768042338953896
4	6	2.8355584757932246
4	7	2.5593276996431302
4	8	0.7026348373676014
4	9	1.0355637387110863
4	10	1.7220151017078476
4	11	-1.0384697944631391
4	12	-3.1477948403385305
4	13	0.4063720735277092
4	14	0.35860241385563535
4	15	-0.8683984904086519
4	16	0.47709301874023585
4	17	0.978168898137817
4	18	-1.901560868651306
4	19	-1.111456204111334
4	20	-0.1981999505428888
4	21	-1.5930743048037166
4	22	1.370083471390641
4	23	-3.5597584551950776
4	24	2.688024789633753
4	25	-0.991766427874388
4	26	0.4492918096950391
4	27	1.0998163808259056
4	28	-1.1117949370069091
4	29	-3.418951697562588
4	30	-2.5212465665268606
4	31	-0.09438011516203516
4	32	-1.4643967337756303
4	33	6.927170045774229
4	34	-2.7073810115433203
4	35	3.586092226281186
4	36	1.9357202981973292
4	37	-0.6185747008168261
4	38	1.2552035222521036
4	39	-1.0519553948858
4	40	-0.17134134004195778
4	41	-0.9094264114549429
4	42	-0.6033771080957946
4	43	-2.230804428435285
4	44	-2.7690157199835825
4	45	-2.652625083802452
4	46	-4.580327385282986
4	47	-2.822189863285956
4	48	-1.3250790800579757
4	49	-0.325515381525631
4	50	-0.9233646799190153
4	51	-2.5520272818858682
4	52	3.1336960222667947
4	53	3.280498322194456
4	54	2.4314321280789444
4	55	0.89230583442907
4	56	4.025608209563626
4	57	7.137317017882524
4	58	-1.0919694345349649
4	59	7.225726843640915
4	60	-1.6392278199384913
4	61	1.7491433245894377
4	62	-1.4862427853216837
4	63	-0.045378520348838894
4	64	2.086620068662957
4	65	1.0869209218458595
4	66	-4.129528506619558
4	67	-0.7829559111815126
4	68	-1.3251142859150837
4	69	0.22938318522195272
4	70	-1.450432858888218
5	5	NaN
5	6	-0.7540419410845992
5	7	-3.1245481967543682
5	8	-2.5260186144696126
5	9	-1.4909968646527356
5	10	-3.2500255992272646
5	11	-1.371277415856679
5	12	-1.1271135135015355
5	13	-2.703232603214308
5	14	-2.587199197815727
5	15	-1.1830109917667346
5	16	-1.0545507057021664
5	17	-2.831511765080867
5	18	-0.2752206981578295
5	19	-4.032545792702972
5	20	-1.015523680710119
5	21	-3.0818721680135286
5	22	-4.14268932839067
5	23	1.4747364628533566
5	24	-2.3747713677496765
5	25	2.915316097211523
5	26	-2.2317182332276158
5	27	0.3211774416113722
5	28	-2.0243329475291203
5	29	-1.7132597518110089
5	30	1.500055076406672
5	31	-0.6196952850587453
5	32	1.8544743000614838
5	33	0.9157503097077104
5	34	71.39191984311434
5	35	-5.4456444396244175
5	36	14.163753779428326
5	37	-0.16630208966868595
5	38	-1.4572204734952738
5	39	-2.016414177177895
5	40	-3.2132930712835033
5	41	0.2948129271015353
5	42	-2.640959723499994
5	43	-0.9260214733311134
5	44	-1.5661148080591512
5	45	-2.3118835353261598
5	46	-3.4040550721748652
5	47	1.8099693082489872
5	48	-2.1949470519148466
5	49	-1.6271343750247402
5	50	-2.381281643615611
5	51	0.03199447179893754
5	52	-3.021497723520932
5	53	-3.5911657639097125
5	54	-4.273996076341497
5	55	-0.6349640202069089
5	56	-3.149372170595522
5	57	-0.5088050316183531
5	58	-2.070502379602704
5	59	-0.28271707273341556
5	60	-5.876510749960745
5	61	-0.015764548581632586
5	62	-3.513083457464486
5	63	-1.8049800371177558
5	64	0.650431634858968
5	65	1.0043473444878155
5	66	0.8737894210577883
5	67	0.5404985676114451
5	68	0.6964441728472233
5	69	-1.8078643186034202
5	70	-0.5624719486902492
6	6	NaN
6	7	1.2829648534289255
6	8	3.6953350513816043
6	9	2.0996203699284757
6	10	1.6388165247440452
6	11	0.92157205847025
6	12	-0.45554338170990855
6	13	0.44373274776313404
6	14	0.7599062940740526
6	15	-3.168187940005445
6	16	-2.2717767996540177
6	17	-0.06842896760082585
6	18	-0.8745413173840361
6	19	-0.11442519607250608
6	20	0.7843212783249028
6	21	-0.3418860825431586
6	22	-2.1334395177307077
6	23	0.7468236399104559
6	24	2.886591770182588
6	25	-0.8736780075852948
6	26	-2.5708433931733725
6	27	-0.7541214932922712
6	28	-1.0667840732729705
6	29	-1.9238091990670607
6	30	-1.220428183396193
6	31	-0.24890175111542806
6	32	0.949206486324247
6	33	5.0339762280917775
6	34	-1.1505002824977895
6	35	2.0427290272176393
6	36	0.9625413617758403
6	37	-0.5753705726338029
6	38	2.5477201739407658
6	39	0.27148143946826997
6	40	1.1503782951873323
6	41	-1.8576513940984085
6	42	-5.014797749907164
6	43	0.43021961783758933
6	44	-0.24919212489770468
6	45	-2.53060958313751
6	46	1.1481583889938174
6	47	-2.0894102300088546
6	48	-3.295359800877061
6	49	0.22477899231179746
6	50	-0.9681520697206903
6	51	-1.8878319862448416
6	52	3.3724673607228635
6	53	1.7330695331544739
6	54	0.022302858470287946
6	55	-0.031215036551627218
6	56	1.8773075435708921
6	57	-2.4441227016591065
6	58	-2.4414309546642956
6	59	1.6654045207613855
6	60	0.1612144411902613
6	61	-1.1871480977990598
6	62	-3.7536197454169864
6	63	1.9461776975393512
6	64	-1.0821176516023865
6	65	1.3154875290517056
6	66	-2.572455890290009
6	67	2.9166168938849832
6	68	-1.7933461875878838
6	69	4.102436238574197
6	70	-1.2633761931644736
7	7	NaN
7	8	0.78296701021309
7	9	3.002595890054673
7	10	1.5570023295594424
7	11	0.5400238930435183
7	12	-0.3889438047742624
7	13	-0.4789601715643854
7	14	-1.3990872606205467
7	15	-2.1690317573743316
7	16	-2.6780754190561793
7	17	0.7757391838025357
7	18	1.7651217728092872
7	19	1.1541034630427054
7	20	0.6619780289457102
7	21	2.5934406022755336
7	22	-0.6132223723190923
7	23	-1.63786685620765
7	24	1.7096231856759716
7	25	-1.4894134303832596
7	26	-4.1360257530220945
7	27	-1.8835856972574214
7	28	0.4945518808660538
7	29	-2.3377678233838606
7	30	-1.816463842691335
7	31	-1.7428254041692062
7	32	3.2529478584199834
7	33	-3.320857498706144
7	34	-2.6973097538058903
7	35	2.537066745550544
7	36	5.100259025542346
7	37	-1.3148383388384135
7	38	1.5912994271601046
7	39	0.3962196007634918
7	40	0.6283422859234644
7	41	-3.346913059128402
7	42	-0.7225910773298211
7	43	-5.60945254521074
7	44	0.4458765826151159
7	45	1.289466958765711
7	46	1.3645406508235118
7	47	-1.3474716808421507
7	48	-0.20142252480801734
7	49	-0.12945087401398903
7	50	0.34361648644708254
7	51	0.12817831840242386
7	52	5.211770617981102
7	53	1.1697057727660984
7	54	0.011696757058416236
7	55	2.3428191629632726
7	56	3.696887773502066
7	57	-1.3110553310712396
7	58	-1.9643466828268674
7	59	-1.9885913053876236
7	60	-3.4349439842832505
7	61	1.1375385349941638
7	62	-2.0614115124687284
7	63	1.4727150196001337
7	64	2.602667010084411
7	65	1.4976715200548543
7	66	-1.433929155042051
7	67	-2.52340387140707
7	68	-1.0593344183674396
7	69	-0.5770812810089747
7	70	-0.2972604257088459
8	8	NaN
8	9	-1.3079295122827321
8	10	1.5646639207490687
8	11	-0.2476447400328725
8	12	-1.5096628436206447
8	13	-1.0371833399530255
8	14	-1.2942598518601869
8	15	-1.4526890040055331
8	16	-3.091147408686805
8	17	3.423178967141305
8	18	0.14511006924878345
8	19	-2.73763168033395
8	20	2.0202949469999223
8	21	-1.6277981471301635
8	22	1.8709495794924678
8	23	2.185676299157754
8	24	4.273401417511606
8	25	-0.08311132946350004
8	26	0.03430358006424522
8	27	3.7664172629389125
8	28	0.884625126821876
8	29	-3.121709394670151
8	30	-1.0783741555911148
8	31	1.340534706770708
8	32	-1.715184251579575
8	33	-0.6594545421872202
8	34	-2.4800733731683726
8	35	4.2915477536881586
8	36	-0.09837403632661683
8	37	4.313882447471182
8	38	1.3190860855191004
8	39	-1.3851052729213063
8	40	0.6243849600326233
8	41	0.2581548062744087
8	42	-0.41874512070611053
8	43	-3.8740526513618376
8	44	0.40915030807743225
8	45	-0.4475864041515615
8	46	-0.6744273013524429
8	47	-1.9363143736899788
8	48	-2.1275110971777322
8	49	-0.7062208932349687
8	50	-0.6258512100873707
8	51	-1.4400262024462058
8	52	2.8515455535854057
8	53	-0.3011736895105387
8	54	0.4027336666665697
8	55	0.18997548852768223
8	56	5.414201531840155
8	57	-0.5539123725629989
8	58	-1.4104119355841773
8	59	-2.6464125247810184
8	60	0.22308976249193127
8	61	1.0355976913183043
8	62	-1.0357806086642805
8	63	3.153106368485945
8	64	-1.6990912376846077
8	65	-1.7681055891951996
8	66	-1.1584641343056157
8	67	-0.2213270288891943
8	68	0.00226775024533941
8	69	0.300689624527513
8	70	2.3187898568499192
9	9	NaN
9	10	1.6031226284715123
9	11	-0.8110753262445556
9	12	-1.38353262960425
9	13	-2.9698297748047775
9	14	-0.7735081545821965
9	15	0.6532315621689537
9	16	0.5147009980276511
9	17	2.593011957312764
9	18	-2.0742086578758996
9	19	-2.4128815771526417
9	20	0.5306411206878797
9	21	-1.7952638630165816
9	22	-2.6922376601282867
9	23	0.34875487643790093
9	24	4.559079416168624
9	25	-2.373333308837314
9	26	-0.9239998217486171
9	27	-0.8684175743655717
9	28	0.6406655920787858
9	29	-2.8356341763462765
9	30	0.09006571076351368
9	31	-1.513482744801678
9	32	-0.23878831078460644
9	33	-1.6249209925001566
9	34	-0.7500952459725182
9	35	3.1239311476133214
9	36	-0.5331751025829029
9	37	1.7569011570761177
9	38	2.761621030462641
9	39	-1.3431484083600669
9	40	5.346408349323135
9	41	-2.1150493160949093
9	42	0.6486803092009285
9	43	-0.23165209880047663
9	44	6.692792248206666
9	45	-0.3176870032610664
9	46	0.11878219412713067
9	47	-5.71220423994643
9	48	-1.5398979902626742
9	49	2.8643056418056076
9	50	-3.7550816150554707
9	51	-2.0567442146304447
9	52	4.733646654113402
9	53	2.9485919529211215
9	54	0.4081576978256922
9	55	0.3634899882617635
9	56	2.1217182058591075
9	57	3.599849703961789
9	58	-1.3000768079473186
9	59	0.9807150908040536
9	60	2.208386275463686
9	61	-0.19096733076094974
9	62	-1.2847872176197532
9	63	1.1676257609328884
9	64	0.5097871765229034
9	65	-1.9452217988182783
9	66	-1.076304981857293
9	67	-2.8347450638563507
9	68	-1.1090048805886419
9	69	0.3060771716055516
9	70	-3.5590234988390996
10	10	NaN
10	11	-0.5578549878641357
10	12	-1.858040760521781
10	13	0.3818249249768269
10	14	1.9418507112968009
10	15	0.749339362450843
10	16	-1.898518888929981
10	17	1.9909018710385236
10	18	-0.7291429302570196
10	19	0.8436255803615587
10	20	0.851160883776277
10	21	0.05671796486710297
10	22	1.382569249125539
10	23	-0.9297306444187587
10	24	2.4605873979163135
10	25	-3.1941934531908407
10	26	0.22078100759301159
10	27	-2.1329306833097545
10	28	0.5759318398265086
10	29	0.640494774316712
10	30	-0.29470310752090145
10	31	-0.564787029320307
10	32	-2.021193012079962
10	33	1.2630806110933788
10	34	-2.444703978936598
10	35	2.9972031888460826
10	36	-2.7650615220774934
10	37	1.5123380743655601
10	38	2.2445969235120606
10	39	2.8995601691372492
10	40	0.10326618659560122
10	41	-0.3537979764842601
10	42	-1.3907863900504451
10	43	-2.5819373095769365
10	44	-2.180340949534415
10	45	0.603506532369081
10	46	-4.1424613676155655
10	47	-1.5977759662091582
10	48	-2.7494726595948435
10	49	1.279271748184771
10	50	2.7091993001551344
10	51	-0.9969383348652262
10	52	3.728818110844956
10	53	1.7473671274823614
10	54	1.717913373770752
10	55	0.545697905895587
10	56	1.33796377741891
10	57	-0.7678396953339962
10	58	-4.594874633096301
10	59	2.1618062589763483
10	60	1.0903742684876043
10	61	-0.8951093872621662
10	62	3.7562665603440686
10	63	-0.9199348493169092
10	64	0.6134974814765053
10	65	-4.6186019408818595
10	66	2.5566257480535177
10	67	-1.6582114233973868
10	68	-1.7077145285384498
10	69	0.029895549097352567
10	70	-2.392519576598756
11	11	NaN
11	12	1.4924589159429003
11	13	0.753883329296837
11	14	1.0634143267483867
11	15	0.7224128245453315
11	16	-1.467954314342717
11	17	-1.167868296475887
11	18	1.996047693203453
11	19	1.662812010174497
11	20	-3.1894179993478375
11	21	-0.6327653195567565
11	22	-0.6704849123707575
11	23	-0.09458519194378645
11	24	-0.032690150718442355
11	25	1.7638292329808059
11	26	0.7999148671944445
11	27	1.3493115315712274
11	28	2.7042990709800128
11	29	0.24056576397590756
11	30	0.16607312250509207
11	31	0.7570395470897253
11	32	2.260162316403667
11	33	-0.008090140346075395
11	34	3.016025458902176
11	35	-0.8562401330755346
11	36	-3.4450989914339147
11	37	1.4420934696288201
11	38	-2.5134836415755912
11	39	-3.2829710136690653
11	40	6.657182924605151
11	41	1.3683574500059419
11	42	-2.016238202937631
11	43	0.9267276422235604
11	44	1.999625309675111
11	45	0.46000749088145204
11	46	-1.4853524972081695
11	47	-1.4826826125049282
11	48	-1.5675318770020208
11	49	-0.15345570082374144
11	50	-2.7844664244524666
11	51	0.15428652933458611
11	52	0.36368783412681766
11	53	2.1916574547848127
11	54	-6.052191035697346
11	55	3.6161966333596203
11	56	-0.6374251505706591
11	57	-0.10402798441822828
11	58	-2.727373581098766
11	59	-1.040221649366347
11	60	0.6299876346065816
11	61	2.385387123627528
11	62	4.606868720567217
11	63	-1.7802837332335324
11	64	-2.6078752175755904
11	65	-0.7759634511890506
11	66	0.9501494409079224
11	67	-1.0461310629402591
11	68	-0.6472734782352405
11	69	-1.4241973540243686
11	70	-1.6634439852340825
12	12	NaN
12	13	1.7646368536463337
12	14	0.5479395839743806
12	15	-0.3845207157263105
12	16	-0.6726050384270906
12	17	0.13319824496167987
12	18	8.853969948334496
12	19	-0.8072963895550086
12	20	-1.5889101437699251
12	21	2.1419388064350486
12	22	1.532105504897655
12	23	2.882539599466352
12	24	-1.3008462971865498
12	25	-0.5638685345991474
12	26	2.681866679387275
12	27	-0.21315156659508125
12	28	-0.6495256912196232
12	29	-1.4124206357720215
12	30	2.073177301189968
12	31	-0.07568626992869754
12	32	-0.1929751368407684
12	33	1.34199659735604
12	34	5.402419202366908
12	35	2.5503037739986874
12	36	-3.6480901089671978
12	37	-4.550885462919756
12	38	-2.642770329224526
12	39	14.24211506309008
12	40	-1.1050113129096455
12	41	1.3182696472955857
12	42	2.199139253403537
12	43	0.5150809233483635
12	44	-2.9642006167770796
12	45	-0.5789208577014603
12	46	0.8213880524480505
12	47	-0.8440510788824184
12	48	-0.8609442480195776
12	49	-2.7035322471246426
12	50	-0.4089270326159746
12	51	0.03718426900676049
12	52	-1.203631528920496
12	53	-0.9322858638358563
12	54	0.30342023074718716
12	55	1.7496363775432984
12	56	-1.2651045800826735
12	57	-1.314158909385223
12	58	2.065234392387301
12	59	-1.8927051635632146
12	60	-0.07567737105308266
12	61	0.6324707107218328
12	62	-5.617200052036051
12	63	-1.3471601439215353
12	64	-0.3303035635339882
12	65	0.04768816452188794
12	66	-1.221368859816166
12	67	1.2951787301658586
12	68	1.77951817171391
12	69	-0.6815783266310468
12	70	-2.1107902223935726
13	13	NaN
13	14	-1.907353552907594
13	15	4.217387936258459
13	16	2.749613207900764
13	17	1.2810844717316099
13	18	0.8966830003193027
13	19	0.3900396892957369
13	20	-0.298538678758177
13	21	1.1826239648687706
13	22	1.148082854128578
13	23	1.0391504108480933
13	24	-0.9201165938124879
13	25	1.3797387431894619
13	26	7.152480523886079
13	27	-0.8492863238561026
13	28	2.6605928270548804
13	29	-4.416470040169798
13	30	-3.1515933160553993
13	31	-0.6220714938784202
13	32	-1.658493719068695
13	33	-1.7054118269005345
13	34	-3.0564646052956403
13	35	1.108231358364061
13	36	0.6033003197074959
13	37	-1.4984782164595307
13	38	-0.9668503151339976
13	39	-4.214952129512667
13	40	2.178921804329994
13	41	8.152382443408403
13	42	1.5680712994317412
13	43	-2.6377393759610577
13	44	4.321856467808323
13	45	-1.5808314406556467
13	46	-2.5245096276314345
13	47	-1.0489222748601277
13	48	0.5567620985051132
13	49	0.39359698907132423
13	50	-0.24554681213313548
13	51	-3.8964479672120396
13	52	1.0976713378544085
13	53	-1.7646049657279526
13	54	1.410189983969027
13	55	-2.514580118062805
13	56	-1.626888485909932
13	57	-2.822371559533189
13	58	0.4116550633295006
13	59	-3.018107848384585
13	60	1.6327252043402949
13	61	0.7461926826972226
13	62	2.9692522558649634
13	63	-1.0586204251452027
13	64	-0.2816808575403912
13	65	0.9621564256510078
13	66	1.1437694190664172
13	67	-1.9388246536027294
13	68	0.4770643963148221
13	69	0.5802336309626618
13	70	1.3391472538926399
14	14	NaN
14	15	0.9948787573095458
14	16	2.75670724622999
14	17	4.059436688252518
14	18	-0.6187208604296517
14	19	1.4955241468475076
14	20	-2.76043079655457
14	21	0.37835038791955294
14	22	-0.22845961353061417
14	23	2.6632776590881275
14	24	0.36626462535188276
14	25	-1.4713759005086353
14	26	1.3550802381168552
14	27	0.08260818366295214
14	28	4.402864883842369
14	29	0.8428466867370794
14	30	-0.6902635480240462
14	31	-0.09110200650413931
14	32	1.4198738334853571
14	33	-1.8047802355523108
14	34	-2.0673997208905535
14	35	0.774415755974222
14	36	-1.6834005302829704
14	37	-0.22761223842272924
14	38	1.039096824119783
14	39	-2.2704483204524175
14	40	0.0867146818317958
14	41	-1.9102599198541386
14	42	-2.7332804747595936
14	43	-0.8807871910278295
14	44	-0.6989929590894185
14	45	-1.3808604083781622
14	46	1.7001622650296973
14	47	3.002168695446994
14	48	-1.5843590525141273
14	49	0.9880947712349105
14	50	0.6109754391544792
14	51	-0.8304390779077812
14	52	1.8574262058589506
14	53	-1.6740509407089732
14	54	-0.39921506460089373
14	55	-0.9316076397865636
14	56	-0.20932342972174567
14	57	-0.9943117989782098
14	58	-1.528838340873162
14	59	0.2690521153688448
14	60	-1.0510089483558658
14	61	0.3819275503889656
14	62	0.03798445834982505
14	63	-0.910119646188328
14	64	0.012590523309445347
14	65	-0.6953988760922492
14	66	-1.994609347703099
14	67	-1.5722305253972368
14	68	1.856954488944705
14	69	1.7434032840408438
14	70	0.2652962797544863
15	15	NaN
15	16	0.7585025196309038
15	17	0.9232657234916417
15	18	-1.4086718602504522
15	19	-1.0519079337618953
15	20	1.1091077980236435
15	21	-0.7532502889452923
15	22	0.7547168061291073
15	23	1.0434116966377984
15	24	-1.3535616060457387
15	25	-2.8261558312102175
15	26	1.8198371827274873
15	27	0.40224535524235255
15	28	0.5827090783025762
15	29	3.230350771031813
15	30	2.438770984516551
15	31	0.3112038454288252
15	32	1.7638139025685038
15	33	0.6294013871845107
15	34	-1.1792716552699776
15	35	-5.74380447959838
15	36	2.0643625341576577
15	37	-2.230566268348296
15	38	-0.9723108514792802
15	39	1.3525175716086626
15	40	-3.637340508619505
15	41	0.4903984422037057
15	42	2.6135190667395496
15	43	1.6970288131210416
15	44	-0.34776026216955475
15	45	0.34151030663946735
15	46	-0.08444436865163099
15	47	-0.8674780758145405
15	48	0.46534504156078016
15	49	-1.1226561124619683
15	50	0.4661426022850025
15	51	-1.2223345347944337
15	52	-1.8797345879415939
15	53	-1.0107109108010923
15	54	0.9792643636452553
15	55	1.1318961123666629
15	56	1.976278925268759
15	57	-0.2092469416934555
15	58	-2.26213716104231
15	59	1.1951852279611999
15	60	3.9680057211111217
15	61	-0.5447895816345447
15	62	0.7519827096527264
15	63	-0.672358583256623
15	64	-3.1713123685371425
15	65	1.9706055946614607
15	66	0.35715895286079735
15	67	0.3638643026444236
15	68	-0.20111131553661382
15	69	-2.057544643384742
15	70	2.899877981639562
16	16	NaN
16	17	0.06709498939063531
16	18	1.9099082731008983
16	19	-2.380746063576024
16	20	0.4631592052725151
16	21	0.4624900254406965
16	22	-2.5621669625041057
16	23	-0.3935067656634053
16	24	-2.3790587543786956
16	25	3.1458058471224417
16	26	3.124082127526696
16	27	2.3358530409533396
16	28	2.4192804088606246
16	29	1.3579445810513011
16	30	3.2091829739074327
16	31	-0.4253267431494775
16	32	2.958288306552867
16	33	-0.22062157618376252
16	34	0.4458093166161311
16	35	-0.8752203760397698
16	36	0.7451654439607235
16	37	-1.4159371293804985
16	38	-0.39903135424646385
16	39	-0.7952464468639481
16	40	-0.9800676838684583
16	41	3.246256374630661
16	42	0.7432406273459059
16	43	4.460407331289176
16	44	-1.7172037362099957
16	45	0.8628128545026151
16	46	-2.198439132752874
16	47	3.4473868697193133
16	48	-1.5915419631450953
16	49	-3.123772498574398
16	50	0.44769997840679554
16	51	0.09040311425261076
16	52	-2.299656707229565
16	53	-0.20619646413965048
16	54	0.34312156465761506
16	55	-1.9539999462140936
16	56	-4.3093789546805805
16	57	3.8853563010776853
16	58	0.542061858912527
16	59	0.5221626822751531
16	60	3.493613380961443
16	61	-1.1638632465333152
16	62	0.23205838502458098
16	63	0.2779503146972845
16	64	3.1109644893402306
16	65	-1.3962878971766177
16	66	1.9268284894943515
16	67	-0.6944032738372389
16	68	-1.2330382351924924
16	69	0.4510702580869268
16	70	-1.602207091526191
17	17	NaN
17	18	-1.7392105491366168
17	19	0.7566581903758717
17	20	1.1059744400237592
17	21	-3.7809991094699935
17	22	-0.7418276759243634
17	23	-0.881797864285607
17	24	3.2261111862472975
17	25	-2.6998826487055103
17	26	-0.381186667290088
17	27	-0.0934804074257647
17	28	-0.3717263353028304
17	29	-2.5235430163737647
17	30	-3.617445767247504
17	31	-1.9666622254951394
17	32	-2.555011894689018
17	33	0.5588635635547489
17	34	-0.4107781042414741
17	35	1.2049119205540646
17	36	0.8465105786179624
17	37	0.17725303334088283
17	38	2.583613509999524
17	39	-1.503315370353928
17	40	1.8222256808179829
17	41	2.032719463957417
17	42	-1.8930453202894812
17	43	-3.6812147403439153
17	44	1.3046216744696735
17	45	0.4667606804305211
17	46	0.2717254368176134
17	47	0.8329947212300787
17	48	-1.087814537655379
17	49	-1.3811485789697167
17	50	-0.9799305053476774
17	51	1.8722485101390935
17	52	3.7808999355343866
17	53	1.1601652496629475
17	54	-0.02979397118848978
17	55	1.3956798434968478
17	56	1.6703246110666814
17	57	1.492898339023849
17	58	0.022832300625715223
17	59	-1.2089801294516953
17	60	-1.4145059183082076
17	61	-1.845179360265837
17	62	-0.024151761005440406
17	63	-1.118881855316842
17	64	0.014751034751658149
17	65	-1.3876322583078775
17	66	-2.663663361211815
17	67	-2.321857990154031
17	68	-0.21072373595696586
17	69	2.141594009999133
17	70	0.8329717037687653
18	18	NaN
18	19	1.7580386014974936
18	20	0.7478509056552685
18	21	-0.02536830239666635
18	22	1.689658665093088
18	23	2.2364125406312265
18	24	-2.442123664580007
18	25	-0.21897331011250404
18	26	-1.5908193546622666
18	27	-2.8072657382985717
18	28	2.5067031992525517
18	29	2.3136476866685336
18	30	-1.0684620263295679
18	31	0.9278930700426972
18	32	3.291134509391168
18	33	-0.47703510292269014
18	34	1.7093983541792486
18	35	-1.9643161352961418
18	36	-3.8814051083235257
18	37	0.13544043437965633
18	38	-2.798381987953188
18	39	-0.7389833736707125
18	40	-0.21703030955113756
18	41	-1.4225318625930545
18	42	3.0387423151734447
18	43	-0.9404745012543813
18	44	-0.5322656919945495
18	45	1.2458065245224468
18	46	4.696911544194855
18	47	1.9598561905501
18	48	-2.517954814149935
18	49	-3.0961782547722874
18	50	4.324825458038137
18	51	0.007698169919563046
18	52	-1.7739133569308256
18	53	-1.6507965241751599
18	54	-2.9229318059225093
18	55	-1.1563557015486627
18	56	-1.9135526043872455
18	57	-3.9184510432619595
18	58	1.691261205988475
18	59	0.44291307721540313
18	60	3.173208122267717
18	61	-0.22860780941801656
18	62	-0.6837014506070804
18	63	-0.4808559843436844
18	64	-2.699679301923735
18	65	0.6042977947357345
18	66	0.016456892315730224
18	67	-0.2504092323729902
18	68	1.0177979457987494
18	69	0.4691661315856218
18	70	0.01007191322902479
19	19	NaN
19	20	-0.6301138083201057
19	21	5.845748872069765
19	22	-0.7108395488749567
19	23	0.6722665192671028
19	24	-0.8562799655835001
19	25	1.020197751427001
19	26	-3.375741570366864
19	27	-0.5343183022505773
19	28	-0.7720293089188652
19	29	3.905971164299076
19	30	0.4484685019207608
19	31	1.6421017305031493
19	32	1.3206707229385153
19	33	1.9399113491325215
19	34	2.6793112180472574
19	35	-0.7904870678822654
19	36	1.0380041349607692
19	37	0.7281744353722781
19	38	-1.740700139869754
19	39	0.26110053234241076
19	40	-0.3270384032036349
19	41	0.8085604795169979
19	42	0.8966203152532392
19	43	-0.29576562780178933
19	44	-1.61622390258692
19	45	0.20745519301390208
19	46	0.04970184881509221
19	47	-0.6516631167079141
19	48	1.1325452818047752
19	49	1.3950825853811812
19	50	2.0401640388223123
19	51	4.203108070096714
19	52	-2.237835233050396
19	53	-1.2955259485892765
19	54	-1.8516089089734948
19	55	1.153966325706287
19	56	-1.4566391728839796
19	57	-0.8776525893693665
19	58	-1.8013820299201146
19	59	-0.7847995401912629
19	60	-1.00909328525629
19	61	-0.28002424402535336
19	62	0.07122498275634855
19	63	-2.371033799895853
19	64	-0.48777520411120834
19	65	3.822548738367356
19	66	-0.7061654132771938
19	67	-0.351515040732143
19	68	-1.2362052316971568
19	69	-2.4828759268086444
19	70	2.849478385880004
20	20	NaN
20	21	-0.9703673762923087
20	22	1.5539289569100991
20	23	0.7041675429810125
20	24	0.32000659447731866
20	25	-1.9531702094989918
20	26	-1.1185785488823947
20	27	-0.31125694309864854
20	28	-0.23976053648793846
20	29	0.6333387251231887
20	30	0.2954346398249513
20	31	-1.0893024205083728
20	32	-4.469372608443693
20	33	-2.190975260204823
20	34	-1.660742572985086
20	35	0.20647077201953185
20	36	-0.586959316124132
20	37	3.0712663676476826
20	38	1.3710905556537856
20	39	-0.5113998642542038
20	40	0.625444547115575
20	41	-2.800278618110939
20	42	-1.9659381067834591
20	43	-2.017195072695808
20	44	-1.2786267859561364
20	45	0.16035062558749558
20	46	-0.19007960707733357
20	47	-0.5962896264081614
20	48	0.5469537988152227
20	49	-0.09526230722793474
20	50	2.6149018295701425
20	51	-0.8281350326241713
20	52	0.9132317898896257
20	53	1.7052501428650442
20	54	-2.750497546733936
20	55	4.835809153401993
20	56	1.5821680888728518
20	57	2.3244005829987473
20	58	0.06131955940112182
20	59	-0.706006044006977
20	60	-1.3128303263901298
20	61	5.390113663729572
20	62	-1.7334401555189884
20	63	0.7960026108509235
20	64	-1.6601425735038466
20	65	-0.8779369540586425
20	66	-2.510056992303776
20	67	1.5694626694588767
20	68	-2.002255207670256
20	69	3.589271812333298
20	70	-0.5945623484029305
21	21	NaN
21	22	-3.1269741291291195
21	23	0.8246051953683571
21	24	-0.06498058318885656
21	25	0.12247157188827837
21	26	-1.1321487671047916
21	27	1.299838602158447
21	28	-0.5432689321465991
21	29	-3.5039700335647233
21	30	2.251602522521542
21	31	0.5961336677139515
21	32	1.5375113262226476
21	33	-0.8003466356311552
21	34	1.8515635079267125
21	35	1.702344350983229
21	36	-0.389867534949649
21	37	-1.43356883077887
21	38	-1.1864904478936358
21	39	5.723944484297812
21	40	-2.0759443748077135
21	41	3.6795555363726082
21	42	-1.382995199040931
21	43	-1.5825265218932176
21	44	-1.3659013638434738
21	45	-0.4082471763965648
21	46	2.2777352229082464
21	47	0.08906704267165859
21	48	2.0582281772453226
21	49	0.0
21	50	1.891693837014934
21	51	-0.7392436612100098
21	52	-1.5281140217004394
21	53	0.3302397266709829
21	54	2.8831583116600514
21	55	1.1408686215795987
21	56	-2.741273529709647
21	57	0.993886971975491
21	58	0.10409131078069067
21	59	0.6972906662008409
21	60	-1.5939436276201218
21	61	-2.308200088922085
21	62	0.6688505553691017
21	63	-0.14362585656618868
21	64	-2.2222241979819723
21	65	0.8374272608118091
21	66	-2.643033916137333
21	67	-0.1450077148064916
21	68	5.601651443501896
21	69	-3.8079048697072557
21	70	-1.85731174496444
22	22	NaN
22	23	0.4021373833122465
22	24	0.7792948296320998
22	25	2.095867083064058
22	26	4.649910002673792
22	27	-3.2991371903496605
22	28	-2.9299498329421754
22	29	-2.592056312341149
22	30	0.48247167028624843
22	31	-0.8687734932888316
22	32	1.378965548207712
22	33	0.8899597951397724
22	34	0.7235782899554511
22	35	-0.3025840782541328
22	36	-2.884480010674618
22	37	1.880064412624429
22	38	-1.4202138776180924
22	39	-2.284059758203369
22	40	-2.90941354989826
22	41	1.9117331813698002
22	42	-1.7408737916094628
22	43	-0.2863742503990395
22	44	-2.705715321292802
22	45	-0.529903602414479
22	46	4.058251076748796
22	47	2.9895049049710196
22	48	-1.1537877497273212
22	49	0.4288338160615045
22	50	-1.9395013691097134
22	51	4.105041786404043
22	52	-2.4565061944262077
22	53	2.39665430698205
22	54	0.5502866153521123
22	55	-2.600455489751408
22	56	-3.6631532473888533
22	57	-0.9228748174453091
22	58	0.3467057128817456
22	59	2.5127905999346694
22	60	4.125420790397087
22	61	1.4057639744387083
22	62	2.0599393290023937
22	63	0.34569722169123024
22	64	1.4591374155182313
22	65	0.7985138655380227
22	66	2.023214888846205
22	67	2.8235232052498804
22	68	0.3692976998098611
22	69	1.4938631947836134
22	70	-0.34379541496742283
23	23	NaN
23	24	-0.9035828362296374
23	25	0.27675239132753104
23	26	-2.3313567181051926
23	27	-1.0272487282325076
23	28	5.520863166245399
23	29	-1.3215877989494507
23	30	-1.2531744852051758
23	31	2.0545535984066525
23	32	0.8880142437164685
23	33	2.266604012150907
23	34	1.9884572004021568
23	35	-1.3687819206515357
23	36	-0.8360511619925756
23	37	0.16025543857512164
23	38	-2.37330171878057
23	39	-0.11959043651089485
23	40	-3.0494936659724607
23	41	5.723652639952389
23	42	4.653283697004652
23	43	-0.2745486753870823
23	44	-1.1490551064946788
23	45	1.8417586297638797
23	46	-1.0674152955828229
23	47	-1.305509121559997
23	48	-3.909204308286909
23	49	-1.8121729587205617
23	50	-0.723994450228729
23	51	-1.9088830132737848
23	52	-2.453968195017377
23	53	0.3313397716998447
23	54	0.03545357985718977
23	55	-2.2876184828983934
23	56	-1.0577891827742143
23	57	-0.5654445421545271
23	58	2.3618306066133465
23	59	1.340814064216748
23	60	-1.7297030191643723
23	61	-0.10165467008262341
23	62	0.5480043770523436
23	63	-3.05033995979691
23	64	-0.9385815090881005
23	65	0.5688498834240656
23	66	-2.411441059946085
23	67	4.269279730851975
23	68	0.13218966454097908
23	69	-0.688594434059535
23	70	2.1256077563267164
24	24	NaN
24	25	1.7331459720053375
24	26	-0.5751605139260808
24	27	-2.5411436679132753
24	28	-0.6967293405938958
24	29	-1.8221579526518443
24	30	-0.22734685384749248
24	31	-2.5526169507136953
24	32	0.48314912857273173
24	33	-1.8321084921315003
24	34	-1.6132922224962472
24	35	1.5332509522005842
24	36	1.955908135587151
24	37	3.4000407834807524
24	38	0.009084849528163937
24	39	-2.4933787775488034
24	40	1.903378433622321
24	41	-2.362433644077389
24	42	0.9775551796359933
24	43	-1.7034538677115938
24	44	-2.287625832395819
24	45	-1.050125399148676
24	46	-2.430553350669727
24	47	-2.0292282386310125
24	48	-1.513802035718537
24	49	1.3594676822498621
24	50	-1.2892824907053402
24	51	-0.3765792180814429
24	52	3.0242896634915692
24	53	5.11460608287294
24	54	0.22225938304530096
24	55	-0.5036200900008444
24	56	1.6562379880712523
24	57	-1.4392826717429694
24	58	0.49181811875852705
24	59	0.11417053838302778
24	60	-2.0718182183895455
24	61	-0.35584920637140743
24	62	-1.628959383379736
24	63	1.2333960097731278
24	64	-0.7798766562799871
24	65	-0.340027500511104
24	66	1.104232012325694
24	67	-4.75102697350898
24	68	-1.833279983632715
24	69	2.820806464141737
24	70	-2.8499135481829647
25	25	NaN
25	26	2.5483773567603785
25	27	-4.147961093213132
25	28	3.71525208736489
25	29	54.864658720643696
25	30	-0.42470415318526467
25	31	-1.7586384801747388
25	32	-1.9317752703859101
25	33	-2.546065548118872
25	34	0.6168122678349363
25	35	-2.802275933292787
25	36	0.08955853245011362
25	37	0.7026691384872525
25	38	-3.24624136191413
25	39	5.900724029014571
25	40	0.4295674177436783
25	41	-1.329396948905064
25	42	1.0748885286570944
25	43	0.28996365350681674
25	44	-1.8162177476309567
25	45	-1.3596709227946213
25	46	-2.4194984255841816
25	47	5.435951796150099
25	48	1.6996532452021935
25	49	-3.1485977263168783
25	50	-2.0553028086254788
25	51	-2.665861690076353
25	52	-2.7516992882102818
25	53	-2.7006556972399975
25	54	-4.435122013523287
25	55	-3.2405318298561068
25	56	-0.9203388505018165
25	57	3.9207541116542517
25	58	0.5021575072490992
25	59	0.6383362257040119
25	60	-2.764191869987197
25	61	-3.4381765166920504
25	62	-0.1991179512912825
25	63	-5.319557939810565
25	64	-1.5076575564805188
25	65	-1.24914164397793
25	66	-2.7845566804867605
25	67	-1.1110135417403053
25	68	1.6656431853503413
25	69	-1.4636354613153004
25	70	3.6056040204072417
26	26	NaN
26	27	-1.0336150502250467
26	28	-1.183154539138473
26	29	-2.3410713571883073
26	30	6.27035755175884
26	31	-1.7048641520316097
26	32	3.4791078744827217
26	33	0.5159788992873613
26	34	-4.147161164526795
26	35	-1.6463675248353362
26	36	3.1614895031702983
26	37	-1.7790125170771611
26	38	-1.6530975809497146
26	39	-1.5426808803093441
26	40	-0.17270017848699354
26	41	-0.086040326888578
26	42	-2.366765258582097
26	43	1.4445642340149665
26	44	-2.328585275613932
26	45	2.9055839104982537
26	46	-0.11064087931217352
26	47	3.3030477144434713
26	48	-1.36342563774522
26	49	-2.5620529558083724
26	50	2.444663614700763
26	51	1.1385349635708155
26	52	-3.416715487707547
26	53	0.23288836343602934
26	54	-0.691294714900543
26	55	0.5179638793491974
26	56	3.426703583874956
26	57	0.3175736707576632
26	58	0.08814275641452352
26	59	0.6565471016950616
26	60	3.2789977938030774
26	61	2.3372315013323686
26	62	2.412019389674959
26	63	2.895968980059396
26	64	-2.191139957477354
26	65	-0.8203313804347968
26	66	0.9440918652212895
26	67	-0.7470925087193793
26	68	2.9063675803848494
26	69	0.209340289890613
26	70	-1.4970401069710073
27	27	NaN
27	28	0.8831013189755549
27	29	-1.3447630448403796
27	30	-0.5053295285799446
27	31	8.046813435626687
27	32	1.6179011105281333
27	33	-1.0353937030263451
27	34	-2.543683211801847
27	35	1.465163804689969
27	36	2.299849051031838
27	37	1.95522314005525
27	38	0.4107991412674014
27	39	-1.9921218789007764
27	40	-2.840263379771275
27	41	-0.47120861176371487
27	42	-0.26515938856866444
27	43	0.6184327792021105
27	44	0.18239815054651184
27	45	0.47047721723270836
27	46	-2.3553366939554863
27	47	-1.461806580580675
27	48	-0.321248400280803
27	49	-1.1833475972223133
27	50	-0.9314360101358097
27	51	1.728810892714724
27	52	2.5501527838874476
27	53	-0.40410768179869944
27	54	1.542661263938902
27	55	-1.456065022981587
27	56	1.2338334908175668
27	57	1.6074236340988468
27	58	-2.3158810263854868
27	59	-2.4531581053266582
27	60	1.2992950428133265
27	61	0.39340012322789536
27	62	-0.1040731954642861
27	63	1.9542278922788572
27	64	1.009141015808382
27	65	1.5836055638405202
27	66	0.938960820582973
27	67	-1.8613919813760977
27	68	-1.6205156590640897
27	69	0.3748416677581938
27	70	-0.5067624484780955
28	28	NaN
28	29	0.5137364299437774
28	30	0.002070486454609396
28	31	-0.7144857477511904
28	32	-1.457095223513961
28	33	2.341326655747248
28	34	-1.455506917239589
28	35	2.773086424331252
28	36	-0.8502829465336951
28	37	0.49781243064297187
28	38	-0.6016429069028376
28	39	-1.7797861864304279
28	40	-1.7590377789105343
28	41	0.4443164191683475
28	42	0.3704886900374273
28	43	0.44692917611274224
28	44	-0.0032447614447579064
28	45	-1.7599710233834098
28	46	2.201430237828492
28	47	-0.6851428307340579
28	48	-3.3008286547308714
28	49	-3.8325991949863996
28	50	-0.559072961573422
28	51	0.3649094021744719
28	52	-0.4448864459125176
28	53	-2.613610862752465
28	54	0.42547915768346223
28	55	-0.09812842608814613
28	56	-0.08895852655604429
28	57	-1.577061591340361
28	58	0.122944190453007
28	59	0.827793325146895
28	60	-0.6846362542729387
28	61	2.1271605200472914
28	62	-0.17761832319562207
28	63	-1.2667823858182257
28	64	-0.8371499250996802
28	65	-3.564866352851413
28	66	-0.5684242120812906
28	67	-0.4402637141165373
28	68	-1.391812514551488
28	69	-2.039348129804613
28	70	5.144877528693476
29	29	NaN
29	30	7.242954782597404
29	31	2.542374040496814
29	32	-0.8738038133000936
29	33	-1.6935698772042003
29	34	-4.071417784221905
29	35	-1.936331758421173
29	36	0.10170396648706063
29	37	-0.5672654958234853
29	38	-2.562819958292672
29	39	-0.4663522402166121
29	40	-1.9039553173626995
29	41	1.635722762987487
29	42	1.1413439111805326
29	43	1.772015963271398
29	44	0.20557115203661933
29	45	-0.6305705570803111
29	46	1.1667144737505502
29	47	-3.4904237687652073
29	48	-2.43082730450749
29	49	-1.2692166301087262
29	50	-2.5772191856442728
29	51	-0.5841062768076793
29	52	-3.62534260714486
29	53	3.0029397271131995
29	54	-3.545439754480323
29	55	-0.9567815763748824
29	56	-2.6842754339825303
29	57	-0.5152072554652432
29	58	2.042094690156188
29	59	-4.149271245547771
29	60	-0.5374057411081392
29	61	-0.9936133723505574
29	62	-3.6799479732292495
29	63	-2.2249817189409558
29	64	4.390261181981507
29	65	-0.032131779832733375
29	66	1.853445319262923
29	67	-0.21359256109790775
29	68	5.116997842034296
29	69	1.3324956609979741
29	70	0.37530089906941433
30	30	NaN
30	31	2.9403935956602183
30	32	0.4727325086050143
30	33	0.5371649874867566
30	34	-2.147713092461083
30	35	-4.373064984527896
30	36	0.28874959863977523
30	37	0.610854476670974
30	38	-2.6867299850723416
30	39	-0.016151242962714436
30	40	-0.09492087744978618
30	41	1.5623808249808953
30	42	2.8366788013449367
30	43	0.42418208063479507
30	44	-2.4613456348986804
30	45	1.2239698419504883
30	46	-2.5808034017959187
30	47	0.8833522594557862
30	48	4.1804032286804915
30	49	-0.8491341039243845
30	50	-0.3672161698668099
30	51	-0.2948405868187307
30	52	-1.4703604710920413
30	53	1.8305650716026454
30	54	1.1530834251641926
30	55	0.42121563487886043
30	56	3.3240448419600073
30	57	-0.780912811189993
30	58	-1.2095179999420544
30	59	-2.3092411340149077
30	60	3.458787419411808
30	61	-1.2676901136014298
30	62	1.2650919558907197
30	63	0.6647497531514137
30	64	-0.8937591742104695
30	65	-2.4419471420330416
30	66	3.244244767443953
30	67	-1.3970319911980442
30	68	-0.14048013223909742
30	69	-1.515865354235254
30	70	0.9867145279306931
31	31	NaN
31	32	2.2530765381115225
31	33	-0.5172490929139301
31	34	-0.6002387198386858
31	35	2.911879550485469
31	36	-3.529568761872378
31	37	-0.6468259266508526
31	38	-1.0185350777916007
31	39	-0.24040202953725387
31	40	-1.5710014202119684
31	41	-1.6552017576302882
31	42	-1.5923161623392075
31	43	-2.434242723246254
31	44	0.24125204896862093
31	45	0.19182975976593944
31	46	-0.5823862685853425
31	47	-1.58710339372775
31	48	0.18909659116717964
31	49	0.8193288431913162
31	50	5.746415550054762
31	51	2.563444392988157
31	52	-0.4544061107127286
31	53	-1.9606891465727712
31	54	0.4411290680649241
31	55	-1.4565594772876564
31	56	-0.924732395800748
31	57	-0.49567153406514247
31	58	-1.5840891040935496
31	59	1.1695430674579652
31	60	2.3366813928524808
31	61	1.739019233287819
31	62	-0.1566564036838864
31	63	1.888585720249565
31	64	-3.0126939695594266
31	65	-1.5879743864651774
31	66	-0.2627922783281528
31	67	3.328216088356842
31	68	-1.1520465118182766
31	69	0.19112244882933868
31	70	0.3835586248482316
32	32	NaN
32	33	-1.138458322824393
32	34	-1.5215280072211805
32	35	-0.9486061615895333
32	36	0.5664353776201774
32	37	1.9146838663807013
32	38	-3.506101167207576
32	39	0.4979200313078093
32	40	-0.15817226609726318
32	41	-1.8232665351879338
32	42	3.251566002787163
32	43	1.5283310079908508
32	44	1.7634787849866567
32	45	3.8769885638549684
32	46	0.8733488077938297
32	47	2.985416571944678
32	48	-0.8417170891816497
32	49	-2.515500596600971
32	50	-2.069108655634071
32	51	-4.29056152814418
32	52	-3.581109232828246
32	53	0.16901695731842598
32	54	1.103238909476685
32	55	0.377342646211676
32	56	-1.4473164201814006
32	57	0.5326082752296374
32	58	1.1491436492507838
32	59	1.4070879108859107
32	60	5.930047868383368
32	61	-1.8208479186256372
32	62	-2.359304892129479
32	63	-0.8956492949679369
32	64	-1.396012301601939
32	65	-1.958289672380677
32	66	-0.4583558758483526
32	67	0.08722282595824021
32	68	-1.0020070370161325
32	69	-2.582565322120476
32	70	-0.2346559401813537
33	33	NaN
33	34	0.8501106475943612
33	35	0.42750341318662943
33	36	-2.816727400892308
33	37	0.2703965100049863
33	38	0.3248034306910036
33	39	-0.7223475497233962
33	40	-3.2670033754880916
33	41	0.7536574768713876
33	42	2.4588750596619184
33	43	2.5331225544689255
33	44	1.312108391507806
33	45	0.6454663068786816
33	46	-1.9222799610252674
33	47	-0.0022621187073812036
33	48	-0.7362137141548888
33	49	-2.2197650530784214
33	50	0.23223048525840478
33	51	1.5477235820292268
33	52	0.7434500594320139
33	53	-2.8893142688526097
33	54	-0.7422215761242446
33	55	-2.494601049008762
33	56	-3.2031105578230075
33	57	0.5150426526050468
33	58	2.8069416148937716
33	59	1.262379538673002
33	60	-0.25364872144087797
33	61	2.1080159210742893
33	62	0.18558511341805878
33	63	-3.9234151294336046
33	64	-2.1426321172711758
33	65	-0.04974167499978449
33	66	2.906794167864755
33	67	0.6692542981703933
33	68	0.10671740065394338
33	69	-0.34856211056741054
33	70	1.9933219359900916
34	34	NaN
34	35	-1.7204342974454776
34	36	2.8230480380218967
34	37	-4.325714302360994
34	38	-1.574691065829302
34	39	-1.6696385786375403
34	40	-5.228161625454493
34	41	-4.137333406373549
34	42	2.241670029585437
34	43	-1.965535012906528
34	44	-0.16010327811415037
34	45	-1.6774138203258169
34	46	-3.840328583970075
34	47	-0.21295021582020754
34	48	1.7006293954309857
34	49	0.20918383055689746
34	50	-0.15120637613133264
34	51	-1.971629398049849
34	52	-2.16944378648008
34	53	-1.9735209621175396
34	54	-2.2300593571395977
34	55	-6.12234729579737
34	56	-0.961313812488684
34	57	-3.774084622625983
34	58	-1.3527261311105963
34	59	-0.9014664186496683
34	60	-2.5139382155823853
34	61	0.8585708919628122
34	62	-3.702737153932347
34	63	-3.4051817627024916
34	64	-0.6912008094062696
34	65	-1.3108207100088265
34	66	-0.7172508812756115
34	67	-0.23343935905244012
34	68	0.6417221573867494
34	69	-0.43902101318229986
34	70	0.5186515904886915
35	35	NaN
35	36	-1.020698087258128
35	37	0.3165958613898715
35	38	2.288659609581539
35	39	-0.34471003145717
35	40	2.1265384331666386
35	41	-1.7015727252036892
35	42	-0.9505134191273499
35	43	-0.46150432158650945
35	44	-1.5592113095706128
35	45	-1.3090628305026262
35	46	0.9886928050895821
35	47	-1.4056281253935923
35	48	-1.5064949776600725
35	49	1.0611244598798877
35	50	-1.8958158082760956
35	51	-2.6656249229372286
35	52	4.62581983558418
35	53	2.584023397467516
35	54	-0.6179690167077427
35	55	0.3284793073219934
35	56	4.773151078005443
35	57	-1.8229729915070132
35	58	0.22558434684142809
35	59	-1.2990323562770778
35	60	-5.191087924187648
35	61	-3.441299371511913
35	62	-1.1123185410018048
35	63	1.2316977941452474
35	64	1.8137079046097717
35	65	1.040106832178451
35	66	-1.641292241522249
35	67	-0.2722230907561869
35	68	-1.7697902790297757
35	69	2.3030902859805176
35	70	-1.3494226236755191
36	36	NaN
36	37	-0.6118582459464541
36	38	-3.0392075331549777
36	39	-0.18696283672482097
36	40	0.1852762513840219
36	41	-2.168557764347656
36	42	3.464857638457647
36	43	0.047156460967553306
36	44	-1.8637764916937194
36	45	-1.5041171508344227
36	46	0.6278596861953774
36	47	-2.407337528572517
36	48	2.3323228575011195
36	49	-1.0506049171476002
36	50	1.0511994124792348
36	51	-3.5074157967591417
36	52	0.20848832653744626
36	53	0.013804839001470172
36	54	-1.6652884551805969
36	55	-2.2476159835592266
36	56	1.955796036661952
36	57	-1.2354384570473247
36	58	-1.0023601176184112
36	59	-2.133070520093444
36	60	-0.6090842169172027
36	61	-0.30556849921877205
36	62	1.689161600287763
36	63	-2.188557793415711
36	64	0.10698845836870412
36	65	-3.1314840753606235
36	66	1.710017303730601
36	67	-2.186933409789845
36	68	1.9927442277832002
36	69	1.8857188298763132
36	70	-2.142152975761249
37	37	NaN
37	38	-0.3131892927966023
37	39	0.9843792313473985
37	40	5.086575803328495
37	41	-1.384672623640307
37	42	-0.8155314036640015
37	43	-0.7085986605998826
37	44	1.1051306327357648
37	45	-1.3941922581878285
37	46	1.1568406573397187
37	47	-0.9376059446583074
37	48	0.9438890601616794
37	49	-1.285695130814119
37	50	1.2699230718971224
37	51	-2.039303187084195
37	52	1.1158573513742958
37	53	1.1130534522844322
37	54	-2.6356696395035715
37	55	-0.7326645482115264
37	56	0.3371235850613483
37	57	-2.899489710990312
37	58	-1.4392807474502547
37	59	0.044961942607629944
37	60	0.6894065811771704
37	61	0.42542795130853406
37	62	-0.4371614852893056
37	63	0.7596808296347137
37	64	-2.381873236536714
37	65	-0.38656385072754823
37	66	0.04043251043248522
37	67	-3.8766522826184007
37	68	-0.5120201121100763
37	69	3.360109806471231
37	70	-0.8825425352375837
38	38	NaN
38	39	-1.376114999390861
38	40	3.1356890114949483
38	41	-0.9109816716556365
38	42	-4.593977783924237
38	43	35.40735858940684
38	44	0.4295800834351284
38	45	-1.0603096589475987
38	46	-2.3445420807803345
38	47	-3.437956055676475
38	48	-3.056262818282789
38	49	2.327746224825839
38	50	-1.1964695643102046
38	51	0.2850940692702865
38	52	4.936458892743553
38	53	1.7198406698358448
38	54	1.677187954666049
38	55	0.49536647658505617
38	56	1.4388576480342947
38	57	-0.8036228235503837
38	58	-1.129861323181419
38	59	-0.6305853318282685
38	60	-0.6842109211306061
38	61	-2.3953141394765916
38	62	-4.32586052480365
38	63	-0.704242856325379
38	64	1.8530885838562436
38	65	-1.3516433455309922
38	66	-2.5184366867147534
38	67	-1.9295086584590186
38	68	-1.7243677304889036
38	69	-0.69546501481792
38	70	-0.3796597819554259
39	39	NaN
39	40	-0.819995677536407
39	41	2.2876502818027
39	42	0.8469743282206539
39	43	-2.0146902072565953
39	44	0.4804484433571498
39	45	-0.4186709870538887
39	46	-0.44264889882936587
39	47	-3.1024738062285055
39	48	2.1121890966874926
39	49	2.351624504302575
39	50	3.5971999357479976
39	51	1.4334449977923012
39	52	0.6594645374913116
39	53	-0.8074846413924598
39	54	1.1751774941840143
39	55	-1.0789088356233647
39	56	-1.5001526995669905
39	57	-0.3745180668387635
39	58	0.007663782657024686
39	59	-2.2028832973605463
39	60	0.6333971093128726
39	61	-2.199486837272869
39	62	-1.0122245145853095
39	63	0.09474555525116637
39	64	1.2845024893214616
39	65	-0.8740609139090231
39	66	-1.6886904476386484
39	67	-1.7729588927292592
39	68	1.7780947257189172
39	69	-0.016705144369935435
39	70	1.046820023861209
40	40	NaN
40	41	0.006241496547219834
40	42	-0.727734204910569
40	43	-2.824501149161373
40	44	5.07686295366702
40	45	-1.082826996274282
40	46	-2.0545959287575655
40	47	-0.6430909752713402
40	48	-1.8211601391163819
40	49	11.707884440340159
40	50	-3.4033231148957697
40	51	-0.6056782637154754
40	52	3.745772957856576
40	53	2.6273982926010646
40	54	-0.6016940464854398
40	55	-1.5027636748618594
40	56	0.06308825323467834
40	57	-0.696948601528299
40	58	-1.7914785628621808
40	59	0.5154073666020911
40	60	-3.566497624000982
40	61	-3.1399911657469834
40	62	0.16614140339762523
40	63	1.0361586638245017
40	64	1.7759176886277792
40	65	-0.8540744632077693
40	66	-1.6338515806294693
40	67	-4.123788576970836
40	68	1.486383132359036
40	69	0.7472827513966799
40	70	-0.29545954800537994
41	41	NaN
41	42	5.301705542771191
41	43	-1.0420524875025954
41	44	3.004760404826394
41	45	1.5824074324087605
41	46	1.6736519179059828
41	47	3.8924623512631005
41	48	0.10157052471733423
41	49	0.768054317596948
41	50	2.997165058959434
41	51	1.1110353555195953
41	52	0.3102304497825751
41	53	0.2617025424567008
41	54	-5.95971478010727
41	55	0.26691555437183023
41	56	-4.383602103790011
41	57	0.8157501036590319
41	58	-1.4621627992034776
41	59	0.008797061199178611
41	60	-4.189263829285407
41	61	-1.8551859032854514
41	62	-2.1603843447243354
41	63	-2.665782784826774
41	64	-0.3794683501867777
41	65	-2.386170104314851
41	66	1.4172441280695336
41	67	4.000486842436871
41	68	-2.016176617387172
41	69	-0.6952773267700201
41	70	1.6105712916966606
42	42	NaN
42	43	-5.542361664503008
42	44	-3.2755626154365376
42	45	-1.4030403373482885
42	46	0.38127145601311774
42	47	1.511870957241284
42	48	0.5127464888991986
42	49	1.0037211187256754
42	50	2.4043124710688617
42	51	1.543244385277967
42	52	-1.0212939379343238
42	53	0.26372505952661657
42	54	3.494871707029931
42	55	-4.675879506764824
42	56	-2.14359593720469
42	57	2.0800013416895293
42	58	0.26797474697231194
42	59	-0.10674628862546585
42	60	2.4457066297219674
42	61	0.11533412742316487
42	62	-0.3995079729871139
42	63	-1.8510827643037369
42	64	0.5933116600261668
42	65	3.375821699066186
42	66	3.964780192246695
42	67	1.413412153277262
42	68	0.6397272910311185
42	69	-0.8006418827697568
42	70	-1.8847127723583277
43	43	NaN
43	44	-2.6487745761012897
43	45	3.3814404892434737
43	46	5.2960616233970725
43	47	4.091680427885645
43	48	2.1083732071322503
43	49	-2.897555290567856
43	50	-0.6800578467028583
43	51	-0.15018487850726947
43	52	-1.561132723490044
43	53	-1.7247076971891564
43	54	-0.7743600985397228
43	55	-1.6663458540273197
43	56	-2.500211640652326
43	57	-1.372130530050808
43	58	3.5531564688358044
43	59	-0.19560476437005292
43	60	-2.071034572053402
43	61	1.7417987924504372
43	62	-0.18030250385582733
43	63	-2.9062774121652346
43	64	-1.0801184973262916
43	65	-0.9615337874897
43	66	-0.7546145027488933
43	67	-2.7637895407812203
43	68	-0.05076090014441471
43	69	-2.5143135661897507
43	70	3.5451179991389337
44	44	NaN
44	45	0.7834465372573919
44	46	1.188109255870666
44	47	0.06833765112327939
44	48	1.2916376060597696
44	49	5.247119836952961
44	50	2.800835648073064
44	51	-1.07248150723294
44	52	-0.24925762321173375
44	53	1.2253882260164701
44	54	0.5084644516642962
44	55	-2.0526523354188817
44	56	-2.558749290725458
44	57	-1.294602842452315
44	58	-4.926528600427102
44	59	-1.550540789931586
44	60	1.9352799010868031
44	61	-1.3125853994200765
44	62	0.7799473018593576
44	63	0.285045380585183
44	64	3.02617239039326
44	65	-1.149427764937599
44	66	1.1761097806415999
44	67	1.364881175567825
44	68	1.9100770872507944
44	69	-1.0757591444169072
44	70	-0.8609454323238827
45	45	NaN
45	46	1.3994915835905588
45	47	-1.0239951249389274
45	48	0.9881210348164194
45	49	0.9444747092110621
45	50	1.5778870731012837
45	51	1.8768646224360428
45	52	-1.8721539629156732
45	53	-2.620273853527787
45	54	-1.3488168276564816
45	55	-0.2858927218670862
45	56	0.3690491214747441
45	57	1.9452762385645357
45	58	-2.7743727420945987
45	59	1.099717694910578
45	60	-3.742539294414621
45	61	2.6794951859869562
45	62	0.5963260012334223
45	63	0.018016795265617655
45	64	-0.6965924315736665
45	65	0.9713959009340153
45	66	1.4561046597321188
45	67	0.6290959824117917
45	68	1.6672735484500256
45	69	-2.1265132286090016
45	70	-0.6162204478761905
46	46	NaN
46	47	2.7540299023135364
46	48	2.3322685378378982
46	49	-2.226388916620728
46	50	-2.6092461669676728
46	51	0.38498685020223716
46	52	-1.2113646022921039
46	53	-2.3884994790666005
46	54	-1.6194577099981142
46	55	1.9898625541034343
46	56	-0.6210380575958988
46	57	2.1778079332996914
46	58	1.4772608375413163
46	59	0.1575267820804205
46	60	1.2152268436503193
46	61	1.1355034872511038
46	62	6.797849793699972
46	63	0.8594427760758642
46	64	-1.303160032411356
46	65	1.613686511013211
46	66	-1.9011521382760643
46	67	0.5644434346471958
46	68	0.23056753469708569
46	69	-1.2386490375028787
46	70	0.6449083083098897
47	47	NaN
47	48	3.1691025018790997
47	49	-1.532578851690249
47	50	3.5205225749633806
47	51	0.04010637174164204
47	52	-2.711902762368684
47	53	-0.37642712168797354
47	54	-0.4501115748109824
47	55	-0.13556878756279195
47	56	-2.346929997050786
47	57	0.3731231966160561
47	58	-0.5757904558036995
47	59	-0.8756071851476357
47	60	1.6710854843048053
47	61	1.6634278901099768
47	62	2.3629300022612867
47	63	16.18729064278831
47	64	-1.5705929604346416
47	65	-0.4293223950707734
47	66	-4.050046989238989
47	67	0.16510375356769724
47	68	0.3832763648891626
47	69	-0.11937965296989062
47	70	-0.4880565724613887
48	48	NaN
48	49	1.4007389783024555
48	50	2.7886743052307117
48	51	0.8419365230829516
48	52	-4.603286377465659
48	53	-2.6328422069030637
48	54	1.4653654462625796
48	55	-0.1751913247626094
48	56	-1.9039045196093973
48	57	-0.310596408776026
48	58	1.6121830999682076
48	59	1.0597441861920722
48	60	4.8346101455423565
48	61	2.9531130271732784
48	62	2.0292049940050845
48	63	0.14121764171776124
48	64	-0.3345493410713118
48	65	0.5843422091904131
48	66	2.6078667358428267
48	67	2.8699238816425248
48	68	-0.9097807343464712
48	69	1.8203104340938543
48	70	0.09539393466951994
49	49	NaN
49	50	-1.25827808850423
49	51	-4.153163469938654
49	52	2.8117892350722444
49	53	1.0706617216675385
49	54	11.367626206806989
49	55	2.4413028924370392
49	56	2.7676360407634246
49	57	-1.4799855384307266
49	58	-1.3888150445998315
49	59	0.9393331212106384
49	60	-2.589901467958272
49	61	-1.713479898145004
49	62	-1.6274356402615
49	63	-0.7677403167077916
49	64	-0.6740147855337032
49	65	1.1032269960477137
49	66	-0.1819022143788055
49	67	0.6077200647478729
49	68	-0.35613658107352325
49	69	1.8354099580271495
49	70	-0.594224690777617
50	50	NaN
50	51	3.548147172725724
50	52	-1.892214015144951
50	53	-2.880005203404493
50	54	-2.057928186349161
50	55	-1.0596818435969644
50	56	0.02128876627507368
50	57	0.24962707467671247
50	58	2.13329870547679
50	59	0.40812648079331615
50	60	1.2742808181307628
50	61	-0.2806567853493446
50	62	-3.811002986628831
50	63	-0.8969748260017535
50	64	2.170039207334365
50	65	-3.871542034317174
50	66	2.8560082893893144
50	67	0.19755866611476763
50	68	1.318837960954214
50	69	-3.429341313346717
50	70	1.4337779408757136
51	51	NaN
51	52	-1.003615112416639
51	53	-3.6544507195218547
51	54	-1.00019732879135
51	55	0.6677123448955564
51	56	-2.9402260475978514
51	57	2.8198635853059018
51	58	1.3714535112897868
51	59	-0.6788250996306758
51	60	0.4059158005616863
51	61	-1.510465649978958
51	62	2.1193116891914916
51	63	2.6042572346147113
51	64	-1.3424897914168301
51	65	-1.4846976179907225
51	66	0.23186928912326837
51	67	18.469941402966207
51	68	0.84448594622692
51	69	-2.117252218829215
51	70	2.916679255543895
52	52	NaN
52	53	5.53912566631939
52	54	0.4033691903483857
52	55	1.6480449315391879
52	56	3.405288754779335
52	57	-1.2065432512650718
52	58	-2.8183008674532704
52	59	-0.5622449697176249
52	60	-2.605215644934473
52	61	-2.278266704270518
52	62	-2.4540308910482715
52	63	0.88215847516922
52	64	2.335590375735604
52	65	-0.2731565922175025
52	66	-1.9301365645381554
52	67	-0.9926493113138245
52	68	-1.2986808095167317
52	69	0.7111064056146962
52	70	-0.745759628204238
53	53	NaN
53	54	0.5513791704037658
53	55	-1.94603085312032
53	56	2.5338652433600153
53	57	0.8531027982637467
53	58	2.8679205852145864
53	59	1.294704580642227
53	60	-0.3965814496659582
53	61	-2.8707015125854998
53	62	0.7881922154650679
53	63	0.7737216073024936
53	64	1.7816508776963544
53	65	-3.100972741748932
53	66	-4.537916996783119
53	67	-0.9715820418459253
53	68	-0.3174489323578471
53	69	-0.43357836264447025
53	70	-0.12051836074874936
54	54	NaN
54	55	-0.8596441158324201
54	56	1.0880176369463175
54	57	-3.058949726986559
54	58	0.7319254990210768
54	59	-3.047157683523456
54	60	-0.44947836599099006
54	61	-1.9425429628208277
54	62	-1.2254150664641057
54	63	0.5820337010625031
54	64	2.156361642526079
54	65	7.785064864526164
54	66	1.815546667801467
54	67	12.232830397703113
54	68	-2.7335521052715404
54	69	2.4071217028165877
54	70	1.671205417042693
55	55	NaN
55	56	0.05953248466342885
55	57	-3.174842950327079
55	58	2.091667525326419
55	59	-2.6925482951465534
55	60	1.098978008908263
55	61	2.921903079651176
55	62	-1.719859463742855
55	63	0.47831140878859235
55	64	1.8355591088703838
55	65	0.5879849236085462
55	66	18.620860320224043
55	67	-1.9493898085948838
55	68	-1.5003860946602647
55	69	-0.21159297708962582
55	70	-0.0028903633197077915
56	56	NaN
56	57	-2.3509685842383767
56	58	-3.6539152007762623
56	59	-0.9625367861951045
56	60	-2.0663252993883128
56	61	2.286761118560453
56	62	-0.3058674584769554
56	63	3.2604872813852195
56	64	0.5065097077551655
56	65	5.213310648079926
56	66	-0.2369566871191967
56	67	-0.8758599222644834
56	68	-0.6533150271819335
56	69	1.5652930141481176
56	70	-0.07166992274665765
57	57	NaN
57	58	2.992509193808462
57	59	-0.8141119351107833
57	60	-0.1083131158652251
57	61	0.3748234810271034
57	62	-1.3144578965961662
57	63	-2.698778841320317
57	64	5.294383500830241
57	65	-2.0048749672318205
57	66	-0.6756496833738693
57	67	-0.814030016896153
57	68	-1.1751094512672702
57	69	1.6870366728507153
57	70	0.002187403015645566
58	58	NaN
58	59	1.1771611468593262
58	60	-0.2794292908824818
58	61	-2.627542290923121
58	62	23.56140910768927
58	63	4.978299403660157
58	64	-2.962254769667843
58	65	-0.9640408271734083
58	66	-0.5162757105700687
58	67	-2.662597960296852
58	68	2.696991386083607
58	69	0.6381098677238577
58	70	-0.3669954104359513
59	59	NaN
59	60	-1.9507063918739425
59	61	-1.4092642526653623
59	62	-0.4906709163261281
59	63	0.003623864727350997
59	64	4.019297175521834
59	65	-1.7545600768881882
59	66	-5.617289173994795
59	67	2.8946756032606404
59	68	2.029323401064002
59	69	2.0354609150927745
59	70	2.6499343472138506
60	60	NaN
60	61	5.668769205632765
60	62	5.561939301982908
60	63	-1.0700028182387682
60	64	-0.133559375814904
60	65	-1.3906012158135044
60	66	2.32932876536368
60	67	1.7634683197153582
60	68	-0.654147287999505
60	69	-4.40335680938603
60	70	0.8005030123488924
61	61	NaN
61	62	2.341446701851005
61	63	-4.785408030030544
61	64	-3.313814579014113
61	65	4.528193650363966
61	66	0.4673175562722523
61	67	-1.6356780593813238
61	68	2.0017972000118256
61	69	-0.0502084387042164
61	70	0.24453031977613376
62	62	NaN
62	63	0.5224870257476637
62	64	-1.3966437159768128
62	65	-0.6149898040485265
62	66	-0.5825762600125468
62	67	-0.20264986152897133
62	68	-0.6243225685125925
62	69	0.17160914072115427
62	70	-2.1277374157992788
63	63	NaN
63	64	1.5950539686999803
63	65	-0.4911153120038384
63	66	4.52066540739171
63	67	-3.2966784455424474
63	68	-1.1078204712701056
63	69	1.798854835005313
63	70	-1.3610315637232138
64	64	NaN
64	65	-0.8763907614170485
64	66	1.6271774020205292
64	67	-2.1522166245553755
64	68	0.7916117237405886
64	69	-1.1255860779939415
64	70	-2.857417734517216
65	65	NaN
65	66	2.0162378948735538
65	67	1.7742771163804225
65	68	0.38160140886154154
65	69	2.620642324150806
65	70	6.073437981899822
66	66	NaN
66	67	3.201380557574818
66	68	-0.1060279637758892
66	69	0.2782675450533481
66	70	-0.6641652990335544
67	67	NaN
67	68	-0.8529454403807087
67	69	-3.357388367721082
67	70	-3.330337040108838
68	68	NaN
68	69	-1.584567829833943
68	70	-0.9640640406217684
69	69	NaN
69	70	-1.8783614999880565
70	70	NaN
