1	1	NaN
1	2	-1.4608923921941945
1	3	-0.2969278305272551
1	4	-0.9487525344547703
1	5	5.695563928362954
1	6	1.2301616106154987
1	7	7.4570114896193695
1	8	-0.2858222686845766
1	9	0.17915680580304125
1	10	1.0020639455441815
1	11	-0.7221240226587391
1	12	-0.6255372539762442
1	13	-0.2558293062982967
1	14	1.8972780691622255
1	15	3.205835472605352
1	16	-0.8199922804501035
1	17	-0.3680547025087355
1	18	-1.4480586340647275
1	19	1.530591857945488
1	20	-1.1826424677538456
1	21	-1.3554423904429085
1	22	-1.7325911023298797
1	23	-0.6738389117374858
1	24	2.6567423902115883
1	25	0.23603014645697867
1	26	-3.1247476566662087
1	27	1.4872839252981278
1	28	0.24156056239711948
1	29	-1.606552366533867
1	30	-0.2245348196738066
1	31	-4.368258429703582
1	32	-0.33318294884119265
1	33	0.8265798398654362
1	34	0.8686026784577213
1	35	-1.1091357208931996
1	36	-1.042823596659232
1	37	-0.3929565446843674
1	38	-1.9165901085948602
1	39	-1.4779996239433928
1	40	0.4942301782169103
1	41	0.0009179303674809024
1	42	1.0304435920184742
1	43	-2.8315490670452372
1	44	1.2602084880008002
1	45	0.8680595703063192
1	46	-1.155727847100904
1	47	-1.4406255697026615
1	48	-0.555179069664335
1	49	-0.7980612740380492
1	50	1.5408634556946754
1	51	-1.1351834409123644
1	52	-0.5310152020635556
1	53	-0.6934395430549936
1	54	4.442260084081616
1	55	0.3845235474245355
1	56	0.7400336851662686
1	57	-1.0465492580558717
1	58	1.3479217581288099
1	59	1.6627848210800174
1	60	1.3124227728065485
1	61	-2.7497494823207167
1	62	-0.7791768226391774
1	63	2.064179051937976
1	64	-2.6296133376845474
1	65	0.26392860097665716
1	66	0.11277609549786217
1	67	0.03650757947957239
1	68	-0.3371043055295006
1	69	-3.778280897376572
2	2	NaN
2	3	-3.706592304882015
2	4	-0.6149752561702538
2	5	-0.9588157289454654
2	6	3.2719104266859866
2	7	-3.05253692875182
2	8	0.3032596865198139
2	9	1.5342526638203444
2	10	0.24948225705603105
2	11	-0.2751715822584172
2	12	-0.5323101181084946
2	13	0.7573663973068355
2	14	-1.032493808898153
2	15	-1.435889081719494
2	16	0.7248874650978057
2	17	1.1111531273267496
2	18	1.1192143775166015
2	19	0.2620735356376916
2	20	0.3380174288461779
2	21	1.8197397381564644
2	22	-1.2082260663317022
2	23	-2.793637003472521
2	24	1.6354760216347137
2	25	0.37984549870019063
2	26	-1.284108879301101
2	27	-0.1003040366416237
2	28	-1.3491120839418018
2	29	2.107766688264627
2	30	2.655017223795167
2	31	1.935091015257227
2	32	-2.1529960369608743
2	33	1.661431855404272
2	34	-0.9441883443676549
2	35	-0.21068413573007946
2	36	-3.2798852662177955
2	37	1.4855570181669269
2	38	-0.07831729058252596
2	39	-0.4254761230735366
2	40	5.235417318207528
2	41	-0.9189154679938493
2	42	-0.02613921910211492
2	43	-2.72318905567323
2	44	1.519335595044828
2	45	2.0039230868023545
2	46	0.060402532007116684
2	47	0.8964196944338769
2	48	-0.33662936903167745
2	49	2.0461606583019076
2	50	-1.9515821321627653
2	51	-0.7611981594634052
2	52	2.3003514121800075
2	53	-1.1254545813156214
2	54	-2.8303443427691795
2	55	-0.20529980357857272
2	56	-0.4224384588476769
2	57	0.23962167112536278
2	58	1.1556916605137937
2	59	-1.0981644678950482
2	60	0.9521719259547925
2	61	-2.3241995357429843
2	62	0.7420298251653209
2	63	3.947434518857802
2	64	0.45804267314639857
2	65	-0.19534151877683165
2	66	-1.0995648636061797
2	67	-1.2892894060855993
2	68	-1.8219691466282852
2	69	0.47487249438770557
3	3	NaN
3	4	-0.3864505534061551
3	5	-0.8788366557762387
3	6	-0.28307608679502866
3	7	-0.09624025469428248
3	8	-1.0648044354125101
3	9	-2.032371917461654
3	10	0.1611835385212113
3	11	0.6510421044433606
3	12	1.2254822858316448
3	13	2.8649651458889913
3	14	1.5996761656203928
3	15	0.6545831936934094
3	16	3.4431940025869636
3	17	-2.240673859437367
3	18	-0.6063796546377411
3	19	-0.9426193521711466
3	20	0.8782852818638504
3	21	-0.6348993980574299
3	22	1.7835969156263398
3	23	0.6028058128935532
3	24	-1.6399840177605571
3	25	1.2801890299564473
3	26	-1.6593161460811183
3	27	-2.556854824835166
3	28	-1.0122319910632067
3	29	-1.1052828749761952
3	30	-1.4587772925698976
3	31	1.452218491395282
3	32	2.333479945620754
3	33	-3.980083153872999
3	34	2.963217838237454
3	35	2.2855778561263747
3	36	-2.822449167112002
3	37	2.420052086711477
3	38	-0.9185478537931047
3	39	-1.1071693443582993
3	40	-2.9541786056052843
3	41	-1.3658694829184215
3	42	-0.9812289858927062
3	43	-0.4149182573799778
3	44	-1.3892250625713103
3	45	4.154785669627656
3	46	0.5142768575125428
3	47	0.607672428400936
3	48	-0.7277333408878416
3	49	-1.8927715491489463
3	50	0.06627781133502857
3	51	-1.6963530496322572
3	52	1.1362357373264824
3	53	-0.8476041448389594
3	54	-0.6319724142233407
3	55	0.527873760571269
3	56	-0.8176735185718265
3	57	-0.5413155605584791
3	58	-1.4119839869420343
3	59	0.013203355935789555
3	60	1.2967990631937567
3	61	5.800620836143422
3	62	0.9323972008448839
3	63	1.0427363427535667
3	64	-1.0470186472024698
3	65	-1.7168551660650033
3	66	-1.3903883947913498
3	67	3.0827252363127955
3	68	5.764786158690567
3	69	5.716679065670475
4	4	NaN
4	5	0.36287930073636576
4	6	0.8915734664680789
4	7	-4.129797730223728
4	8	0.22450814952356216
4	9	1.1983247591174557
4	10	1.1649816841160292
4	11	0.729471892211636
4	12	-2.1386071052680093
4	13	-0.37064502068919886
4	14	-2.7990767129533585
4	15	-2.6162971059507645
4	16	-2.3185093151598086
4	17	1.0351096289835349
4	18	0.27228841281077437
4	19	-1.7268040790342087
4	20	0.36568320632850293
4	21	-0.1938903523050696
4	22	-3.8061304596726067
4	23	0.22645936241111578
4	24	0.23294200126125225
4	25	-1.844909915928639
4	26	-2.324823775898087
4	27	0.6325489900228386
4	28	-2.2844164268078755
4	29	-4.976738609060044
4	30	-1.08356902287629
4	31	0.8795075643383473
4	32	-1.2853015691428975
4	33	3.756528769841388
4	34	-1.2847400074290962
4	35	0.017907649231419884
4	36	-1.7329395464703883
4	37	2.3590707129987893
4	38	-0.034998807207333005
4	39	-1.0691535163049144
4	40	-0.25297061890416234
4	41	0.12146516956885389
4	42	-1.713843902898368
4	43	-1.9581877732172472
4	44	-0.27457385842926385
4	45	0.6018562667847884
4	46	0.4664466507656293
4	47	1.0018899421607335
4	48	-0.4289344435965185
4	49	0.05245203459057789
4	50	1.0114106779897252
4	51	-0.904991993231475
4	52	1.062537809701853
4	53	1.5891994260453388
4	54	-1.3546443807676238
4	55	1.3428106309339751
4	56	-2.370710466544605
4	57	8.979500954831934
4	58	-1.1901502200263676
4	59	5.983466161653292
4	60	19.906407957578804
4	61	-3.081174546332132
4	62	-3.5053551712602884
4	63	1.7133892195814993
4	64	-1.8610423179042894
4	65	-2.417619921882311
4	66	-0.44128865379535476
4	67	-2.0029126803659354
4	68	2.470788852013955
4	69	-0.4963527227744093
5	5	NaN
5	6	0.20785194019646208
5	7	-0.9038834386518854
5	8	-5.168519581798011
5	9	-3.169979979031897
5	10	-1.200956870973156
5	11	-1.0609958361405607
5	12	-2.3998163623446045
5	13	-2.679862740309908
5	14	-2.372563101688632
5	15	-3.0835992702491
5	16	0.2990718176714226
5	17	-2.0410559342766104
5	18	2.7348694792073145
5	19	-1.1789762011297853
5	20	-1.5743531566174278
5	21	-0.26942099553954557
5	22	-1.3930522851883007
5	23	-0.22976367017845387
5	24	-4.520490478188932
5	25	-3.87757849979807
5	26	-5.514372384707659
5	27	-5.492691394206635
5	28	-2.624814478496308
5	29	-1.1265766475106394
5	30	-1.6557501263868146
5	31	-3.442432120621425
5	32	0.8996802114897187
5	33	-1.5530012107334383
5	34	58.1638475927608
5	35	0.33725900993469904
5	36	56.29853103766144
5	37	-1.9996091326284733
5	38	-2.2883840796660913
5	39	-1.4838329691347696
5	40	-3.6756164093934864
5	41	-4.150629683286972
5	42	-1.3930436758976734
5	43	-6.583228289140151
5	44	-3.6458224766365777
5	45	-0.9843681239368206
5	46	-3.088579178833419
5	47	-0.262388523387288
5	48	-2.346578854489758
5	49	-2.1778733991970416
5	50	0.8116487231531323
5	51	-0.20624588820533984
5	52	-1.834657166223702
5	53	-1.21136227480032
5	54	-0.7530153094972346
5	55	-3.9926086418287756
5	56	-2.3115981341860206
5	57	-2.2086164964945336
5	58	-6.467585447004954
5	59	-2.6715939488622973
5	60	0.9668928763156395
5	61	-0.11501339236187813
5	62	-0.9884643470048657
5	63	0.5425054341499481
5	64	-4.952507376633571
5	65	-1.1120218616709037
5	66	-0.031123930034690783
5	67	-1.5026128936871068
5	68	0.5035943380500689
5	69	-0.6296922124500718
6	6	NaN
6	7	-0.748370228172606
6	8	2.4485717902729687
6	9	4.596753407331635
6	10	1.8133757475774113
6	11	0.8257557837542189
6	12	2.522847137218799
6	13	-1.8593473640469709
6	14	-2.537875907154869
6	15	-2.1874674426752687
6	16	-1.9257516404236603
6	17	1.5980034881364773
6	18	4.082563117228531
6	19	-1.2711117749590193
6	20	-2.868853054679954
6	21	0.9882207062373026
6	22	0.6583193591338992
6	23	-2.553266782705007
6	24	6.054256859642279
6	25	0.08657624580737587
6	26	-1.8726824008628726
6	27	2.576190652487039
6	28	0.06414414286044572
6	29	-0.9822257489727161
6	30	1.2521044332143372
6	31	-3.024059046258736
6	32	-1.9413238545344338
6	33	-1.2801395899076038
6	34	-1.6118115873317505
6	35	-2.150878786930993
6	36	-4.2993762732868275
6	37	0.881645222855406
6	38	4.644970799803781
6	39	0.9650989439296341
6	40	0.016701402996899296
6	41	0.6273630148316494
6	42	-0.5895055377802397
6	43	0.06836422461479581
6	44	4.273680071797484
6	45	-2.475863648387909
6	46	-0.7603112774210232
6	47	0.6732125637282177
6	48	-0.5802002981376776
6	49	2.3425674438551796
6	50	-2.066566961237808
6	51	-2.309866276412492
6	52	1.9989329743953825
6	53	1.1925702448043838
6	54	-0.36494606760150056
6	55	-0.5085274196846638
6	56	-0.4718856400958633
6	57	1.9117957812221722
6	58	-0.10916374643059501
6	59	-5.111595412681264
6	60	-4.839265596369205
6	61	-1.3619934849161195
6	62	1.741331080951911
6	63	0.7535520301944548
6	64	-2.595698797875889
6	65	0.8104574954186364
6	66	1.1633365397324071
6	67	-2.594112761549681
6	68	-1.0206835386908812
6	69	-2.3044960326224957
7	7	NaN
7	8	0.2504860479251521
7	9	-2.2723445516499368
7	10	-1.818369649857564
7	11	-1.3658341284017943
7	12	-2.548963516391301
7	13	2.980491111747564
7	14	0.10671020462073563
7	15	-2.918118560123244
7	16	1.8117125590225307
7	17	-2.1975937973009456
7	18	-3.3799978034087745
7	19	1.046663731490885
7	20	-1.243025655267131
7	21	-1.717873448680002
7	22	-1.4798097107789243
7	23	-0.2542216854456701
7	24	6.981576709358553
7	25	-2.6785288536042144
7	26	-0.082880122249164
7	27	-0.8299398775596886
7	28	-1.2714788732465274
7	29	0.3726208074518575
7	30	2.417691111898405
7	31	-1.7721813206821055
7	32	0.05240914746734725
7	33	-2.608689685640459
7	34	-1.3820622762776944
7	35	-0.4401580206409255
7	36	62.31506405745398
7	37	-2.0992696851769983
7	38	1.1901700495442429
7	39	-3.273706045820134
7	40	-0.9654309373048005
7	41	-1.5669032891716044
7	42	-2.5834169349079374
7	43	1.3070495152266888
7	44	-2.666245030816057
7	45	-0.959427479001102
7	46	-2.9862025768314715
7	47	-2.443338902464397
7	48	4.5812088354115845
7	49	-3.3563361175571877
7	50	-1.240876663395746
7	51	-1.4158785272410488
7	52	0.3139810653891283
7	53	-1.8842306784078526
7	54	0.06147600780893809
7	55	-0.9667087076720811
7	56	-0.10626018661455824
7	57	-3.180646923552795
7	58	1.4628456955376645
7	59	0.860530453648314
7	60	-0.2703319851362224
7	61	-2.4490613252391733
7	62	-2.344768011461342
7	63	-2.1605571345540837
7	64	-0.6433489411719461
7	65	1.2725088389196626
7	66	-0.6234043587614096
7	67	-1.3411304533240476
7	68	-2.2490703667173264
7	69	-3.4492776610585527
8	8	NaN
8	9	4.709560389402504
8	10	2.699935284533627
8	11	4.229368546923262
8	12	-1.1679175747194306
8	13	-1.957273304709786
8	14	-3.605940504107153
8	15	-2.9854929359527267
8	16	-2.8809728366084046
8	17	1.6819987468187558
8	18	-1.3703878995777703
8	19	-2.4414517585595776
8	20	5.993049775949198
8	21	1.5726962493190266
8	22	-0.6310101145338223
8	23	0.504305659414401
8	24	5.9489422186855885
8	25	-1.7299064648292852
8	26	-1.6338667215112177
8	27	1.3233089190455891
8	28	-0.9165283422571807
8	29	-3.3757780384523697
8	30	-2.349841267375503
8	31	-0.9369088547084864
8	32	0.48010459542581624
8	33	2.1180732584520805
8	34	-1.413118604978291
8	35	-1.008450983560655
8	36	-1.0186933361781052
8	37	2.142952868218815
8	38	0.4912130525451901
8	39	-3.59409508722012
8	40	1.8709265569589995
8	41	-0.24344324980708076
8	42	-0.6564700150465814
8	43	0.48237645006225743
8	44	3.6101211093748
8	45	-0.3939979811155652
8	46	-0.9339807689405544
8	47	2.229346080935216
8	48	-1.7293195390331142
8	49	2.930621037167086
8	50	-1.9777803959195195
8	51	-1.1075600618265606
8	52	3.3110908087685234
8	53	3.535706920867018
8	54	-1.1165836221309726
8	55	4.48585086445939
8	56	1.130280689173376
8	57	-0.3311319125486408
8	58	-1.789120603837193
8	59	-1.5277960452891208
8	60	-1.036287675204386
8	61	-0.2599497874358664
8	62	-0.9096775702709448
8	63	1.2599176697678849
8	64	0.7058651338577878
8	65	-2.5760433354224705
8	66	-0.2376176223275853
8	67	-3.1318212284956335
8	68	-2.9534904677460534
8	69	-4.621621569349189
9	9	NaN
9	10	5.595588409811359
9	11	1.1092449951024455
9	12	-1.0477021044224586
9	13	-3.0887485580958454
9	14	-0.3476875420170173
9	15	-2.5986807048836376
9	16	-1.9414774589443557
9	17	3.004630672650985
9	18	-2.344127456933745
9	19	-2.465033778457472
9	20	-1.1583286738294334
9	21	1.1993821208208062
9	22	-1.6756157204761446
9	23	0.37827336758553115
9	24	6.077363935018551
9	25	-3.395615936811717
9	26	-3.2357613888093137
9	27	4.191120656242201
9	28	-1.2236068737086814
9	29	-3.097260426431669
9	30	-1.5756454789681327
9	31	-2.6460250567078676
9	32	-0.03596402178962806
9	33	1.9084916416926692
9	34	-1.3941024522661065
9	35	0.6070450841698286
9	36	-3.105170444123677
9	37	2.0899285254057727
9	38	3.2064799286739274
9	39	-1.8051407276375493
9	40	2.832500677437367
9	41	1.5755232790024258
9	42	-3.753678985008653
9	43	-2.4741262606221235
9	44	5.0148391277218485
9	45	-2.46220933711619
9	46	-1.3164168819246849
9	47	1.1111253011871116
9	48	-1.1668548798703107
9	49	3.4159330532565186
9	50	0.19228037833654818
9	51	-2.442766577068162
9	52	3.7491438548563916
9	53	1.315256800702764
9	54	-0.5868200471742642
9	55	4.015649157720853
9	56	2.9906361502447236
9	57	1.2725439677159607
9	58	-1.9892328080019195
9	59	-1.053599382829184
9	60	-1.7938587909996417
9	61	-2.092341483818661
9	62	-4.208854416107199
9	63	4.239235987210944
9	64	-0.207148069178433
9	65	-2.5204644073236886
9	66	0.4038240027551364
9	67	0.24190141974079699
9	68	-3.1250321816496256
9	69	-2.071508272286598
10	10	NaN
10	11	0.33987689608247634
10	12	-1.2857431787391422
10	13	-3.6387726991546643
10	14	-1.2947769137876823
10	15	-1.2262582174950845
10	16	-2.331140506188803
10	17	6.8648290545927395
10	18	-1.2383200324621155
10	19	-0.05973247465357426
10	20	0.8382297057608716
10	21	1.688534540125774
10	22	-2.2985300796041153
10	23	0.8945629850892322
10	24	2.8103667492538773
10	25	-2.7798873108622035
10	26	-3.077925420553807
10	27	2.247524323472286
10	28	0.9868719001683292
10	29	-3.109682797583924
10	30	0.018765625433928103
10	31	-2.8272585584211742
10	32	-0.10130417432479838
10	33	1.274253908525785
10	34	-1.2185476424535444
10	35	-0.004588960889869885
10	36	-1.2320850472462752
10	37	2.8802542155867568
10	38	2.000826686622034
10	39	8.869165855986717
10	40	-0.3513712246039724
10	41	0.5732554355649528
10	42	-1.2981661296797447
10	43	-1.0309363156201963
10	44	2.3888889201640997
10	45	-3.104785819327901
10	46	-1.1539522905922162
10	47	0.08770609296766067
10	48	-3.310346951189312
10	49	1.9032380326474876
10	50	-2.5344649537337545
10	51	-2.649646947349206
10	52	2.627627340244871
10	53	-0.6552905105077678
10	54	-1.5340992776650413
10	55	2.7417493885975643
10	56	1.4431549869562748
10	57	0.8677118123530766
10	58	-3.044638496800084
10	59	-2.0250121746343965
10	60	-1.5658108011253147
10	61	-0.9705284196729995
10	62	-3.270870567479764
10	63	3.569013358142135
10	64	-3.5569433416890264
10	65	0.2623063324243126
10	66	0.20634380370338407
10	67	-0.6169806433537337
10	68	-2.4951884317327555
10	69	-2.1847597777999423
11	11	NaN
11	12	0.8916917672131086
11	13	-0.5190876105945859
11	14	-1.2618768454662113
11	15	0.11391069025438945
11	16	0.2241647102769503
11	17	1.6929278846552778
11	18	0.14386164456599979
11	19	0.48123468589377466
11	20	-3.0909992671319704
11	21	-2.9587528091260094
11	22	-0.7687319234603894
11	23	-1.146574146173552
11	24	1.7027633029412743
11	25	-1.3523214390502816
11	26	-1.63021571312876
11	27	1.102980655388327
11	28	-3.90627801209181
11	29	0.7452925930527331
11	30	-2.672878120945954
11	31	-0.21261961994042897
11	32	-0.35402447572238377
11	33	-0.49570825605289615
11	34	-0.6988293738021247
11	35	-2.717391344348814
11	36	-2.6507054183872416
11	37	1.2110038729118615
11	38	2.4730303113132104
11	39	1.1491287876211749
11	40	3.7489419058292413
11	41	3.9850320035672118
11	42	-0.4571828689026818
11	43	-2.279958194599548
11	44	0.20352162979491906
11	45	-0.16590990887884854
11	46	-0.5042985861856794
11	47	-0.645588998273978
11	48	0.1546097054720463
11	49	1.1337706496798505
11	50	-0.5788402623399187
11	51	-1.5231749609421894
11	52	1.4761529746371491
11	53	-0.4242255287704082
11	54	0.830333149891554
11	55	-0.2626546051396878
11	56	-1.1386094911827458
11	57	-2.015148337017882
11	58	0.1986322244050457
11	59	-2.2339390437028444
11	60	0.9478824388482733
11	61	-1.3331038361386214
11	62	1.0258368128845803
11	63	1.2416390496853218
11	64	1.409286188484857
11	65	-2.259633123944801
11	66	1.258867309193339
11	67	1.4246229520562783
11	68	1.1606305034883504
11	69	3.482264604241966
12	12	NaN
12	13	-2.2720942178094377
12	14	-0.21427843877376176
12	15	0.8120975169986172
12	16	-3.0278452721643743
12	17	-1.6826868322232438
12	18	2.279860049619684
12	19	1.1376764570778546
12	20	-2.538695902181505
12	21	0.6876280697427506
12	22	0.749918351536573
12	23	-1.196119255150655
12	24	1.1383948548939513
12	25	3.0549197453513472
12	26	-3.2484567361992807
12	27	-0.881187614877692
12	28	-1.2195798215470264
12	29	1.1046077371160061
12	30	1.3903756076108464
12	31	-1.8973432973698843
12	32	-0.006272442615766322
12	33	-3.9042421618282046
12	34	-2.7502392906708177
12	35	-3.544448656022541
12	36	-3.652989191474377
12	37	-0.4299548463097788
12	38	-1.7196982776371987
12	39	43.950002622907256
12	40	-1.5879995821147581
12	41	22.089483656296135
12	42	-0.9253012583391726
12	43	0.08411385042269838
12	44	-0.9116723281697702
12	45	-2.1996827838152253
12	46	-0.6048394318858399
12	47	-0.6067587564975281
12	48	0.8311176936373426
12	49	-2.4356454551618194
12	50	0.6848597877161544
12	51	2.4742444490434314
12	52	-2.794701914656919
12	53	-4.775208197303628
12	54	-1.8665402642788325
12	55	-1.4589034979739424
12	56	-0.138363202232826
12	57	-2.6622707412402504
12	58	-1.772855804546245
12	59	0.9276537766608611
12	60	-3.65590984932455
12	61	-3.1952271206466922
12	62	1.651935877438702
12	63	-0.9143668766919999
12	64	-3.0923041885017355
12	65	-2.960256177548377
12	66	0.5484418597616373
12	67	1.7601856294056506
12	68	-1.6861880124256992
12	69	-2.0249117283813463
13	13	NaN
13	14	1.5947515191623667
13	15	-1.0864750221712716
13	16	4.044280954180471
13	17	-2.104370573133866
13	18	3.2372465695161634
13	19	0.003094976278394236
13	20	1.6935576924431242
13	21	2.934991747348852
13	22	-3.282847655172866
13	23	0.547568819190034
13	24	-3.809867104017125
13	25	0.29975254985324246
13	26	-2.0694102385284343
13	27	-2.337049593087333
13	28	0.7758424131127651
13	29	4.633875111921753
13	30	1.274150914117769
13	31	-0.2903217659216563
13	32	3.0768394464550526
13	33	-2.0760763432130678
13	34	1.744273072291702
13	35	-0.865236459050991
13	36	-3.239863328501016
13	37	-1.5686781849770137
13	38	-2.3156940937957105
13	39	-2.162080202193974
13	40	1.1177494805549042
13	41	17.94676428086791
13	42	5.365648305328088
13	43	2.5379407354799564
13	44	2.769932871081211
13	45	-0.08970479129352064
13	46	-1.1818603747264593
13	47	0.2069929568213094
13	48	-0.9767214479134042
13	49	-1.6504063065059233
13	50	-0.11588539578095487
13	51	1.6885923648149588
13	52	-1.6279215294643843
13	53	-0.13404989858327976
13	54	-1.0017384705327177
13	55	0.4928933556220912
13	56	-3.0680502940744496
13	57	-1.1960082426839085
13	58	1.188873788768442
13	59	-2.6984197478027463
13	60	1.4529792215411688
13	61	3.5951874513732305
13	62	3.266502861324995
13	63	-3.061626146993146
13	64	-2.1950088414570796
13	65	-0.8397386614556857
13	66	0.061072470232336584
13	67	0.677367624025449
13	68	0.43458185034742375
13	69	0.5405794602926303
14	14	NaN
14	15	2.4162542371167612
14	16	3.6773020855783534
14	17	2.0822275716013974
14	18	-2.352787403661171
14	19	-1.8108732976713802
14	20	2.434044738921722
14	21	-1.7487887173659353
14	22	-0.7567156983706528
14	23	1.57928277850073
14	24	0.0964817560556015
14	25	2.870254972798138
14	26	-2.115381144450081
14	27	0.3964249067820039
14	28	-0.11770936651167108
14	29	-1.7076192435170428
14	30	4.249350995428616
14	31	-0.9220901733325696
14	32	-0.07471500986137253
14	33	-2.7743876958040823
14	34	-2.1063207575395255
14	35	3.9762724125452067
14	36	4.32166263728936
14	37	1.5811956281035382
14	38	-0.9822037745388323
14	39	-0.7035534669298414
14	40	-2.322274771437539
14	41	-0.14863750582896035
14	42	2.803343481621708
14	43	-0.1274031505896283
14	44	-4.879609851419443
14	45	-2.4273512360740495
14	46	0.8914908282779576
14	47	2.5323917612128546
14	48	-0.20679359291784263
14	49	0.44767989718611395
14	50	3.608952321966921
14	51	-0.8882246739313391
14	52	-2.934043513856228
14	53	-1.465954816221705
14	54	-1.250122062693609
14	55	-3.127116351537456
14	56	1.0193345199546375
14	57	-2.521264850014633
14	58	0.557725971811718
14	59	0.7967755332996102
14	60	2.8371205693239268
14	61	-1.1793647432723797
14	62	2.194270248977948
14	63	-1.6932840383926233
14	64	-1.2583930017731129
14	65	1.1301256288370782
14	66	1.8749605109242922
14	67	1.4631245828954647
14	68	2.1266071755067597
14	69	0.5718757666345373
15	15	NaN
15	16	2.2735266531366904
15	17	-0.021289196500106296
15	18	0.49322504062345995
15	19	2.426265717991539
15	20	-2.062274271855286
15	21	-1.4956795996594021
15	22	-1.6586804470264898
15	23	3.126822060261167
15	24	-0.9309195227372384
15	25	-0.2333388257587824
15	26	1.0117459992321876
15	27	-2.3880193728700765
15	28	3.6789092227776887
15	29	1.5839889486019927
15	30	-0.03220266609180736
15	31	3.381544608289074
15	32	0.5878812332538067
15	33	0.14994608900225093
15	34	-1.174048004995336
15	35	0.2445312798626363
15	36	1.553244495782165
15	37	0.01417619191357676
15	38	0.8218079702287463
15	39	-1.5128726455495516
15	40	-2.9224750917082805
15	41	-0.5823247682301578
15	42	-1.9045582643334285
15	43	-0.8988500316869427
15	44	-0.99616242459957
15	45	-0.2054326891993164
15	46	3.0758031793571394
15	47	0.9402579512103726
15	48	1.1262266828612852
15	49	-2.695029979289607
15	50	0.0879835676280432
15	51	-1.3072967644721818
15	52	-0.7526859751508063
15	53	2.012782331916626
15	54	-0.6245448201403233
15	55	0.8118308302249952
15	56	1.6710282404677141
15	57	1.066403419501165
15	58	1.572037162290229
15	59	1.588046134076544
15	60	-4.026490683979613
15	61	1.8939240839652751
15	62	1.3525335282020183
15	63	-2.6968911876380197
15	64	-0.1009246001522033
15	65	3.355285276863082
15	66	2.250060566925941
15	67	2.619130228407679
15	68	-0.7111430032868663
15	69	-0.7491901894536481
16	16	NaN
16	17	-3.4618117998027937
16	18	-0.3789219378975578
16	19	-1.718278486103991
16	20	-3.4391523904468007
16	21	-3.0229839582092954
16	22	1.8545414520529162
16	23	1.2452388841528643
16	24	-3.7178637466283955
16	25	4.437531585095905
16	26	2.678468231748556
16	27	-3.250383607723081
16	28	-0.08208245579006597
16	29	4.001523435915465
16	30	3.8796535714261506
16	31	0.7176021213546036
16	32	-2.4527586735257114
16	33	1.4644024094829462
16	34	-0.9791617664478978
16	35	-0.4663137684284573
16	36	-0.293389586669025
16	37	-0.5421443170425527
16	38	-2.9892859835779766
16	39	-0.05646919730111341
16	40	-1.6662981217010246
16	41	0.9510981856171044
16	42	-0.7712301103331286
16	43	1.4421854683623245
16	44	0.39389993955097197
16	45	-2.5098445955594157
16	46	0.07555275551794936
16	47	-1.5424059343557124
16	48	-1.4239253606945093
16	49	-2.9573033741366874
16	50	-0.40690750441447937
16	51	3.454650505033705
16	52	-1.76356589520644
16	53	11.102887139272038
16	54	1.3147292667542227
16	55	-0.11656637243991744
16	56	-0.4003692402176448
16	57	-0.6653186493933412
16	58	2.0423630172251133
16	59	0.8300820804309712
16	60	2.0232486749556267
16	61	1.3472749509034974
16	62	3.952063888425734
16	63	-1.547122217358358
16	64	2.288155448614264
16	65	1.5145371139705024
16	66	-1.4629485262795854
16	67	-4.12589855498962
16	68	1.5630497761233908
16	69	0.1123423409749736
17	17	NaN
17	18	1.6379695764937643
17	19	0.02828879433442575
17	20	0.11721146548160767
17	21	0.4485708706763562
17	22	-3.278225534251552
17	23	-1.610424857172382
17	24	1.9690892114551735
17	25	-1.3286690424000678
17	26	-1.4564199463043928
17	27	1.9658293163460276
17	28	-1.1700382795350197
17	29	-1.5394187536241575
17	30	0.19137090381349778
17	31	-0.1588515387678076
17	32	-1.0656607710718042
17	33	0.4788599252501813
17	34	-0.49594080494503645
17	35	0.19430807281024248
17	36	-3.3737417451997267
17	37	0.2660326936454902
17	38	0.9417602312088441
17	39	-0.3187403302476648
17	40	1.2254069344964642
17	41	0.3714076223734464
17	42	-2.6987153083095
17	43	-2.2069505805702967
17	44	0.18222218094832282
17	45	2.169279835868032
17	46	-4.162790021639604
17	47	2.022131004290232
17	48	0.0703991015581554
17	49	-0.9443635956265012
17	50	-0.29852672002771447
17	51	1.140627037957087
17	52	2.0480734484600895
17	53	3.8973661616751056
17	54	1.0714363508567104
17	55	2.4249649267473816
17	56	-0.13432011062398594
17	57	-0.6429584781909028
17	58	-3.078049605452829
17	59	-1.8338128814749726
17	60	-2.2836006753844518
17	61	1.3528906979715303
17	62	-3.948998521904345
17	63	2.2731733032144383
17	64	1.7683315168085596
17	65	0.8309801445505631
17	66	1.066630426260913
17	67	-0.5953755984630997
17	68	-1.1375186212359916
17	69	-1.966154335594906
18	18	NaN
18	19	1.2518471422343196
18	20	-0.2101089317401815
18	21	-0.8526965436534428
18	22	-0.7774846768218385
18	23	2.225738367380496
18	24	-1.886091096008884
18	25	1.1777104067415487
18	26	1.4719759367020286
18	27	-3.103343643965354
18	28	-1.3220190115150086
18	29	3.335307842579047
18	30	1.53313116276497
18	31	4.85844230763959
18	32	-0.5036483852708868
18	33	0.4858191337448505
18	34	-0.16025200148126376
18	35	1.1181366821736067
18	36	-3.6091258787066276
18	37	-0.08580681858673704
18	38	-0.07255098605004194
18	39	-2.6897910779424365
18	40	-1.997180608967455
18	41	-2.394612849687355
18	42	-0.3110199426720896
18	43	2.1160031259471705
18	44	-2.605830400034212
18	45	1.810869096286456
18	46	0.11493899791120032
18	47	-1.943580306244518
18	48	-0.5722741314327892
18	49	-1.0685720261106337
18	50	-1.149446634159695
18	51	0.2123125901424091
18	52	-1.0260429261868482
18	53	-3.8235507002612947
18	54	2.0165208897454514
18	55	-0.053978542443556675
18	56	-1.2646703678335305
18	57	-0.8378750514150675
18	58	2.3017164515068185
18	59	1.4072036567436017
18	60	-0.6253686306976626
18	61	-2.1079047994122977
18	62	2.0640000812239734
18	63	-1.33509376342366
18	64	2.7619338781577314
18	65	0.8509786009848263
18	66	1.1323381155708807
18	67	-0.4241496105667038
18	68	3.186853062367794
18	69	2.1386142729513153
19	19	NaN
19	20	1.8435822548586507
19	21	-0.3137273392083017
19	22	0.44921287873002835
19	23	-0.059808979253413525
19	24	-2.0627895122107067
19	25	-2.713837387876592
19	26	-1.8890533918091084
19	27	-0.4411028659982074
19	28	1.7105786917561763
19	29	0.7464639341445943
19	30	-1.9113246366769536
19	31	4.128393314035021
19	32	-2.1075346178499474
19	33	-0.49103689836787945
19	34	1.5045133117596374
19	35	-0.9069383290270026
19	36	-2.0912346891703817
19	37	-0.988902224899291
19	38	-3.080358572021823
19	39	-0.6973319703841762
19	40	3.676017421650759
19	41	-0.4403944751429981
19	42	1.2952607123199282
19	43	-2.917045452934853
19	44	-2.8554504079654404
19	45	2.837084052114099
19	46	3.686577827060603
19	47	-0.004185812800051762
19	48	-0.6008094567826708
19	49	-1.5879361287678613
19	50	0.4903336243396869
19	51	1.5617445819648228
19	52	-1.5385911498495335
19	53	-2.292189259209493
19	54	-0.06471513705670776
19	55	-1.6144536883979836
19	56	2.1247376188192777
19	57	0.9881276597633685
19	58	0.16742738708441635
19	59	1.3633299867128443
19	60	-0.652266062672535
19	61	2.6302005353371847
19	62	-0.235358477596936
19	63	-0.5098627262257132
19	64	-0.1578189979045913
19	65	0.7650730550130487
19	66	-0.8480243101080748
19	67	3.911060808729408
19	68	2.26219913521521
19	69	4.533226141369783
20	20	NaN
20	21	-3.6063422131401626
20	22	-0.626275925381174
20	23	-1.3674444296322887
20	24	-1.165522587842939
20	25	3.058911183347904
20	26	0.9983055207267837
20	27	3.151425999682596
20	28	-0.6650872830475318
20	29	-0.6483786667333292
20	30	-0.42178722894695386
20	31	-3.2100280856363943
20	32	0.6190740276209986
20	33	1.2799163935550413
20	34	2.6301944899884213
20	35	-3.0127514677098337
20	36	-2.9191721657397607
20	37	1.4338260558698734
20	38	-0.8534439928751653
20	39	-4.145379172706721
20	40	1.9149833476483238
20	41	-0.1136496070575734
20	42	0.3972415376586022
20	43	2.0565729166878604
20	44	0.5540652701814484
20	45	-0.9406560572466747
20	46	-1.9874869947526632
20	47	1.0681250507622186
20	48	4.231949336031582
20	49	-2.3942686650672624
20	50	-0.6676061732065953
20	51	1.1534673204783827
20	52	-1.2799077128322551
20	53	10.596783070026765
20	54	-1.271618087047498
20	55	-1.719639789524251
20	56	-2.710120471541868
20	57	-1.8365365101504667
20	58	0.8842011285868676
20	59	-2.0991571589732083
20	60	1.9855417001582158
20	61	-0.013881089046767665
20	62	1.2657438323315466
20	63	-1.6492886787497711
20	64	-0.4874548674773464
20	65	4.630229994687874
20	66	-0.02482927895502486
20	67	-0.41703189165901955
20	68	-0.2763621200525251
20	69	3.33254796908466
21	21	NaN
21	22	1.5346808414132063
21	23	1.9101306590069727
21	24	0.39728016199230093
21	25	0.431366964145411
21	26	-1.8748969265138453
21	27	2.403240405618362
21	28	-0.6815605622069587
21	29	-0.3372015688504661
21	30	-1.8475973439958713
21	31	-1.3959346982243606
21	32	-1.5735676191381531
21	33	1.7468974325018212
21	34	-0.8592183303003127
21	35	0.3387581188001318
21	36	-2.7145631104529038
21	37	6.1800000448083665
21	38	3.361491313902168
21	39	-0.7315435542114289
21	40	2.3689735836277745
21	41	1.6685447421875907
21	42	-1.5933125243126116
21	43	-0.8017885677785282
21	44	3.5860561191605496
21	45	1.460092277302091
21	46	-0.8069927494085679
21	47	-0.4910593605999411
21	48	-1.1113515751930032
21	49	-0.08517391307675395
21	50	0.08841909361602057
21	51	0.07476559487680126
21	52	2.9252182936580167
21	53	2.6626750011739033
21	54	-1.9326288836974057
21	55	2.1214938189832804
21	56	-0.21124540578112228
21	57	-0.36647746868457415
21	58	1.7604018104887718
21	59	0.9500617600029893
21	60	-0.5615556194731296
21	61	-0.9586594114187577
21	62	0.17487884047772959
21	63	-0.866533671881105
21	64	0.27127838150099454
21	65	-5.697289508485259
21	66	-1.6784825734145996
21	67	-1.3261287035252092
21	68	-0.9043099299996442
21	69	-0.7541126014177809
22	22	NaN
22	23	2.937381702859069
22	24	-3.7809119507920737
22	25	-0.7680263040871403
22	26	41.25095575240589
22	27	-3.393245074855406
22	28	1.9290877430338746
22	29	-0.6165085752678193
22	30	0.010136826683991775
22	31	1.733547435432013
22	32	2.5971230592453907
22	33	-1.3538819962265707
22	34	1.2852034777950387
22	35	0.5745698296822921
22	36	-2.3778885822155535
22	37	-1.4248353774362539
22	38	-0.7285952747456088
22	39	-5.376543085554162
22	40	-1.4576782692369838
22	41	-3.0513956446201975
22	42	-3.8487009498964824
22	43	1.609588281666424
22	44	-2.9749567082674298
22	45	2.6050472064483454
22	46	-2.155217730174927
22	47	-1.9485329694121596
22	48	0.6671005085648312
22	49	0.12090698308989742
22	50	2.774461338929039
22	51	1.6093265614123713
22	52	-1.8327737762860001
22	53	-3.804799380664062
22	54	-0.3496390036889501
22	55	-2.4794261051309947
22	56	-1.3396387121702982
22	57	2.213118277689936
22	58	0.9262128660982288
22	59	-1.4493591550477376
22	60	2.321217135694094
22	61	-0.29604621954693244
22	62	-1.1150330546112923
22	63	-0.2726670345663223
22	64	-2.693505158270699
22	65	0.37033933394300733
22	66	-0.5265714888315953
22	67	-0.013684410516013672
22	68	-0.6970778847284219
22	69	1.8631384950502345
23	23	NaN
23	24	-1.2395120438320333
23	25	-1.2657329437414993
23	26	4.402240399424347
23	27	-1.5940736616256646
23	28	-0.657555356048848
23	29	1.5067460472930336
23	30	-0.30237167249392505
23	31	1.7096065522858768
23	32	-0.9241977943308699
23	33	-2.5949983923794364
23	34	1.072652842596223
23	35	-0.6584575735748076
23	36	-1.1882811757552083
23	37	1.3537224366939968
23	38	0.48043496909603034
23	39	1.102314007508981
23	40	-1.9179501078607937
23	41	-3.1357341979345756
23	42	-0.5436017817678257
23	43	-0.3062273808026747
23	44	-2.556865425434148
23	45	-2.616259950142377
23	46	-0.4847912157669322
23	47	-1.1946572333533565
23	48	2.805546575666684
23	49	-0.44426455953961547
23	50	0.07827913447091905
23	51	-2.5226594854535
23	52	-2.402791910453149
23	53	-3.4379448999836826
23	54	-1.0158587900951805
23	55	1.970939184958155
23	56	-2.7782856578752853
23	57	2.055085887603833
23	58	-1.9062400546088882
23	59	2.000715041922889
23	60	2.8869997913284733
23	61	-1.4786503909563415
23	62	2.6488069686738394
23	63	-0.381038209212341
23	64	2.916037159465169
23	65	1.3578007515299337
23	66	-0.7070467127526517
23	67	2.1429377422279026
23	68	-0.545339452112777
23	69	3.690214937901675
24	24	NaN
24	25	-0.3510111836443293
24	26	0.7772356092532204
24	27	-0.08282474706968543
24	28	-0.9496906461331222
24	29	-1.2748528800800054
24	30	-1.5682854098381978
24	31	-1.049328278170628
24	32	-1.8615820891968728
24	33	-0.3920974383643271
24	34	-2.0568014517392834
24	35	0.30439759415679696
24	36	0.2183264891860264
24	37	0.7748028342833644
24	38	2.8041978821756666
24	39	-0.8716150972662831
24	40	0.39377413254043586
24	41	1.1529134855552914
24	42	-1.4710793568795046
24	43	-2.6684332188701263
24	44	1.4390549073930523
24	45	-4.134613066931603
24	46	-2.851712300270805
24	47	3.873268594698343
24	48	-2.1039596913716268
24	49	2.46808768136741
24	50	-1.8866567746747973
24	51	0.7136446974725946
24	52	2.7593087583874394
24	53	-0.15251678398848884
24	54	0.7716188268877127
24	55	1.2689911810727814
24	56	0.27356891569168956
24	57	0.43072779356022534
24	58	-1.1060567961416474
24	59	-0.6867693198338441
24	60	-1.9449169967795983
24	61	-2.579100965023397
24	62	-0.26451025258019856
24	63	1.4837788771006288
24	64	-0.7537904569743937
24	65	-0.11514863474508331
24	66	-1.613606800712943
24	67	-1.7454085678740932
24	68	-2.1244145577974987
24	69	0.35133064676978154
25	25	NaN
25	26	3.8957816059540624
25	27	-0.9261269984224412
25	28	-1.3302434770455702
25	29	1.420842455332782
25	30	0.9283972799199209
25	31	4.875847694989098
25	32	-0.7623064759276529
25	33	-1.3295115247914073
25	34	-1.5371535315250056
25	35	2.794669586096534
25	36	-2.018609727013831
25	37	-2.844964048993058
25	38	-0.7769247117075113
25	39	-0.7491953468401644
25	40	1.2766590365694104
25	41	0.17039116384768047
25	42	-1.0953024946707453
25	43	0.6093908982224134
25	44	-2.122727956488863
25	45	3.721805130505297
25	46	0.6370206040332611
25	47	-1.9748843037627994
25	48	2.712198464652056
25	49	-2.2917547452716303
25	50	0.3522594567674154
25	51	6.330831813231216
25	52	-2.486668339315394
25	53	2.015804712143446
25	54	-2.832803827546609
25	55	-0.6949903043731002
25	56	-1.2155930374919708
25	57	0.44146280380063335
25	58	1.304743972772979
25	59	2.226362848169539
25	60	0.1801719034485523
25	61	-1.398462240941641
25	62	5.458069914296929
25	63	-0.8820487654672908
25	64	1.8112262670969423
25	65	1.4169948050131433
25	66	-1.6966299161244853
25	67	0.7310907247940802
25	68	-2.0616853376507667
25	69	4.0881714931221405
26	26	NaN
26	27	-0.14640095196755712
26	28	-3.007738299002731
26	29	0.4665621450638213
26	30	-1.0236312234258147
26	31	0.08026215209947375
26	32	-2.349125084046254
26	33	-3.5252527824987916
26	34	-6.044602560526378
26	35	1.074161371871219
26	36	-3.166774034507634
26	37	-1.2380259468720902
26	38	-2.4867553196929895
26	39	1.0524690942185038
26	40	-3.797214865275818
26	41	-2.5627228305495184
26	42	2.3843087482420815
26	43	-0.6530427390619213
26	44	0.33826413781755754
26	45	0.599775501713937
26	46	-0.6117681077804227
26	47	-0.4080864910688866
26	48	3.56227407084593
26	49	1.846396465723989
26	50	2.417991472064487
26	51	-1.1726442133403199
26	52	-4.0229420945554155
26	53	0.3435369292831266
26	54	0.5414019588871408
26	55	-1.631754021445638
26	56	-0.9170564788871722
26	57	-3.895256230006017
26	58	0.2662617534478015
26	59	4.401366263657219
26	60	1.775817557915003
26	61	0.3603355975640606
26	62	3.6201705190654287
26	63	-2.274064846661222
26	64	-2.264086883841791
26	65	1.0687029076981966
26	66	-1.8446373770380131
26	67	-1.216395741420401
26	68	2.3316231920240034
26	69	3.9544995017687583
27	27	NaN
27	28	-1.217936098358046
27	29	0.6406325030084222
27	30	-2.7623307166046085
27	31	1.419999185595924
27	32	-1.79566277337717
27	33	4.109573645804752
27	34	-3.581029171361026
27	35	8.945619284499402
27	36	-0.06568631207327663
27	37	1.1851050651853248
27	38	0.8849730174043479
27	39	-0.10238541081399069
27	40	0.33007940781494527
27	41	-2.095416115322781
27	42	-2.9222931351177515
27	43	-0.23172005681093186
27	44	3.6199299516444916
27	45	0.8128953164748991
27	46	-2.748586617281235
27	47	-0.1732309267483103
27	48	-4.487060661524383
27	49	1.526709521227772
27	50	0.23883685374970096
27	51	-0.7252778313352065
27	52	4.927442382439082
27	53	1.3769653889294557
27	54	1.0168195719919475
27	55	3.7759960356340323
27	56	2.199644345699317
27	57	-1.8388957923402793
27	58	-1.0917332364463712
27	59	-2.8808625544586905
27	60	-3.2720068548990726
27	61	0.5816180048908078
27	62	-0.9498251129740092
27	63	1.581194437707925
27	64	2.9932898942443353
27	65	0.9982551999250314
27	66	-0.7820305217660489
27	67	-1.5986973595245764
27	68	-2.0587685389989026
27	69	-4.390439247899493
28	28	NaN
28	29	-0.13705349632385533
28	30	5.919981920347257
28	31	0.017407973227221905
28	32	-1.0449924695600994
28	33	-3.460510274135302
28	34	-5.525278970953775
28	35	8.27501114505773
28	36	-3.480880022745669
28	37	1.161798155840651
28	38	-0.8587077610277489
28	39	0.3903707367687193
28	40	-0.5224713162224838
28	41	-1.4192236622282368
28	42	2.9062399102939773
28	43	0.13925064811755508
28	44	0.5914362306280146
28	45	-0.04147601717677795
28	46	3.4138831313378706
28	47	-0.9365138454119143
28	48	1.1518024450686863
28	49	-0.03787340077106432
28	50	0.463918841984104
28	51	-1.0191999098899687
28	52	-1.3681047992032749
28	53	-0.14989394722932653
28	54	2.3585636208625407
28	55	0.3947990115643689
28	56	-2.051236857291724
28	57	0.507710115999848
28	58	4.28236338818517
28	59	-0.8309480857878186
28	60	4.995234201019557
28	61	-0.6592191865654811
28	62	2.2565163625111575
28	63	0.24027225943069336
28	64	-1.6587461293296197
28	65	2.5202696158616154
28	66	0.8643439041957864
28	67	0.3269667478300233
28	68	0.9295745182534475
28	69	2.024711258962213
29	29	NaN
29	30	0.019414831246509875
29	31	4.011645716577184
29	32	-0.8848594061220085
29	33	-1.3278375666395374
29	34	-1.1460614573167478
29	35	0.034098361187971354
29	36	-2.283728248079481
29	37	-1.1242021681152479
29	38	0.9311276069677795
29	39	3.3097016105913797
29	40	-1.0429796365816992
29	41	0.2406732075428979
29	42	3.4903468079622284
29	43	1.4838716271379369
29	44	-2.0748409250816606
29	45	-2.8679974700025466
29	46	3.6324766960261585
29	47	-0.5768938543149111
29	48	5.835317281240126
29	49	-1.1664661859422698
29	50	-1.020017769431555
29	51	0.3629426904437567
29	52	1.4572081890890047
29	53	1.3516727886826976
29	54	-0.6752550649143959
29	55	-3.9695663637463734
29	56	-0.4568141873552065
29	57	0.2501505127377983
29	58	1.1592689105352973
29	59	-2.9896793426968844
29	60	-0.7702678260683798
29	61	3.7019988452782537
29	62	-0.8378915516920258
29	63	-1.520606083825126
29	64	1.608413601060551
29	65	2.1203243914845866
29	66	-1.375075460250043
29	67	-1.8702912724864518
29	68	3.8561598835226856
29	69	1.1548160307694721
30	30	NaN
30	31	1.1560436111329704
30	32	0.8548636460851573
30	33	-1.1343915607041095
30	34	-4.3012468042946805
30	35	-1.1724121262914862
30	36	-0.22963155174881675
30	37	-1.0419870333505434
30	38	-2.3659262015509075
30	39	1.0767210172858062
30	40	0.07948495499711661
30	41	-2.1278494253153073
30	42	2.9998641380680025
30	43	1.2147071843047832
30	44	-2.8517834704198295
30	45	-0.2756168504640129
30	46	-0.7295877996658326
30	47	0.7447320616884653
30	48	-0.4642092333501852
30	49	1.5739420746521238
30	50	3.0367933881180664
30	51	2.5836543861093544
30	52	-0.9628033894255512
30	53	-1.0975833404115478
30	54	-0.9801586995382635
30	55	-4.11751977013419
30	56	2.2956046142819138
30	57	0.8035273651736309
30	58	1.1441249459760374
30	59	0.14545688529349693
30	60	1.5000379197754057
30	61	-0.6547406771038856
30	62	-0.9784604880254278
30	63	0.3959576218860828
30	64	-0.8698489640480191
30	65	-1.6863883216977218
30	66	0.10593440122491683
30	67	0.8468800907733411
30	68	1.185059355897104
30	69	0.6868027211481166
31	31	NaN
31	32	-0.6883996562433448
31	33	1.8628903214167063
31	34	-0.8498920837481496
31	35	-1.7848994160742395
31	36	-2.0682029717667794
31	37	-0.04316343209680181
31	38	-2.584075101571624
31	39	-1.7237164896957966
31	40	-0.7790696518074584
31	41	-0.987976495891883
31	42	0.5861084210479294
31	43	3.69010267750535
31	44	-2.073360727122778
31	45	2.643919963402329
31	46	5.147510331325872
31	47	-0.6925330903798117
31	48	-0.6255332388267574
31	49	-2.1856825553382953
31	50	3.13504066490414
31	51	0.3181851367637119
31	52	-0.7717395414342744
31	53	-3.7072099678243338
31	54	-3.179934765125169
31	55	1.1767586744437113
31	56	0.822972773673845
31	57	-3.062681331224493
31	58	3.2642839017154857
31	59	-0.4542892911328637
31	60	1.6858702991608103
31	61	0.8139859251341445
31	62	-2.468032513049822
31	63	0.8157851519839334
31	64	2.184077832606568
31	65	1.2865167963167548
31	66	-0.8523724452249569
31	67	1.6966608462456152
31	68	-0.35268740093590434
31	69	2.7259612445945427
32	32	NaN
32	33	0.7511403463953209
32	34	1.1221122656331914
32	35	0.8969098127411608
32	36	-1.8592255004648663
32	37	-1.2592355991189994
32	38	-2.6949832129149494
32	39	0.01688821415714472
32	40	-0.5697296296928813
32	41	-1.5000197739593601
32	42	0.639925140167924
32	43	2.2385557442268955
32	44	-2.141744592759193
32	45	-0.4022374193170196
32	46	2.1625594533083343
32	47	-1.763457763624144
32	48	-1.849742092324771
32	49	0.16672771430764385
32	50	2.2535017966761424
32	51	1.2680480070558746
32	52	-0.8117469013436042
32	53	-0.4940542869510919
32	54	5.963930360920334
32	55	-0.7209191454946191
32	56	0.45126723435073973
32	57	0.002466778190782594
32	58	1.3466751802065862
32	59	1.2358500216981911
32	60	-1.9430930003262297
32	61	1.8143860340814768
32	62	2.2921322203162577
32	63	1.1990873970425464
32	64	2.597617196386152
32	65	1.8339777497501286
32	66	1.211106129369714
32	67	1.3625613302833568
32	68	-0.8505235043576651
32	69	0.04112103950464775
33	33	NaN
33	34	-1.455662113322732
33	35	-1.0770289650846667
33	36	-1.7506466671997902
33	37	0.3809937790030854
33	38	2.2692371145712955
33	39	-0.08934493463888174
33	40	1.1467341697922793
33	41	0.49496179864213563
33	42	-0.8679217924535703
33	43	-0.7984183268028889
33	44	0.8476288213655123
33	45	0.14208879150798187
33	46	0.6232006328237287
33	47	2.4177647734083925
33	48	-0.905341263874563
33	49	0.07068286226420131
33	50	-2.374628067458212
33	51	-3.5122813409251306
33	52	3.87771834015937
33	53	0.2024479663270448
33	54	-0.2433438856112852
33	55	1.8171450513652772
33	56	-0.899351419943708
33	57	8.55037774997469
33	58	-0.12921927902637284
33	59	-1.6609579745329368
33	60	-1.5155738118430224
33	61	0.04740215866971261
33	62	0.6281653561669253
33	63	1.0307495789640355
33	64	1.492925203184711
33	65	-1.5030901923391993
33	66	-1.2202617577308355
33	67	-1.6926903757368803
33	68	3.8195775361574875
33	69	-1.7297009667469683
34	34	NaN
34	35	-1.262069561658176
34	36	7.936870610973325
34	37	-0.22431033536144593
34	38	-2.485578114773588
34	39	-1.6268505717569108
34	40	-1.1084249769676433
34	41	-1.9270310056043336
34	42	-5.100208856352948
34	43	0.13370340120837157
34	44	-0.6213258406817666
34	45	-1.0799905712121627
34	46	0.7399783352733534
34	47	-1.6941644569122472
34	48	1.5631150107183378
34	49	-0.38589249928363467
34	50	-2.2205457908957458
34	51	-1.7408488693593032
34	52	-4.830680555532915
34	53	0.2573179127123014
34	54	-2.1780125480499293
34	55	-0.5632625918864687
34	56	-2.2052958468557655
34	57	-1.5149258935790042
34	58	-0.3242782455611425
34	59	-0.5339129474175064
34	60	0.8863514828150304
34	61	-2.4194598336624376
34	62	-2.520128817396491
34	63	0.31859779455877957
34	64	-1.055223897256236
34	65	-1.1704971762778331
34	66	-1.2860548682979802
34	67	-2.7773283338012185
34	68	1.1827543095018616
34	69	1.7733643238662335
35	35	NaN
35	36	-1.5514021653928383
35	37	-1.6951342966069185
35	38	-0.06830925683041324
35	39	-0.7000701687367881
35	40	-2.5873841680900216
35	41	-0.3273237127566156
35	42	0.8519271677773065
35	43	0.16867126568431678
35	44	0.4400159631235657
35	45	3.3128773337676165
35	46	-1.8107847243868942
35	47	-1.7059026369064498
35	48	0.4704429331417324
35	49	0.11997783610340795
35	50	1.8957774568966392
35	51	-0.6469531409198103
35	52	-2.8742261019576274
35	53	-0.7168620413308747
35	54	-1.2011909253980255
35	55	-0.09984497521381858
35	56	0.1926709156201276
35	57	-0.3025770298591907
35	58	-3.421533366598097
35	59	-0.24596484308166097
35	60	-0.9080017831982174
35	61	2.998180377099189
35	62	-1.7062962741505658
35	63	0.36434425470488824
35	64	-2.7474512742541504
35	65	-4.169913047666377
35	66	-0.9530062094326565
35	67	2.8430428241204972
35	68	3.434624502266327
35	69	0.35671721779758664
36	36	NaN
36	37	-1.3799161838699974
36	38	-1.6231801363411762
36	39	-4.004029862471386
36	40	0.1535060843730919
36	41	-1.7917753570210928
36	42	-4.736506239082569
36	43	-1.4660252895122992
36	44	-2.1572247589844395
36	45	3.6878177164151675
36	46	2.524865494699587
36	47	-4.9062399961212675
36	48	-0.7511293522988765
36	49	-3.7990424677334707
36	50	-4.625931726688903
36	51	-1.9573427624772257
36	52	-4.356813909034261
36	53	-6.315603155582392
36	54	0.03817731557970983
36	55	-2.853593083896274
36	56	-2.766889915185034
36	57	-4.853038314956849
36	58	1.936851169455422
36	59	1.0927431194805413
36	60	-0.254086132340167
36	61	-0.9356642653614706
36	62	0.09511066221637848
36	63	-2.372533135813518
36	64	-1.103825830646487
36	65	-3.2636307869281764
36	66	-0.5085729852190676
36	67	0.8542808750989369
36	68	0.5088076695766087
36	69	-2.6515323221279568
37	37	NaN
37	38	-0.18782506693144815
37	39	-2.1259052620946144
37	40	1.3915661548690086
37	41	1.0264386204655878
37	42	-1.9429989965310799
37	43	-1.8215804690247
37	44	2.008260826713861
37	45	0.06701939281535957
37	46	-2.388626162880769
37	47	-1.7134059005378617
37	48	-0.5053940243109787
37	49	0.546585128645646
37	50	0.7268163918839771
37	51	-2.137932937452723
37	52	0.4687544424428611
37	53	-1.2037597546220689
37	54	3.283067027367007
37	55	1.2278321339891218
37	56	0.9293115675768366
37	57	1.2414462995469548
37	58	-2.0668524828398125
37	59	-1.9720972530193248
37	60	-2.8321176730396256
37	61	-0.8625401030560592
37	62	-3.749850439320034
37	63	2.224471429142222
37	64	0.3044760496089597
37	65	0.30514687910824884
37	66	0.8217459746659088
37	67	-1.2894438255445175
37	68	-2.026918327057423
37	69	-0.9684038372538031
38	38	NaN
38	39	0.6537636613483812
38	40	-0.6929312179419859
38	41	2.5965575012216457
38	42	0.6613310553780852
38	43	4.122563159858333
38	44	1.2824174461160298
38	45	-1.896794531867063
38	46	1.203017325985436
38	47	0.7494882284675068
38	48	-0.8923004460051478
38	49	2.4525549267592894
38	50	-1.3887866881301851
38	51	-2.5184591701947645
38	52	3.9257178501749492
38	53	-0.7850255089658117
38	54	-0.0941353104670584
38	55	1.6083875771524831
38	56	1.9347470505499766
38	57	-1.6690840888784202
38	58	-2.022344564761321
38	59	-2.445187359827123
38	60	1.2190806987454954
38	61	-1.8256908607324167
38	62	-0.5983827663278951
38	63	0.8715361097738115
38	64	1.9018855883098051
38	65	-0.39725784473537357
38	66	-0.6943576585221102
38	67	-1.1028825573526368
38	68	-1.2923821904163566
38	69	-1.8934764765349361
39	39	NaN
39	40	0.5948644863683139
39	41	-0.628686183093846
39	42	-1.8010341711641409
39	43	-2.711106663594393
39	44	-1.6165533388327278
39	45	-0.9069355385016872
39	46	-1.5836695700949222
39	47	-2.0375273732945054
39	48	1.3413344759101593
39	49	-1.3483120088142704
39	50	2.6090416241899996
39	51	1.8563743376375221
39	52	0.4152154198668535
39	53	-3.1349370843626208
39	54	1.906649804949288
39	55	-1.799673421123451
39	56	-1.2261319052020505
39	57	-0.8430850334763825
39	58	4.5433706916783345
39	59	-2.1271291684850757
39	60	1.5323228101962918
39	61	-3.042920610585583
39	62	2.6861732887237633
39	63	-2.4896230197277296
39	64	-0.7857340158735159
39	65	-3.6871831289684764
39	66	-3.7778387497356274
39	67	1.2040802956598804
39	68	1.1071734754791613
39	69	1.309420019629948
40	40	NaN
40	41	1.883246946830836
40	42	2.9793792702114685
40	43	-1.3730112588331862
40	44	0.7291474057608921
40	45	-1.9135900425557808
40	46	-1.4838377749583644
40	47	-0.7677189991048388
40	48	1.0812243105795685
40	49	1.5205267162687848
40	50	-0.5481826087961907
40	51	0.38006864193928547
40	52	3.091723719784335
40	53	3.9179181955039617
40	54	-0.9876746074282712
40	55	3.115407628524654
40	56	-1.6383900467850676
40	57	-1.6088739569846113
40	58	-2.1371184643580703
40	59	-3.0484860877318316
40	60	-3.1206529659928566
40	61	3.0607806428900153
40	62	-2.9010563135605114
40	63	2.6446588515651723
40	64	0.2771766914224247
40	65	-0.34759763979707364
40	66	-0.08115462074740036
40	67	-1.5424800488935566
40	68	3.3282909422820133
40	69	-0.796882910713119
41	41	NaN
41	42	-1.4359644963543394
41	43	0.05110801983235775
41	44	3.4078439155441327
41	45	-2.621111566172046
41	46	-0.2290479159698931
41	47	1.771029191450665
41	48	-3.1148693555707623
41	49	1.0291358190903837
41	50	1.0365603485575965
41	51	0.24374477070021588
41	52	0.802665458339227
41	53	-1.5692327893216986
41	54	-1.7116019387281791
41	55	0.16865956071181437
41	56	0.07326277884712772
41	57	-1.7890427609105446
41	58	-2.1922227672756573
41	59	-2.3381915381975356
41	60	-0.5560353443280287
41	61	-2.8510428629166435
41	62	-2.3659894822957295
41	63	-0.34724273136553424
41	64	0.21642134743223665
41	65	-5.584277260836282
41	66	-0.7074151274140154
41	67	-0.017391057527617586
41	68	-1.9248925334705376
41	69	-1.988156555181662
42	42	NaN
42	43	3.279329992496665
42	44	2.3189970307371404
42	45	0.3766978331453226
42	46	-1.5062833693664903
42	47	-1.2477758096616485
42	48	-0.410742160471304
42	49	-1.070865611838823
42	50	2.0740161997734132
42	51	1.7921942410512692
42	52	0.0549886389735375
42	53	3.221443058289552
42	54	0.5616156330679867
42	55	-1.2887810343760766
42	56	-0.014064922779602106
42	57	-0.9285385094385697
42	58	8.370678301744553
42	59	4.189349825984289
42	60	-0.23334205048192344
42	61	4.3936254276635776
42	62	2.9172367892529243
42	63	-2.885002996900603
42	64	4.658389781712852
42	65	2.968592711227608
42	66	0.14459669144790016
42	67	-2.047750397979038
42	68	-2.630782907333214
42	69	-0.352495528621749
43	43	NaN
43	44	2.706888235323106
43	45	-0.39830567003840045
43	46	1.572678958297004
43	47	-1.2774838185679604
43	48	3.8540901546570896
43	49	-1.895773060467738
43	50	-0.052919755211414586
43	51	1.9800325484716883
43	52	-2.7556936434458623
43	53	3.8041818209970013
43	54	-1.094450553123082
43	55	1.9112350216033425
43	56	1.0395964213633233
43	57	-1.966845816329192
43	58	0.87884906946841
43	59	-1.692482534002248
43	60	-0.7946169148498725
43	61	-0.03454098107980681
43	62	1.9319783029905222
43	63	0.3070973253176885
43	64	4.538961521977428
43	65	-1.380755168180914
43	66	1.8073033594216181
43	67	1.3110190913833861
43	68	1.0807831723122379
43	69	-0.6066023586612916
44	44	NaN
44	45	-3.2011382888554207
44	46	-0.6576092945001234
44	47	-1.28769399219039
44	48	-1.414273587020498
44	49	3.203537320770439
44	50	-3.107935937185091
44	51	-0.5207051639511276
44	52	1.482622270845811
44	53	0.15408193749331703
44	54	-1.8461541468189593
44	55	2.759785284652642
44	56	0.6405929185911713
44	57	1.1715036317385816
44	58	-0.3576423585190458
44	59	1.1247301362174646
44	60	-2.8463377704412194
44	61	0.6692105518885606
44	62	0.05679502301582449
44	63	1.9551576959079435
44	64	-0.4333963815915687
44	65	-1.7438018790828684
44	66	0.1207154987757028
44	67	-1.0800144438980745
44	68	-3.9190381532945144
44	69	-0.3548294874751649
45	45	NaN
45	46	3.791724494320131
45	47	-0.6493600092390338
45	48	1.7721438567395371
45	49	-2.6187858748243116
45	50	0.8892127729574587
45	51	1.2335946042245804
45	52	1.0115210862482764
45	53	1.1039148106171701
45	54	1.5810018980502587
45	55	-2.4553673066626436
45	56	0.5171329405641176
45	57	2.8104586009375643
45	58	-0.35120900984132425
45	59	-1.3170420280577184
45	60	-2.217168742960204
45	61	0.28992235172053377
45	62	-0.5871434381557394
45	63	-2.3222694437404554
45	64	2.1715433202958923
45	65	5.07570067872296
45	66	0.7471910910362926
45	67	3.005287624686739
45	68	0.03412906411725678
45	69	0.8136828261929474
46	46	NaN
46	47	-0.07191490770934743
46	48	1.8273065193280424
46	49	-0.6007793673557191
46	50	-0.2200643180059139
46	51	-0.3021719274735686
46	52	-1.0997900840134311
46	53	-0.6345987765545091
46	54	2.603104734875026
46	55	0.7770911403695006
46	56	-0.399963778500041
46	57	3.5663179207644067
46	58	1.816734995910286
46	59	3.735403451001595
46	60	0.2569507595082761
46	61	0.5463580184968381
46	62	-2.546389614604955
46	63	-2.3919051602841517
46	64	1.3331056298446873
46	65	0.399924807879891
46	66	-0.08285906241848279
46	67	0.48363468555304
46	68	0.045240349196591166
46	69	0.7460102190301592
47	47	NaN
47	48	1.9878964768311775
47	49	0.015667347593592156
47	50	2.0318086304392375
47	51	3.178902411597769
47	52	3.4048077987828576
47	53	2.126536329350391
47	54	-3.365407628898757
47	55	2.082738563785717
47	56	-0.6219975125877139
47	57	-1.502375816138695
47	58	4.918135299462917
47	59	-1.9795510944996
47	60	-1.8634651828285214
47	61	2.730959523760786
47	62	3.0751069760748857
47	63	-1.0230893972986301
47	64	-0.4716304645809909
47	65	-1.2425273676917048
47	66	0.34948448013109557
47	67	-2.4948217923779623
47	68	1.5835231182004503
47	69	-0.5913944601316656
48	48	NaN
48	49	3.01212709501699
48	50	0.12488102720338183
48	51	0.6726915262614697
48	52	-3.4289690627509546
48	53	-1.9661768413283949
48	54	3.172712300097267
48	55	-1.9954665632528639
48	56	-1.3739482684166733
48	57	0.33976833869869677
48	58	-1.2150752038493708
48	59	0.8093648568074632
48	60	1.0833741107597419
48	61	-1.0207603501422406
48	62	-0.23148882456531283
48	63	-0.7623978399780358
48	64	2.713009355096092
48	65	-2.710981383365255
48	66	-0.9334755069852583
48	67	0.8056081489347174
48	68	1.3077104857197293
48	69	-2.3748270735205965
49	49	NaN
49	50	2.4220544587832795
49	51	0.3926569197174498
49	52	1.1876369602106815
49	53	-0.15643071562469948
49	54	2.7973693352275126
49	55	2.66754140113715
49	56	2.444873871944541
49	57	-3.3438020309350787
49	58	-2.7122130571489684
49	59	0.37452998902548823
49	60	-1.363744660950542
49	61	0.02520596508181098
49	62	-0.6160495466136899
49	63	1.7578924292081612
49	64	-0.24955821782494414
49	65	-1.587972419603215
49	66	-0.3744226479709621
49	67	-1.4729355763300958
49	68	2.7391247218702666
49	69	-0.8903686055305197
50	50	NaN
50	51	0.5153426175022149
50	52	-2.8744175313719276
50	53	1.1943971833594165
50	54	0.20176315094992917
50	55	-1.2650736619532656
50	56	-0.5684042529974545
50	57	0.3876137721700576
50	58	-3.62977639151528
50	59	-0.15152597126859263
50	60	-3.1285494538379015
50	61	0.17813219195827376
50	62	1.704434121005003
50	63	-1.4857327816783688
50	64	0.24659302546273332
50	65	-0.8482540889388734
50	66	1.0388752179585528
50	67	2.9193112188661696
50	68	-0.312425932151454
50	69	-0.4718522968825543
51	51	NaN
51	52	-0.42996410229555526
51	53	0.44001575234202045
51	54	1.983709967686903
51	55	-3.2375252228567293
51	56	-0.3755357456238736
51	57	0.46169674836848523
51	58	0.3622527932652716
51	59	-0.13180812120968805
51	60	1.7289934919402217
51	61	0.9679823567916185
51	62	0.053130651753646084
51	63	-0.7314718512426126
51	64	-1.7596230952270902
51	65	0.4989536181557987
51	66	1.4200001904610247
51	67	2.670802107635866
51	68	-0.6078177244661698
51	69	2.1290332599694857
52	52	NaN
52	53	2.90283096029966
52	54	-1.8429494028837528
52	55	2.6250500585548737
52	56	1.4894418783957009
52	57	-0.5161915959579272
52	58	-0.04723141646145558
52	59	-0.25439495935228207
52	60	-1.0170078901661828
52	61	0.3873338629637073
52	62	0.44829428989832354
52	63	0.8365448762994336
52	64	-1.965564466460912
52	65	0.4641751401856034
52	66	-2.315053880077293
52	67	-1.9717994483404042
52	68	-0.658931674339148
52	69	-1.920844300176303
53	53	NaN
53	54	-1.0478036017676844
53	55	0.9466625714296343
53	56	-1.3515873579180175
53	57	0.6904889797878705
53	58	-1.7182269319939014
53	59	-2.4616441356398497
53	60	0.10406464833121704
53	61	0.07449432974135424
53	62	-1.7491150454837903
53	63	1.1282803895722362
53	64	-0.7202187034212965
53	65	-0.00872805019652233
53	66	2.6460591010941803
53	67	-2.5433916665934375
53	68	-4.579895460475409
53	69	-4.563329098154962
54	54	NaN
54	55	0.9977887596448296
54	56	-1.2887379953900673
54	57	2.8820811760994505
54	58	-2.6100223215903933
54	59	-0.04283799452947362
54	60	1.0944268373073789
54	61	-1.5740137431422727
54	62	0.8424898491838093
54	63	-1.2799839254810559
54	64	0.15713281671615903
54	65	8.31545713631794
54	66	-1.0366798185842467
54	67	1.6322510425761907
54	68	-3.1355817650444204
54	69	-0.38183806822308014
55	55	NaN
55	56	-0.1855514553589133
55	57	0.8487095771350152
55	58	-1.2372883563365469
55	59	-1.4283277329157198
55	60	-1.1187118090841137
55	61	-2.9953865390732117
55	62	-0.5243298801387882
55	63	1.3440988570691748
55	64	-3.392585119430713
55	65	-2.1380566373068555
55	66	-0.9599305465827571
55	67	-2.748765201435767
55	68	0.71817287444289
55	69	-0.023348979144160804
56	56	NaN
56	57	0.3989930416877309
56	58	-0.12659076676889786
56	59	1.4103679818874195
56	60	-2.7741773543119077
56	61	-2.0970784431165375
56	62	1.035243226799408
56	63	0.42069190367923076
56	64	-1.3655738435388205
56	65	16.76347330224515
56	66	-2.0145057346877997
56	67	-1.0589983261068285
56	68	1.065446608780713
56	69	-1.5047559252633493
57	57	NaN
57	58	-2.1635964546822364
57	59	2.99834944299118
57	60	0.542932050419774
57	61	-0.6566252717027149
57	62	-1.6358604894323139
57	63	2.3054504856257254
57	64	-0.8480615929924714
57	65	0.034475869761563895
57	66	3.1181170936108904
57	67	-0.9117621532193269
57	68	-0.712768602960517
57	69	1.5076690214439494
58	58	NaN
58	59	10.39317261806036
58	60	-1.6987157223625478
58	61	2.230491511444738
58	62	0.5415862795261478
58	63	-0.17977044914909163
58	64	-0.5517173777680198
58	65	0.2630065388890329
58	66	-0.9649741506410533
58	67	3.4485170812400536
58	68	-2.039364775619148
58	69	2.546532073843051
59	59	NaN
59	60	4.225432847020864
59	61	3.3618517833322765
59	62	-1.1718048761208808
59	63	-0.3193958080379601
59	64	0.8985577952509413
59	65	-2.5515882176518243
59	66	2.944777917529395
59	67	0.10997258464674169
59	68	-2.278910625170968
59	69	-0.720343313030437
60	60	NaN
60	61	1.335628015301761
60	62	-1.8762205457681773
60	63	-0.858158334387435
60	64	-0.595126024858393
60	65	1.0942203890063824
60	66	0.7659834522545463
60	67	0.35707303472936297
60	68	0.3655710778040505
60	69	-1.7537164844628217
61	61	NaN
61	62	2.1353223889358532
61	63	-0.36699738328982184
61	64	1.5038719537031986
61	65	0.9810492264726738
61	66	-0.009039442342165938
61	67	0.3352478764610039
61	68	3.177596419107228
61	69	2.699906254011222
62	62	NaN
62	63	-4.589466286070431
62	64	4.412800691950234
62	65	1.4689708598944886
62	66	-0.6720722415233219
62	67	0.5584749607668514
62	68	2.4215990953333293
62	69	1.3575574693439039
63	63	NaN
63	64	-0.7699641406709201
63	65	-2.835218238443762
63	66	-0.097698088407846
63	67	-0.2860419129290916
63	68	-1.1030440235956935
63	69	0.10467246249650224
64	64	NaN
64	65	5.732951764140571
64	66	0.6374754348868755
64	67	-0.7965770244734272
64	68	1.339602160116482
64	69	2.619925009975326
65	65	NaN
65	66	-0.633212258811628
65	67	1.3759959693996155
65	68	-1.6669530964180257
65	69	-2.4744141527277845
66	66	NaN
66	67	2.945161162258624
66	68	1.5656694281562098
66	69	2.3168617794682
67	67	NaN
67	68	1.3431191528708943
67	69	1.5458025104127942
68	68	NaN
68	69	-0.3479301452264223
69	69	NaN
