1	1	NaN
1	2	-2.2051817754663228
1	3	0.7121567271390148
1	4	-0.8813085262087118
1	5	11.476722521212553
1	6	2.413246438736942
1	7	2.9441476822285293
1	8	0.6853849246732837
1	9	1.9537177340914962
1	10	-3.275562793877355
1	11	-1.5996559035801927
1	12	-2.5758832144912605
1	13	-1.6815152216697888
1	14	-0.11194877142201698
1	15	-0.7462453562177069
1	16	-0.2635122910968894
1	17	-0.01239075407403066
1	18	-3.1959974523640966
1	19	1.3353324238771116
1	20	0.6287239682863701
1	21	-0.7333927538948515
1	22	-1.0931522678080254
1	23	-0.1346485065696367
1	24	-1.0085384536269302
1	25	-1.5617857337009977
1	26	0.5226587558228877
1	27	-0.6861366610042313
1	28	-0.05651530794684655
1	29	-0.7517398009810218
1	30	-1.328775793470691
1	31	2.1927454556109294
1	32	0.9138132870593477
1	33	-1.3764277995558876
1	34	3.207817828151685
1	35	-0.6643209582132489
1	36	-3.5123377672500085
1	37	0.4866558930393669
1	38	-0.07448003223827225
1	39	1.8958110598901863
1	40	0.3123157033702721
1	41	-1.065327262563029
1	42	-0.16837937133763226
1	43	-1.2358401081776536
1	44	-2.5805793505952943
1	45	1.5742008492062096
1	46	-1.2918573555516015
1	47	1.3592912575240994
1	48	-0.23228983789681448
1	49	0.8386786433812617
1	50	-2.5133228352320267
1	51	1.488744240266498
1	52	1.7119385282427981
1	53	-1.7767029734583002
1	54	-1.2446798899453182
1	55	1.0010545001251208
1	56	-1.1571492722183943
1	57	-0.8608124114856384
1	58	9.971185273001671
1	59	-3.8335436373778897
1	60	-0.9147947416818879
1	61	2.6442143238217097
1	62	-0.6207404484879863
1	63	0.4762268651352862
1	64	-3.2419774923043567
1	65	3.515904638087853
1	66	-0.531890778104742
1	67	-2.0491457239209603
1	68	-1.7303690032449721
1	69	-1.6704810487558812
2	2	NaN
2	3	1.2563576015585192
2	4	0.38326216132939034
2	5	-2.7718178119804815
2	6	0.04978642379296835
2	7	-1.9616874554432993
2	8	-1.3856468294524824
2	9	-2.3056322634602844
2	10	0.052680777690536015
2	11	1.7826018387115885
2	12	-1.3510402953385723
2	13	1.6273304747810344
2	14	-0.45507204445753185
2	15	1.3167848330340597
2	16	-1.1169971923861801
2	17	-2.5621064588432176
2	18	-0.020939577020583376
2	19	-0.657486052564764
2	20	0.38238809033999377
2	21	0.09605942452813745
2	22	-0.5205386809052073
2	23	-2.7097807057418284
2	24	-0.9274887828719017
2	25	5.1550825018333715
2	26	1.8223541031597106
2	27	-1.1394957512873276
2	28	1.2389275158549975
2	29	-0.11080591800712565
2	30	0.820497457876284
2	31	1.2643444135285957
2	32	0.7498757415214928
2	33	1.016137257522549
2	34	-1.1322791069113765
2	35	-0.9982684987887064
2	36	1.2653600227827948
2	37	0.010043506396547964
2	38	0.10463336111911996
2	39	-0.32269027779768117
2	40	0.4026897867362523
2	41	1.45792323040056
2	42	-2.2621730294687823
2	43	0.19116848282476223
2	44	0.38035411809040715
2	45	3.128791332470378
2	46	2.6489064186986746
2	47	-1.5366839616473373
2	48	0.6799456534591803
2	49	-0.5464530911130281
2	50	-0.2964621867297228
2	51	1.365766557564348
2	52	-2.5071905595452684
2	53	-2.990973304035587
2	54	-3.38387899021137
2	55	-1.3944354334965585
2	56	0.7750126541068056
2	57	1.7139686910841951
2	58	-2.483568461651645
2	59	-0.7073540167182455
2	60	3.5465274757660286
2	61	0.15909994574796593
2	62	3.2442229854730313
2	63	0.7830469400475076
2	64	-0.10379853317420204
2	65	3.991295566523659
2	66	0.7358828032127991
2	67	0.9494017629337961
2	68	-3.0728156216195273
2	69	0.7451396453682223
3	3	NaN
3	4	-0.029627149125628936
3	5	-0.8066753499317391
3	6	-1.0115832383835743
3	7	-3.539803007717871
3	8	1.6247454493050457
3	9	0.9727772033461722
3	10	1.5208050810406815
3	11	3.519414334267753
3	12	-0.8638767290669862
3	13	-1.5209243704827444
3	14	0.8797174667274986
3	15	1.1361762332678116
3	16	0.9268112986747572
3	17	0.009099664725048705
3	18	0.6978208529653285
3	19	1.342260665708495
3	20	-1.4438622493367284
3	21	1.5106796492282284
3	22	-0.5113939807757711
3	23	1.5884527513467106
3	24	-2.9960367840213333
3	25	1.5754301348855755
3	26	-1.0498202974568323
3	27	-1.7020985039820324
3	28	-0.5254240655116731
3	29	2.664841179731953
3	30	2.1176052413093056
3	31	0.08084839691025661
3	32	1.6419776428259751
3	33	-0.9079798071180655
3	34	1.1045680940260607
3	35	-2.9845646976872833
3	36	2.556964078990136
3	37	-1.971275772870422
3	38	0.8520325546225359
3	39	1.9414786843567036
3	40	-2.096248714631578
3	41	1.311130414237506
3	42	1.5810828020057772
3	43	0.2645256059014091
3	44	2.3571403736729453
3	45	1.0755729323029244
3	46	0.14803512955914094
3	47	0.9848059928959118
3	48	-0.93258792811434
3	49	0.5568613518912522
3	50	-2.5589773366763695
3	51	-1.5238377472141835
3	52	-1.9673929227279199
3	53	-2.533327694302414
3	54	-2.3116933617701023
3	55	1.17006270953046
3	56	-1.068847334585735
3	57	0.2437170815005777
3	58	0.7941002823068088
3	59	-0.31831164979937143
3	60	-1.2131769848410168
3	61	1.7346264425482214
3	62	2.6731024829567525
3	63	-1.5005528535199335
3	64	-0.6414899813320546
3	65	1.6643712862254283
3	66	-0.029205256725349273
3	67	0.12180370358685699
3	68	-0.19546230882733137
3	69	-2.2726336485782808
4	4	NaN
4	5	-0.8061471622312145
4	6	-1.980426649525299
4	7	0.029145781101007667
4	8	-3.8824700748599335
4	9	0.6332876452247502
4	10	-1.4190698096688603
4	11	-0.5090780486604156
4	12	2.368996278240979
4	13	2.8215799898019003
4	14	-0.5806990088189444
4	15	1.1862330945458202
4	16	0.5730101351243975
4	17	-1.3300612576048971
4	18	-0.5877748079541127
4	19	2.726856049976146
4	20	-2.5847815617893892
4	21	1.774664037310852
4	22	1.053943774489374
4	23	2.9626581916779897
4	24	0.24486786673231867
4	25	-1.3274220857474142
4	26	2.8219401324176534
4	27	-0.7549933976353478
4	28	-1.6411221875404896
4	29	0.8723702484444058
4	30	3.399876944448796
4	31	0.9806641015809231
4	32	-3.004493620636956
4	33	0.8311325099994106
4	34	2.39025562562135
4	35	-0.015428204767058848
4	36	-1.3912063111235335
4	37	-1.0594512098412467
4	38	-1.3728235157124529
4	39	-2.1268637596872026
4	40	-1.249293191760046
4	41	-1.0816870346610499
4	42	0.34046671619448116
4	43	1.377916446954447
4	44	-0.8304088475000877
4	45	3.182430823428839
4	46	-1.1316002854267622
4	47	4.5212466397923645
4	48	-2.762117811263865
4	49	-1.4486572930008152
4	50	0.3873861589772508
4	51	0.34438736156567545
4	52	-1.0022591934504799
4	53	0.11266932440717652
4	54	-1.7681567515953898
4	55	-0.6383174874903663
4	56	-0.8852342482934603
4	57	-0.7191479768004135
4	58	1.8141325775023354
4	59	-3.470341716953459
4	60	0.899125539202781
4	61	3.702233644815261
4	62	0.3278033693737611
4	63	0.48394136596321147
4	64	-1.19287641521843
4	65	-2.4386298529497132
4	66	1.3163069934707186
4	67	-0.15958506495823616
4	68	1.5684079922650531
4	69	0.15064140352512928
5	5	NaN
5	6	-3.76910664717065
5	7	-2.113862835737507
5	8	-1.1310108286804883
5	9	-0.8794210218889464
5	10	-2.4164482968942096
5	11	-2.253900473215707
5	12	-2.599079841661909
5	13	-4.788057438074136
5	14	-0.20734568449376187
5	15	-0.26034467264110545
5	16	-1.8040610405488025
5	17	-1.965355049207707
5	18	0.3156289524821801
5	19	-2.2990809702123403
5	20	-2.5230858736081117
5	21	-2.3537453018287957
5	22	-3.786203859693024
5	23	-2.1431811335282824
5	24	-0.5115140918467158
5	25	-1.991711935479812
5	26	-1.46523288005907
5	27	-1.4099075970075823
5	28	1.5509249875504798
5	29	-3.8959355472804478
5	30	-1.7900205100679614
5	31	-3.524017166257183
5	32	0.7111143534139492
5	33	21.908827963109584
5	34	62.68155300628247
5	35	-1.8741152891011068
5	36	10.597627083340344
5	37	-2.3226561648629227
5	38	-3.540659599735043
5	39	-5.856522929994231
5	40	0.3173854837281155
5	41	-0.6804974098390139
5	42	-1.440911000219233
5	43	2.2068735836063027
5	44	-1.9834248122467737
5	45	-0.6323821543587885
5	46	-3.279759990690886
5	47	-0.7160950953618921
5	48	-2.194415204133207
5	49	-0.29416956787030807
5	50	0.5618487230004108
5	51	0.5137570597115002
5	52	-3.296169729844579
5	53	-4.122884096546641
5	54	-2.2063616535945987
5	55	-3.6385851584329574
5	56	-1.947838301572337
5	57	-1.9992600365512354
5	58	-0.7493131445091716
5	59	1.3533712783524177
5	60	-1.8808151879523498
5	61	-1.3691230671769528
5	62	0.3930534460340276
5	63	1.4886183310344479
5	64	1.4703455466580162
5	65	-1.2443258790416976
5	66	-0.6692839769395921
5	67	-0.3150615632154505
5	68	-1.6493221025583695
5	69	-1.8386118200472779
6	6	NaN
6	7	2.85707868484262
6	8	1.3324263764526263
6	9	5.545442144280024
6	10	3.898966365445484
6	11	-1.5922919818646932
6	12	-2.976885916239093
6	13	1.8173081137924618
6	14	-0.509593923733325
6	15	-1.3577314852216413
6	16	-2.528205211507282
6	17	2.4554186088975554
6	18	-1.3567023411188253
6	19	-1.6647400647965431
6	20	1.4647009947514738
6	21	-3.2268271844650966
6	22	-3.569992465739896
6	23	-1.0796152043606528
6	24	2.1473671062630224
6	25	-2.9320582203714354
6	26	-1.211216584115124
6	27	0.053194397975465595
6	28	-1.6563306989991788
6	29	-1.7817714757476892
6	30	1.9002468777456183
6	31	0.12598558925877343
6	32	-1.3815940794804245
6	33	5.829621730916271
6	34	-0.4939393599824052
6	35	2.876101043615284
6	36	0.7381881003598971
6	37	1.2943666660693307
6	38	1.9092829175041954
6	39	0.5664333242727759
6	40	2.3246777682061697
6	41	-3.08679958581458
6	42	-0.7623245495952666
6	43	-3.2380124164460704
6	44	0.4934067039646392
6	45	-1.7809726353419018
6	46	1.3262273467988148
6	47	-0.11273158136308523
6	48	-2.629410227076976
6	49	0.6578862119105461
6	50	-2.137834571811863
6	51	-1.2712039015477157
6	52	4.226044184174983
6	53	3.7110354710437727
6	54	0.6610231515719229
6	55	0.6466518629770439
6	56	4.299763555308023
6	57	2.743348891318697
6	58	-4.399600845833223
6	59	-1.3738479578910818
6	60	-2.0509727709592096
6	61	0.6479739545724484
6	62	-1.7427318237917508
6	63	-0.2901688568275009
6	64	1.3093266680826163
6	65	0.136199837390386
6	66	-0.5636558425321567
6	67	-1.8564507850922758
6	68	0.06333581703472253
6	69	-3.2662785408897217
7	7	NaN
7	8	3.188653559048741
7	9	2.139823226379313
7	10	-0.4076397831135578
7	11	-3.9512578066338118
7	12	-3.4195994340804288
7	13	-0.0011969240005485675
7	14	-0.340631395778988
7	15	-0.7980871496075445
7	16	-1.4057393208387923
7	17	1.0330381405620748
7	18	-1.8857602363308132
7	19	-2.2857607807829066
7	20	0.7727007631174734
7	21	-1.0602894822539275
7	22	-1.5937912538270622
7	23	-2.4228489372577213
7	24	3.141180621586959
7	25	-0.6252631071022688
7	26	-1.4946922444709503
7	27	1.6929472578640812
7	28	0.30672312987041694
7	29	-0.022614192497825446
7	30	-1.2634140501210702
7	31	0.38847197161356706
7	32	-0.9312163159554654
7	33	4.014317005645287
7	34	-3.1869194715296087
7	35	1.4500065361262473
7	36	3.2750028542338296
7	37	2.285388569838609
7	38	3.9005914524135474
7	39	1.9573547954409902
7	40	2.760335292836328
7	41	2.0585511758568207
7	42	0.07527018364643807
7	43	0.022406204441987394
7	44	-1.3858570178144782
7	45	-0.17110342080686772
7	46	-2.2867274923483376
7	47	0.733314754923465
7	48	-0.7031706874332272
7	49	1.1852860964534573
7	50	-3.5218707597693317
7	51	-3.3030573864519397
7	52	1.997716129592568
7	53	1.3883044950443324
7	54	1.6312784830567169
7	55	2.8406467956690076
7	56	3.063374598421114
7	57	2.3548193643351207
7	58	-1.065785735103761
7	59	-0.7786374314152935
7	60	-0.985646639572894
7	61	-1.0118188945832847
7	62	-0.7871493918349102
7	63	-2.0205622803364185
7	64	0.13799924117968504
7	65	-2.6076166986343945
7	66	-1.6369137770026319
7	67	-1.1064315149509847
7	68	0.7482670252062855
7	69	-1.2407413117966333
8	8	NaN
8	9	4.065042175845798
8	10	2.4115829567795988
8	11	-1.1153522449995834
8	12	-6.651249708702513
8	13	1.7808425761138174
8	14	-0.20973924604424452
8	15	-1.8736626994278762
8	16	0.9878630800334327
8	17	2.0303964104465075
8	18	-1.5891300725198092
8	19	-2.6327625678003854
8	20	-2.8339603133746856
8	21	-4.298335978693843
8	22	0.6947027399642638
8	23	-3.2860077722141297
8	24	6.047151524258855
8	25	-2.614159369825972
8	26	2.591641584710753
8	27	-0.9751082962904322
8	28	-0.8744706317333667
8	29	-3.8746234554481322
8	30	-1.517052520804372
8	31	-2.557964932080493
8	32	-2.0972721401726213
8	33	-1.5909256478057185
8	34	-2.0864165304025053
8	35	-0.43820003011256564
8	36	-0.9669646406897926
8	37	19.005697164759358
8	38	2.6297482756048165
8	39	-2.9059191486120812
8	40	2.8932891846706763
8	41	-2.975884064393929
8	42	3.8427791236718667
8	43	-3.2347536130748877
8	44	-3.4059547012938634
8	45	-3.7255825410887393
8	46	1.454335548739414
8	47	-0.005502143114131852
8	48	-1.057758693961202
8	49	-0.2604754402970066
8	50	-1.4566123931402568
8	51	1.003675608139523
8	52	-1.6859356936354022
8	53	28.58491938970212
8	54	-0.6148745906898379
8	55	-2.0324649156755896
8	56	1.9876365357004642
8	57	-0.8736591697154522
8	58	1.8456946193483805
8	59	1.7049762444992471
8	60	-2.92175049936256
8	61	-0.9679950293047394
8	62	-0.3846212467669173
8	63	-1.2738202790103226
8	64	-3.6540306412155226
8	65	-2.58582327130494
8	66	-0.9742032397935271
8	67	-1.2230303602350634
8	68	-1.1027968260703287
8	69	-2.334282387546051
9	9	NaN
9	10	2.4016286738183763
9	11	-3.5100125119834096
9	12	-3.559629807707391
9	13	-0.00877499472666075
9	14	-0.5472273899035285
9	15	-5.051832915595146
9	16	-1.8162404129898693
9	17	2.104051586622373
9	18	-2.8305879879756293
9	19	-1.8803189061637513
9	20	0.38780110587259475
9	21	-2.2907629037922512
9	22	-0.7360674052740928
9	23	0.7597663413271772
9	24	2.68096798837416
9	25	0.12422088652956026
9	26	-1.1138656856113869
9	27	1.9723989005376876
9	28	-4.679123482322051
9	29	0.8597303990914603
9	30	-2.297549834359229
9	31	-1.0120506728056335
9	32	-3.1935309935419713
9	33	3.6118788620801405
9	34	-1.9675126817840425
9	35	6.005596150272066
9	36	-0.10308905605344396
9	37	-0.41060581850216765
9	38	2.651459150822523
9	39	0.08748645834700813
9	40	1.9629561313233115
9	41	0.5978561211464001
9	42	2.6706542901689825
9	43	-0.5970764658470186
9	44	-2.670869223599344
9	45	-2.215755813389864
9	46	3.185047047439046
9	47	3.042566661466184
9	48	0.4538181616880995
9	49	2.017440453015769
9	50	-0.3546991500522747
9	51	-2.851165578985
9	52	3.162449318261443
9	53	2.248180363782018
9	54	1.2865535162423765
9	55	2.0267980619519106
9	56	2.5979231003609993
9	57	1.9852667392236862
9	58	-3.0096938255145225
9	59	0.22417664883491714
9	60	-0.5515545380964211
9	61	-3.4564941158586473
9	62	-3.486732925156805
9	63	-1.7925429299269335
9	64	3.0690301626479095
9	65	-1.3131525581081511
9	66	-1.6865663150100207
9	67	-4.005958659765394
9	68	-4.111736589400166
9	69	-1.1314483287397477
10	10	NaN
10	11	-0.046501324155129226
10	12	-0.8439157826373207
10	13	0.6362281184110931
10	14	-1.3309578162213291
10	15	-1.0937281587018357
10	16	-0.6719402831214134
10	17	4.284465629888487
10	18	-0.2969370596999384
10	19	-1.060739145757333
10	20	-0.9637487568017858
10	21	-1.899494240590067
10	22	1.3853862086932929
10	23	-0.3778195574655231
10	24	-0.8161056983123048
10	25	1.1004274064686017
10	26	-1.6292256411637882
10	27	-0.4082312604564282
10	28	-1.8920039658588905
10	29	-0.9969934069317519
10	30	1.193270795411229
10	31	-4.1388669133538345
10	32	0.6826135550002436
10	33	-0.5668690943443385
10	34	-0.5782128774349485
10	35	0.25745785071812394
10	36	0.3411306098865285
10	37	4.988378665329883
10	38	1.7977234727552391
10	39	4.4799117821381484
10	40	0.01595661367127193
10	41	-0.6094101733278411
10	42	2.1187472761637496
10	43	0.19812990020997845
10	44	1.151760475315347
10	45	-0.10974565095174701
10	46	1.1200563433754689
10	47	-0.1939860684333873
10	48	-2.8606254630752477
10	49	-0.7676736788931111
10	50	1.1536045670416268
10	51	0.5490113015311401
10	52	0.5374828203406014
10	53	0.4394071339173746
10	54	-1.9682894211227162
10	55	5.454487212683841
10	56	1.0585844909483504
10	57	1.8713297008261751
10	58	-1.6472125527052357
10	59	0.40001345277313144
10	60	-3.761399471390901
10	61	-2.7402762482681653
10	62	-1.6084524124850024
10	63	-3.687550254569421
10	64	-0.3079495544258316
10	65	1.8092679273756866
10	66	0.13043714947267696
10	67	-1.2775589938999377
10	68	0.9069747707554341
10	69	-3.706233441682573
11	11	NaN
11	12	-2.613135961084201
11	13	-0.030065684495930264
11	14	-0.15961160152694023
11	15	3.6534296911176996
11	16	2.5116534361346163
11	17	0.04435943430215528
11	18	4.088595050679298
11	19	-0.9131481937822007
11	20	0.7948664403075386
11	21	0.7461390751480237
11	22	0.1562470688964746
11	23	2.109442313262878
11	24	-1.5370625457959934
11	25	3.539921897030853
11	26	0.10595529147393604
11	27	-1.9389553895201332
11	28	3.096360252644258
11	29	2.1257089191278205
11	30	6.660242422948827
11	31	-1.5427719777849314
11	32	-0.5721322214889019
11	33	0.9441622474639905
11	34	-0.5730698431648407
11	35	0.4040630309081702
11	36	0.5940248707105077
11	37	-0.04548537224740409
11	38	-1.9118881492430164
11	39	4.941864735298394
11	40	2.4643331701304834
11	41	0.4937197007326059
11	42	-1.7591856637858698
11	43	0.24285648877798774
11	44	-1.0513638566852987
11	45	0.9737097586840823
11	46	-1.765385050567129
11	47	-3.727253910952669
11	48	0.12207162556951641
11	49	-2.529101611008052
11	50	0.21852322147008973
11	51	1.1521353543462103
11	52	-0.41119629432360105
11	53	-4.018182186569154
11	54	0.6464848547016522
11	55	-0.4388130926130487
11	56	-1.8977924531747914
11	57	-2.1064585393986515
11	58	0.5025274942468752
11	59	-1.5283907602736813
11	60	0.655422422434331
11	61	-1.5468796106753744
11	62	1.5939404445228118
11	63	4.089633339123522
11	64	-2.429601531276373
11	65	-1.50344117432877
11	66	-0.27075009579767173
11	67	-2.176203534432731
11	68	3.111576431941029
11	69	0.11590731153286148
12	12	NaN
12	13	0.23054447927268668
12	14	0.9065250427060674
12	15	0.17512057545415374
12	16	-2.3078038140318693
12	17	-0.724664373518603
12	18	29.209088960293766
12	19	1.0222849620650796
12	20	-2.9024388954704037
12	21	-1.614946565852219
12	22	2.1800870257279343
12	23	-2.0354833673160293
12	24	-0.9750689889652019
12	25	-1.9858820503507233
12	26	-0.45845335208282495
12	27	-3.443860028253169
12	28	-3.1405214866980917
12	29	-0.9514473908169451
12	30	-1.0140417286301138
12	31	-1.679470577710903
12	32	-0.3916823085046014
12	33	-4.994700609382902
12	34	-5.339078214584644
12	35	-4.107244997512755
12	36	-3.475654828001247
12	37	-2.1268917047431715
12	38	-3.526234048380416
12	39	80.45083356185256
12	40	-2.2852354042126337
12	41	-3.073396516412903
12	42	0.6284433953177493
12	43	0.26951498368134164
12	44	-1.5010073504342305
12	45	-1.8084423913273644
12	46	-2.9958870187640554
12	47	-1.1098909599374547
12	48	-2.7138093842561504
12	49	-1.8841721469896273
12	50	0.9863381388350517
12	51	0.8664579203947933
12	52	-3.4138241556614117
12	53	-4.44867793980514
12	54	-1.9842735420397033
12	55	-2.6069275414519533
12	56	-2.630065869103858
12	57	-1.7071133445603632
12	58	-4.255047809638868
12	59	-0.5349202600559565
12	60	-0.7697699884783928
12	61	-1.0089968069058683
12	62	0.0020944847043907035
12	63	1.0743186910154303
12	64	-0.5660272541693881
12	65	-1.336300141596384
12	66	1.7161513409506917
12	67	-2.670861261495557
12	68	-0.10612944175629316
12	69	-2.4517810374756497
13	13	NaN
13	14	0.9732686497114047
13	15	-2.1753935784655973
13	16	-1.436350844784017
13	17	1.5722575673609307
13	18	-2.144180006363174
13	19	-0.43985151535096223
13	20	1.39422808569633
13	21	-0.5529740563697033
13	22	-0.9466919527406523
13	23	1.546660767814104
13	24	0.23111068725153908
13	25	2.0496829975182598
13	26	-0.4000252370281911
13	27	0.08993052734148307
13	28	0.06812868199125856
13	29	-3.183829210701321
13	30	-2.9068864043784375
13	31	0.2345562263215026
13	32	-1.2495828709012256
13	33	0.06818432790933994
13	34	-1.720147052273459
13	35	1.6935204266941644
13	36	2.160439860794263
13	37	2.5673869533520453
13	38	-0.18670367048819927
13	39	-1.786459084648828
13	40	5.2670969150450935
13	41	1.115418750700613
13	42	2.769773231764674
13	43	-2.541803516112941
13	44	2.220228959484014
13	45	1.0409160514338798
13	46	-4.092908890668892
13	47	0.4793111369248503
13	48	0.07291815740107442
13	49	0.39575297676330584
13	50	2.112454909327833
13	51	1.7923592712141527
13	52	-0.8401579998996948
13	53	-0.33324355108787673
13	54	-0.44197314215254213
13	55	3.157770584339168
13	56	1.6581486217092285
13	57	0.7078313721786785
13	58	-0.20291958397656976
13	59	-2.7435721137084803
13	60	-0.6934444174250239
13	61	0.8049506507252591
13	62	-0.6838451716945028
13	63	-1.7668995897180741
13	64	-2.4715778484308695
13	65	-1.5224874437023148
13	66	-1.5581278758551675
13	67	-0.8896300356446377
13	68	2.2532118610921437
13	69	-2.5577176595332447
14	14	NaN
14	15	2.9725606968830762
14	16	-0.4405341922945074
14	17	-0.6418039285430236
14	18	-0.1941836125683694
14	19	-1.721168023445849
14	20	0.3707263523785316
14	21	-1.6636233229714206
14	22	1.2230052819984474
14	23	3.1454594066753896
14	24	-1.0628667842277368
14	25	-3.22177086647284
14	26	2.8258392972323527
14	27	-1.6917078479384058
14	28	-1.132388723909836
14	29	1.0074719461071582
14	30	0.7761015832933695
14	31	0.20298099683539264
14	32	-0.02347026608580592
14	33	-1.7500055612511356
14	34	-1.8607923499409844
14	35	-1.3886286049180234
14	36	-2.0999554886369416
14	37	-0.8003649380596006
14	38	2.2695101519675585
14	39	-0.7992776018699774
14	40	0.4503239652049397
14	41	2.0065758544122345
14	42	0.5708774113668826
14	43	2.6858384949276313
14	44	1.2756777464896716
14	45	-1.2099290582401994
14	46	-0.6660065639099467
14	47	-2.6538725843154283
14	48	-2.560456662244829
14	49	0.37940905556777865
14	50	0.05429345447681821
14	51	-0.3870056228419639
14	52	1.9550906470306784
14	53	10.874913072806345
14	54	-0.02738179474817877
14	55	-1.3222471475387094
14	56	1.156270430464752
14	57	-0.785986526194688
14	58	-1.7069313521094531
14	59	-2.9005907597512164
14	60	1.4033996976485705
14	61	0.8260247282695897
14	62	-0.06237986744982225
14	63	0.808935205131694
14	64	-0.5434814853910256
14	65	-2.571401978938875
14	66	-1.3601477676238267
14	67	-2.2113799588752294
14	68	2.152167659465712
14	69	0.2267302018082829
15	15	NaN
15	16	-0.12144200068979147
15	17	3.650800901299651
15	18	-2.3880765549248197
15	19	21.542841658562313
15	20	-1.7295911159737507
15	21	-0.30949164889892156
15	22	0.14670613877083674
15	23	-2.4352342473243622
15	24	-1.9012854389476626
15	25	0.19054119959515428
15	26	0.9366546943203705
15	27	-1.2102075427270702
15	28	1.5130265105079423
15	29	1.7413102981854998
15	30	-0.3027050217390998
15	31	-3.8819212054190557
15	32	0.3353448448584305
15	33	-4.7812149317506245
15	34	-0.8095842599092415
15	35	-1.0390639403939992
15	36	0.7672603710180911
15	37	-3.1089953953982676
15	38	-0.805179106487848
15	39	-2.8453167817349247
15	40	-2.2218957420023426
15	41	3.0385871804814286
15	42	-1.3048315473664736
15	43	-1.1358946765732625
15	44	2.8741698583611544
15	45	-1.1707591300539746
15	46	1.7307384705556417
15	47	0.40436847592301944
15	48	1.7054982526958722
15	49	-1.8088395285784549
15	50	1.9559285513963343
15	51	-0.37936006957681395
15	52	0.5896968684226748
15	53	-3.599305386043398
15	54	-2.389388211810313
15	55	0.9807790435960139
15	56	-2.258944454698021
15	57	-3.5677886973192905
15	58	-3.5005833360993033
15	59	3.015336836509925
15	60	3.4475098479355566
15	61	-2.6520415372299535
15	62	2.47032011442335
15	63	-1.2412691566033132
15	64	0.5264154380363144
15	65	1.8352210862946883
15	66	1.0943682449045908
15	67	-0.6593683265196235
15	68	6.281521094207391
15	69	-0.36460141532942525
16	16	NaN
16	17	-2.1432376275798206
16	18	0.6532658709920854
16	19	1.140050543353177
16	20	-0.35955550323216257
16	21	2.8181944398723533
16	22	2.493227605109628
16	23	0.11709764731508915
16	24	-2.0395132544834165
16	25	-2.54782570419813
16	26	2.2085664798555125
16	27	-3.0347245052395886
16	28	0.8127118823948131
16	29	3.7927406141503903
16	30	0.31158953771449216
16	31	-3.0723068900300317
16	32	-1.5165872063689847
16	33	0.8979879632410489
16	34	-0.23271156213740793
16	35	-1.4769096133936026
16	36	-0.7631281252759188
16	37	-0.7105672088499103
16	38	-0.6107312148878837
16	39	-1.8668139564397033
16	40	-1.5205332676955665
16	41	-0.10456621366763562
16	42	0.5981194408211747
16	43	1.093253752196517
16	44	-0.05888002647034284
16	45	1.92326261392693
16	46	-2.781151382813567
16	47	-0.8157427982525803
16	48	8.658727107181171
16	49	-1.9085007714170126
16	50	0.0609622245450293
16	51	0.6598844755921842
16	52	-2.9324688587056285
16	53	2.620126788768486
16	54	-1.750068449050546
16	55	-3.260124645528236
16	56	-1.5386680116538256
16	57	-1.1218831659534576
16	58	3.505264204897212
16	59	-0.8255427355244324
16	60	2.2191361322893624
16	61	1.8964525432761985
16	62	0.10130720407454091
16	63	-0.6044618068325297
16	64	-0.2757826061218948
16	65	-2.1343497086322905
16	66	1.8207386775637027
16	67	-2.5670895410178667
16	68	1.902572635733777
16	69	17.17245391685946
17	17	NaN
17	18	0.458534311228316
17	19	-2.03215544931031
17	20	1.519338529830144
17	21	-2.062719787159877
17	22	-0.12428445535631201
17	23	-1.4898265691642563
17	24	1.9095577807990685
17	25	0.07907213030568284
17	26	-1.0039508773326866
17	27	0.2526154032979888
17	28	-2.9817227607358876
17	29	0.4403640923001637
17	30	-1.0510075991928778
17	31	-3.034385597141619
17	32	-1.0525266529567983
17	33	-1.0138662746630958
17	34	-2.408707498197693
17	35	1.5926730758714067
17	36	1.243509510573052
17	37	0.11808046427892696
17	38	1.1910076147974886
17	39	-1.7708325452427705
17	40	1.9023084610274705
17	41	-1.2239115297847976
17	42	-0.42379430331601614
17	43	-1.54422207488961
17	44	-0.5732319260366945
17	45	1.3082553587302304
17	46	-2.872072720666504
17	47	0.027186279148117155
17	48	0.09794806212028195
17	49	1.0663105240785853
17	50	1.1614917875669577
17	51	-2.5658345345277382
17	52	2.422423644136504
17	53	6.616259987773345
17	54	2.315639879496153
17	55	3.5082920095617465
17	56	1.8533668928169624
17	57	1.5052721825788242
17	58	-1.6839292538517632
17	59	-2.8350894901499384
17	60	-0.15327040983922638
17	61	-0.7046830665558573
17	62	-1.466372221500459
17	63	-0.7740726417028099
17	64	1.1811120000475592
17	65	-3.4301168573305816
17	66	-0.3114284592936157
17	67	-1.545139581326443
17	68	-1.7841536587747127
17	69	-1.4672152877589726
18	18	NaN
18	19	3.6291408207733094
18	20	-3.309298589330831
18	21	2.9456853692092095
18	22	-1.1606758083359763
18	23	1.7150043363330145
18	24	-3.8987271438271667
18	25	0.5882849409466729
18	26	0.30185747150383324
18	27	-2.024115596399316
18	28	2.3540680150863578
18	29	2.995586106928663
18	30	2.3310839571682136
18	31	-1.368776268130404
18	32	-0.06597302719132075
18	33	-1.638752341883834
18	34	-0.9619258942148691
18	35	-3.317895087903368
18	36	-2.8052220211300205
18	37	-2.065089862271528
18	38	-1.180266604398638
18	39	-5.4763657455717984
18	40	-1.6425651417544673
18	41	1.0854659037614902
18	42	1.433511536459437
18	43	1.0228055950584294
18	44	-1.6804869529043103
18	45	-2.417703755440308
18	46	2.885663877854337
18	47	-0.4962591843848341
18	48	-1.8411168170745924
18	49	0.8577789061197196
18	50	1.537801839843867
18	51	0.08853063214858263
18	52	-0.3728305991087454
18	53	-1.3491821097322867
18	54	-2.0495705573152354
18	55	-2.907790620518666
18	56	-2.260559158483879
18	57	-1.84956646585903
18	58	3.510705407904285
18	59	0.035121893844517346
18	60	0.4997407873826779
18	61	1.2791507894437935
18	62	3.7977197379043672
18	63	0.8661191858221685
18	64	-3.5506836623321467
18	65	4.310480861507939
18	66	2.0891069733987724
18	67	0.6729846239001994
18	68	0.19763090526895022
18	69	-4.663886894236358
19	19	NaN
19	20	-1.6521246938314837
19	21	-0.6994296574666664
19	22	-0.6912680479749398
19	23	-0.20892317841065877
19	24	-0.03774344402849209
19	25	-0.832607138947113
19	26	1.7466947451012358
19	27	-1.867144835808031
19	28	2.4901454967614916
19	29	-0.45620924451659983
19	30	-1.1424810666131997
19	31	1.4822995261046308
19	32	3.70100516811472
19	33	-1.9975060533729179
19	34	-1.968753025643631
19	35	-1.7668665544099096
19	36	-1.6327983762167593
19	37	-1.3440257371871882
19	38	-2.536932183182499
19	39	-1.5363790509483666
19	40	-0.3540932911684729
19	41	-2.606641744516021
19	42	1.2481151827165475
19	43	0.4186959436657553
19	44	-0.4221208624765861
19	45	-1.109393250512068
19	46	1.4622461977435113
19	47	1.856585312198836
19	48	2.405087908846652
19	49	1.6571775431978937
19	50	-1.1569139103114012
19	51	5.328754068400164
19	52	-0.3103945237205617
19	53	-2.378752634394129
19	54	-1.8125834363043027
19	55	-1.9637434642873703
19	56	-1.4590642577411863
19	57	-2.3714064039647185
19	58	0.4478479090758769
19	59	1.9882222798799516
19	60	-1.5892636309418835
19	61	-0.6866393791884771
19	62	1.8676781042721067
19	63	-1.1794543767155758
19	64	-0.2949724561767374
19	65	0.910864306582281
19	66	-0.683209864388851
19	67	-1.693293567450099
19	68	0.41262724537273054
19	69	-0.6850343220356263
20	20	NaN
20	21	-1.123080243271002
20	22	0.15761797044893228
20	23	-1.5646373740565394
20	24	2.3997900505674683
20	25	-0.5028572727270287
20	26	-1.4661633152122369
20	27	0.2524870312801983
20	28	0.6806431984698785
20	29	1.4858905819384496
20	30	-0.1873822119091793
20	31	-0.5055266188573965
20	32	-2.404381001941737
20	33	-0.5412098025517244
20	34	-2.3990401444919693
20	35	2.565393182700555
20	36	0.6612830749320749
20	37	1.0705412513160728
20	38	2.2638393453648007
20	39	1.2432356693959283
20	40	2.982524386011983
20	41	-0.2245797919285796
20	42	1.7276228666593605
20	43	-1.788929050601251
20	44	-0.3924180228054845
20	45	-1.1928789910753603
20	46	-1.463081851201311
20	47	-0.7564876881377685
20	48	-2.5990432760539535
20	49	0.8173068178449323
20	50	-0.8636630541281174
20	51	0.30094849755037695
20	52	-0.2279987659793777
20	53	3.137239889334537
20	54	0.7152607777545006
20	55	1.6172244101727598
20	56	0.15856949620232952
20	57	-0.09593078755738528
20	58	-2.0696827605347283
20	59	-0.7518601198531326
20	60	-1.908997798448436
20	61	-0.7399396776648253
20	62	0.7899641721463427
20	63	-0.5506895657375402
20	64	1.4231646272283913
20	65	-0.09903019688481463
20	66	-0.4535584956384853
20	67	-1.1514691130468775
20	68	0.8763747966759444
20	69	10.067740074706277
21	21	NaN
21	22	2.0604893814428205
21	23	-0.8732461149575432
21	24	-1.3453571671022773
21	25	1.3853968443070117
21	26	-1.4526662013375755
21	27	-2.6946392530091385
21	28	2.8272335092231393
21	29	1.5490184217923426
21	30	1.9380151883954695
21	31	-0.013693557343298494
21	32	-1.3589124921036901
21	33	-3.9263590260163723
21	34	0.39376461515091327
21	35	0.22627323208563385
21	36	-1.7902465036001454
21	37	3.437889790370436
21	38	-2.7190895595180504
21	39	-3.425666307451618
21	40	-1.1213949593747443
21	41	1.365161213839894
21	42	2.1659376683462273
21	43	1.3980046405567295
21	44	1.0524895204448852
21	45	-0.5644721877910241
21	46	3.2097481863488215
21	47	0.5186177285041866
21	48	-0.2621561180539149
21	49	0.6193365720827485
21	50	1.7275692267763894
21	51	-1.6868845261847485
21	52	-0.3071537308631692
21	53	-2.14589487346152
21	54	-0.7591367478650914
21	55	-1.681908785417905
21	56	0.011235994639998845
21	57	-0.530179219672975
21	58	-0.03133360842700613
21	59	6.727179281506325
21	60	-0.21685003088802976
21	61	2.8744711499055517
21	62	0.7413924205389574
21	63	0.6241086412897338
21	64	0.287339852023634
21	65	6.557584716178183
21	66	-0.6726998573536179
21	67	2.126598537665378
21	68	2.208978645420574
21	69	-0.08424176904831199
22	22	NaN
22	23	2.929266307479953
22	24	-0.836616011211523
22	25	1.4709082800721442
22	26	0.018591669967474606
22	27	-2.142602052796789
22	28	1.5172407062947095
22	29	3.239392542810448
22	30	-0.635095695766134
22	31	1.23249111215316
22	32	3.5401945752498567
22	33	-1.907585641532555
22	34	-0.5457586448848437
22	35	-0.56756116573942
22	36	-0.7915552064070903
22	37	-0.1052113860278292
22	38	-1.32430037320819
22	39	-2.2809190611833055
22	40	-1.0751271781923952
22	41	2.22863936370249
22	42	0.16568211276098593
22	43	-0.001809908927857748
22	44	2.2392198229185114
22	45	-2.944288833437401
22	46	0.37613318695676407
22	47	-1.5638170367868247
22	48	-1.3512199973178391
22	49	1.128497905532623
22	50	1.668127146633911
22	51	-3.7585422651650853
22	52	1.8359387410050392
22	53	-0.10623879173448335
22	54	-0.2487541101088591
22	55	-0.3369787296613342
22	56	-1.7762303789861695
22	57	-1.1454942591400958
22	58	2.749927028683832
22	59	0.42406969986937
22	60	4.670870993473979
22	61	-1.5313498683928963
22	62	1.0120217428241292
22	63	1.6764403763428344
22	64	-0.6512365380244352
22	65	1.75913562985668
22	66	-1.4205834645106807
22	67	-2.400102749227738
22	68	-0.8141316580104047
22	69	1.2816432889084004
23	23	NaN
23	24	-1.914599704317999
23	25	2.559399188374234
23	26	2.615120684685205
23	27	8.380855219806536
23	28	1.9039001069054975
23	29	0.527927253264399
23	30	-1.1053371565346062
23	31	0.9943120691003251
23	32	1.5416690315144916
23	33	-0.9102750418768548
23	34	-1.402713552722382
23	35	-3.7417027848696573
23	36	-1.9520327670892568
23	37	-2.6538920372484536
23	38	-2.565719311071659
23	39	-3.194371747952185
23	40	-0.16668036558415106
23	41	3.590095743530859
23	42	0.64578063746949
23	43	2.9647978205408543
23	44	1.3181818265805043
23	45	-0.4110097010061175
23	46	-0.9881364629776388
23	47	-1.5597175339540739
23	48	3.848367997389082
23	49	2.403423435991788
23	50	4.5805392729719445
23	51	1.2834334269657819
23	52	-2.2163605654758554
23	53	0.25707278967320085
23	54	-1.6923655977523617
23	55	-4.945494671357559
23	56	-2.8235461445286303
23	57	0.13637094836086183
23	58	4.2136374553355695
23	59	1.7486680768310034
23	60	0.12027305195361898
23	61	1.47251762768075
23	62	-4.043299611936643
23	63	0.7723416071130947
23	64	-1.119660798979732
23	65	0.10541752624683073
23	66	2.7959094898607804
23	67	0.9666315108918156
23	68	0.08661325419144268
23	69	-3.3261699880228344
24	24	NaN
24	25	-1.164737159715181
24	26	-2.4469094728684695
24	27	2.725343630068632
24	28	-1.9137528319045027
24	29	-0.38848020199355077
24	30	-3.39166810839736
24	31	-0.4406937854245996
24	32	-1.6502489294208547
24	33	1.8054394888395187
24	34	-1.0503488826356484
24	35	4.323553536836562
24	36	0.634791740235637
24	37	5.635057615084629
24	38	1.5369260600779306
24	39	-0.6648217196849538
24	40	2.371793488407486
24	41	-2.0382186125104886
24	42	-3.09336200634857
24	43	-0.6588218771971441
24	44	-0.6604884254553991
24	45	-0.5404403164166698
24	46	-3.3858775987739977
24	47	1.0109365618432324
24	48	-3.8521159991595355
24	49	1.6334957754805075
24	50	-0.8829050314088523
24	51	-1.4039808781365946
24	52	1.928532059704717
24	53	2.3921120393531514
24	54	2.034067210452472
24	55	2.8297339224695355
24	56	4.091422611895213
24	57	1.9711544409099924
24	58	-2.2430653534827956
24	59	1.3440443352884832
24	60	-3.0574588710482624
24	61	-1.1108094357686804
24	62	0.5692025339224125
24	63	-0.22803331098900428
24	64	0.893402412875349
24	65	-1.6554959804207037
24	66	-1.390104631376911
24	67	-1.3971298094499789
24	68	-1.716478680798345
24	69	1.808519950848854
25	25	NaN
25	26	2.749306264260294
25	27	-2.171123371647184
25	28	2.863218142355882
25	29	-0.5128154427999381
25	30	1.2874100913682975
25	31	-1.6121206991943413
25	32	3.4460915304902997
25	33	-2.0101972501380256
25	34	1.219996651886891
25	35	0.39785809185734455
25	36	1.3804528153794595
25	37	-3.1346094074340063
25	38	-1.3761359064690892
25	39	-2.710106551835412
25	40	-2.8838751949930788
25	41	3.240300589107503
25	42	1.515503061057344
25	43	0.11543281499424488
25	44	3.234179458151957
25	45	3.5660602903807233
25	46	-1.5326771701861366
25	47	-0.8672831937045072
25	48	-0.29846481164109206
25	49	-4.3635991979750886
25	50	0.3082879572484242
25	51	0.3031739352822206
25	52	1.524921547334443
25	53	-4.976037517341216
25	54	-2.5180223886817776
25	55	2.7193911819241374
25	56	-2.478921323083589
25	57	0.6507471595489647
25	58	2.977347593553092
25	59	2.5302014172907237
25	60	2.0866360076576336
25	61	5.356547464813699
25	62	-4.332316789128235
25	63	-0.8329139115389795
25	64	0.3061905910733544
25	65	-0.09974729668709238
25	66	1.881901782421168
25	67	2.661805949242143
25	68	1.6754300323644133
25	69	0.14661533232235985
26	26	NaN
26	27	-0.42465751163582643
26	28	-0.25154867687980165
26	29	3.1647093919118974
26	30	-0.4360165167668324
26	31	3.256876896497915
26	32	0.3656583065356147
26	33	-2.192010215525232
26	34	-1.917040028203266
26	35	-1.1822803649783082
26	36	-2.9621246369085976
26	37	-1.2455971438423692
26	38	1.0532621588597009
26	39	-3.80047358832488
26	40	-1.7807963049719
26	41	0.3751728190965833
26	42	2.3445397639719845
26	43	0.8280749016937481
26	44	0.14416483954529177
26	45	-3.0543865148734413
26	46	3.2412156376444425
26	47	0.7252956342772957
26	48	0.9680820490786282
26	49	-0.035469883606520015
26	50	0.5316788350504792
26	51	0.4004586920986828
26	52	-2.5847389504083127
26	53	-0.6973694701177324
26	54	2.8117683587126936
26	55	-2.400565325003319
26	56	-2.669885646426845
26	57	-1.4124173700422062
26	58	-0.14219248846507085
26	59	1.0501536703684318
26	60	2.218560860010309
26	61	0.3823245092394468
26	62	0.07834743139179619
26	63	0.2229436180815079
26	64	1.307008257291069
26	65	-0.2528537885688374
26	66	3.7353476742418
26	67	2.6339616690556595
26	68	0.5645272917279793
26	69	-2.1038311871597855
27	27	NaN
27	28	-0.9140913718188943
27	29	-1.3845873949967846
27	30	0.6560209696675927
27	31	31.80367794093398
27	32	-1.3930812518782911
27	33	2.0930626669453063
27	34	-0.7161462030754208
27	35	4.084174115583326
27	36	-0.6610438615496018
27	37	0.2727623998504116
27	38	-0.2351768047395773
27	39	-4.709454891308515
27	40	1.9625803265791812
27	41	-3.1662692561037806
27	42	-0.5503743042738379
27	43	-1.6446494754435785
27	44	0.22348380039247456
27	45	-0.24000920505040305
27	46	0.009914132407156922
27	47	-1.3384229550971671
27	48	-2.94948386596033
27	49	-0.3116744639096959
27	50	-0.09333587609958688
27	51	-2.9572851096199075
27	52	0.5949873152842248
27	53	-2.262639032655308
27	54	3.1949926186506223
27	55	0.8538952169910471
27	56	3.1412599731621187
27	57	0.9841179065127739
27	58	-2.299920477050503
27	59	1.019883473921553
27	60	-2.6013681650954
27	61	-2.490839548840187
27	62	-0.544927252243326
27	63	-1.5327620622357734
27	64	0.44331547672183147
27	65	-0.908149408533195
27	66	-1.4036348427781324
27	67	-2.6251613422002453
27	68	-2.8851073439730754
27	69	-1.3044253904338046
28	28	NaN
28	29	2.355089337723599
28	30	-1.219403972766363
28	31	3.9097913128031188
28	32	-0.2301892180340813
28	33	-0.7862280252017577
28	34	2.3804336423005403
28	35	-3.195255436462729
28	36	-0.06513146027220955
28	37	0.10416307284799427
28	38	-0.7224621819477111
28	39	-3.9698608758509244
28	40	-2.4980057087521876
28	41	-1.531137795198061
28	42	0.3837586267826547
28	43	2.0068922572445236
28	44	0.5988211332710639
28	45	1.4983926950066735
28	46	-0.7004497213925064
28	47	-1.2353365939130387
28	48	1.5201294789823834
28	49	-1.8897513195408024
28	50	-0.03654742198345818
28	51	-0.23285066474890417
28	52	-2.191121897359842
28	53	-2.458907487382433
28	54	0.7266435943198368
28	55	-2.660876033752349
28	56	-0.6541408315711441
28	57	-1.1341725623504777
28	58	2.670097007525664
28	59	-0.7952074976961389
28	60	0.19701769463506302
28	61	1.9503146360754804
28	62	0.11255672326324975
28	63	1.9271370139312225
28	64	1.124754877110015
28	65	1.7906721208134495
28	66	1.913399673159812
28	67	-0.12988221460777657
28	68	0.8968990845810195
28	69	0.4649649018500597
29	29	NaN
29	30	2.5274305183715455
29	31	-1.0933186185237405
29	32	0.8576649613098113
29	33	-1.2876639691549474
29	34	-1.7036583356961161
29	35	0.7520055306467122
29	36	-2.7801512962345973
29	37	-3.419977200754298
29	38	-2.3601425798548608
29	39	-2.458616073702726
29	40	-1.679586108986415
29	41	-0.8394842342120622
29	42	-1.049504083034387
29	43	1.8494851084057007
29	44	0.3966595791797326
29	45	4.065836551927614
29	46	-0.04721901862558584
29	47	3.89684466872047
29	48	1.942833699905476
29	49	-1.6984098271628814
29	50	-0.2862547183547266
29	51	2.063482011460206
29	52	-0.5151613471847752
29	53	-2.199357881253767
29	54	-1.5791009900185775
29	55	0.30077208063312616
29	56	-3.21658446521125
29	57	-2.3072584080928453
29	58	-1.809635324225633
29	59	1.9380889781512067
29	60	1.5203995669374992
29	61	-0.5312240036498209
29	62	2.1932447427833246
29	63	1.2444208174489486
29	64	-2.6843740584811817
29	65	1.6937920824249812
29	66	1.988436544161653
29	67	1.5867812798673804
29	68	1.9951131228304286
29	69	-0.275359321196975
30	30	NaN
30	31	-0.18325254268919322
30	32	4.500482322616286
30	33	-2.9600008333440355
30	34	1.0786217648466538
30	35	-0.9191030731479518
30	36	-1.8267459818062501
30	37	-1.7172845599276636
30	38	0.2632001254257962
30	39	-0.8808692955403138
30	40	-1.1463040138835154
30	41	4.406535994080501
30	42	-2.6043539477195097
30	43	0.9783240544001257
30	44	-3.0481739766262255
30	45	0.9932809873066067
30	46	2.1018402780263115
30	47	0.7650586430016749
30	48	1.8458018833189844
30	49	-1.5696040260684343
30	50	-0.6365034180663115
30	51	0.8805903163494612
30	52	-1.8215698634170323
30	53	-1.0892178341660959
30	54	0.8262772993933036
30	55	-2.3355766055077645
30	56	-1.9797845652285035
30	57	-4.603184072892122
30	58	-0.760211207906783
30	59	-0.1545210497100815
30	60	1.0534780778081747
30	61	1.3027052999259578
30	62	-2.5206609160805926
30	63	3.777167767341503
30	64	-0.649379178587149
30	65	0.9679550245042453
30	66	0.6986967998429352
30	67	5.613127176602562
30	68	-2.055408285909562
30	69	0.2895950770277089
31	31	NaN
31	32	-1.1210792837665848
31	33	-0.3861014105361972
31	34	-0.8822012444264348
31	35	-1.6879763494880253
31	36	-0.7162370773008017
31	37	-0.5260265707080686
31	38	-2.063865233264913
31	39	-3.7334272200885543
31	40	-0.32610278832785966
31	41	0.9128347224914556
31	42	-0.8484090108973739
31	43	-0.04003234496642626
31	44	-0.032549191369744476
31	45	1.9735340412060676
31	46	3.037581500195147
31	47	-3.219552483067893
31	48	0.33817878660677003
31	49	-1.5640762173531295
31	50	-1.0967979961576348
31	51	0.49876480085699193
31	52	-0.4780290823918175
31	53	-2.588387256953289
31	54	-1.574018016317256
31	55	-1.118482833248922
31	56	-0.5378631398614228
31	57	-2.0733564582022432
31	58	0.7036815135444975
31	59	-0.1857329146855734
31	60	2.835366163572769
31	61	-3.7703617670289304
31	62	-0.30958303673351295
31	63	-0.8820487758436216
31	64	1.5027120557320104
31	65	1.6779410110967186
31	66	0.7832026575801215
31	67	-2.0098711123163637
31	68	-1.4884825702748774
31	69	0.33316877974897924
32	32	NaN
32	33	-0.564638290244449
32	34	0.5405801327533606
32	35	-3.1252003828404766
32	36	-0.38136311108549975
32	37	0.27424859171596855
32	38	-1.2904018470554872
32	39	-2.2019928282380983
32	40	-2.6557316411261542
32	41	3.204647730091199
32	42	-1.2171577450280144
32	43	0.36293854311943496
32	44	-0.5244452232124303
32	45	2.2806384153894923
32	46	3.6401043499477312
32	47	-1.0548821140801814
32	48	3.1100686215799027
32	49	-1.3524500691394452
32	50	1.7954446408942017
32	51	2.628033957425194
32	52	-3.6096439166366663
32	53	-2.170996213554536
32	54	-0.11391979765428498
32	55	-1.2529126831052249
32	56	-2.4311690232893888
32	57	1.1889289633671933
32	58	0.8103014559199891
32	59	1.0066638243853991
32	60	-0.5510359580176887
32	61	2.134503769142464
32	62	0.5620852348546304
32	63	1.1475055830268075
32	64	1.2813607648300782
32	65	-0.6927555559363923
32	66	1.3812282569688106
32	67	-1.0267109676067998
32	68	3.2032082984758126
32	69	-0.1868233046499299
33	33	NaN
33	34	1.2905020755094279
33	35	2.659791276656537
33	36	5.10336872614411
33	37	0.6303780379304729
33	38	1.63299332555725
33	39	0.09888336923265013
33	40	0.34862626907758293
33	41	-1.507600608478423
33	42	-1.2185592116954387
33	43	-2.0222086260369365
33	44	0.546001819503765
33	45	-1.8173546668806233
33	46	-0.9716793407219187
33	47	-0.2014361358684449
33	48	-0.6672601672205257
33	49	1.2331800672751179
33	50	-2.2317977074116833
33	51	0.4905402342353123
33	52	5.20073236406533
33	53	0.3200541681769655
33	54	-0.26036303116061954
33	55	2.350443818725981
33	56	3.0869796974921253
33	57	3.4952436270071305
33	58	-1.597005635076142
33	59	-2.3405454749382084
33	60	-0.09150947279682968
33	61	-4.014154911959708
33	62	-0.22994293586964643
33	63	-1.876504688158645
33	64	0.6825218136899462
33	65	-4.206015185704409
33	66	-3.740990963753549
33	67	-0.6761740176852934
33	68	-1.989111999992766
33	69	-4.0207556293566045
34	34	NaN
34	35	-1.1183877526582604
34	36	0.21560896468129728
34	37	-3.032430130043408
34	38	-3.8534109437460247
34	39	-4.21887093667637
34	40	-4.315944479764601
34	41	0.8411652006223418
34	42	0.30232452531725534
34	43	0.11406056398143319
34	44	-0.16039131157264522
34	45	0.4348240399512551
34	46	-1.0679641259732706
34	47	0.24119546375090795
34	48	-4.753185611686134
34	49	-0.22593081964861447
34	50	-0.02523726521338677
34	51	-2.674555154019419
34	52	-3.5950427454853653
34	53	-0.8662067756921551
34	54	-1.2844761633220931
34	55	-0.783985930415487
34	56	-1.247480213880436
34	57	0.2599335322949233
34	58	-2.356011342751845
34	59	1.3349054484035776
34	60	0.17609744829917393
34	61	2.333584511772093
34	62	-0.9354625131123494
34	63	-1.5026819234320319
34	64	-0.7618969379728764
34	65	-2.511662833791397
34	66	0.39152586063673595
34	67	-1.6283062600474818
34	68	2.3358727414863667
34	69	0.5529296125809792
35	35	NaN
35	36	1.4508051287114443
35	37	0.9537990261880382
35	38	2.357609440801211
35	39	1.0356301837142856
35	40	3.1102890976764925
35	41	1.0703508533996686
35	42	-3.2732348612649123
35	43	-1.8837365360330864
35	44	-2.4414703176461954
35	45	2.7341975494901325
35	46	-0.732992385505463
35	47	1.185453973828151
35	48	1.2891244304980758
35	49	1.394333821751171
35	50	-3.82606471106331
35	51	2.387573087775546
35	52	0.4244995597020395
35	53	5.114475393243846
35	54	0.3421623519936489
35	55	4.624189213012638
35	56	1.4662150589725729
35	57	3.2686329922174027
35	58	-3.0646111903638285
35	59	-1.3187202564034632
35	60	-0.33525873159443365
35	61	1.304234082338943
35	62	-1.3599991743699915
35	63	-2.545092866073725
35	64	0.6868618301275731
35	65	1.2115473565609152
35	66	-4.535444565989
35	67	-2.429701882878957
35	68	-3.4229301166799764
35	69	-4.0381172823363976
36	36	NaN
36	37	-1.755266463115022
36	38	-1.4004399375122292
36	39	-1.001661272365333
36	40	-0.33694746470448267
36	41	-0.8314429813230623
36	42	2.9393130436906136
36	43	-1.1519460345116541
36	44	-1.506845327033168
36	45	-1.4676939076422217
36	46	0.7325205591240878
36	47	-0.30122796020790255
36	48	3.7239019547491696
36	49	0.38676401658048165
36	50	0.22809244592784386
36	51	-2.1685027804409325
36	52	-1.9917217803389393
36	53	-0.3690953892327285
36	54	-0.47560403879463886
36	55	1.3597253171255235
36	56	0.49695636619834704
36	57	1.6652792436420476
36	58	-0.8225498466576883
36	59	1.7636549142131575
36	60	1.0112641749719495
36	61	-1.3663343148369893
36	62	2.822507912263115
36	63	-0.4120621010689331
36	64	-0.38139210869971796
36	65	-0.5439469072358225
36	66	-1.2171470526631336
36	67	-0.6505252546856449
36	68	0.46395766277596234
36	69	-0.5217092277886705
37	37	NaN
37	38	2.0943281955932926
37	39	-1.2298284547236162
37	40	2.574665837398002
37	41	-0.9570601026905287
37	42	-0.7202517627232339
37	43	-0.15237857861973142
37	44	-0.4168761136620666
37	45	-2.2272899349816373
37	46	-3.4596707537930373
37	47	-2.966756902291144
37	48	2.2555962281297104
37	49	-0.16524688797432818
37	50	-0.4957401397053116
37	51	0.0011789860330616347
37	52	-0.010744944478466906
37	53	0.26139840648165863
37	54	1.154468110763453
37	55	0.394296232412696
37	56	2.009501109583696
37	57	-0.04358288604388526
37	58	-2.2102999085194392
37	59	-1.970132859980599
37	60	-1.1207435433946378
37	61	-2.201315806899668
37	62	-0.14260987943492595
37	63	-0.6839474483010175
37	64	-0.004206188255624726
37	65	-1.851310599760446
37	66	-1.5366106762409033
37	67	-0.4089517868752008
37	68	-0.391413288368008
37	69	0.5353869508104809
38	38	NaN
38	39	2.749365247784509
38	40	3.825217672217731
38	41	-2.661713901068892
38	42	-1.9745093533151994
38	43	1.539820755605168
38	44	-1.5312756903935179
38	45	-1.1645828999492918
38	46	-1.7997778494513472
38	47	-0.9033937096794595
38	48	1.895568058276092
38	49	1.3489798953709613
38	50	-3.8016039009047895
38	51	-0.6630848162847862
38	52	1.3176226859458935
38	53	0.22235738958368645
38	54	-0.07655823990303502
38	55	2.7788423875464607
38	56	2.692096101481471
38	57	1.0692452537552908
38	58	-3.481712348616635
38	59	0.49799138356292816
38	60	2.0370809798126976
38	61	-2.6892044955651797
38	62	-1.1667129694311402
38	63	-0.8777297261939334
38	64	-0.19001854032529303
38	65	0.5071621947929553
38	66	2.0936926930409485
38	67	-0.5870044120303324
38	68	0.6376496801585785
38	69	0.8202278289386234
39	39	NaN
39	40	0.843544292358316
39	41	-0.04021543130695611
39	42	-1.7759098547324423
39	43	0.2144356660140196
39	44	-1.8879301668957171
39	45	1.6454304512957418
39	46	2.357913660259049
39	47	-0.9499551019059703
39	48	0.9083053865710735
39	49	-2.386760367253484
39	50	-2.379398315011999
39	51	-3.86887779024825
39	52	-1.9810987546808105
39	53	-3.445813052024039
39	54	0.618972902172366
39	55	-3.398633362732885
39	56	0.6042900229772554
39	57	-1.2260150710968114
39	58	-5.963093438384545
39	59	2.5908198943041
39	60	1.0712522159971771
39	61	-3.544345409242868
39	62	-4.3076246144799875
39	63	1.897364075451558
39	64	-0.5881562488882384
39	65	-6.091100102941225
39	66	-4.129303748049367
39	67	-2.2219011105524444
39	68	-1.3802225286223526
39	69	-1.3054907127188713
40	40	NaN
40	41	-0.655548089175884
40	42	-1.2512643082795671
40	43	-0.4667741698428501
40	44	0.005766527677512954
40	45	-1.1259202601737741
40	46	-1.0868788868917778
40	47	-0.947015655981129
40	48	-1.8597647523402467
40	49	2.625589053209243
40	50	-2.6515975683323614
40	51	-0.45086814402031444
40	52	6.643546245482858
40	53	2.3501746191282904
40	54	0.9810313077018874
40	55	0.9414439476779768
40	56	4.016564240840115
40	57	2.532718031044485
40	58	-6.0282194012797135
40	59	-0.6406546672253723
40	60	-2.813350266513866
40	61	-1.0162991816380864
40	62	-2.7555213822579643
40	63	-3.5884109537510005
40	64	0.15471104024613982
40	65	-1.168789267997526
40	66	-0.8637585923116295
40	67	-0.2922909277279716
40	68	-1.5644830836979071
40	69	-0.5581032315464981
41	41	NaN
41	42	4.933854940385428
41	43	3.0302511543201414
41	44	2.322548697214509
41	45	6.918205298005537
41	46	0.9029474393716304
41	47	2.2181481478397576
41	48	-3.4757884497442126
41	49	-0.9254109510449047
41	50	-2.156989235930292
41	51	-0.7910684393125271
41	52	-0.8289406291638408
41	53	-2.7997398823437787
41	54	-3.374574839792681
41	55	-0.6062443338900768
41	56	-2.8330047503612277
41	57	-2.116420765053317
41	58	-3.358173348389034
41	59	0.6087591946110704
41	60	2.4608914707040093
41	61	0.6755327233840812
41	62	-1.3215050777922717
41	63	0.3797599814641141
41	64	-0.027319737038085132
41	65	-0.9738219582543103
41	66	-0.04101261447665755
41	67	1.546518086745435
41	68	2.9159154601316972
41	69	-0.47372606282346685
42	42	NaN
42	43	-0.36243522004412637
42	44	1.2800728986816712
42	45	2.346843689396527
42	46	0.28636306056949146
42	47	1.9727362364443888
42	48	0.721843581782853
42	49	1.0783865529076175
42	50	4.620927358957162
42	51	-0.922424961138672
42	52	-0.9289204727802712
42	53	-1.5179981026340088
42	54	-3.635883700137827
42	55	-1.1657283751848713
42	56	-2.132209939262639
42	57	-2.5602739422481173
42	58	1.2915203014997931
42	59	3.4175992677270006
42	60	-0.9787492755424364
42	61	-0.6528177812937895
42	62	2.6276398248803075
42	63	0.14718799913214747
42	64	-2.498877995731329
42	65	-0.6704042307505427
42	66	-2.874532964123301
42	67	-1.3254407421445273
42	68	-1.8417258912602799
42	69	4.241233161030463
43	43	NaN
43	44	0.4325019651502148
43	45	-0.6751392691887479
43	46	-0.597911121248805
43	47	-1.6283518810992677
43	48	1.042128392121172
43	49	-1.5482414685975743
43	50	2.0835330396885015
43	51	0.5819577714551434
43	52	-1.1968233266030868
43	53	-1.498535777805474
43	54	-1.6464102972839814
43	55	-0.43940615280687356
43	56	0.31061197167390336
43	57	0.4005585715618387
43	58	0.9823828419569062
43	59	-1.6450573224050145
43	60	1.4145803384447042
43	61	1.9338967467368136
43	62	1.3196904925966544
43	63	1.8667478516323945
43	64	-1.7650283146848629
43	65	1.0325886171325083
43	66	-0.9502066425507685
43	67	1.4614275956110478
43	68	-1.893948478506743
43	69	-1.016108745613052
44	44	NaN
44	45	0.5559672757892882
44	46	2.591550338852769
44	47	-0.058814322540461254
44	48	1.4852588247726568
44	49	3.6856815104384557
44	50	-0.07891777922941627
44	51	-0.6844647670430442
44	52	1.0374707814677573
44	53	-2.9401398660325557
44	54	0.1089317346924027
44	55	-0.31397270067806793
44	56	-0.476713358736749
44	57	0.8603070738239912
44	58	-0.6087473235241943
44	59	-2.800622995392062
44	60	-1.421671340540465
44	61	2.171764371881272
44	62	1.1770442118679436
44	63	0.4212901977177117
44	64	-1.0225818033780387
44	65	2.9677492865945876
44	66	0.7526073878602174
44	67	-0.2613107893071475
44	68	0.3023409878365626
44	69	-1.1256279170735548
45	45	NaN
45	46	3.8147145191867198
45	47	-4.256397874727167
45	48	2.3256308038333415
45	49	-1.044641164706758
45	50	1.1106139514504068
45	51	-0.8636473796381756
45	52	0.07542571271232945
45	53	-3.8507864574710617
45	54	2.406669363921056
45	55	-1.1934814148041584
45	56	-2.765752013128389
45	57	-3.26422554145951
45	58	0.10068648530174003
45	59	2.2252649331209042
45	60	3.402604662279121
45	61	2.6536478372839194
45	62	-0.7974905880193924
45	63	0.6696833739277327
45	64	0.7539428412120187
45	65	0.4537449087668713
45	66	0.23934485140033604
45	67	-2.1427630860659668
45	68	-1.700163959031879
45	69	0.11818642915924708
46	46	NaN
46	47	1.039056012381422
46	48	5.748950381012323
46	49	0.052820702409515655
46	50	0.9205238143708367
46	51	-1.206579296254097
46	52	-0.726212138045846
46	53	-1.873812477538538
46	54	-2.2168350468371187
46	55	-0.847653783417281
46	56	-1.9396443317356815
46	57	-2.222914779762316
46	58	2.6598409786817765
46	59	2.173371956391206
46	60	2.3216111634558967
46	61	-0.261780972344367
46	62	-1.1621540695760073
46	63	-0.9149824507923278
46	64	-0.6089320025089079
46	65	-1.713001939718342
46	66	0.8941989339856512
46	67	-0.27631755550972614
46	68	3.8762102025316327
46	69	-0.5573054471971887
47	47	NaN
47	48	0.45301438597110427
47	49	-1.9449216205124464
47	50	-3.050899471766234
47	51	-3.320651193941458
47	52	0.2676274523008136
47	53	0.9970269883306989
47	54	2.534851538112466
47	55	-2.301171046435528
47	56	9.25059160111003
47	57	-0.2028098590738227
47	58	7.2946516451542225
47	59	-0.8118095491862531
47	60	0.21588173654792212
47	61	2.435782636858602
47	62	0.3041292191021041
47	63	0.9247965106359854
47	64	0.6009182842653518
47	65	-0.5348665932204929
47	66	-1.5382441507739097
47	67	-1.4612773746023642
47	68	-1.6619782591400973
47	69	-0.9104917723325024
48	48	NaN
48	49	-0.6063128056022734
48	50	1.971182592785487
48	51	-1.5004763960304086
48	52	-1.9769456799359117
48	53	-3.062124410830945
48	54	-2.0085471751542285
48	55	-1.874613396792951
48	56	-1.2776876073988654
48	57	-1.0777188647376614
48	58	-0.13759082615415746
48	59	2.0357966620196595
48	60	-0.6648041408252059
48	61	1.3562975496959484
48	62	1.9111889407887215
48	63	0.10005126035485999
48	64	3.1735826765049517
48	65	-0.9758629630136747
48	66	-3.236594066894316
48	67	3.1120469041898824
48	68	2.703533824040627
48	69	-0.10000672773181304
49	49	NaN
49	50	1.0767369387531684
49	51	-0.9876973085010003
49	52	4.184489118164663
49	53	1.9965193694316885
49	54	5.844261270947188
49	55	3.4973835696265545
49	56	3.049597420766233
49	57	3.254044108928204
49	58	-1.1316170261101801
49	59	-2.668146575324895
49	60	-0.15722511737402442
49	61	-2.507162879974732
49	62	-1.557343945366995
49	63	-1.5085003046117966
49	64	-0.8916353953319492
49	65	-1.6734010231129892
49	66	-2.9053645472483938
49	67	-1.91807783073293
49	68	-1.7134552984907083
49	69	-1.4274508283633855
50	50	NaN
50	51	1.255198943524265
50	52	0.4518547882857327
50	53	-1.0895961973697184
50	54	0.31410450539162144
50	55	-3.3135551733716606
50	56	-1.1930009384833982
50	57	-2.403038078162091
50	58	0.839646827044509
50	59	-0.004834786234674039
50	60	2.8742091543584825
50	61	0.13132848437010722
50	62	0.5484643556098907
50	63	1.2157206619992142
50	64	0.5632759127076142
50	65	1.2771227140097123
50	66	0.8628737023027532
50	67	2.9056436459519803
50	68	1.3615028365038744
50	69	-0.3617878732691913
51	51	NaN
51	52	2.2520194674773157
51	53	-1.1065612670817138
51	54	-0.8879439147300171
51	55	-2.355805518001002
51	56	-2.5720640555122363
51	57	0.1942788513291801
51	58	1.1993483019822655
51	59	-2.0600812182591937
51	60	-0.24692328636547003
51	61	3.971424162282389
51	62	-0.9480489385117232
51	63	-0.5422828398547426
51	64	1.2480575158984866
51	65	-0.09487131465092645
51	66	-0.7074900878472048
51	67	18.14214864795973
51	68	0.7010783095326685
51	69	1.084712931377458
52	52	NaN
52	53	4.303857167372777
52	54	-1.0077157127221081
52	55	2.8660971092115135
52	56	2.2185946996491994
52	57	2.134678431928488
52	58	-1.663649694419489
52	59	-4.005113797367971
52	60	-0.8118116759568585
52	61	-1.964508260306385
52	62	1.2857764978262356
52	63	-2.3288813352883264
52	64	0.5014824701892305
52	65	-1.0652343176810979
52	66	0.44268172086195456
52	67	-1.3442190125251912
52	68	-0.676018767908348
52	69	-1.4567948926023806
53	53	NaN
53	54	1.7237275953984137
53	55	2.5286588238191916
53	56	2.1721153406195013
53	57	-0.4593841459497647
53	58	-3.6729086009656897
53	59	0.6308515147558516
53	60	-2.0773979522409616
53	61	-2.5157548741006455
53	62	-0.785937104755049
53	63	-1.3121246919027205
53	64	-2.190718343148076
53	65	-4.093817792580382
53	66	-2.081092622477381
53	67	-1.04700140472895
53	68	3.1595809097015155
53	69	2.781513033563474
54	54	NaN
54	55	1.8999075052159569
54	56	2.3704186875481743
54	57	0.4792394160838457
54	58	-1.6182986589378368
54	59	-1.3048871056923013
54	60	-2.9069207459970836
54	61	-0.28178263159552996
54	62	0.03556477589609141
54	63	-1.320811123087217
54	64	0.6499168007916808
54	65	6.956704937036301
54	66	-1.4468285571509707
54	67	14.31192806308242
54	68	-0.5396168582362092
54	69	-2.4053834571243113
55	55	NaN
55	56	2.8027821803437147
55	57	3.695580007404899
55	58	3.7766810358750487
55	59	0.6443737596097827
55	60	1.2370476390314944
55	61	-2.623004330175505
55	62	-3.029604212902389
55	63	-1.2278507984066656
55	64	-1.1325006219695215
55	65	0.06852842601284216
55	66	3.335806424608012
55	67	-3.521278862938659
55	68	-4.247115472012876
55	69	0.6916069336515951
56	56	NaN
56	57	3.108114709461466
56	58	-3.228419332086143
56	59	-2.7804199421349294
56	60	-1.217820731153438
56	61	-2.2270248369256764
56	62	-0.4576928707327868
56	63	-1.7911147222172017
56	64	0.9682924860154913
56	65	0.7624584853709186
56	66	-1.7829315534360215
56	67	-2.58131866326872
56	68	-2.564216812260602
56	69	-1.4904740781063854
57	57	NaN
57	58	-1.064811462755675
57	59	-0.4708851228501963
57	60	-0.05998548960172988
57	61	-1.6549850585376997
57	62	-3.0566845600223074
57	63	-2.0855376514583543
57	64	4.67564003544195
57	65	0.1436642398989568
57	66	0.1527912514640721
57	67	-0.39850425787342186
57	68	2.0422603148444503
57	69	1.5063038287764918
58	58	NaN
58	59	3.3974142709716166
58	60	-1.9157376653277958
58	61	1.4634075791907224
58	62	11.290465435530017
58	63	13.690301388621325
58	64	3.2899420795347254
58	65	-1.4649183929171457
58	66	0.5539983705950902
58	67	1.0851837968434543
58	68	-0.24908787971877921
58	69	-0.4334349678550094
59	59	NaN
59	60	3.935722373625451
59	61	0.4701650955821681
59	62	-1.5970396787939716
59	63	-0.44706122180049235
59	64	0.7571607830963132
59	65	-1.6268870408820015
59	66	-0.5358316870873624
59	67	3.079507362597559
59	68	2.761345528280777
59	69	-1.7680731144587776
60	60	NaN
60	61	5.7199656532131185
60	62	-1.568640369768415
60	63	-0.06646321126375648
60	64	-2.1327672442794263
60	65	-0.2760311045286546
60	66	-0.9544723880566045
60	67	-3.4525966479271455
60	68	-2.212959457682886
60	69	4.138569624223085
61	61	NaN
61	62	1.195917765463028
61	63	0.4616869628999907
61	64	-0.5323738217440619
61	65	3.6262641045516664
61	66	1.665366446002665
61	67	-3.3549340877014218
61	68	-1.2655648501935262
61	69	2.3198430284839535
62	62	NaN
62	63	0.8913102349426053
62	64	0.1457710878733574
62	65	1.2738985251326285
62	66	1.808188006328955
62	67	-0.5902692816017618
62	68	0.6391657433824863
62	69	-0.1940996294656924
63	63	NaN
63	64	0.4292045145592835
63	65	1.5380160248144683
63	66	0.6143642441414809
63	67	0.30220661897472473
63	68	-2.5947805208455272
63	69	1.4312667948721618
64	64	NaN
64	65	2.120368688830631
64	66	-0.15141410855150708
64	67	-0.9824685614219494
64	68	0.8142397537056836
64	69	0.2348112100936595
65	65	NaN
65	66	3.7360921794383977
65	67	2.295198239640612
65	68	0.1653008305351781
65	69	1.3171939078618695
66	66	NaN
66	67	4.71143323573995
66	68	3.1788528947161434
66	69	0.5004602889210105
67	67	NaN
67	68	-0.5444390701564835
67	69	3.39860120952004
68	68	NaN
68	69	1.4538797550925031
69	69	NaN
