1	1	NaN
1	2	-1.321556136457104
1	3	1.840504716655136
1	4	-0.9409584640340539
1	5	4.347151478403911
1	6	-1.1694372397343247
1	7	3.0349375442486957
1	8	-0.41747188739143976
1	9	-0.5903317460947907
1	10	3.290569354659737
1	11	-1.9537074971549024
1	12	-2.363885006086871
1	13	2.6882825553049474
1	14	-2.220657069248701
1	15	2.747705466249027
1	16	-3.3222066928425624
1	17	-1.413301108160922
1	18	-3.2066930453446543
1	19	0.22818819270931953
1	20	2.7894089872262113
1	21	-2.492898696408164
1	22	-1.7505917694974749
1	23	-2.987221325904229
1	24	1.3707649147746963
1	25	-2.0822187412756006
1	26	-0.2959333472974508
1	27	0.08645123586813137
1	28	-1.2433222266961672
1	29	-0.44330771576409433
1	30	-3.2833327320850816
1	31	-1.4562708966579925
1	32	3.8760446721330313
1	33	1.16212241552926
1	34	-0.2917936685149665
1	35	2.105023794892379
1	36	-0.12235703895678425
1	37	0.5983496713456395
1	38	-0.3756654621307793
1	39	-0.5572959831724291
1	40	2.13732282783393
1	41	-0.49611408577929983
1	42	-0.21074684393608573
1	43	1.3362823222711038
1	44	-0.9722327939625994
1	45	-0.8427234477460851
1	46	-2.095266890514951
1	47	0.6378787523083406
1	48	0.2578077336216194
1	49	0.575370273865685
1	50	0.6557795190799754
1	51	2.7500518299114924
1	52	1.2912274954477132
1	53	0.4676506142986115
1	54	-0.4908961471540917
1	55	3.1965238496020136
1	56	0.7781078533989377
1	57	-0.4755648105036003
1	58	2.3313247514152766
1	59	-1.8450488899486115
1	60	0.3695780972856761
1	61	3.1822657190183237
1	62	-0.49139606325373775
1	63	-1.6289783332322345
1	64	-2.1415934038287965
1	65	-0.6874117221805924
1	66	-0.2658927004517543
1	67	-1.2733511110111373
1	68	-0.2582809666758689
1	69	-2.0768766640509013
2	2	NaN
2	3	-0.5075785681847108
2	4	0.07651973660995286
2	5	-0.7243977669098436
2	6	-1.9253246621889817
2	7	-0.12125221260135607
2	8	-0.7561057721744279
2	9	0.38635054762568993
2	10	-0.2584257596611438
2	11	0.07428884104770571
2	12	2.2202682683344155
2	13	-0.027655706062675353
2	14	-0.5421620481393764
2	15	1.0861561159556739
2	16	-3.9107912417422086
2	17	0.31792328132171244
2	18	-1.8570775578907897
2	19	2.8405711629178305
2	20	0.1105267236324925
2	21	0.9796218097326548
2	22	2.229086278926308
2	23	-3.3558092203134438
2	24	0.24680127503506524
2	25	-0.8819085551986799
2	26	0.9275748520561907
2	27	-0.48160176928282034
2	28	0.9108965214056125
2	29	-0.3644929235368522
2	30	-0.562281769033687
2	31	-1.8469381238188072
2	32	-1.8165151678548879
2	33	-1.2733011257025775
2	34	-0.19197500849693247
2	35	0.5279514419368051
2	36	-1.9158072945265792
2	37	0.5617842771011543
2	38	-0.8255022178630859
2	39	0.3675093523078651
2	40	-0.8109657434897236
2	41	0.7136451861454285
2	42	1.0849492095837745
2	43	-2.5870709152846736
2	44	-0.36934412037948594
2	45	-0.73402719019891
2	46	-0.44199716242612874
2	47	3.7316820116285285
2	48	-2.1715310163772017
2	49	-0.3429270588333665
2	50	0.23886728789545245
2	51	-0.5600965060502343
2	52	0.3627652366960414
2	53	0.36112206780809447
2	54	-2.8804372935203837
2	55	0.1518915646688034
2	56	1.2397146638970733
2	57	-0.006950981609735878
2	58	7.422582236090383
2	59	-3.5049318394211526
2	60	1.8893895578984516
2	61	8.15702857242149
2	62	3.9493490160943217
2	63	-0.353960742845771
2	64	-0.20940812570462
2	65	-1.689623968041483
2	66	-1.3534498847449707
2	67	-0.3864196979612883
2	68	-0.6736786940412556
2	69	-0.02653092924298069
3	3	NaN
3	4	-0.8182413044320767
3	5	-1.1174081542509406
3	6	-0.14348020298314335
3	7	2.6147790648327356
3	8	1.3303722414605805
3	9	-0.6179888055258145
3	10	-4.061285606556209
3	11	-0.3400907268285775
3	12	-0.645343579012693
3	13	1.2794631166845916
3	14	0.7839461778819089
3	15	2.236843473659403
3	16	1.1470029433506135
3	17	-3.2618214104890826
3	18	1.267675198069359
3	19	0.027217876346389402
3	20	-0.6613035930312091
3	21	1.9758229671993393
3	22	3.045179424934116
3	23	-1.2102233632492727
3	24	-1.4505450183200108
3	25	1.5715265690361517
3	26	1.9467252914015312
3	27	1.2296180051996315
3	28	0.9096977690468389
3	29	2.6451703522842736
3	30	0.26248297161049483
3	31	2.919131551157447
3	32	-1.7944915555880427
3	33	-0.45717571795216144
3	34	-1.4012044671937567
3	35	-3.3701769322555304
3	36	-1.6931507790870668
3	37	-4.347810971576577
3	38	-1.8698654440635507
3	39	2.4394086433120443
3	40	-1.3775102198790206
3	41	3.250972358089287
3	42	-0.6111898826985898
3	43	0.672838792646695
3	44	-0.6234380815446668
3	45	-0.012760841400506014
3	46	2.0948122793248425
3	47	-1.1265222977283647
3	48	1.2385476673184983
3	49	-3.119322611387891
3	50	0.8571204758051165
3	51	-0.41408810162995624
3	52	1.4014130878096769
3	53	-4.47248625759854
3	54	-0.7593466961728935
3	55	-1.2648674512998321
3	56	-0.580539263372521
3	57	-0.9971243601495768
3	58	0.6176525369753444
3	59	1.1041164478998011
3	60	-1.3130028203746245
3	61	-0.03747849493015213
3	62	6.669936175800113
3	63	-0.5371981380747928
3	64	-3.2465424143964308
3	65	0.6975107426245313
3	66	5.159931081220115
3	67	0.007579266727938497
3	68	2.0525321820846334
3	69	0.44183163920903046
4	4	NaN
4	5	-0.5016065738887057
4	6	0.3672053773469046
4	7	-1.5450271648212643
4	8	-0.25235333150558825
4	9	-2.269031382330246
4	10	-1.0019920484340248
4	11	-0.8519892219714862
4	12	-0.8628237217496825
4	13	-2.9348966275280173
4	14	0.1411480046367712
4	15	-1.827264872991895
4	16	-0.7788611573637374
4	17	1.856727851901847
4	18	-2.616658838395697
4	19	-1.1964122722097388
4	20	-0.7416263045908795
4	21	2.615875868922753
4	22	-1.178151927454089
4	23	2.4490607303302556
4	24	-0.0067420834275351985
4	25	-0.12891506943755146
4	26	-0.7044563360170449
4	27	0.7477435143939944
4	28	1.7890660297886365
4	29	-0.43863556472686305
4	30	0.905548940067752
4	31	0.5834844989673345
4	32	-1.3379560081722872
4	33	3.102718118154301
4	34	-0.39437654918054393
4	35	-0.7360432609712665
4	36	0.09520597638763866
4	37	0.2231863741622563
4	38	-0.9827679662412803
4	39	-1.3860977571831992
4	40	-0.3062892546861022
4	41	-0.096466927879668
4	42	1.4291838073565717
4	43	0.876798846298464
4	44	-1.8016539824678601
4	45	0.256726742972309
4	46	1.0859332825587316
4	47	1.7677736857813218
4	48	1.5085875601671193
4	49	-0.21533119622476807
4	50	0.3040627122098081
4	51	0.04485893044055635
4	52	-0.08319488348274981
4	53	-0.9028410143919828
4	54	-1.2084816853306668
4	55	0.3395089273140013
4	56	0.08465010606667887
4	57	4.496219544666084
4	58	-0.8895920068287887
4	59	6.099223048782608
4	60	-1.7727251333775844
4	61	-2.615152834090715
4	62	-1.3602066174284086
4	63	-0.03222615518059961
4	64	0.4259240590942385
4	65	-1.6034442334933463
4	66	0.5556657517333982
4	67	0.8632020261563823
4	68	1.4971317777158404
4	69	-1.2940465715036522
5	5	NaN
5	6	0.17907205432027834
5	7	-1.1131571250459276
5	8	-2.884149712848901
5	9	-3.706903696656927
5	10	-4.326643393030347
5	11	-2.7422246586011845
5	12	-0.8930218789745025
5	13	-4.187065127160412
5	14	-0.1421290963564815
5	15	1.6290546242810193
5	16	0.003364699101695883
5	17	-4.886114800836352
5	18	2.8984116336986734
5	19	0.1661102338352771
5	20	-1.3396684820444753
5	21	-1.1985193109757013
5	22	-2.885066593496163
5	23	-0.4696914793417327
5	24	0.5364724883326557
5	25	0.691533279658542
5	26	0.022445128398262026
5	27	-1.799329612678293
5	28	-0.05213157832618427
5	29	-3.6637896232116445
5	30	-2.8092144205811898
5	31	-0.7506888589381526
5	32	-1.373337891235469
5	33	-0.9369422088768716
5	34	32.437697337960486
5	35	-1.756532521113143
5	36	46.04549205215273
5	37	-1.1689983967696482
5	38	-0.8422371578842822
5	39	0.5721598233175684
5	40	-1.6306998419960932
5	41	-1.2754444907958853
5	42	1.3437804258649215
5	43	-3.805403075869755
5	44	0.5665283826419937
5	45	2.6039168043069005
5	46	0.807710531538987
5	47	-1.6078888289101727
5	48	-2.636086668994039
5	49	-2.9236614970245345
5	50	-1.6600940570139664
5	51	-1.89930953481862
5	52	-3.030029067242499
5	53	-4.937608388799907
5	54	-0.6852808649840306
5	55	-2.569887715079605
5	56	-3.567234062095543
5	57	-3.006523286377879
5	58	-1.8988890667324432
5	59	-3.4751331472730755
5	60	0.061073403188173565
5	61	-2.499208003904344
5	62	0.7607626613923845
5	63	-3.030501981523028
5	64	3.1705702147515975
5	65	0.10475839132508467
5	66	-1.880388655518154
5	67	-0.7883141367424835
5	68	0.6487140398658187
5	69	-0.9104946897214521
6	6	NaN
6	7	-1.5257332344589807
6	8	-0.7263595778818597
6	9	4.738252422334802
6	10	0.07162450856852363
6	11	-0.8408455767623109
6	12	-0.35887096019138376
6	13	1.8797927566209427
6	14	0.8824688195329594
6	15	-1.9258256736397075
6	16	-0.5119894160647104
6	17	3.442131697901768
6	18	-1.8109701725919178
6	19	-1.602507964425187
6	20	3.061412433190877
6	21	-3.276632690175699
6	22	-5.067253580561765
6	23	-1.8482148481372005
6	24	4.780174632084485
6	25	-1.1928997239132353
6	26	-3.698974913465426
6	27	1.0956599894334003
6	28	-2.3084596236649055
6	29	-0.6548872183802978
6	30	-2.992553194650139
6	31	-1.149644145977518
6	32	0.7699917557775927
6	33	5.0144332030277985
6	34	-2.9971889815137747
6	35	0.8753226284518709
6	36	-2.0660989590627543
6	37	2.3700317710263965
6	38	0.8848119100705605
6	39	0.09384544581167009
6	40	3.1609838040435876
6	41	0.45858575485769976
6	42	-0.5477314037029506
6	43	-2.985495686312777
6	44	1.1250914128780118
6	45	-1.5980251646960952
6	46	0.14512071727879516
6	47	1.3681056824036368
6	48	-1.0391308220121231
6	49	1.8702864951944385
6	50	0.7719873151043279
6	51	-1.033465331445246
6	52	3.4392629651079036
6	53	1.199847255955764
6	54	0.319055113377759
6	55	1.8591197511322655
6	56	4.285436990250745
6	57	1.570598591199237
6	58	-1.9056920626621774
6	59	0.3938628652110685
6	60	-1.9571371782583582
6	61	0.48885662878676284
6	62	-1.7242142726949035
6	63	1.868396571455649
6	64	-0.9990808371227065
6	65	-1.8936425738419178
6	66	-1.659104754075489
6	67	-0.7000611688702537
6	68	-1.9196027408919722
6	69	0.8405368485014751
7	7	NaN
7	8	-1.9886262532558485
7	9	-1.4343303134192593
7	10	-2.4167732313505343
7	11	0.2143053596927139
7	12	1.972540625895594
7	13	-0.9982722508522626
7	14	-2.238881360674071
7	15	1.2629893905270198
7	16	0.20904998738561728
7	17	-2.381423198113265
7	18	2.357590696946962
7	19	-3.421429092158115
7	20	-1.2567107717336563
7	21	-0.5613456560486823
7	22	0.7240355772159587
7	23	1.28732335675381
7	24	-1.053589980420822
7	25	4.935581311499911
7	26	0.6891093383142578
7	27	-3.1736751632834435
7	28	-1.5925683487508904
7	29	-1.8261039697954233
7	30	0.6755105507966557
7	31	-1.5162228146149066
7	32	1.0237039506150076
7	33	-0.9071109051180833
7	34	1.2504574407113622
7	35	-2.1341051494548666
7	36	48.852856346929826
7	37	-2.091541495568405
7	38	-3.741525434945434
7	39	-1.4384692098495615
7	40	-1.2275683790903886
7	41	-1.705918092267164
7	42	-1.8834343499933173
7	43	2.1104000100455136
7	44	1.8152542630392043
7	45	1.723438516230311
7	46	-0.6605583130951174
7	47	-2.617880887411832
7	48	-1.836510363698308
7	49	-3.1084453529332396
7	50	0.21546830669297823
7	51	-3.194309140416014
7	52	-2.7330009577938466
7	53	-2.4737056406900244
7	54	-0.4012513500750839
7	55	-1.2202615751461618
7	56	0.3702096130805543
7	57	0.6935022941069444
7	58	-1.338451104490615
7	59	-0.39046590910255835
7	60	1.681362103639637
7	61	-0.8972229419100234
7	62	-3.796622326322276
7	63	-1.732719369445727
7	64	-3.7109446130767454
7	65	-0.7952902294277585
7	66	0.8009666916175676
7	67	-0.5318207788584562
7	68	-2.4162127977436594
7	69	-0.3606119653034595
8	8	NaN
8	9	0.8220119647088889
8	10	-0.7602262479262165
8	11	0.7402676994435126
8	12	-0.03403252318763564
8	13	0.7890739613854764
8	14	-1.6271471098185468
8	15	-4.378666964682396
8	16	-0.8426909898750191
8	17	-0.10253711803370641
8	18	-2.767423754582317
8	19	2.1567446154805214
8	20	0.444101087316417
8	21	0.22551996075542824
8	22	-2.6968207663521078
8	23	-1.23734432501719
8	24	0.7223586581389088
8	25	-2.437452707751076
8	26	-1.8095531533845344
8	27	2.853087199529711
8	28	-1.6580187594908702
8	29	0.6348934005074633
8	30	-0.0817796525427828
8	31	-1.9447252176812089
8	32	-1.651093237507326
8	33	-0.4602576288215171
8	34	-4.026203564410833
8	35	2.278205825172472
8	36	-3.0759683349542932
8	37	22.66006498770876
8	38	0.5609892601956137
8	39	-2.217081252679058
8	40	1.9912562307244595
8	41	-2.6059159031926598
8	42	-0.6660874185952805
8	43	0.6641955893150662
8	44	0.9274066585491059
8	45	-0.7667829110767506
8	46	-0.682293534286651
8	47	-0.827071506276076
8	48	1.9924777782080192
8	49	1.1053525554089232
8	50	-1.2256234337279037
8	51	-0.9073570102309654
8	52	2.2204347356292113
8	53	20.356390590629275
8	54	-1.3058852245565455
8	55	1.3396457407093012
8	56	1.0036451298082187
8	57	0.29347722184508224
8	58	-3.3211306684553326
8	59	-1.9953347126323822
8	60	-2.949677573361535
8	61	-1.7206498733868318
8	62	-4.0498629743343635
8	63	-0.3384163396333695
8	64	-1.877271480472222
8	65	-2.709322476071339
8	66	-0.0068943120498930815
8	67	-1.1941758317464943
8	68	-1.7679577423568988
8	69	0.5886874707392036
9	9	NaN
9	10	1.4926583626999002
9	11	-1.6048639778283413
9	12	1.6974638772323147
9	13	2.289162148820055
9	14	-0.7295938887608614
9	15	2.6659886410911726
9	16	-1.6946194478873304
9	17	-0.057462222630166794
9	18	-3.1206919709935543
9	19	-2.349565906765194
9	20	2.2321005943791024
9	21	-1.7073740417610312
9	22	-0.5967770436822458
9	23	-1.1643280669015248
9	24	1.9621637883824374
9	25	-2.668119293416257
9	26	-0.09248349702474364
9	27	3.988344017880973
9	28	-0.73852670201179
9	29	1.3165014182024664
9	30	-3.6979822691604136
9	31	4.260813736129682
9	32	-0.34853948321549694
9	33	3.0710615991372365
9	34	-2.0442930896775433
9	35	2.9534336874339635
9	36	-4.287434685941573
9	37	-0.7593603461357725
9	38	2.385416090326773
9	39	-1.3202370902755214
9	40	2.595139865704031
9	41	1.2301378063194925
9	42	-3.242316434398098
9	43	-2.7062645297980836
9	44	1.5670822409936032
9	45	-2.2416440231348074
9	46	-3.3917919136334573
9	47	2.034930699092869
9	48	-1.2113259079596925
9	49	3.7834228740891955
9	50	-0.24038736402243668
9	51	-1.4036803802547846
9	52	1.968047721552697
9	53	1.938332740334709
9	54	-0.8351884663242666
9	55	0.8067098455436641
9	56	4.47738843637337
9	57	2.505569396911891
9	58	-3.0995016586043698
9	59	1.5059629148907263
9	60	-2.5129258211418657
9	61	-2.458979501015606
9	62	1.0279295850644585
9	63	4.464462365427362
9	64	-3.287652862436607
9	65	-1.462064322750202
9	66	-0.029447166303473913
9	67	-2.1877969834114785
9	68	-0.738403211577675
9	69	-0.7600996669774133
10	10	NaN
10	11	0.9028365812869864
10	12	-0.6637831166719556
10	13	1.61288915038346
10	14	0.2743430777181859
10	15	-4.789529439865495
10	16	-1.7172391548084407
10	17	34.049640344856044
10	18	-3.2144672202148157
10	19	-2.2323769685280896
10	20	1.4203818053796409
10	21	-1.2896405594377458
10	22	-2.063158818635557
10	23	1.200820392503483
10	24	2.5863345576190673
10	25	0.5975572618593804
10	26	1.014344750822096
10	27	2.5180089019894387
10	28	-0.19499903700527588
10	29	-1.4998725520686922
10	30	-3.8929852910984426
10	31	-2.818647825796874
10	32	-2.325082045032517
10	33	2.768759407560714
10	34	-2.004645355453132
10	35	-1.1309842701345982
10	36	-5.462641871332648
10	37	3.51746625507671
10	38	3.8022203161339223
10	39	-0.43296337548840474
10	40	3.3394502358240983
10	41	-0.19832215878896853
10	42	0.21705857653041982
10	43	1.5183170905193408
10	44	-0.9475630002865545
10	45	0.25107971067761037
10	46	-2.2299114578852386
10	47	0.8707347413896515
10	48	-3.435528199530392
10	49	3.1563940945991744
10	50	-0.7120850599887747
10	51	-1.4688714825995028
10	52	2.095625284733701
10	53	1.7444565588604353
10	54	-1.3020272480074058
10	55	2.42371224488483
10	56	0.44387964356542947
10	57	0.03249137239513167
10	58	-3.2351074637076294
10	59	0.27186425639537326
10	60	-1.6054688774663683
10	61	-1.44953858979789
10	62	-2.5119664495130056
10	63	-1.2539165124135754
10	64	-0.9175605642321929
10	65	-0.14258658084190376
10	66	-1.177459999658168
10	67	-2.3773183770914446
10	68	-3.010282719867562
10	69	-1.1866187438456735
11	11	NaN
11	12	1.1464772552532474
11	13	0.052809730355909225
11	14	-0.1229491264880531
11	15	-0.7706168997584995
11	16	-4.4346647746781995
11	17	-1.3702391729780163
11	18	-0.3154940487585319
11	19	-1.8965509998093837
11	20	-0.796835007201471
11	21	3.6593483975459478
11	22	0.03461773159232841
11	23	0.19329105669753163
11	24	1.1471773385063935
11	25	0.662129780704099
11	26	-2.7246709430894143
11	27	1.1043892453319297
11	28	0.936966304613196
11	29	-0.11595425828857894
11	30	-0.058846176417243656
11	31	0.9683309110847724
11	32	-0.12037908002363118
11	33	0.3476759367656431
11	34	-2.3370456612124624
11	35	-1.2611941787668584
11	36	-1.3556576500528355
11	37	-0.9890972527369384
11	38	-0.550109317066572
11	39	1.5781373122079676
11	40	3.910556785508316
11	41	3.761606413311322
11	42	-0.22425514157373344
11	43	-0.2755608111875628
11	44	-0.14147133377724552
11	45	1.0889531076140395
11	46	-4.734022830516979
11	47	0.025156864927547585
11	48	-0.7881945876939788
11	49	0.31351788405628406
11	50	2.723078256519264
11	51	1.2513498305757922
11	52	3.989386175544965
11	53	-1.2190253876431487
11	54	1.3091674758412277
11	55	-0.4739631425927975
11	56	1.9233192319903796
11	57	-0.5669470346018807
11	58	-4.072817436210798
11	59	2.399179789713254
11	60	0.14494994291843882
11	61	1.7198399501794983
11	62	-3.509781671144287
11	63	0.45663388402628347
11	64	1.5183804428998253
11	65	-1.6333734035041432
11	66	0.9003777253787186
11	67	0.3277048866328994
11	68	1.3386719444388853
11	69	0.35396936389730904
12	12	NaN
12	13	-0.14498922311067217
12	14	1.889472537565046
12	15	-0.5483439976656745
12	16	3.1781598681972976
12	17	-2.585827824634111
12	18	1.3812153636821478
12	19	4.592418006851507
12	20	-1.258174008315869
12	21	-0.15751826183293635
12	22	2.227393445349395
12	23	5.0866648287514105
12	24	-4.691426487386569
12	25	2.653287942545685
12	26	0.9078689552796132
12	27	-2.0827057997590472
12	28	-2.3603019904322795
12	29	2.152819923279454
12	30	4.901844200874163
12	31	1.4937050057425088
12	32	1.4757878228781556
12	33	-1.4128171222437198
12	34	-1.870106714707506
12	35	1.2712464667981442
12	36	0.8406538889149746
12	37	-6.559115913015178
12	38	0.038623718428894074
12	39	0.6226322239238703
12	40	-1.6792122394727207
12	41	1.664048301127495
12	42	0.6494185441192196
12	43	0.5772147620401126
12	44	-1.4074867149587222
12	45	4.075356217956994
12	46	0.2540187689610435
12	47	-0.013227904062035781
12	48	0.07456460006271985
12	49	2.8330320147662875
12	50	-0.6397276420846024
12	51	1.5610845242950813
12	52	-0.91714930718476
12	53	-1.8204463661224777
12	54	2.1152246725553536
12	55	-1.8082856372091947
12	56	-2.1049629277471493
12	57	0.6443697541039742
12	58	-2.044682801447655
12	59	-1.1080364217140717
12	60	0.5447419535027722
12	61	-0.4845048036397414
12	62	0.2225439560326196
12	63	-1.0256008737854236
12	64	1.015091539958562
12	65	-4.172892046346293
12	66	-0.28185657371866885
12	67	2.152888457658606
12	68	0.7217958776446883
12	69	-1.1461083474712987
13	13	NaN
13	14	-1.6282732555882946
13	15	1.6463534196254692
13	16	-0.0423354491229797
13	17	0.09172352657251744
13	18	0.21545694997101422
13	19	-0.43535968394176094
13	20	0.11983856927073003
13	21	-1.138893109912191
13	22	-0.5159726290962633
13	23	-0.3938315507842966
13	24	1.9395710183595272
13	25	-1.8559520915432897
13	26	-4.8273788782999825
13	27	3.103978619279755
13	28	-2.343068833276386
13	29	0.6651200883639491
13	30	-2.9559347109905794
13	31	-2.383675273778974
13	32	1.8732448866776397
13	33	2.0054852173484474
13	34	-0.07949365371729891
13	35	-0.5537170718454353
13	36	-1.192503812643276
13	37	-1.1911262979680888
13	38	-0.23044908485980528
13	39	1.0894652799001385
13	40	1.3572619975742721
13	41	-0.612598499259914
13	42	-0.42987966228572416
13	43	-3.1486295676141305
13	44	-0.29844038502618603
13	45	-2.1019552040845952
13	46	3.0607233267555727
13	47	-0.9177662227199236
13	48	-0.4007251581002444
13	49	4.894611963948728
13	50	-2.15079967771963
13	51	2.316904521528567
13	52	2.107566428906854
13	53	2.1408700739404187
13	54	-2.795041227848123
13	55	-0.2685804679365185
13	56	1.1899903504382838
13	57	1.921846677272591
13	58	-0.7929470502766747
13	59	-0.6668332973283208
13	60	0.827074978897446
13	61	-0.09245934094276025
13	62	-1.8970033011617862
13	63	-1.1594348804253072
13	64	-1.1988163713237279
13	65	-0.28796434323149783
13	66	-1.515596812447158
13	67	-0.49331073177835305
13	68	4.2076266510909335
13	69	-0.2458305859880868
14	14	NaN
14	15	-0.13975254350467448
14	16	2.7406391145836
14	17	-3.88772106719755
14	18	-0.8578788898194405
14	19	-1.347729903619885
14	20	1.2162016541668863
14	21	0.868930957117639
14	22	0.8524062614464814
14	23	0.07641275286715629
14	24	-0.48748426534792055
14	25	0.9777728475697747
14	26	-3.735518442281547
14	27	0.42709542856398575
14	28	0.4861028707497719
14	29	-1.3170544282754766
14	30	-0.3927672135535383
14	31	-1.5065992128154724
14	32	-0.3679537588999322
14	33	0.5133758328411345
14	34	0.902291084349711
14	35	-1.97248708432879
14	36	-3.608611202786697
14	37	0.35257098653111163
14	38	-1.6593725250657658
14	39	-1.1497951031188192
14	40	0.9848334275281717
14	41	-1.0518397085481552
14	42	-0.883147462451433
14	43	-2.0300002366082173
14	44	-0.1321035929572995
14	45	-0.8455476530898456
14	46	4.088004037027056
14	47	0.6386930999610987
14	48	2.214201435545856
14	49	-0.7978769521656894
14	50	-0.5415527982234026
14	51	0.897188887033868
14	52	-0.17015809266049892
14	53	7.553886312925642
14	54	0.32845711053280513
14	55	2.340566125444251
14	56	-1.5120578804813896
14	57	1.9413109135988829
14	58	0.9613576713827662
14	59	-0.4314472484602659
14	60	4.002672128189864
14	61	-2.7991198325936626
14	62	-2.0916228900698894
14	63	1.595020477174277
14	64	-1.6210247143717447
14	65	1.2429071129929499
14	66	-0.2342125021578717
14	67	1.4796598866963335
14	68	1.2190948927436627
14	69	0.0818124240664802
15	15	NaN
15	16	1.3067372050603383
15	17	0.5534574771782955
15	18	0.061409075605051856
15	19	-0.17144475215477425
15	20	-0.5856503646348966
15	21	1.0568676442659284
15	22	-0.05987357087571399
15	23	3.2667413603174675
15	24	0.13789624713468646
15	25	-0.8373244776996273
15	26	1.566988232552158
15	27	-0.018245064250175067
15	28	-0.9292386707150875
15	29	0.20904211860970429
15	30	2.0886057685611523
15	31	6.75338418599481
15	32	4.080569075672667
15	33	-1.2568491273650855
15	34	2.7475492972147983
15	35	-0.6892197718618003
15	36	-4.809855646660983
15	37	-0.5836291374307512
15	38	-0.5014384839118705
15	39	0.08174658148788261
15	40	-2.8278242954614887
15	41	-2.532066767149929
15	42	0.7034631119370064
15	43	5.240456193735353
15	44	-0.3837390690694863
15	45	0.9676021559125463
15	46	0.04928302904713259
15	47	-1.6757850380273938
15	48	2.3461062679115035
15	49	-2.4276124312102025
15	50	-1.9949343231539813
15	51	-2.208081892118415
15	52	-1.7289303684890802
15	53	-1.4287149782423099
15	54	4.567440785305899
15	55	-1.2536895022365686
15	56	-1.8176423711392709
15	57	-5.444554976819521
15	58	-3.278583138484375
15	59	-0.6177447105090818
15	60	1.8397778214000349
15	61	0.19987161487288926
15	62	1.5529134109224798
15	63	-0.5411323649644405
15	64	-1.867383332888676
15	65	-0.677747407965267
15	66	3.6640735466808723
15	67	2.570300216868192
15	68	1.827814029171534
15	69	-1.1875940388131379
16	16	NaN
16	17	-0.9112691612527196
16	18	8.267558751907192
16	19	-0.1478332624538735
16	20	0.25901027736519544
16	21	1.5804687778522841
16	22	0.7013681070315608
16	23	-3.397046162135518
16	24	-0.5723624723259189
16	25	-0.9884278658988601
16	26	0.17876314631779947
16	27	-1.1849323851726397
16	28	0.6667925455112986
16	29	1.1725105285982218
16	30	6.087319809459585
16	31	-0.5647593587143671
16	32	0.2599816061741946
16	33	-0.478482246372935
16	34	0.7660396563716868
16	35	-3.3120641399800617
16	36	-3.8716951660807015
16	37	-2.0096836034774803
16	38	-0.433723391396975
16	39	1.1214130654321401
16	40	0.7644071457613882
16	41	1.6089569332025424
16	42	0.052142019063165915
16	43	1.6418711803457418
16	44	0.634651074367834
16	45	0.5010027260286818
16	46	1.0015163288193196
16	47	-1.566776554439713
16	48	1.4627675282152068
16	49	-2.3707683800056816
16	50	0.0647873476498983
16	51	0.6018729082545023
16	52	0.6300296354293468
16	53	1.568675900386115
16	54	-1.4002195842188017
16	55	-3.703357814846196
16	56	-2.9938582731766554
16	57	1.0089201677464097
16	58	0.8951040070632899
16	59	2.4376924875190875
16	60	0.6376135595021827
16	61	1.5703385203828428
16	62	-1.890344683582123
16	63	-1.9541895434364578
16	64	-1.0824853067885944
16	65	2.260443826284213
16	66	1.251442413244707
16	67	-0.6527492947838465
16	68	0.7001845396922405
16	69	6.233362058273489
17	17	NaN
17	18	-2.5404161340074625
17	19	1.4136706653509499
17	20	1.1669261795804324
17	21	-2.726705484297047
17	22	-0.009265519663701784
17	23	-0.06600395097341373
17	24	2.4402430370350974
17	25	-1.5298650829308431
17	26	-1.849880606369703
17	27	1.127635702188675
17	28	0.7245471729913063
17	29	2.502960161538011
17	30	-0.5054318964139531
17	31	-4.000307879335397
17	32	-0.635809523021047
17	33	1.6397246391545457
17	34	-1.672367363956446
17	35	-0.4266287899000403
17	36	0.7510609230798477
17	37	1.5140872424823049
17	38	-0.042076969882564694
17	39	-3.1675608552251715
17	40	-0.3978050579846611
17	41	-0.36666808668667666
17	42	-2.5957826057297
17	43	-1.7340067462150568
17	44	-0.1295014892349951
17	45	1.0807148906480715
17	46	-1.71817030985804
17	47	1.2784437092642178
17	48	-2.3765692521549573
17	49	-0.2821490867374498
17	50	-1.5637003419076194
17	51	-3.4918933864654274
17	52	1.1474704503872373
17	53	4.163529974705617
17	54	0.30024647493355544
17	55	-1.1893017950902496
17	56	2.0876823634897304
17	57	1.5060540205517474
17	58	-3.3264851097501227
17	59	-0.4626546274297733
17	60	-0.7242592475192935
17	61	-0.23100112040654033
17	62	-2.542620473440807
17	63	-0.21210555165380698
17	64	2.2575651577568356
17	65	1.164629842546549
17	66	-0.9292332046654591
17	67	-3.023821079621174
17	68	-0.28365155208948023
17	69	0.019092518291515627
18	18	NaN
18	19	7.217238711628358
18	20	-0.0014645306237715788
18	21	1.8729410291311186
18	22	-2.126608583394342
18	23	2.8866639476967624
18	24	-0.9397372230008868
18	25	3.4727970660346688
18	26	4.348825066953893
18	27	0.08654172451956628
18	28	-0.6397573958277178
18	29	-1.1898022322567248
18	30	1.8087448461290327
18	31	1.7400526192976111
18	32	2.9505802667125485
18	33	-0.5813427087227272
18	34	0.1971336478541642
18	35	0.3153925243537035
18	36	-1.764285122896518
18	37	-2.7212586135838435
18	38	-3.184399286494183
18	39	0.47164715477975194
18	40	-2.1736092058890177
18	41	5.124806142375471
18	42	-0.5003906888368109
18	43	1.6260429773611882
18	44	-1.9220157875512447
18	45	2.395712091131278
18	46	5.458554162118283
18	47	-1.0489736439241857
18	48	-1.695639296287287
18	49	-0.7516624001369181
18	50	-2.1907932077463057
18	51	-0.8377013027522878
18	52	-0.522191720935135
18	53	-3.113551614120209
18	54	1.2077418088086398
18	55	-2.74563257403091
18	56	-2.9232267066829722
18	57	-1.6563604847576772
18	58	0.5786123307309289
18	59	-4.160545917542385
18	60	2.5111478686068556
18	61	3.1355703686319956
18	62	0.30085824610283174
18	63	-0.32882321167565237
18	64	0.6700652868664912
18	65	0.2772483379958062
18	66	1.7920863938058649
18	67	2.366563935349148
18	68	-2.055421320181273
18	69	-0.48939441828366076
19	19	NaN
19	20	-4.719852115277829
19	21	-1.4026488450436305
19	22	1.0131742159549084
19	23	-1.0222655760144925
19	24	-1.4557353161203344
19	25	0.5401315005093088
19	26	1.99591590754493
19	27	-1.96779623599682
19	28	-0.8584911305369592
19	29	-0.41161896278019405
19	30	-1.3030828867258097
19	31	-1.1560052469769984
19	32	1.1257755447578839
19	33	-0.5882558491694967
19	34	-1.298996721574277
19	35	-1.3673346578655283
19	36	-0.7675038139554998
19	37	-3.3636513830009545
19	38	-1.5426938135984931
19	39	-2.174421445721755
19	40	-0.44085370302539056
19	41	3.605390179263422
19	42	0.02657149280562155
19	43	-1.3913481960844678
19	44	-3.1550372117058365
19	45	-0.5676721647352224
19	46	4.573019891587997
19	47	-1.9471343874361398
19	48	0.7164913418926414
19	49	-3.9617599518082405
19	50	-1.0295026348287588
19	51	2.7332228283746787
19	52	-2.8016855041735824
19	53	-2.196691038284512
19	54	-1.3542578162996164
19	55	-0.6984386905433708
19	56	-2.8432630006897255
19	57	0.019740375213739236
19	58	2.2742635989816065
19	59	-4.738610993399428
19	60	-0.2093559736690091
19	61	-2.033882767452672
19	62	1.5917013816616388
19	63	-2.483877896564565
19	64	0.7590937877744768
19	65	3.0145357343097783
19	66	-2.4453815688973104
19	67	-2.5872238198120887
19	68	2.2263620672250677
19	69	36.44737805650846
20	20	NaN
20	21	-3.6477124740434967
20	22	-0.48932045454777423
20	23	-0.789710607195192
20	24	3.270214396512619
20	25	-3.195195562174081
20	26	-2.808951984669347
20	27	2.73874240030602
20	28	-4.0382444650023475
20	29	-2.836764679771101
20	30	-1.4726275594666025
20	31	0.8247815477343218
20	32	-1.622125399224615
20	33	2.802732210357192
20	34	-0.5925428327876817
20	35	0.8685581914756002
20	36	-0.4758363890730483
20	37	3.2686121260494994
20	38	2.7569017516734413
20	39	0.8221633755162209
20	40	1.6354597102856279
20	41	0.41636432924926764
20	42	0.6241840619864729
20	43	-0.7710948243620523
20	44	-0.7582122141075951
20	45	-3.3667923547702605
20	46	-3.3917099365467593
20	47	1.7388591018169333
20	48	-3.984128161848799
20	49	1.5815067534662197
20	50	-3.364349049164271
20	51	-1.7129004385829505
20	52	3.0847832789498386
20	53	3.854632247030284
20	54	-3.128109888435065
20	55	5.984654051416421
20	56	2.6023022244661362
20	57	0.41656611844437214
20	58	-1.3158882268470555
20	59	-1.363190063423558
20	60	-0.7692572336998016
20	61	-5.400700900976691
20	62	0.28044664699508587
20	63	2.4958723363055033
20	64	-0.5647521532371071
20	65	-3.01294921451902
20	66	2.5021770914362484
20	67	0.23570761217437644
20	68	-0.7039193571117842
20	69	4.208365993300064
21	21	NaN
21	22	-0.03412184263869737
21	23	-0.3362641322177022
21	24	0.029492747342694067
21	25	-0.6006843246249108
21	26	6.279109423578307
21	27	-0.9169458960709587
21	28	5.369972652538724
21	29	-0.6447851889870709
21	30	0.5074525350010279
21	31	0.3189748896385192
21	32	-1.8051918831304155
21	33	-2.1225581280116317
21	34	-1.0826451420449121
21	35	-1.6855436612313088
21	36	-0.6291727019024296
21	37	4.16109595201871
21	38	-1.710131427470599
21	39	-0.04678369364847922
21	40	-0.144536610781579
21	41	-0.41524520718226243
21	42	1.944523773746866
21	43	-3.3401282716552627
21	44	2.253392602836955
21	45	0.7787698911054253
21	46	-1.1403294941361102
21	47	-1.6355678764192698
21	48	-1.1671846423811234
21	49	-0.9524651205964646
21	50	1.1864126328078073
21	51	-2.1258426897077265
21	52	-1.7949046206569543
21	53	1.3418136650941364
21	54	-1.0278358579538918
21	55	-1.2628212216020192
21	56	1.8477416196780463
21	57	-1.2020467691320997
21	58	-2.2257019462797327
21	59	3.897016726385223
21	60	0.3679995970960149
21	61	3.41195452953909
21	62	3.454354797396857
21	63	0.32895070615975686
21	64	0.7362730180373241
21	65	0.7278660360746492
21	66	3.3482749714533506
21	67	0.5933280075910455
21	68	-0.508599509568529
21	69	-2.649116692353982
22	22	NaN
22	23	0.5794575506869867
22	24	-0.8095536571115938
22	25	4.886709754284154
22	26	5.44912912989953
22	27	-2.249124714385633
22	28	3.2953170347487433
22	29	3.7401768847070014
22	30	-0.6339993860508286
22	31	-0.9356438351464266
22	32	-0.9845389264633635
22	33	-3.439598055905088
22	34	1.2688006447464877
22	35	-1.6572414232494974
22	36	-0.5033600303911089
22	37	-0.8859897408199381
22	38	-1.2820771931047636
22	39	1.6529088338204614
22	40	-1.1119570980411115
22	41	-2.1187955950131085
22	42	-0.07114558904309227
22	43	3.9511551807634464
22	44	-0.9734530258173261
22	45	0.8988161143107211
22	46	2.0654296559683902
22	47	-0.7349936459552247
22	48	-3.4366100961389194
22	49	-1.2140930625377349
22	50	3.604254786735226
22	51	-0.43104828105354814
22	52	-2.3813256728945587
22	53	0.41534493028679376
22	54	-0.6363658560671861
22	55	-0.8706896463108124
22	56	-0.44394337458308325
22	57	-1.7410424550175478
22	58	-1.5642981847167445
22	59	4.740146335070129
22	60	-0.6802843587400447
22	61	3.668567229131618
22	62	-0.425086068588913
22	63	0.22695294230587973
22	64	1.8886796017242062
22	65	0.06429049622450517
22	66	-1.484122910850266
22	67	2.8761968441314325
22	68	-0.18319302013334646
22	69	-0.36834529215874323
23	23	NaN
23	24	-1.7786617383052374
23	25	3.2035317647049006
23	26	2.2873565965886766
23	27	0.49498145623363
23	28	-2.6027301989753497
23	29	2.368632769588188
23	30	-0.8123249587323169
23	31	1.9346150395904045
23	32	1.0460706525896781
23	33	-0.3230529014742263
23	34	0.44138432897807994
23	35	-1.7093748365448034
23	36	-3.977529715972769
23	37	-0.28073116047006313
23	38	1.5906627999801874
23	39	2.1542164817168876
23	40	-1.5732936759280005
23	41	1.2153631387097354
23	42	0.9720010029324901
23	43	0.6212797509728306
23	44	-0.970671144277447
23	45	4.170501822886506
23	46	0.8096407097947147
23	47	-1.6904217459483117
23	48	0.7141103863226609
23	49	-1.7768847225973083
23	50	0.9124479926692496
23	51	1.2549318513165177
23	52	-1.7029802950642896
23	53	0.16000049901606644
23	54	3.6336138393025244
23	55	-1.2132330717245448
23	56	-0.6698624241515679
23	57	-2.239443986211408
23	58	-1.5327355544955072
23	59	-2.17082053244971
23	60	2.549594660451839
23	61	-2.1974746750209038
23	62	-2.2090689002173542
23	63	-0.34067665933323876
23	64	0.7029360559897819
23	65	3.1888145076850014
23	66	0.7044705711660052
23	67	-0.27477096991881744
23	68	-1.6807079063602892
23	69	-2.5849010198614293
24	24	NaN
24	25	-1.872734420809783
24	26	-0.8884029455331849
24	27	3.183473367614152
24	28	-1.3437417757872019
24	29	-0.5299597507434833
24	30	-1.5849406792548901
24	31	-4.582177393210048
24	32	-2.8483120132685955
24	33	4.26682410145629
24	34	-1.936086111783035
24	35	3.551244350596959
24	36	-2.219002198415403
24	37	1.5578529829098422
24	38	4.16153855273112
24	39	-1.2901275923463744
24	40	1.397357169380876
24	41	0.2070835210309543
24	42	-3.470893179395223
24	43	-1.6276445064404566
24	44	2.090554773918878
24	45	-2.1274984348073174
24	46	-1.4511327248593704
24	47	2.5527030811371927
24	48	0.012662529123936263
24	49	2.990259282158957
24	50	-2.3530490331089227
24	51	-3.7553377877472944
24	52	3.857289163255863
24	53	2.5438322596808343
24	54	-1.0023904172346925
24	55	3.7137701362340314
24	56	2.6751290300498107
24	57	-0.4913950086807242
24	58	-0.8522840744881274
24	59	1.07696921995027
24	60	-2.721395997903047
24	61	-3.5555217295678836
24	62	-4.191345896345704
24	63	0.35813273576994303
24	64	-1.97693418087693
24	65	0.8488181635962191
24	66	-3.0646448942349576
24	67	0.16087513309964863
24	68	-1.605879389964476
24	69	0.1782955379195696
25	25	NaN
25	26	5.549616612751367
25	27	-1.5324658953956065
25	28	3.336074129165078
25	29	0.6140755320691548
25	30	1.6670631943381238
25	31	0.9700573627644735
25	32	-0.04272381245775281
25	33	-2.3865476147954103
25	34	-4.441766077959185
25	35	-0.9369774612697026
25	36	1.2978912733840116
25	37	1.490918491394417
25	38	0.892448419083963
25	39	-2.8281624683182858
25	40	-4.364443573347692
25	41	0.09267781471489152
25	42	0.5577311493825372
25	43	3.258665060020221
25	44	-0.35815626807273376
25	45	1.826980410899693
25	46	-0.6683288967439778
25	47	-2.0048480468451126
25	48	-1.6850367580216865
25	49	-0.7835008960729763
25	50	1.8274981631993905
25	51	3.629027456388887
25	52	-0.5439885913379958
25	53	0.5103594963303747
25	54	2.789987170615199
25	55	-3.8062398122273584
25	56	-2.370202243180244
25	57	1.4490214084787527
25	58	-2.2918124119081362
25	59	-1.8271157820702681
25	60	-0.8521530421394578
25	61	0.8918950024926826
25	62	2.3981602117145555
25	63	-1.2215524995579963
25	64	3.2865147659081044
25	65	0.3379882959510863
25	66	0.5495507100519905
25	67	-0.19950058108436627
25	68	0.6744222258787926
25	69	-3.6496344414618043
26	26	NaN
26	27	-1.8129065984263228
26	28	6.435794779223311
26	29	-0.5567462092675863
26	30	2.8803336221605913
26	31	5.189136472031015
26	32	0.29755661557630303
26	33	-2.5925374513411215
26	34	2.4388948855306816
26	35	0.5967520137637606
26	36	-4.166933930418741
26	37	-0.8507833616777232
26	38	2.9666373321565236
26	39	-1.2319524807862712
26	40	-2.608081913862266
26	41	1.876121166275399
26	42	-1.65001546406243
26	43	0.943866664058097
26	44	2.863128732033683
26	45	-1.1640492139677863
26	46	1.6468644584650536
26	47	-1.4522197674242578
26	48	2.033994468405958
26	49	-2.4826348282801094
26	50	-0.8146766308951459
26	51	-3.027075781629713
26	52	-2.7443492487977843
26	53	-2.0620730172641046
26	54	0.7973427929923699
26	55	-3.2731546162511407
26	56	-1.3370928646174751
26	57	-2.896467383546768
26	58	-1.1752705177561136
26	59	0.8256935691208962
26	60	1.0546460202745473
26	61	0.3041365035391994
26	62	1.1579602806967257
26	63	2.0955719717412804
26	64	-0.8568595727943614
26	65	0.38138545952862823
26	66	-0.3099431585800009
26	67	-0.041773423534513965
26	68	-0.05615473867104996
26	69	-0.17782322847582407
27	27	NaN
27	28	-2.115251591886815
27	29	-2.454747235282832
27	30	-2.5248515339438704
27	31	1.6094317269651561
27	32	-4.193232299181672
27	33	3.5096154127259047
27	34	-0.7423448489970605
27	35	0.7950967482608103
27	36	-3.2920188558540615
27	37	0.7589018475579591
27	38	-0.03249462977488625
27	39	-1.7132336569219153
27	40	4.216913427105659
27	41	-0.42940186859920926
27	42	-0.8166338936360714
27	43	-0.1697917957803054
27	44	1.6367246944752016
27	45	-2.0203969736504863
27	46	-3.257657524627234
27	47	1.8101971873256866
27	48	-0.42253866367446413
27	49	2.8979615367026192
27	50	-0.8734415536012976
27	51	-2.274964458937605
27	52	3.6099087872151574
27	53	2.410127236278183
27	54	-0.773595976586611
27	55	3.2753079604747426
27	56	1.7800846389809668
27	57	2.673588635932983
27	58	0.5624844415233422
27	59	-0.773186710939467
27	60	-3.1039766058405696
27	61	-2.147942589492829
27	62	-2.4067446647403767
27	63	-0.37404396296236675
27	64	-0.8288596543842209
27	65	-2.481534819824921
27	66	-2.126119157000999
27	67	-1.44671024234612
27	68	0.1518672683685829
27	69	-1.1972156179990523
28	28	NaN
28	29	1.985013679907486
28	30	4.81156104883842
28	31	1.8491830758028407
28	32	-2.7279247297946405
28	33	-0.6366805525321704
28	34	0.8793986680647149
28	35	2.4489483602405926
28	36	0.31383810212157975
28	37	1.1762935701337123
28	38	-1.3093331751096964
28	39	2.9964024520669104
28	40	-2.0811486171315217
28	41	-0.06772956193997454
28	42	5.775847192445448
28	43	-1.4572435377650033
28	44	0.4645064983681237
28	45	-3.020680355273393
28	46	1.5421948114682866
28	47	-0.5959303844671529
28	48	0.06451532411975387
28	49	-3.0593689286781176
28	50	0.5584480770479285
28	51	-0.3630876753031385
28	52	-0.4718355815270163
28	53	-2.865012571957423
28	54	1.3920454532482331
28	55	-1.1530874994736096
28	56	-1.0316975832051305
28	57	3.8691938741440484
28	58	-3.8585076362953346
28	59	1.0291427369811124
28	60	-3.394309772161099
28	61	-3.1514877605578504
28	62	1.6139389226353271
28	63	-0.1675755741256024
28	64	3.1158504504201296
28	65	-0.410559674652566
28	66	-0.002306744569535234
28	67	1.6175560885621338
28	68	-2.665973110143576
28	69	0.7538227465189986
29	29	NaN
29	30	0.08622257993850155
29	31	1.6908502674912287
29	32	5.201398136809271
29	33	-4.18157080764157
29	34	-2.6129137794279487
29	35	0.03916359105294724
29	36	-0.7313143592225291
29	37	-3.7802430992751828
29	38	3.1314225398483684
29	39	2.401813828359283
29	40	3.2330388678462003
29	41	-1.2160174481215074
29	42	0.6103612203021451
29	43	2.1057402774827656
29	44	-0.30146348637331133
29	45	-0.11696372029351294
29	46	1.7813501468435191
29	47	-2.9956213459419767
29	48	5.155531684756072
29	49	1.7329195342373156
29	50	1.2704305380884362
29	51	-1.847502805489586
29	52	-1.9848916645386425
29	53	-2.1050022559141275
29	54	-0.6884317040541489
29	55	-2.3266139828095276
29	56	-5.082809425355295
29	57	-1.2840734180568518
29	58	-0.8560671133176428
29	59	-0.6837055099922066
29	60	0.3726038973222285
29	61	1.5603841920922825
29	62	-0.616145300417693
29	63	-2.52939451566887
29	64	5.120443282352396
29	65	0.5873612665305594
29	66	2.960670353897832
29	67	0.19737655904835166
29	68	-0.10934601197535751
29	69	0.5994436722305085
30	30	NaN
30	31	1.594651526255528
30	32	4.160917434401674
30	33	-4.232190464553242
30	34	0.05287512557504773
30	35	1.1246685321506018
30	36	0.6966294875876579
30	37	-0.09086683333619314
30	38	-1.7861411517749928
30	39	5.2534821318295135
30	40	-1.6140277244828811
30	41	2.736878092406703
30	42	0.6217559098185029
30	43	3.4957883209028235
30	44	-0.8796961473540688
30	45	-0.4606510389574778
30	46	-0.007882326723003352
30	47	-0.9852515845350205
30	48	2.04868068450791
30	49	-0.6448306032092601
30	50	2.289429641479365
30	51	2.651618322926898
30	52	-1.6543141529308012
30	53	-0.4642710358676631
30	54	1.1241186361645528
30	55	-1.747815890772913
30	56	-2.2986839998737545
30	57	-1.8799119991086901
30	58	-0.5971936855725894
30	59	-2.8707602434321737
30	60	1.1942784189078335
30	61	1.3222682109580446
30	62	-0.014971472402342378
30	63	0.517410870444767
30	64	-0.45911221693142407
30	65	0.961888599514145
30	66	-1.0627109542344573
30	67	-0.949615145037614
30	68	3.7517860675660812
30	69	0.0965487841495384
31	31	NaN
31	32	-0.025740763055301884
31	33	-2.3622091439271293
31	34	4.91466791113648
31	35	-3.7982796855199124
31	36	-3.110743329442699
31	37	-1.6347127887149857
31	38	1.3688933186327095
31	39	-1.5859155968330276
31	40	-3.682813341790818
31	41	0.19126586414238886
31	42	0.7546820739391096
31	43	3.3650491889412817
31	44	-1.676629342572164
31	45	1.5842262037086383
31	46	-2.66429396053253
31	47	-0.14663218369711006
31	48	0.27121800384751854
31	49	-0.5571246029051103
31	50	0.3281197984996071
31	51	1.6268957827912054
31	52	-1.6411280118959728
31	53	-1.4451139935932997
31	54	0.43023407080437603
31	55	-2.936138834454548
31	56	-4.221662622192928
31	57	-2.110611842508138
31	58	1.6171963536590654
31	59	2.7525792475792548
31	60	2.7153896946919116
31	61	0.49988458184019896
31	62	2.0864174193501026
31	63	-1.8734546505534722
31	64	4.524803268361377
31	65	1.2881832927073829
31	66	1.2134385995120116
31	67	0.38553450695685665
31	68	1.5634468337006266
31	69	-0.76114793146053
32	32	NaN
32	33	0.3051267424139296
32	34	3.528114158049364
32	35	-0.844609040715976
32	36	0.2634963478556152
32	37	-0.9362848943746939
32	38	-1.6798127939728964
32	39	1.5624029415006513
32	40	-0.30681999295117723
32	41	-2.525040937141282
32	42	4.629128186068145
32	43	4.101969871330214
32	44	-1.044787799250318
32	45	0.6351288686431844
32	46	-0.44585623147716597
32	47	-0.7860604924201602
32	48	-0.35072586032711506
32	49	-2.343228873108304
32	50	0.8749893643953109
32	51	-1.0440548157874916
32	52	-4.414765589981402
32	53	-2.805070273001011
32	54	2.9269151043002055
32	55	-1.1806072721739507
32	56	-1.3807518899858873
32	57	-1.9648625711436274
32	58	0.22564900211122937
32	59	4.78171856550139
32	60	1.0478025148813492
32	61	2.8993432688128835
32	62	2.4304040171821617
32	63	-0.5245886068504688
32	64	-0.8185707458280104
32	65	2.9950381179177583
32	66	-1.826768846949069
32	67	-1.1183026651114143
32	68	1.3970197459692886
32	69	-1.1125290790262963
33	33	NaN
33	34	-1.8085481800675733
33	35	3.0233559308901956
33	36	-0.3701545632438357
33	37	1.266417999080933
33	38	1.8125850710006686
33	39	-3.671811455202819
33	40	1.9793177858974988
33	41	1.927262995334011
33	42	-1.796819666555148
33	43	1.929150414301993
33	44	-0.008097959372643963
33	45	-3.056394168991112
33	46	-2.1549746287687817
33	47	2.1570844922707977
33	48	-0.1363243815670426
33	49	2.4876546654711293
33	50	-1.3558597189017645
33	51	-2.062884305799368
33	52	1.8262534933082506
33	53	1.0387250785929545
33	54	-1.7241163489829183
33	55	1.9886370940660119
33	56	3.355629800648541
33	57	3.1135572462890937
33	58	-0.38331522650673566
33	59	-0.09164040152176675
33	60	-1.6525955532481056
33	61	-1.5499749423676565
33	62	-2.1192155707892484
33	63	-0.091605646448147
33	64	-1.8822443100183666
33	65	-2.769571286787232
33	66	-3.4112312772128885
33	67	-2.66864147744078
33	68	-0.3792263080456997
33	69	0.4412231526023856
34	34	NaN
34	35	1.103537286444037
34	36	5.37243458258075
34	37	-0.6988529259441189
34	38	-3.1357916497465275
34	39	-3.0901444888615104
34	40	-0.38633830709440586
34	41	-0.30887713732831346
34	42	2.193900679825813
34	43	-5.838634955399766
34	44	-1.4093217738245727
34	45	0.4746370908158455
34	46	1.3174287175074535
34	47	-0.9903052091391592
34	48	0.7608106042060255
34	49	0.6881776164527482
34	50	1.6538284947714712
34	51	2.4010406695808326
34	52	-4.943436032020826
34	53	-1.7140488924208555
34	54	0.36470680805568073
34	55	0.5676415166888633
34	56	-1.2933320759601326
34	57	0.07725565358073591
34	58	0.0026702766727988896
34	59	-3.312139392288519
34	60	3.290369163220227
34	61	1.7249357934422689
34	62	-2.247542209812654
34	63	-2.541646189523902
34	64	1.4126807596379376
34	65	-0.5451869175302422
34	66	-2.1148585624287426
34	67	-1.3348868578532667
34	68	-2.7404475575619878
34	69	-0.20910026088436284
35	35	NaN
35	36	-1.866602063134412
35	37	0.878732993709838
35	38	-1.8945995563736722
35	39	0.5434857674626338
35	40	1.9226359340140433
35	41	-1.7611665869711262
35	42	0.3670647115502598
35	43	-2.858328799544423
35	44	-0.9135909458748181
35	45	-1.6929257092624699
35	46	0.14360611235122087
35	47	0.6420551248417762
35	48	-0.17172031642925778
35	49	0.5891116630309101
35	50	-0.5761098932963504
35	51	-2.095807058758903
35	52	3.137461148254473
35	53	1.3257868644685433
35	54	-1.7117990733063742
35	55	2.1478045145715208
35	56	0.9772962857666624
35	57	1.8658807845404886
35	58	-0.6854339013979759
35	59	1.4320858876425855
35	60	-0.2367000263334015
35	61	2.8377032101594963
35	62	1.0206863291272046
35	63	0.47280366253408096
35	64	-2.0724493933000807
35	65	-0.2758985137530291
35	66	0.5845996626790482
35	67	-0.9163436940480153
35	68	-0.9394375220537794
35	69	0.3900294925361174
36	36	NaN
36	37	-1.8642426778466652
36	38	-3.996903547150308
36	39	-3.2628394845487914
36	40	-0.5372059449919311
36	41	-3.8652124214777035
36	42	-1.5078520290334927
36	43	-4.5091436423451965
36	44	-2.8427737495403793
36	45	-0.7598593755166116
36	46	2.2879459995943523
36	47	-1.7341806784701599
36	48	1.6227223570581044
36	49	-1.6844218965013993
36	50	-2.2076018671708395
36	51	1.1441417147306745
36	52	-2.7993321523674246
36	53	-3.608353966471425
36	54	-3.572778926411414
36	55	-2.9245279086963527
36	56	-1.8002535338144194
36	57	-0.9034869074624886
36	58	-2.0202258350477504
36	59	-2.5576159582315205
36	60	0.5994974634661309
36	61	1.531940379163749
36	62	-1.9163523549908361
36	63	-2.95802192068765
36	64	1.1817840381007902
36	65	-3.0863195868191293
36	66	0.09455155721879346
36	67	3.515311748354963
36	68	-0.050549823957202686
36	69	-2.6400118898171683
37	37	NaN
37	38	1.2716482638855877
37	39	0.2746887210267943
37	40	0.9307896991767219
37	41	-1.0974275143629217
37	42	-3.13343766234998
37	43	-1.2154024112068862
37	44	1.5612930451373896
37	45	-2.698945115011364
37	46	-2.7891078258353295
37	47	1.8069500384893584
37	48	-2.577173155797856
37	49	1.13226653802895
37	50	-0.2192572729697513
37	51	-2.0316271135766364
37	52	0.7668189184949961
37	53	0.17605182610554976
37	54	-1.3956979084393346
37	55	0.9430350911311017
37	56	3.901169100342878
37	57	0.9280648219751774
37	58	-1.6362408141641862
37	59	0.07967789312576437
37	60	-0.4580611363367224
37	61	0.023029631200567557
37	62	-4.353905426344546
37	63	1.6618490771259895
37	64	-3.6895440450470134
37	65	-1.0936573029321892
37	66	-1.4732694023588093
37	67	-0.8812457417527851
37	68	1.2549570939653345
37	69	0.1425223849984627
38	38	NaN
38	39	-3.4412556387398037
38	40	1.9072275005601167
38	41	0.07789247378884845
38	42	-3.037190385648324
38	43	7.466205015210661
38	44	1.0855388918546118
38	45	-1.594677893684633
38	46	1.4567974082561541
38	47	4.447664680820656
38	48	-1.9097739436578895
38	49	0.7937848836345066
38	50	-0.6737198852289363
38	51	-0.32880315199366694
38	52	0.5964912628941911
38	53	-0.2188007585907425
38	54	-1.1522794737884618
38	55	0.9387409601344056
38	56	2.358441067981694
38	57	1.7410643163258406
38	58	-1.5839349301237715
38	59	2.484788272008477
38	60	-0.3944349930765085
38	61	-2.095404387351231
38	62	-0.27103839355252013
38	63	1.829139537044362
38	64	-2.2621909963660536
38	65	-1.2701280808485202
38	66	1.0068278976895702
38	67	-1.5708843464276843
38	68	-1.8419742165717696
38	69	-1.0350647863760918
39	39	NaN
39	40	1.6407108584823333
39	41	4.584922526681971
39	42	3.3619444380446066
39	43	0.8008869951242237
39	44	1.2102464226948995
39	45	0.23602968030449997
39	46	-3.056580493963221
39	47	-1.568446836720259
39	48	0.9736207267913887
39	49	-1.5554519674743292
39	50	2.329350904666534
39	51	2.525432640737113
39	52	-0.2199640038793854
39	53	-0.01963315914105668
39	54	-0.5800001736652928
39	55	0.6871012965986149
39	56	1.223519053287034
39	57	-2.1463548874331475
39	58	-0.28935879377444407
39	59	0.36991930588738947
39	60	-0.9120666327675165
39	61	0.28459988855537155
39	62	-0.21113059852662303
39	63	-2.7336898463188923
39	64	1.0033348297880642
39	65	3.3267798314549273
39	66	1.1349963542317358
39	67	-2.8049078778717096
39	68	4.339636907503721
39	69	-1.2294433646542278
40	40	NaN
40	41	-1.375615457891862
40	42	-0.3858533179662579
40	43	-0.4310979590653882
40	44	2.5648901729329245
40	45	-4.027591838321204
40	46	-4.108176999380576
40	47	1.5461041944941916
40	48	-0.7123126549188765
40	49	2.842058209542041
40	50	-1.6825189041134896
40	51	-0.003226950541617955
40	52	0.95083965439621
40	53	0.41222007477810796
40	54	-2.9100059411519483
40	55	1.318720146308124
40	56	1.6341272270499825
40	57	3.5442235349262217
40	58	-0.8004978836493707
40	59	2.4734381060441826
40	60	-1.5908548755574592
40	61	-2.743871847850284
40	62	-0.04542237850077659
40	63	2.207108923734848
40	64	-1.4919512131555883
40	65	-0.07426180982807666
40	66	-2.8212031987904473
40	67	-3.8625548837899264
40	68	-0.12708994121307748
40	69	-1.718595696977812
41	41	NaN
41	42	2.5133480972908058
41	43	2.7786011887133033
41	44	-2.485419522136524
41	45	-0.056229012687826284
41	46	-0.15928471913754794
41	47	-1.821627629823799
41	48	-0.837040961395503
41	49	1.0952860428084985
41	50	0.431660035318614
41	51	1.8496302932474966
41	52	0.1147349988784647
41	53	-1.0459327967601668
41	54	1.3773530011196322
41	55	-1.4991393634393833
41	56	0.8410823540419957
41	57	-1.5023088863232021
41	58	2.1413960183767897
41	59	-1.0823312968335845
41	60	-0.21985643039357006
41	61	-1.6258870520339566
41	62	-2.5668342019277706
41	63	-2.291336561107112
41	64	-0.5878462867826487
41	65	-1.232363691773035
41	66	0.3133606604588468
41	67	0.8660384832623013
41	68	-1.3836944459844223
41	69	0.11685790858270417
42	42	NaN
42	43	5.701926379654045
42	44	1.1299430723468111
42	45	3.710027689059869
42	46	0.4679433668994482
42	47	-0.9230204530818693
42	48	1.3960075518952966
42	49	-3.1973418280811385
42	50	2.2150264321380773
42	51	-0.4942101621588396
42	52	-2.9243703603714053
42	53	-1.5585908765072058
42	54	1.5934785756805645
42	55	-0.08721940533308684
42	56	-2.415928143408608
42	57	-0.3443794098158048
42	58	-1.9152556341552258
42	59	1.085572790013591
42	60	-1.7951210158932462
42	61	3.1296837011106566
42	62	-3.127308627433458
42	63	-1.2483374778337717
42	64	-0.7269682674019416
42	65	2.784929290891962
42	66	0.8362867623508571
42	67	0.006816114582512769
42	68	1.374737043031275
42	69	0.061047714746217445
43	43	NaN
43	44	-0.0156443577516996
43	45	3.02133295354588
43	46	1.588683280870609
43	47	-3.002581169091011
43	48	0.6082694843147363
43	49	-1.2950541031453238
43	50	-0.21114659513465947
43	51	2.2914061930583602
43	52	-3.4072156823264876
43	53	-1.9915325114661149
43	54	-3.2596839334678536
43	55	0.3753715803137725
43	56	-2.5491453127706416
43	57	-1.9171461537829295
43	58	-1.2726749873856646
43	59	0.7053995825001957
43	60	0.627696919336292
43	61	3.8939441341291623
43	62	1.2112613743456861
43	63	0.021196853460806356
43	64	-1.154962783939624
43	65	1.3490738636186035
43	66	2.229293132724366
43	67	-0.5220078792047297
43	68	-3.260715654944176
43	69	-1.6415166399586898
44	44	NaN
44	45	-1.5527227645008483
44	46	-0.04408635371344005
44	47	-0.3200435305513631
44	48	-0.09882554737701563
44	49	-0.3998275155895728
44	50	2.278132037979308
44	51	0.300183071138406
44	52	0.9462161918278832
44	53	0.984883234000563
44	54	-0.5607871780406912
44	55	0.4755671100133522
44	56	0.11092348682721181
44	57	2.5234083945440884
44	58	-1.3884488078902482
44	59	-0.16872282278889153
44	60	1.30347392851173
44	61	-1.8049654376396567
44	62	-2.3474252010290377
44	63	-0.7398566183239748
44	64	1.4087214659633105
44	65	0.07858003787805416
44	66	-1.3002862740479266
44	67	0.7975206675801754
44	68	0.16261216285048424
44	69	-0.8931472922957095
45	45	NaN
45	46	6.471613521576404
45	47	-0.22615237810622463
45	48	0.8744629215877412
45	49	-0.7386736322013595
45	50	3.1186122887631673
45	51	3.6412090782317805
45	52	-3.520492805390157
45	53	-2.5731222125977453
45	54	2.3549115277589148
45	55	-1.560123305558475
45	56	-2.2988665691881778
45	57	-2.450528881013867
45	58	0.40466582173571775
45	59	-1.9096145273761835
45	60	0.03529982352143769
45	61	-1.6396101540049937
45	62	2.0271368611505043
45	63	0.3393067356149247
45	64	0.3497521929246226
45	65	1.743518622299291
45	66	3.491146217783544
45	67	6.6000472604444544
45	68	-0.7023204221275589
45	69	-2.628438053186663
46	46	NaN
46	47	-0.3850198154429632
46	48	3.4156240922886902
46	49	-1.5578666616903316
46	50	1.2175182545982364
46	51	1.4696314470500922
46	52	-1.7715906111068782
46	53	-1.7524641203078932
46	54	0.40898067464740157
46	55	-2.072119880359414
46	56	-3.7741502604408144
46	57	-0.9021263954146127
46	58	1.4084642910754286
46	59	0.5967450228690174
46	60	-0.8808345226897776
46	61	-1.2831496567526137
46	62	0.024154308554802776
46	63	-1.8233063783890007
46	64	2.286064078832138
46	65	2.4277099240875875
46	66	1.4318470651458515
46	67	2.614022792611961
46	68	0.7658038465101986
46	69	2.579165689737063
47	47	NaN
47	48	-0.8351403771508004
47	49	0.5816026051608916
47	50	-1.3604182121938364
47	51	-2.011939826801817
47	52	1.8555102342449943
47	53	0.35349778553609784
47	54	-1.3643156762710236
47	55	1.2067335198890223
47	56	2.3463164583793823
47	57	1.3989690119510705
47	58	9.067567156881804
47	59	-0.7189278240791157
47	60	-1.4447811118000136
47	61	-2.4414261146072698
47	62	-2.25650358271333
47	63	2.621574203599322
47	64	-0.780922397783742
47	65	0.3091390254104189
47	66	-2.8143468353834615
47	67	-1.5996111556264645
47	68	-0.9786140774340457
47	69	2.5415028801742965
48	48	NaN
48	49	1.2877909132471799
48	50	1.934898712135809
48	51	0.928661089617511
48	52	-1.1375026841780984
48	53	-0.9379644574145791
48	54	-0.09756428399610127
48	55	-1.3975342980634546
48	56	-3.563421630105513
48	57	0.035830274378823766
48	58	-1.061295395462448
48	59	-2.3034499730761904
48	60	2.5901026729873036
48	61	1.7703872773739258
48	62	1.235720256005664
48	63	-0.24616483928769967
48	64	0.029423007369982827
48	65	2.4622894464722407
48	66	2.6629858837324023
48	67	1.7615310325889073
48	68	3.6536021173958786
48	69	-1.0559505133568323
49	49	NaN
49	50	1.0215723826025207
49	51	-1.4487413194827177
49	52	1.917332864613783
49	53	-0.23407257696343156
49	54	5.702860107438394
49	55	3.2905870769982513
49	56	3.249825317504519
49	57	0.9686217624845201
49	58	-1.6578920798078345
49	59	-2.374670285122348
49	60	-1.2782186048207578
49	61	-3.9483445237818695
49	62	-1.2380321922358624
49	63	2.1194497442368347
49	64	1.461226849918528
49	65	-3.8894624868634997
49	66	0.10467656966712578
49	67	-0.673894265415232
49	68	-1.6269286038673436
49	69	-3.236989372139099
50	50	NaN
50	51	2.852752448562022
50	52	-1.1154524408349373
50	53	0.3848005572151814
50	54	3.0455257284367425
50	55	0.0878792903242219
50	56	-2.2017125449401678
50	57	-1.5633054603546301
50	58	-1.169959867164173
50	59	0.15596726738659492
50	60	-2.507259679965126
50	61	0.5879765515236149
50	62	-3.07764244172222
50	63	-2.382121777908236
50	64	0.04264526502682067
50	65	2.7476335660304043
50	66	0.5021751262339075
50	67	-0.5061014861849455
50	68	1.5612218168296326
50	69	-0.46128015820542145
51	51	NaN
51	52	2.3828762131841956
51	53	-1.2206124567060097
51	54	3.7906909633788635
51	55	-0.9547940689913519
51	56	-3.0820411620049994
51	57	-0.6431762109651638
51	58	0.04603022195772064
51	59	0.6871565609937897
51	60	5.030657343387409
51	61	1.7618581327650025
51	62	1.2083559138955924
51	63	-1.4739419464368424
51	64	1.1213023606290033
51	65	-0.5423700719229475
51	66	0.5632752794228342
51	67	0.483505330230941
51	68	1.2518261250036922
51	69	-0.8662406285013684
52	52	NaN
52	53	3.1072228240883395
52	54	-0.06830093532779692
52	55	3.23314958979885
52	56	3.7551868913112614
52	57	3.048279740942616
52	58	1.0643381967789054
52	59	0.446841453631401
52	60	-1.8546520096297983
52	61	-1.0144057514420746
52	62	-3.589263456314815
52	63	2.830622932880317
52	64	-0.6924698730625951
52	65	-0.9628161307390611
52	66	-1.2624903371189806
52	67	-1.629505662255557
52	68	0.5652479775856587
52	69	-2.3801262200938362
53	53	NaN
53	54	-2.7975574562947
53	55	-0.2546178838505842
53	56	2.353891645586828
53	57	0.333614592277348
53	58	-2.9821758795540854
53	59	-0.8218402029082659
53	60	-4.7213316899844795
53	61	-1.4953223888200817
53	62	-3.4190339081765204
53	63	1.8831686019952851
53	64	-3.5446527443237508
53	65	-2.4467304280696713
53	66	-3.609193317985528
53	67	-0.9705572870385131
53	68	2.2943793768083265
53	69	3.0283394775198
54	54	NaN
54	55	1.5414227618455165
54	56	0.12224365627684343
54	57	-0.03465648612009376
54	58	-4.86218185986904
54	59	-3.807330557640215
54	60	-1.5974310872787993
54	61	-2.61810485141773
54	62	-1.740893044581829
54	63	-1.5109358166086433
54	64	1.997331025178512
54	65	-0.6973862165238452
54	66	1.4713640773943284
54	67	19.45374191927673
54	68	-0.8043205347239126
54	69	-3.8462112682991467
55	55	NaN
55	56	2.705496792794203
55	57	3.6544507807088156
55	58	-1.0318628449674512
55	59	0.11552851519746869
55	60	1.7428791178769185
55	61	1.5486405000099952
55	62	-2.8737654778204913
55	63	1.9757677839662222
55	64	-2.832632787135138
55	65	-0.08919139154548666
55	66	-2.418364227015747
55	67	-0.7954286274841657
55	68	-1.982178706529464
55	69	0.0988890812783269
56	56	NaN
56	57	2.6213599302032278
56	58	-1.0623263318051686
56	59	-0.027574452982224794
56	60	-1.417628133343881
56	61	-0.5775774091717498
56	62	-4.796745975879852
56	63	3.167802977580691
56	64	-0.9261948813448733
56	65	2.61048459263595
56	66	-0.6831465660677531
56	67	-2.048360254600215
56	68	-0.2672501716503374
56	69	1.346264249820208
57	57	NaN
57	58	-1.7506517580477166
57	59	-1.1569089469648095
57	60	-1.4537205780156826
57	61	-2.7159938187862926
57	62	-2.065011674302539
57	63	0.7452586591083283
57	64	-0.7716930162066757
57	65	-0.48436927577869876
57	66	-0.24875617145429332
57	67	-2.7514543849465336
57	68	0.8167693342711279
57	69	-1.228352982838366
58	58	NaN
58	59	0.010217816592922199
58	60	0.8416501940928574
58	61	2.2605672845099662
58	62	43.119472275514184
58	63	1.9696476291443517
58	64	-0.27431041182330096
58	65	0.5295824711591376
58	66	-0.539701638219079
58	67	-0.7703177377103653
58	68	1.127509469411839
58	69	-2.521760690405509
59	59	NaN
59	60	-0.08485717280165772
59	61	2.5511927034839843
59	62	-2.6750918205393317
59	63	-1.0953949263273781
59	64	13.128858125952464
59	65	-1.1119244568095181
59	66	-0.8898864138385385
59	67	0.17076095347592288
59	68	-0.1758762587732414
59	69	-1.2604776086707772
60	60	NaN
60	61	2.651033768812295
60	62	3.599027194231752
60	63	2.866036283403841
60	64	2.5546104435202746
60	65	1.8513677247623954
60	66	5.7211656545864455
60	67	-0.21030475920028854
60	68	1.4423396135581381
60	69	-4.597796893597606
61	61	NaN
61	62	2.2101691278943614
61	63	2.019049392835642
61	64	4.140158868645609
61	65	-0.897418835758016
61	66	1.9479454777481535
61	67	1.449849152245874
61	68	-2.4758523493932043
61	69	-2.484726291108538
62	62	NaN
62	63	0.29768622444025944
62	64	0.35956774522230234
62	65	1.8881692615032328
62	66	2.0102647893395673
62	67	-2.005775355727374
62	68	2.4906407087068736
62	69	-5.442619216066969
63	63	NaN
63	64	0.4834069074663475
63	65	0.2691431532205062
63	66	0.23367736353327903
63	67	-0.617137338076162
63	68	-0.6413039186556211
63	69	-1.4161350627426832
64	64	NaN
64	65	-1.978456002547416
64	66	-0.928745876941348
64	67	-2.192964796052504
64	68	-0.9697585138517527
64	69	-1.527905566218414
65	65	NaN
65	66	0.9562593083872108
65	67	1.498353812492254
65	68	0.825637486637305
65	69	0.528567048275849
66	66	NaN
66	67	-0.9340420887694569
66	68	1.7001518749217783
66	69	0.8105327494537977
67	67	NaN
67	68	0.4039866974623109
67	69	-2.0427577561843226
68	68	NaN
68	69	-1.7959876621962616
69	69	NaN
