1	1	NaN
1	2	-0.3107858916234374
1	3	-0.225405350929105
1	4	1.4896001012242328
1	5	8.830467485286313
1	6	1.2713608853820642
1	7	-0.00971414202816755
1	8	0.2858659467659564
1	9	2.348628033514121
1	10	0.5042978792691167
1	11	0.7830047454207351
1	12	0.060236316056777685
1	13	-1.9271333010078624
1	14	-1.1016553758787104
1	15	-0.5408257028277578
1	16	-2.6008949703302946
1	17	2.626744706372738
1	18	-3.790713938046421
1	19	1.2936752392904867
1	20	1.670971766394757
1	21	0.18675083983341478
1	22	0.17770144537118066
1	23	-2.073818158536679
1	24	-0.8235423943633043
1	25	-2.4261412003289844
1	26	-3.6777353736631726
1	27	-0.9149604655950333
1	28	0.16862162059655278
1	29	-0.9989669142248753
1	30	-0.7958514103598763
1	31	-1.2420223619422204
1	32	-1.5730225695983715
1	33	-0.27112566176642927
1	34	2.544799351272633
1	35	-0.14114992313156619
1	36	7.750846412486984
1	37	-1.9609081126646495
1	38	-0.6292280357399072
1	39	-3.5348001936519724
1	40	1.18415591114211
1	41	-0.21278264142698722
1	42	-2.055497457169183
1	43	-2.517480449427465
1	44	-0.6152384021535154
1	45	1.3227619929902805
1	46	0.13823708610333657
1	47	-0.9471595814518191
1	48	-2.1168061911766083
1	49	0.23821948544072402
1	50	-1.4738745782044178
1	51	0.9487408344687199
1	52	2.932301705843243
1	53	0.7721887760659253
1	54	-0.3173418282637802
1	55	0.7030054118117228
1	56	-1.479547734648304
1	57	-0.29544608840887016
1	58	7.1715384502893205
1	59	-2.038799996648547
1	60	0.707216911041849
1	61	-1.9820154853736538
1	62	-2.8772511606342306
1	63	0.696273807186132
1	64	2.0597072387616016
1	65	-0.19057102758203873
1	66	-0.1773589312559859
1	67	-2.94974174636133
1	68	0.016380204512089
1	69	0.3337640994690952
2	2	NaN
2	3	3.1599626373417484
2	4	0.06555363800302995
2	5	0.08223120979157862
2	6	0.06515239750327152
2	7	0.1942934036065741
2	8	-4.350980576441116
2	9	-2.592646772951663
2	10	-1.3344339783694639
2	11	0.5696734502800299
2	12	0.5782325905284943
2	13	-2.9396654696131796
2	14	-1.5470282259231518
2	15	1.417734100878904
2	16	2.2496076516698995
2	17	0.48178622377242497
2	18	0.014146242150206838
2	19	-2.4958816007462095
2	20	-1.5278847885334235
2	21	0.328541568747405
2	22	-1.8896657979264113
2	23	0.10114922267802129
2	24	-0.5579442881577457
2	25	-1.6566635321199734
2	26	2.6348864972195525
2	27	1.6972696954387618
2	28	-0.6393692466632263
2	29	0.725001941898257
2	30	2.119235089767273
2	31	1.0262958259553543
2	32	-0.22621151559896424
2	33	-1.587245603423148
2	34	-0.8943896766468027
2	35	0.3710852608614258
2	36	1.2832550208579296
2	37	4.575378260705582
2	38	2.012311191517953
2	39	2.2278945843796296
2	40	-4.231596062570456
2	41	-1.6475220152034
2	42	2.877151625010668
2	43	-0.3772803766887734
2	44	2.9734195980389067
2	45	1.2871318154953066
2	46	1.3618000156648986
2	47	-1.0607980727658004
2	48	0.889658539249433
2	49	-2.897349066674716
2	50	1.6575151405377364
2	51	-0.18944068191901353
2	52	-0.20735197527749785
2	53	-2.523260494243805
2	54	0.36567740134302906
2	55	-3.831636179426786
2	56	-0.5342988920668508
2	57	-1.0464552828490592
2	58	-2.5234687685185473
2	59	-1.121614808265392
2	60	1.3308431558046274
2	61	1.3843584236746798
2	62	2.8060385045061205
2	63	2.15137856269364
2	64	-2.3758706107203134
2	65	0.1575884473551007
2	66	0.30428096223282763
2	67	2.295701083081026
2	68	1.561562453274005
2	69	-0.6980228980973827
3	3	NaN
3	4	1.5506757290512776
3	5	0.09234988974007731
3	6	-4.533656456587802
3	7	-3.3088713287260614
3	8	-0.5215709930759924
3	9	-1.7038069315434954
3	10	-5.419175007740787
3	11	0.32031622250783015
3	12	-3.91211546943647
3	13	1.967113775345438
3	14	1.1518167951025564
3	15	1.6053732082595469
3	16	0.15665545478686463
3	17	1.2549304433522368
3	18	-0.9870305824645763
3	19	-0.12192228119164647
3	20	-2.28783608728794
3	21	0.9640085823177946
3	22	0.9175695082961336
3	23	3.018407766796241
3	24	-0.9144261723250571
3	25	-0.713474765972621
3	26	3.6406978873998708
3	27	-1.8639346034992148
3	28	-0.6722685893858019
3	29	-0.3491577111333185
3	30	1.1383298687400365
3	31	4.981688143896807
3	32	-0.09445828465545615
3	33	-2.0882585092898673
3	34	0.6857865944923339
3	35	1.001129577176212
3	36	0.020101293564435605
3	37	1.7893356666150684
3	38	0.889273235596873
3	39	3.9405932165053814
3	40	-2.337426011865622
3	41	1.8753371488232924
3	42	2.2214355385714577
3	43	-1.7731321408335996
3	44	-0.7405045485746861
3	45	-1.1041608657698188
3	46	2.4720728859457366
3	47	-3.4228606167309357
3	48	-0.47881162962347673
3	49	0.6703283929527613
3	50	1.7140362770292352
3	51	5.651445161671465
3	52	-1.8159867916058385
3	53	-4.413084404334064
3	54	-0.727786722711585
3	55	-1.0100592603114336
3	56	-0.15488061202272477
3	57	0.30507447613616356
3	58	1.9924747809901815
3	59	0.4611846708645907
3	60	2.5686306464701185
3	61	0.26661430135414416
3	62	0.740789714539836
3	63	3.077653169369225
3	64	-1.0227136299718946
3	65	-4.447281521811311
3	66	1.1871767629463004
3	67	0.8793946229151444
3	68	-2.2445116501286675
3	69	0.6501124391990648
4	4	NaN
4	5	-2.247213634296884
4	6	3.8049688926447462
4	7	1.1299845156533947
4	8	0.6486338026222498
4	9	2.329611007915701
4	10	-0.5893918263458772
4	11	-0.7659691090709296
4	12	0.19816431384790045
4	13	-1.6451280747971844
4	14	-0.3685199862038651
4	15	-1.320333428762028
4	16	-1.7383682678090013
4	17	1.4553565569807683
4	18	0.10881233341236331
4	19	-3.601716112529446
4	20	-0.20034638295438523
4	21	-0.6119437623512076
4	22	-2.095718176611195
4	23	-0.9529889663769434
4	24	0.7216759953191547
4	25	-1.3776795453130257
4	26	-3.8800146787048115
4	27	-1.966101485106312
4	28	-0.9743335631684543
4	29	-0.4006834975814915
4	30	1.7883993194399364
4	31	-3.081531860143352
4	32	-1.0616891737066116
4	33	2.7772933005842613
4	34	-0.4618780755221546
4	35	2.1642183477533106
4	36	-1.3448462301451747
4	37	-2.55904470467909
4	38	-0.6169024486262392
4	39	-3.4307625333841196
4	40	2.571791189943438
4	41	-2.0801733446979047
4	42	0.8545952412550548
4	43	1.6235050856384854
4	44	0.4214663612365237
4	45	-1.7706846664670852
4	46	-2.443594774739219
4	47	2.2234893318322144
4	48	-2.4555538686616027
4	49	2.151722497728487
4	50	0.2669919947826463
4	51	-0.35293273188948654
4	52	4.1085672747052175
4	53	3.4553128845607826
4	54	2.0097058869576965
4	55	0.05816194721994427
4	56	1.719233181096707
4	57	4.210258247539405
4	58	-2.247855752133016
4	59	3.4882577291392693
4	60	-2.473164777133875
4	61	-1.230101712678885
4	62	-1.5984749784960537
4	63	1.0830535541347497
4	64	2.897118372261623
4	65	-0.11064597293870043
4	66	0.26350179363157306
4	67	-2.3117016866990854
4	68	-2.0406412128068006
4	69	1.1430378172123796
5	5	NaN
5	6	-0.5185202912705856
5	7	-0.5209544070886366
5	8	-3.161519167115501
5	9	-3.2736347732134985
5	10	-4.046214948904296
5	11	1.5703219308448255
5	12	1.269342919336008
5	13	0.723920474567234
5	14	-0.4334277050775203
5	15	3.504590361518323
5	16	-0.5548556074249064
5	17	-1.097011600553242
5	18	-1.1199791567450943
5	19	-1.2198176018903333
5	20	-2.613286460569899
5	21	0.35021692437118324
5	22	1.4612443700676292
5	23	-2.254256835539505
5	24	-4.835092923321326
5	25	-0.31153440598450144
5	26	-0.6960509897207368
5	27	0.6299360818626653
5	28	-0.3834870586438778
5	29	-0.035151293561335804
5	30	-2.5830585161142223
5	31	-0.40665392448484633
5	32	0.7542873236257818
5	33	-1.4663248050543836
5	34	62.53259319466404
5	35	-3.4222789274500665
5	36	0.7521896591756202
5	37	-2.988773841374042
5	38	2.746762173374086
5	39	-2.2994069628447056
5	40	-2.622029173008238
5	41	-1.626925466677334
5	42	-0.13448129673487166
5	43	-2.74781407971947
5	44	2.2994817550401616
5	45	-4.721047132066929
5	46	-2.706818285831081
5	47	-1.8193399615058963
5	48	1.382812914963639
5	49	-0.8555462770344002
5	50	1.8863978505299368
5	51	1.0661302099255965
5	52	-2.089771230982654
5	53	-0.8807993125586224
5	54	-0.8104587473704019
5	55	-5.218601327216969
5	56	-1.5731926978792727
5	57	-3.821610080881587
5	58	0.46764867413931305
5	59	-0.029940533769852607
5	60	-1.2901038988126443
5	61	2.6615301996406395
5	62	-0.3051231760363343
5	63	-0.6160831279020581
5	64	-3.962297556448386
5	65	-2.2923588522359686
5	66	0.3594064666490919
5	67	-2.120784766732472
5	68	-1.2084325888500247
5	69	-2.1447997847931135
6	6	NaN
6	7	5.3478704289988075
6	8	2.8531861679764337
6	9	2.807973572080529
6	10	2.345250103921113
6	11	-1.3745903954366827
6	12	-1.3725856127566487
6	13	-0.4038993235095037
6	14	-1.4796875220710881
6	15	-2.1210802730286287
6	16	-4.4418811182493325
6	17	0.5551189655541399
6	18	-2.7881199124689564
6	19	-1.4964588984312681
6	20	2.582339768864301
6	21	-0.8951511899066207
6	22	-2.2862691618123328
6	23	-0.06897555075045492
6	24	2.6041912020322044
6	25	-1.4660290842805008
6	26	-2.057266213268233
6	27	-0.10578984705590841
6	28	-2.049788988756701
6	29	0.11445114945719291
6	30	-3.8606152155923823
6	31	-1.2807799169159508
6	32	-2.149913564752444
6	33	2.574923023132739
6	34	-1.7213166981488992
6	35	2.3880788839009144
6	36	-1.4920388279084242
6	37	-2.7014554277960525
6	38	0.3783008285087719
6	39	-0.5999704222211596
6	40	2.661171406698773
6	41	1.8880964272063625
6	42	-4.1117246066331585
6	43	0.18613946811289597
6	44	-0.3160549428543704
6	45	-1.8048810834585542
6	46	1.2881162859823252
6	47	2.461429964549318
6	48	-2.20138350079395
6	49	1.870057487401029
6	50	0.2502047282777527
6	51	-2.744733648940001
6	52	2.1273846039982898
6	53	-0.20878213857926384
6	54	3.0140767046419064
6	55	2.870269656081383
6	56	1.4736324618773506
6	57	2.1394908576942666
6	58	-2.1483320891008377
6	59	3.1184634082824947
6	60	-2.2594735052926582
6	61	-2.670466239107052
6	62	0.6537146233350436
6	63	0.990527847047636
6	64	1.8710170159715673
6	65	-0.6768321841294989
6	66	1.6140315439430728
6	67	-3.2685701477355322
6	68	0.15737598771145678
6	69	1.335330152674953
7	7	NaN
7	8	2.6694962943858047
7	9	5.095087336990005
7	10	-1.6627274068083335
7	11	-0.6348271799245822
7	12	-1.2987052822620593
7	13	-1.6766494985122102
7	14	2.0711212913846424
7	15	-3.0790364016323934
7	16	-0.4013897437793329
7	17	0.8644179583670725
7	18	-2.0663192240008272
7	19	-0.9876463568094896
7	20	2.2177506616393314
7	21	-1.9910228840996493
7	22	-1.8042519143390452
7	23	-1.9341273784017405
7	24	1.2232477478258001
7	25	-3.822991087601146
7	26	-1.3584049229507875
7	27	-1.9865299843360906
7	28	2.2406146187499205
7	29	-0.059650827814513016
7	30	-0.913494678594261
7	31	-4.191362613481795
7	32	-1.429271261665397
7	33	1.074130467304587
7	34	-3.005239168344902
7	35	0.9468750933793508
7	36	0.3626351532455062
7	37	0.2697331889493553
7	38	-0.7469189855120414
7	39	-0.4148620121264868
7	40	2.556788537919901
7	41	1.1673014782397133
7	42	-3.594929719611202
7	43	-0.3405719847035634
7	44	1.3180528062663426
7	45	-3.099574128356866
7	46	-2.4332454459484536
7	47	2.2360860342983107
7	48	-0.6470522964135417
7	49	2.696052191174163
7	50	-0.8680318996436016
7	51	-2.1533654252268106
7	52	4.193435355489021
7	53	1.002345334927928
7	54	1.7794755286051214
7	55	1.1246530202386964
7	56	2.8628690877211183
7	57	3.0634751524099184
7	58	0.5704177909444861
7	59	3.1211993175124237
7	60	0.9835749494940977
7	61	-1.576195309635248
7	62	-1.3733092344411897
7	63	1.1301513528851088
7	64	3.000926782945357
7	65	0.45516225175897185
7	66	-1.0934837919275537
7	67	-2.0608960050614913
7	68	-2.633839277691629
7	69	-1.0384967917011974
8	8	NaN
8	9	1.3413329390146822
8	10	1.2513730040141087
8	11	-0.4839875075306562
8	12	-1.2635315858341811
8	13	-0.12972218100177982
8	14	-2.837232588479629
8	15	1.0143885301118944
8	16	1.1937725114492068
8	17	1.0220354016285955
8	18	2.012057798999268
8	19	1.2860660918195723
8	20	1.380309167118806
8	21	-2.731432232039112
8	22	0.6927293540098853
8	23	-0.3147885935938546
8	24	0.6207089928096455
8	25	0.005853907445748205
8	26	-1.6215266646926798
8	27	-0.676009215388294
8	28	0.4149640513442045
8	29	2.1742895777579947
8	30	0.3593104557281132
8	31	-5.278707545789658
8	32	-1.617575503340105
8	33	-1.3679156487042607
8	34	0.40170130870109055
8	35	-0.4609738330933083
8	36	-0.05876614586614616
8	37	10.620697814211299
8	38	-1.2374182759850465
8	39	0.09575319069972071
8	40	2.8345498242332345
8	41	-1.1521799212896042
8	42	0.4985818715120856
8	43	-1.7906182048012622
8	44	0.5559467602308753
8	45	2.4772695473081097
8	46	2.3514445222605436
8	47	-0.696621572221968
8	48	1.976000563157074
8	49	1.2456181547349254
8	50	-1.2245793402240648
8	51	-3.080430291687004
8	52	0.9906377302047442
8	53	2.8890192666241896
8	54	-4.465761643324917
8	55	1.8217084483567023
8	56	0.4390376601481049
8	57	1.2898846490622125
8	58	-2.6326116831578905
8	59	0.0633923254052043
8	60	-1.6362951474360716
8	61	-2.7450598268171578
8	62	-2.4908698769229245
8	63	-0.5464515378961432
8	64	0.8334411396060565
8	65	-0.27426456693402507
8	66	1.4843510109630067
8	67	-2.7640404365628575
8	68	2.6235360998319726
8	69	-0.7502723706721506
9	9	NaN
9	10	3.003674847227047
9	11	-0.33929887672784853
9	12	-0.42690160321770887
9	13	-0.5204281003339887
9	14	-0.6952659829710708
9	15	1.8475828917234793
9	16	-1.6764962529266927
9	17	1.2974036371205453
9	18	-1.2043109825759113
9	19	0.17151018153750594
9	20	2.730133164438
9	21	-0.2898277759057406
9	22	3.539522264261342
9	23	-1.1673327243876754
9	24	2.664899286276949
9	25	-3.126911790899486
9	26	1.0394774573489383
9	27	0.02941904967182043
9	28	-2.1614285664272272
9	29	-1.9011572169856046
9	30	-0.24392227305675912
9	31	-2.8487420605317006
9	32	-2.5813508133236893
9	33	0.1827306572910215
9	34	-3.454698185150356
9	35	0.10788211465856039
9	36	-5.274793037324265
9	37	0.5490364275787674
9	38	0.8515444801599512
9	39	-0.4757552218822408
9	40	1.8847296854910776
9	41	1.0845493969440831
9	42	1.5527182749660366
9	43	0.3927569918566898
9	44	-0.7441802987180711
9	45	3.0599916161054477
9	46	-1.9748542944122247
9	47	2.337085453884379
9	48	-0.018486879288213073
9	49	2.164288876244963
9	50	-4.356472621878983
9	51	-3.032446072865304
9	52	-1.4659520009257097
9	53	2.1955250170610108
9	54	-1.8563423316901297
9	55	2.7739503160151124
9	56	1.973478991570137
9	57	0.8756914887147833
9	58	-3.776157204888087
9	59	0.7078793809247383
9	60	-1.5111240450788963
9	61	-0.7188965149463403
9	62	-4.436664551800018
9	63	0.1308859379448837
9	64	3.9699584088645667
9	65	2.4066663489272013
9	66	1.4948872751056965
9	67	-1.238634796211773
9	68	-0.9076952531935288
9	69	-2.8193877959051425
10	10	NaN
10	11	0.47753637553206363
10	12	-2.2374203759708666
10	13	1.9100469494014642
10	14	-2.428683831881412
10	15	-1.3188448646919486
10	16	-2.0194646361348085
10	17	3.1263346659626663
10	18	1.8469986992295198
10	19	-1.1125518921641846
10	20	0.6155548496208033
10	21	2.6791729165455864
10	22	-2.977843890256283
10	23	-0.3921114562380451
10	24	0.7204187910173859
10	25	-3.3408754744493514
10	26	-1.088986407311525
10	27	-1.2254522832521721
10	28	-2.36676687460767
10	29	-0.24913324022809066
10	30	-0.5580907010300475
10	31	3.73623153748515
10	32	-2.696299762057354
10	33	0.961658234430242
10	34	-1.4997270785938395
10	35	-0.7533124368339066
10	36	-0.9637389090710287
10	37	3.6013552838380654
10	38	-0.6705759736932951
10	39	3.136116253631606
10	40	2.026030801373794
10	41	-2.3720176511512596
10	42	-1.1461129749189545
10	43	-0.6520682903068422
10	44	-1.1543093949188086
10	45	-1.8516354696221324
10	46	-0.021992501930154784
10	47	1.0734326747447984
10	48	1.8344671748384893
10	49	3.034862267029569
10	50	-2.9590804407722198
10	51	-5.284546823749876
10	52	1.096274492560902
10	53	3.2136064625539795
10	54	-0.6771072473466417
10	55	4.759651354452332
10	56	3.793354035533645
10	57	1.3368196001054988
10	58	0.015876937776806783
10	59	2.9924034253262617
10	60	0.08594660275329916
10	61	1.5282178666496915
10	62	-1.317715094623453
10	63	0.11270311814137052
10	64	2.8429605021471933
10	65	-0.5365114118218799
10	66	0.23764450363280498
10	67	-0.5272524667554328
10	68	-2.1503982751578876
10	69	-1.061986760205069
11	11	NaN
11	12	1.1208850104007384
11	13	-1.5539876806100545
11	14	1.7165130043794665
11	15	-1.2559642746434792
11	16	0.37276358219615024
11	17	1.6676397400940761
11	18	1.1070168262136857
11	19	-3.3327440000522515
11	20	-2.0036261329808425
11	21	2.8779524877036438
11	22	1.7665151970273005
11	23	-1.4979241760223934
11	24	-1.5265541342767162
11	25	-0.1296627644121388
11	26	1.061373979247612
11	27	-1.7015779862643823
11	28	1.3035259435450193
11	29	2.6143808987942974
11	30	1.1987479420844331
11	31	0.6403459309692958
11	32	0.12111319800984151
11	33	-2.6909100581443686
11	34	-1.8190671288900586
11	35	0.8693742892363799
11	36	2.4501193562028587
11	37	-0.45105486146834495
11	38	-2.515117690527086
11	39	-3.3545243195790087
11	40	2.6736054802653935
11	41	9.564377734618287
11	42	-2.2548533440556375
11	43	2.282124463920097
11	44	0.37796229108268287
11	45	-2.3189388918428144
11	46	-1.227140359697625
11	47	-0.2334197735847232
11	48	0.26009558638452057
11	49	-1.3323687713274903
11	50	1.08684757309685
11	51	0.6896508032173025
11	52	-0.31539662334667296
11	53	-1.3016402186843443
11	54	-2.9244693910844104
11	55	-1.4531749687133528
11	56	-1.1314346762862466
11	57	-1.874344794571075
11	58	1.851632939231439
11	59	1.105178809417841
11	60	-1.4646032418658161
11	61	-1.6583665980405313
11	62	0.907155468624329
11	63	0.46703816146415167
11	64	-0.42946560150526625
11	65	-0.053744569469545
11	66	-0.5104800715222764
11	67	2.368987889813877
11	68	-1.5139990664499168
11	69	-1.5011980182069682
12	12	NaN
12	13	2.037462878163744
12	14	2.743316718203465
12	15	6.567650047449542
12	16	0.8225032586482708
12	17	-2.6154293635895285
12	18	1.9355428073876744
12	19	-3.3201428988724846
12	20	-1.870152982467873
12	21	1.921110415147008
12	22	-1.2542941921927966
12	23	-2.8224456337529307
12	24	-1.5069117676275394
12	25	2.855260803561396
12	26	1.9160436845650946
12	27	3.2012206114648873
12	28	-0.5397271611723973
12	29	1.1253109790621352
12	30	-1.7680468575318733
12	31	0.5814273576716805
12	32	-3.3960224577189897
12	33	1.5333052832979115
12	34	0.9638263901084931
12	35	-2.0817194714973275
12	36	0.689907264395707
12	37	-0.6351115860888451
12	38	0.9533273136945845
12	39	8.124932894571556
12	40	-2.8197137396102123
12	41	0.5899528511891011
12	42	0.029564464561741038
12	43	3.3819459012701274
12	44	-0.5299014118424599
12	45	1.9363057957834953
12	46	2.9880166895206277
12	47	-1.4457842040166602
12	48	3.0327185233029366
12	49	-1.5990030780598279
12	50	1.130538818798241
12	51	-0.6576107080823056
12	52	-1.7519636568027357
12	53	-1.8234755276436456
12	54	-0.2940774616663734
12	55	-0.4724387409763523
12	56	0.5347168453707293
12	57	-2.8727812915766697
12	58	-2.141433212675936
12	59	-0.6762567095407718
12	60	-1.8293763847293423
12	61	2.4348655620934982
12	62	-2.990711713102017
12	63	-2.0866052200731238
12	64	2.3532083143558116
12	65	0.048208267946363674
12	66	1.0930801988147314
12	67	1.7140879706438858
12	68	-2.6274274388401975
12	69	-1.339705365527822
13	13	NaN
13	14	-0.8746736541733199
13	15	1.4810087985415437
13	16	-0.1421228558892167
13	17	1.2636767669247422
13	18	2.7347430957123944
13	19	6.0161565912242345
13	20	-2.0893142080989446
13	21	-1.6741230214366727
13	22	2.3391788958007664
13	23	4.610111715098073
13	24	-4.5902415906990885
13	25	-0.01808385878122324
13	26	-0.9279518008085508
13	27	-0.3317551637279649
13	28	1.8257307736400856
13	29	-2.1651786086305393
13	30	2.051084036390831
13	31	0.7142105814559798
13	32	-0.513644191891295
13	33	0.15665887969517392
13	34	2.378406763948161
13	35	-2.640553796726479
13	36	1.9114001896435533
13	37	1.458092444565641
13	38	-0.33957854288099076
13	39	5.780268999182329
13	40	-0.9507225331442061
13	41	14.337517264008966
13	42	1.5740534512583872
13	43	-1.4208811616195862
13	44	-3.935805487516693
13	45	1.468234244048508
13	46	2.945674955867517
13	47	-2.3392588897746633
13	48	2.9843774922457382
13	49	-1.3577362594553974
13	50	-1.9239780707931786
13	51	2.7434553359852387
13	52	-3.2801871174646666
13	53	-0.182423575301552
13	54	-1.375789922070403
13	55	-2.6177772455255095
13	56	-0.0658072342658008
13	57	-3.038156694628655
13	58	-0.7228492806403338
13	59	-1.2799450365223481
13	60	0.45439257171271913
13	61	-1.9354074539452126
13	62	-1.6744632687297565
13	63	-1.2811483782294892
13	64	-2.2614001342166987
13	65	-2.0549690067466653
13	66	0.6320804131982006
13	67	4.107721132266414
13	68	-1.121284887920819
13	69	-0.8896597674983978
14	14	NaN
14	15	0.3859434254688414
14	16	0.7883694067100608
14	17	0.13390647057198732
14	18	-1.6122083031769898
14	19	-1.0552604332385656
14	20	0.4901754801581893
14	21	0.3169860521739097
14	22	1.7626265375452466
14	23	0.0024076568788295935
14	24	0.1805282658197162
14	25	1.5872916560005097
14	26	3.257693952771532
14	27	-2.5618983829651762
14	28	4.493201545547006
14	29	1.4847657360214643
14	30	2.6212685773423408
14	31	-0.8228550488079001
14	32	-2.0249358469558016
14	33	1.9601500028328023
14	34	-0.576451842220275
14	35	0.5201644152651831
14	36	3.4454375764529273
14	37	-1.800829396211455
14	38	0.6827977630819008
14	39	-2.14866890315113
14	40	-1.3351728932712403
14	41	1.0065812325434365
14	42	-2.9262508975222112
14	43	-0.29793692255144044
14	44	-0.5079654550789562
14	45	0.7408215434926481
14	46	-2.1728648547755878
14	47	0.44100043502862324
14	48	-0.8876122531532417
14	49	0.27880352212791065
14	50	2.399301279683203
14	51	0.10981219384280808
14	52	1.083024913864449
14	53	11.08563891470768
14	54	-1.2741418603225134
14	55	-0.516403579066584
14	56	-1.44362653538806
14	57	0.3191048672055018
14	58	-1.7204437950334028
14	59	-2.913183405565861
14	60	-0.2257187219348078
14	61	-1.234971603727972
14	62	1.9146393091966247
14	63	-0.9035420294652807
14	64	-1.6047071300640203
14	65	-2.842658701171621
14	66	-1.864315841316035
14	67	-1.0426860700720457
14	68	0.2374944505057692
14	69	-0.5102769333135369
15	15	NaN
15	16	2.120069033431787
15	17	-0.5125560687549074
15	18	1.2266532037880564
15	19	-2.038103398759331
15	20	-0.18461775957126192
15	21	-0.42623983304972135
15	22	-0.3273762551897396
15	23	4.157333396865747
15	24	-1.3558431175906807
15	25	-0.2975258533231768
15	26	0.7130676728536569
15	27	-0.6025536490666112
15	28	-0.15514202242455796
15	29	1.0578243092358204
15	30	3.4763573201692655
15	31	3.040575146674521
15	32	-1.336880205875351
15	33	-1.3815842170615225
15	34	-1.0916001388778915
15	35	0.06626705381554636
15	36	3.4427812485160145
15	37	2.6625734840697155
15	38	0.10881655941202074
15	39	-1.1140739909734427
15	40	0.8108485583653748
15	41	-1.3346828736270526
15	42	-0.5604690876517435
15	43	-0.6038860429725703
15	44	-2.8123390346538586
15	45	0.23594911470384253
15	46	3.9408368448946485
15	47	-0.34312060163143443
15	48	3.325904122572759
15	49	-0.872275437381298
15	50	-1.7592127166762066
15	51	-2.3851950302032194
15	52	-3.29790230820988
15	53	-3.2088890212444623
15	54	0.36942502860949167
15	55	-1.2567659490584129
15	56	-2.945678849838229
15	57	-3.2371517700781114
15	58	0.8368720557419758
15	59	-1.5861063632846935
15	60	1.701893297287034
15	61	4.158881988469397
15	62	0.9108336602063778
15	63	-0.4201764429755165
15	64	-3.1856539718726076
15	65	-1.8756682867384444
15	66	3.7788363390103514
15	67	-0.7108587293967642
15	68	2.946003025016089
15	69	-3.7843754451281217
16	16	NaN
16	17	-0.8096284114719603
16	18	1.6583299089641006
16	19	-2.505690843622945
16	20	-1.5240339012191941
16	21	1.3914934170400455
16	22	-1.158458709863263
16	23	3.0082348112340176
16	24	0.06767662044815362
16	25	-1.4369787566796
16	26	2.228064516046295
16	27	-1.026643913199195
16	28	0.6395857251655076
16	29	1.5414011095510878
16	30	2.3126380309395578
16	31	-1.5502061987099554
16	32	0.2496884685235905
16	33	-1.3355340933071354
16	34	-2.429544251048078
16	35	-0.9002597953825717
16	36	-0.9080167947540333
16	37	0.04487955730556427
16	38	-3.5774637195963024
16	39	-3.7844071131062154
16	40	-4.229900268191492
16	41	2.4897966341955917
16	42	2.571344032638404
16	43	-0.10690557711063303
16	44	-2.8515780273301576
16	45	2.559602041221257
16	46	4.309685207312071
16	47	-1.8381109476607371
16	48	2.3344961645579763
16	49	-2.0784032364547405
16	50	1.5479979640008903
16	51	-0.08320984501029713
16	52	-0.4383684498956129
16	53	7.461566685785285
16	54	0.32246346181584873
16	55	-0.5913504071459079
16	56	-1.8962100480137873
16	57	1.281226485169915
16	58	0.9802271006511969
16	59	-0.33094093789672685
16	60	-0.1443528850774771
16	61	3.8884975699448074
16	62	-1.02627978998164
16	63	-0.4787045375738664
16	64	1.4454887969335866
16	65	2.3372944657459205
16	66	-2.1571159183713178
16	67	1.5927491523497703
16	68	-2.4839555832356024
16	69	5.251840540907907
17	17	NaN
17	18	-3.824779878421561
17	19	2.0729376360975014
17	20	1.5001852142979921
17	21	-0.5465105504987321
17	22	-0.37971690206319475
17	23	0.5373452602036324
17	24	2.2910836829027814
17	25	-3.1636200933988015
17	26	-3.636054018712527
17	27	-1.187999283245982
17	28	-0.8068423135678476
17	29	-1.054142677634528
17	30	-0.42254032367633915
17	31	0.2902572002004679
17	32	-3.0105803345620132
17	33	1.5153123627836966
17	34	-1.8816047221581136
17	35	0.18854868139753464
17	36	-2.8007298258272546
17	37	-1.341854328544579
17	38	-0.36026370829814397
17	39	-2.2253025466536163
17	40	1.0171942054570167
17	41	-1.5630249971968133
17	42	-0.3670393842003747
17	43	-1.7449581210934044
17	44	2.1076050694022364
17	45	0.3073552828131803
17	46	-1.0341871258065722
17	47	0.06070868331485028
17	48	-2.593640616579831
17	49	1.3410712706160461
17	50	-0.8313213538971915
17	51	-2.1925245015768584
17	52	3.587720759631097
17	53	5.379039592492987
17	54	0.6090304450362494
17	55	2.2489822917257465
17	56	1.64671304306808
17	57	2.593104775479376
17	58	0.4946709559331284
17	59	-0.10341794794179411
17	60	0.16961473853317366
17	61	-5.102737814135469
17	62	-1.058532281047108
17	63	-0.8620917787755675
17	64	-0.014149874725154455
17	65	-0.04410680837052452
17	66	0.6464364171105923
17	67	-1.2174595266487178
17	68	0.0823843497462498
17	69	-0.37769962796346135
18	18	NaN
18	19	3.72223655463959
18	20	-0.22902145453357167
18	21	2.422312413546648
18	22	0.8904032775140286
18	23	1.119176919278548
18	24	-1.4486850456388103
18	25	4.8465382823545955
18	26	2.987560454263853
18	27	-4.473504117999284
18	28	-1.3205540645810676
18	29	5.675841005923075
18	30	2.88614263849251
18	31	-1.3999666406207245
18	32	-2.460281559116636
18	33	-1.6830835653755316
18	34	2.451383891957384
18	35	-3.2776279634567027
18	36	1.952884608399544
18	37	-0.9832521203125457
18	38	-0.35530118195164956
18	39	-1.6009345567054047
18	40	-1.4898196981343301
18	41	-0.09727089453170297
18	42	2.224418066058586
18	43	1.8358469885509132
18	44	-1.675198542087011
18	45	3.869697997308746
18	46	1.3077718069966073
18	47	-2.0971772764012404
18	48	0.6496142796850226
18	49	-2.0573561687445228
18	50	-0.8964860135012839
18	51	0.6299452626956624
18	52	0.9953601885326492
18	53	-2.247277087980905
18	54	0.3152882871450747
18	55	0.028612771750713705
18	56	-0.6016687723636897
18	57	-0.8259829987944934
18	58	-1.153269894939549
18	59	0.7865616279846395
18	60	1.9675518324603358
18	61	5.124828819884741
18	62	0.4728118266438109
18	63	0.6832686485284393
18	64	-1.4658382323378076
18	65	-0.7009885619858253
18	66	-3.001196681339816
18	67	2.941687661003377
18	68	-2.182824630961222
18	69	-2.4331446797667122
19	19	NaN
19	20	2.2207326878959766
19	21	1.7891892360125068
19	22	0.2774539754595675
19	23	2.110889051473074
19	24	-0.5788625300541207
19	25	0.49002706186342004
19	26	-1.5309284291787002
19	27	-3.651981192857278
19	28	2.0629479343807358
19	29	0.4347217765345498
19	30	-0.5302757920983543
19	31	-0.7752473431506887
19	32	-0.30543247014086183
19	33	-1.5666859016761692
19	34	1.7453227387229469
19	35	-1.6229406746251505
19	36	-2.0767032382455386
19	37	-4.120760215155056
19	38	-1.8098433013683715
19	39	1.758753605588919
19	40	-0.7032331284161226
19	41	-0.4743285447616886
19	42	-1.1869098971948073
19	43	1.7766328988046962
19	44	-2.491788201890932
19	45	-1.9838709842585753
19	46	2.6380119176893677
19	47	-3.5587637554142293
19	48	-0.08790534681056791
19	49	-0.6797087455236334
19	50	-0.23449758144557942
19	51	-2.6522876060038847
19	52	0.4760815302793751
19	53	-2.4760530539450007
19	54	-0.20756880924611706
19	55	0.96791568510143
19	56	0.45252820801394944
19	57	-1.8405337434305673
19	58	1.6840190584525057
19	59	-0.451434470569284
19	60	1.2207445473920984
19	61	-0.2928743600477029
19	62	-0.769021427952327
19	63	-3.0926051799799774
19	64	0.6589260282422101
19	65	-0.646015350023184
19	66	-0.020581081316876592
19	67	-1.7318147370901165
19	68	4.27726026326018
19	69	32.15128843276723
20	20	NaN
20	21	-2.2924803876461293
20	22	0.9910672014389044
20	23	-1.1726692158407437
20	24	5.115132962625036
20	25	-1.485411158092272
20	26	-1.7196489126833492
20	27	-0.23393466437007387
20	28	-2.6590049070486756
20	29	-0.3029550025940259
20	30	-0.7290581901159909
20	31	-0.6888154259698688
20	32	-3.3800169405567826
20	33	1.7310275391319978
20	34	-3.7301033100982184
20	35	1.616166570598688
20	36	-1.8825522775389785
20	37	0.501084564425553
20	38	1.6736095160784532
20	39	2.1123151641673297
20	40	1.9936980352016689
20	41	-2.5915612780613837
20	42	-0.11121857140345867
20	43	-1.7114927403280926
20	44	0.6655048874985444
20	45	0.726855035085738
20	46	-0.13571438576382816
20	47	1.0854991376032082
20	48	-1.5325050866805905
20	49	2.6327519303051408
20	50	-1.5227464828358062
20	51	-0.3620459311041803
20	52	3.068811523338049
20	53	3.3393309245919887
20	54	1.8142273940190659
20	55	-0.3207163056612128
20	56	1.67267631348995
20	57	3.4815940649005097
20	58	-2.4590407053434586
20	59	-0.11664489076378064
20	60	-3.4657227423914057
20	61	0.572022527003637
20	62	-1.7389738985534289
20	63	-1.1635084425671531
20	64	0.8137933324454315
20	65	1.0035825268421386
20	66	-0.416839588002318
20	67	-2.533543182109566
20	68	-3.49629569385575
20	69	2.6554528789277834
21	21	NaN
21	22	4.54287915960847
21	23	1.2040932945566645
21	24	1.0529027308887948
21	25	1.1590762765743283
21	26	-2.7193205900972592
21	27	0.7525262263414294
21	28	1.604833408907345
21	29	0.460633627589989
21	30	0.08469497484151269
21	31	-3.420368857342846
21	32	0.5643849185593532
21	33	-1.833159892560324
21	34	0.984879546948832
21	35	-0.34162161430879445
21	36	1.4657797646540838
21	37	-0.9118658746397518
21	38	-0.4609174159617156
21	39	-0.058763746374839027
21	40	-3.0881898625657596
21	41	2.5528844107905786
21	42	0.09143249199202975
21	43	-0.501006117129179
21	44	1.4626854061884866
21	45	-0.31043364135836216
21	46	-0.42600484354462825
21	47	-0.6682385151320888
21	48	0.5662160844299006
21	49	-2.1842060966252945
21	50	0.47717632511708924
21	51	-1.6633368498427044
21	52	-1.6188521866977001
21	53	-2.908453368843209
21	54	0.7915580303644313
21	55	-2.0685897615831097
21	56	-0.24467727559466507
21	57	-2.4664533688760155
21	58	-0.4448246312508709
21	59	0.372459170077814
21	60	-1.2623770865436892
21	61	0.37981416653562894
21	62	-0.7035126880707061
21	63	-0.8565732983705011
21	64	-1.351344199741373
21	65	1.9114855821428864
21	66	-1.115151278302139
21	67	1.9747450214553253
21	68	3.247078258793249
21	69	1.4410964934047914
22	22	NaN
22	23	0.6689008534308616
22	24	0.7495554022088677
22	25	3.570604831608479
22	26	1.7393460476094216
22	27	1.8827257997468165
22	28	-1.817044182554915
22	29	1.298112487551842
22	30	1.4326094468761832
22	31	-0.20231116170935218
22	32	0.05561426346436907
22	33	0.0008515140007318785
22	34	-4.458399691309105
22	35	1.0995365623324136
22	36	2.9651303224679464
22	37	0.33113937720093256
22	38	0.5905773676721299
22	39	0.8466314167338705
22	40	-2.244850760352276
22	41	-1.4622598505900861
22	42	1.1809746998763395
22	43	3.3343748997716185
22	44	1.9132416562396295
22	45	0.3422691738590951
22	46	2.600025641566469
22	47	-2.4653993699420513
22	48	-0.3947521596246086
22	49	0.6291625740715469
22	50	1.3179507418654328
22	51	0.99660420715174
22	52	-2.537731338659096
22	53	-2.119058816630024
22	54	-1.8955885853721604
22	55	-1.7334557796360828
22	56	-0.49712002926200577
22	57	-3.3789349061289777
22	58	-1.8676191442808465
22	59	-0.49565754286359653
22	60	-1.4383704306969987
22	61	0.9909440712658848
22	62	0.5570985630819396
22	63	-2.12156390864653
22	64	-3.0952188138812056
22	65	0.3840804778772321
22	66	0.22323917121523437
22	67	-1.226580771739413
22	68	1.2708443839059769
22	69	0.03292012261515844
23	23	NaN
23	24	-0.9554084889781339
23	25	0.40220821764756076
23	26	2.276797534933643
23	27	11.255140002918594
23	28	0.6423946969584868
23	29	0.9755395052501792
23	30	1.464446318963204
23	31	2.145121174572897
23	32	-0.3270999860777837
23	33	0.5283917646536516
23	34	-0.6983793329945438
23	35	1.161687064015261
23	36	-1.0618227644572884
23	37	0.3053107589376216
23	38	-0.9870883453165906
23	39	1.5105449384097385
23	40	-1.3746780747530736
23	41	-0.09148733149023042
23	42	2.1675465624048456
23	43	-1.6933979220037354
23	44	-4.100968451966803
23	45	1.8911046693881701
23	46	0.33308565347048996
23	47	-1.863906368831429
23	48	-1.469152321575958
23	49	-2.983239916712109
23	50	0.08952211272356136
23	51	-0.2210044736447376
23	52	-1.6380744338507827
23	53	-2.1266403468314485
23	54	-0.4579696927971507
23	55	-1.3940900694362308
23	56	-0.6394510780252498
23	57	-2.0965444443767565
23	58	0.9489001460283668
23	59	1.9765579376578046
23	60	-1.1851424478496946
23	61	0.010382121403390579
23	62	0.8332072103135417
23	63	-1.3173389917600604
23	64	-0.7870070142430832
23	65	-0.04430685739731384
23	66	-1.4511309427873427
23	67	-0.9256620262599505
23	68	1.0905399784938403
23	69	-2.5611990991552975
24	24	NaN
24	25	-0.14922485551892037
24	26	-2.6177430658958967
24	27	0.8577657455558844
24	28	-1.6057226339357178
24	29	-2.9227270017161677
24	30	-2.568363763782439
24	31	0.9973377266370256
24	32	-0.4659904249128453
24	33	2.055226060523685
24	34	-3.424316622855332
24	35	3.8463603905029067
24	36	-3.3619056899140247
24	37	0.9086526336059645
24	38	-0.04416409052431182
24	39	-0.2548660982449444
24	40	3.5216466583921715
24	41	-1.6553095088139105
24	42	0.03943284159242001
24	43	-0.8084729776983764
24	44	1.0987174517768499
24	45	-0.5176286416808006
24	46	-4.743571765774533
24	47	2.2554213010206667
24	48	-1.3944596483647327
24	49	3.6267587613048673
24	50	-1.7109810107143668
24	51	-1.8655791653461216
24	52	2.872114309225042
24	53	1.0532494460864612
24	54	-0.4422660456979548
24	55	1.0621544454536649
24	56	2.229624409566288
24	57	0.5187474852437441
24	58	-2.272857992041264
24	59	1.354689671849867
24	60	-1.5686960263678524
24	61	-0.7961917663959636
24	62	-0.6340471701261161
24	63	-0.5062056702585398
24	64	3.238022911424259
24	65	1.9030429122906443
24	66	-0.5793129734352527
24	67	-1.5264191322625584
24	68	0.06580792522546246
24	69	0.727492340518391
25	25	NaN
25	26	6.462098861609364
25	27	-0.5714838440694325
25	28	0.518553461312244
25	29	-1.5404335732555425
25	30	0.16575942818206668
25	31	-0.7901193845659307
25	32	1.877087728336901
25	33	-0.7943700462849256
25	34	0.3392717452617578
25	35	-0.44042258043921084
25	36	1.0424292217739504
25	37	2.4586891558097133
25	38	0.5716583395156172
25	39	5.218865631881558
25	40	-2.1203401399860637
25	41	-1.8985756544020413
25	42	2.7215731516646824
25	43	-0.6347954763590177
25	44	1.2909793813181543
25	45	3.1095441484461133
25	46	-1.300959709616257
25	47	-1.4417135905780942
25	48	-1.8317351504221626
25	49	-3.456373600337689
25	50	0.3666046957686852
25	51	0.5963543184075396
25	52	-2.879742752416727
25	53	1.0008335743400971
25	54	2.3777694773122704
25	55	0.3674137886957709
25	56	-2.6489446038175246
25	57	-0.41265520101139447
25	58	-1.3741972209379298
25	59	3.2955064718282605
25	60	1.4952206973674067
25	61	-1.2997092974271796
25	62	2.547157150382593
25	63	-0.2947544924595043
25	64	-2.045086264209402
25	65	-1.2043354397026833
25	66	-0.7076432344592845
25	67	5.9203122972946085
25	68	2.5954643539647018
25	69	-1.7108551961378504
26	26	NaN
26	27	-0.542475699516842
26	28	-0.26123725924877045
26	29	5.390492835343215
26	30	2.195836643895299
26	31	-1.262866702193198
26	32	5.454976963202813
26	33	-1.3898824782500723
26	34	-2.0537307217357355
26	35	-0.8823645262695032
26	36	1.4149020979624407
26	37	1.6647976502374113
26	38	0.33912566243060727
26	39	0.8783804674752143
26	40	-2.3420827126495505
26	41	2.9205424806124274
26	42	-0.6512054850504533
26	43	3.4906039551232473
26	44	-0.41917668632834004
26	45	0.49712097041517617
26	46	-3.1538012210414443
26	47	-1.822528714024746
26	48	-1.0378748462840504
26	49	0.15030524315920815
26	50	-1.2713603690122957
26	51	-1.0573784966661643
26	52	-2.030584382637858
26	53	0.3714901458928038
26	54	-0.5847244037312262
26	55	-0.8606644071821014
26	56	-2.402574024835035
26	57	-0.920212538228852
26	58	-4.411949055807555
26	59	-0.27300344791409265
26	60	0.12647529693979595
26	61	3.962900528118667
26	62	4.79665550734729
26	63	1.7296508800037793
26	64	-1.357725291643728
26	65	-0.8168957538416609
26	66	1.564400652207091
26	67	1.0048101327558
26	68	1.5295101341010706
26	69	-0.7976141464404467
27	27	NaN
27	28	0.025752847600317652
27	29	-1.1941363839460262
27	30	0.1644101268708766
27	31	33.6630024269335
27	32	1.3917612659966094
27	33	-1.9884485212840548
27	34	-1.3459771123622832
27	35	-0.0883183797275137
27	36	-0.1645065851386655
27	37	-0.850971800077315
27	38	0.382440788647271
27	39	0.2729960632860056
27	40	-0.5849385342739345
27	41	-2.2944173397824685
27	42	-2.253741983612637
27	43	-0.21372432363513036
27	44	0.8138376717918592
27	45	1.666180834016097
27	46	-1.844095284344902
27	47	-0.4672408333578821
27	48	1.1534061221818264
27	49	-2.4996028302547564
27	50	-0.6228743520802098
27	51	1.6783510989353547
27	52	-2.3179525407655217
27	53	-1.8228370898092394
27	54	-2.253674162870021
27	55	-1.5537392045678515
27	56	-1.3258310564552436
27	57	-0.6281951936426582
27	58	-0.1120747605759247
27	59	-1.7215477466905547
27	60	2.5116634465889223
27	61	-1.7968561954536793
27	62	-1.4520817177823662
27	63	-2.8407883321300154
27	64	-0.8284631673044195
27	65	-2.3692986445877318
27	66	-0.6654784274833477
27	67	-2.104435686772112
27	68	-0.39460859277660293
27	69	-0.15250363256276817
28	28	NaN
28	29	2.2132359458880084
28	30	-1.070348429746126
28	31	-0.7901161185817561
28	32	-1.2395595135417483
28	33	0.3046617814960756
28	34	1.7184904536691477
28	35	0.8391943029939114
28	36	-2.8452329031468198
28	37	1.7292134252459104
28	38	0.5470448140639158
28	39	0.8205921000356939
28	40	-1.2032107756078927
28	41	-0.9334338198684318
28	42	2.3405707737328054
28	43	1.3855951684857342
28	44	0.7634257454405665
28	45	0.9335811012864123
28	46	-1.0013347186403443
28	47	0.9122747074994498
28	48	3.7029629674862172
28	49	-0.9399228275091709
28	50	5.105460201631537
28	51	6.076529780469476
28	52	-1.8311290060344312
28	53	-0.148480285275099
28	54	-0.8000779199564393
28	55	-2.7820579919375374
28	56	-0.8273631287427472
28	57	-0.7791511629173131
28	58	1.362737791229178
28	59	-2.1502431475226502
28	60	-2.327181912515943
28	61	2.9518000114297362
28	62	0.18620028865445262
28	63	-2.682022149225516
28	64	-3.2135921504401512
28	65	-1.5450869987847586
28	66	1.4906466016374327
28	67	-0.08131637772570377
28	68	0.12922523676569114
28	69	-0.4968018531705551
29	29	NaN
29	30	2.744512646939441
29	31	0.5156320365227792
29	32	0.8384396505492524
29	33	-1.7665084517693797
29	34	1.773763304361354
29	35	1.4079121547551319
29	36	1.9335229901509912
29	37	2.9841952616836687
29	38	0.2694633339256318
29	39	-1.0523225545647508
29	40	-3.719113080612044
29	41	-1.9589888076323987
29	42	-1.614761193132108
29	43	0.668031250420287
29	44	1.2047083813170925
29	45	0.48970023136077206
29	46	-1.8837261178307707
29	47	0.15667744194042657
29	48	0.18265459669828388
29	49	-2.4928059833436396
29	50	1.4156199404068832
29	51	-0.110851666381671
29	52	-2.3267451271811788
29	53	-1.3634699352482542
29	54	-0.45168292533929755
29	55	-2.5657386713010446
29	56	0.6841941933070118
29	57	-0.8778401493211626
29	58	-2.8831432928072918
29	59	0.15652102131282716
29	60	1.3647773079470535
29	61	-0.5246659154597358
29	62	1.5193952210945028
29	63	-1.1191114504962425
29	64	-2.457655687791959
29	65	0.08079132397503433
29	66	-1.2381309601026271
29	67	2.475235419172609
29	68	-2.5729438835498253
29	69	0.36201018357931664
30	30	NaN
30	31	0.9919150343913924
30	32	0.5602658840886263
30	33	0.0226638259343044
30	34	1.9902086044785847
30	35	-2.8524470006459115
30	36	-1.9990440329333345
30	37	3.392080083937397
30	38	-1.9076957045152207
30	39	4.724436442289466
30	40	-1.1216926294823582
30	41	-1.2635051455835735
30	42	0.2976708595789359
30	43	2.9549812731851635
30	44	-1.0789183476547828
30	45	0.17744411006847124
30	46	1.5307204382728186
30	47	-2.3362592959177704
30	48	-0.7055805024451811
30	49	-2.0135462386320637
30	50	0.9724548131577655
30	51	0.8399976611278038
30	52	-0.6393350420961207
30	53	-2.4735945216482844
30	54	0.739205742314817
30	55	-0.2731929512269685
30	56	-0.6920252880705671
30	57	-3.8726678533500003
30	58	1.685638093949285
30	59	1.557047792439999
30	60	0.5906241140000937
30	61	2.7231757427437677
30	62	-1.2092101949794702
30	63	0.22936768968230495
30	64	-1.905482688234674
30	65	-4.885760596587493
30	66	0.40582268966515356
30	67	-0.0035507887520759614
30	68	-0.8859946659786592
30	69	1.4588829725767722
31	31	NaN
31	32	2.1530625546016764
31	33	0.0280597166742293
31	34	-1.4517284609775054
31	35	1.6166592186189706
31	36	-0.4035747990604512
31	37	-0.3265233754031325
31	38	-2.1489876057517794
31	39	-0.8205712536794629
31	40	-2.4650142136760906
31	41	1.5287665742599306
31	42	2.2643916677203135
31	43	-1.2162331648213274
31	44	-3.2272414945395096
31	45	3.0492498826214924
31	46	1.175905237491583
31	47	-0.2562576359236637
31	48	0.2285269637124135
31	49	-1.9082669139935098
31	50	0.4559579332380527
31	51	1.0981918293653847
31	52	-1.3830598293825809
31	53	-3.3778254619484316
31	54	0.3834479498953978
31	55	-0.6970450711391801
31	56	-1.3502290538618738
31	57	-0.5983985311152177
31	58	-0.561431197183119
31	59	-2.570152188674183
31	60	-0.05912245178045714
31	61	3.2905754111953076
31	62	-1.5794403059408828
31	63	-1.3838973721439527
31	64	-0.20461622387294126
31	65	-3.2063620586625885
31	66	-2.207788981758027
31	67	-3.929879861966696
31	68	1.5213736523619472
31	69	-0.30079949729397665
32	32	NaN
32	33	-0.0022425500182510893
32	34	5.614153900612765
32	35	-2.428090280913809
32	36	-0.7172238654633759
32	37	-0.95974814861502
32	38	2.1457104429876472
32	39	-1.2784870410872857
32	40	-1.1864492574567054
32	41	2.647718866745599
32	42	3.572744497622586
32	43	0.5214664954354163
32	44	0.3329547037592058
32	45	-1.2819328557402094
32	46	2.064112407688867
32	47	-1.5861118964962269
32	48	1.1030212908874666
32	49	0.15303031284651794
32	50	2.020371454150067
32	51	1.9344207171132317
32	52	0.38985579085403926
32	53	-1.1698474521346174
32	54	-1.6576792963377767
32	55	0.8607920769430383
32	56	-1.4622248589645264
32	57	-1.343643120293754
32	58	1.130445221186926
32	59	0.5218842419124394
32	60	4.157194105948304
32	61	0.3555088649611398
32	62	2.9995951123964457
32	63	0.361576613141471
32	64	1.226956199529846
32	65	-1.49783829592706
32	66	-0.060042602439940695
32	67	5.10950502058629
32	68	0.40273239726321874
32	69	-1.3718219251371109
33	33	NaN
33	34	-2.5437129086544856
33	35	3.189640930711798
33	36	-1.1080492015523697
33	37	-2.985202066976448
33	38	0.726935751772812
33	39	-1.6712901287766293
33	40	2.85627765373736
33	41	-3.006620003023284
33	42	-1.243233827792069
33	43	1.5921233048411505
33	44	-1.36028278285552
33	45	-0.3323790306041419
33	46	1.2371923588540334
33	47	-0.7264735263460906
33	48	-0.41039770354712574
33	49	0.07211729201018956
33	50	0.9625119781137974
33	51	-0.5104589255802416
33	52	3.316099218556032
33	53	0.27319098620247595
33	54	0.6796030551274765
33	55	1.9963675332763133
33	56	0.3015094810660625
33	57	0.0913011389109416
33	58	-2.8819324920950984
33	59	0.11911943601798174
33	60	0.8102602476637454
33	61	0.06927595144293344
33	62	-0.7634303032144016
33	63	0.6724302733522795
33	64	1.9121608010077942
33	65	3.4940647805534106
33	66	-1.658898171567487
33	67	-0.3809337962266721
33	68	-0.2157366445952436
33	69	-0.12014449741503698
34	34	NaN
34	35	-2.652087480143769
34	36	2.2688137707602882
34	37	-2.167592287166087
34	38	-2.229712221736656
34	39	-2.701750808055133
34	40	-0.5706101787504708
34	41	-4.683619976197365
34	42	-3.951940689844085
34	43	-0.20979631561673698
34	44	0.46681527043075743
34	45	-1.7030586116453412
34	46	0.4686684704483677
34	47	-0.22203461418873602
34	48	-2.529646319539861
34	49	-3.9782110236676407
34	50	-1.041156393938613
34	51	-0.2695840682258329
34	52	-1.5566678343604572
34	53	-0.865941377653701
34	54	-1.0935324715297758
34	55	-2.022226589616316
34	56	0.26113663199377035
34	57	-0.6989120284197121
34	58	-0.10270561446033917
34	59	-2.704431137984217
34	60	0.3368000214774643
34	61	-0.34998192665946354
34	62	-1.5114016468240576
34	63	-1.6424329032927185
34	64	1.2547295459410717
34	65	-0.6891192871790767
34	66	0.1581470261998816
34	67	-2.1958682823460443
34	68	1.8573867805828093
34	69	-2.058460720179019
35	35	NaN
35	36	1.1024182696852325
35	37	0.07441802614883021
35	38	-3.025401396791973
35	39	0.11284682075495381
35	40	2.1564063302795957
35	41	0.2401249050911386
35	42	-1.073940725722608
35	43	-3.529069924487761
35	44	0.9271739842401686
35	45	-0.9392683062075357
35	46	-1.9268889233306623
35	47	1.927741278605683
35	48	-2.000697629678124
35	49	0.25789183389775994
35	50	-1.958085524372322
35	51	-0.35119721548763316
35	52	1.1473189777873158
35	53	-0.577237506014392
35	54	-0.5199656004469511
35	55	2.9938008480354448
35	56	1.0658228888332704
35	57	2.8280155772245013
35	58	-0.6124177798708469
35	59	2.0867394023571184
35	60	0.9545399858622811
35	61	0.4287495926919984
35	62	0.7206081478642644
35	63	-0.8897853694586906
35	64	0.3153357247174305
35	65	0.7661624060207683
35	66	-1.2205479335116813
35	67	-2.412100605271532
35	68	0.036185369904152095
35	69	-0.4995142164280838
36	36	NaN
36	37	-0.3558215877687988
36	38	-1.0149024456780085
36	39	-0.007494016876272422
36	40	0.5231134412227981
36	41	0.7211370790296301
36	42	4.371726040922628
36	43	-1.1196730156697234
36	44	0.8610978991312097
36	45	-1.8003622886920911
36	46	1.5986355465780568
36	47	-1.2940802464670926
36	48	1.3116169562231523
36	49	-1.439966805391509
36	50	2.1851149818176085
36	51	1.8179506609035032
36	52	-2.1997241809776726
36	53	-3.2051533785398716
36	54	0.6406889230045986
36	55	-1.555910027128249
36	56	-2.233436187015881
36	57	-2.066125179795056
36	58	2.6681937339820077
36	59	-5.166398204047413
36	60	0.8755638953771202
36	61	-1.4110388319474927
36	62	0.871197785279186
36	63	0.4657738155193571
36	64	-2.631860393591778
36	65	3.13384011388642
36	66	-0.48780625333112615
36	67	1.5712336945388914
36	68	0.21023421512213705
36	69	-1.1615979748693692
37	37	NaN
37	38	0.06668059457793248
37	39	1.4119744351399903
37	40	1.185975848369933
37	41	0.490432234094277
37	42	-1.473486694415162
37	43	-2.818525648768334
37	44	-2.6962718071826406
37	45	1.3931598684069282
37	46	0.6944870196222264
37	47	-0.03121015668254597
37	48	0.5937599980158126
37	49	-1.0061752373040602
37	50	2.629147635781318
37	51	0.5504315746362259
37	52	0.5248425565454867
37	53	0.1349394051917541
37	54	-3.303015980715995
37	55	-0.8434349004648715
37	56	-0.03160745112247273
37	57	-0.18872534291612778
37	58	1.7050417264822868
37	59	-1.5222939409830933
37	60	-1.8763339778167367
37	61	1.306226611657846
37	62	1.356650009628537
37	63	0.3044090232207418
37	64	-0.34907738361406265
37	65	0.020956882634135292
37	66	-2.1998534991248286
37	67	-3.685462152175399
37	68	1.2679875879292395
37	69	-3.210589537456076
38	38	NaN
38	39	2.3843671938625044
38	40	-0.21690520885325343
38	41	-1.8814475402670545
38	42	-1.8305232434018428
38	43	20.45471342778302
38	44	-1.1208987847042367
38	45	-1.4857159497990253
38	46	1.9711110974131447
38	47	0.030440815890219283
38	48	-2.018311872830896
38	49	1.506329234341461
38	50	0.1402935172609972
38	51	-1.7477293619268597
38	52	-0.8151526872490087
38	53	-1.925567538429903
38	54	-0.5398358809924269
38	55	1.7854883290853798
38	56	-0.22422074966929223
38	57	0.21545538205637008
38	58	-0.9015828494760705
38	59	-1.711943708763185
38	60	-2.160218590753194
38	61	1.8249831575177897
38	62	1.3250790309816385
38	63	-1.7809362563277944
38	64	0.5031556160034472
38	65	-1.0319415117396695
38	66	-0.7085033058104477
38	67	-2.1770095464247654
38	68	-0.06552025930235716
38	69	-0.9722812225075484
39	39	NaN
39	40	0.1426510996255325
39	41	-0.15490825895925353
39	42	2.572726703014764
39	43	-2.8810190748233144
39	44	-1.884000068134176
39	45	-3.784166625413225
39	46	1.7643449768219124
39	47	-1.3706607456632949
39	48	-2.0645286983026514
39	49	-0.2613970012610437
39	50	-1.0810240168729404
39	51	-1.2412560941607675
39	52	-0.1005952657995947
39	53	-0.26441536498893103
39	54	-2.763417692171775
39	55	-2.0017473972108784
39	56	-3.144165071541531
39	57	1.9311165153627035
39	58	-0.8162229921001014
39	59	0.9381744270344702
39	60	1.0383809700063116
39	61	3.8331819891482164
39	62	1.925820744825443
39	63	0.5855004833809336
39	64	-1.3422775697741158
39	65	0.5081349846561599
39	66	0.3690146410835416
39	67	-1.0189257269526146
39	68	3.258255832171398
39	69	-0.6752495265044628
40	40	NaN
40	41	-0.8994363742256988
40	42	-1.8526662885824114
40	43	-1.1688437992088796
40	44	0.0564513611747058
40	45	-2.6016609334798093
40	46	-0.5256647620660715
40	47	2.4661778330368054
40	48	-2.0647371528030507
40	49	3.6148931312488566
40	50	-1.1781310683807675
40	51	-3.046072783037538
40	52	6.127166181701366
40	53	1.7087536841392652
40	54	3.319756694347241
40	55	2.7653518985680066
40	56	2.4303352239715905
40	57	2.7949880506064373
40	58	-1.2434892314931114
40	59	-0.12015418288075973
40	60	-2.6555438915198666
40	61	-2.7875654913433765
40	62	1.3951161338540392
40	63	1.234940734055196
40	64	3.169659752615997
40	65	1.7803947090232306
40	66	0.33010522553034194
40	67	-3.460252362061079
40	68	-3.230816456330576
40	69	0.20681751495772457
41	41	NaN
41	42	5.357530196073693
41	43	0.47153672408459435
41	44	-5.119988510460722
41	45	2.5108830991889475
41	46	-0.661204686772427
41	47	-4.392811956587256
41	48	2.4094412093737416
41	49	-1.316362421898936
41	50	1.1070818381753789
41	51	0.5105329792226734
41	52	-0.35792503890803246
41	53	-1.207895251248175
41	54	-0.37120425983705085
41	55	0.1743001117651451
41	56	2.31855651721669
41	57	-1.8547318014085417
41	58	0.07467898301117355
41	59	2.777378257761994
41	60	-1.311177928644945
41	61	-0.08794137256139468
41	62	1.800746584052337
41	63	1.2056146440780795
41	64	-1.8945790712164456
41	65	0.30797178130759406
41	66	-0.9484854624912394
41	67	0.4577426475901624
41	68	2.0944374258755865
41	69	-1.8448746176510062
42	42	NaN
42	43	0.1781719735312428
42	44	-1.011454366046492
42	45	4.773412700884086
42	46	3.499232858020238
42	47	-2.0920404690830896
42	48	-3.9431424700529814
42	49	-1.2583049684894374
42	50	-0.26686976526113665
42	51	1.220674817619231
42	52	-4.405161152286607
42	53	-0.7342780932497779
42	54	-0.27242228864824347
42	55	-1.469506777934001
42	56	-3.3251549552500457
42	57	-2.899039079176065
42	58	0.1653114241960108
42	59	0.04035996190093134
42	60	2.846213596817754
42	61	1.8020807661776777
42	62	5.82278694796586
42	63	0.20019772263464017
42	64	-3.2853051781690104
42	65	0.06894392333719448
42	66	1.470675967117762
42	67	-0.41710135138609455
42	68	7.9944723807246945
42	69	-2.7470769835217137
43	43	NaN
43	44	-0.6396824304398868
43	45	-0.023646546682767652
43	46	2.005376206143015
43	47	-0.681012603001969
43	48	-0.46688183422850654
43	49	-0.6404242403104876
43	50	0.07628647198240242
43	51	-3.248585611306033
43	52	-2.5020075059098374
43	53	-3.700070412650743
43	54	-2.5191536889822586
43	55	-2.3476450664519932
43	56	-2.0713509938257535
43	57	-1.4511534388204326
43	58	-0.23449391329120836
43	59	-0.5687725417668592
43	60	3.5613217018203147
43	61	2.8774277285569827
43	62	0.7548882093840888
43	63	-1.781702372367365
43	64	-3.027835465128721
43	65	-1.804804232303255
43	66	0.18180108733671008
43	67	3.5728520829429824
43	68	2.5757849615666975
43	69	-0.9465159887429563
44	44	NaN
44	45	-0.6144113965733936
44	46	0.5392788268267703
44	47	0.8275215796525169
44	48	0.5232842931574113
44	49	1.6047818414464625
44	50	3.144934663971551
44	51	3.021085498297653
44	52	0.9294370132936791
44	53	1.1054470148637288
44	54	0.020723975762101995
44	55	0.9121988466508153
44	56	1.2445318567613357
44	57	0.034724695655864224
44	58	0.14321747788800365
44	59	-0.21540915763278984
44	60	1.7608514102012367
44	61	-0.5561554086511
44	62	-0.20655369979127167
44	63	-0.77182016042337
44	64	1.4299207548868023
44	65	0.49370564424219204
44	66	-0.1829414234010883
44	67	-2.1133361548436294
44	68	1.5304307974045255
44	69	-0.2793402126144608
45	45	NaN
45	46	8.005523687968873
45	47	-2.7662811519781485
45	48	1.9723811060483856
45	49	-3.446137026047028
45	50	-0.2871223667345577
45	51	2.580502346698689
45	52	0.7672494198656659
45	53	-3.909880282394476
45	54	-4.039340105875524
45	55	1.6789152476968432
45	56	-1.8996999831932493
45	57	1.4111130327651136
45	58	0.8027844071124863
45	59	-2.077132219270651
45	60	0.6055269593823627
45	61	-0.15968138387736586
45	62	3.2430333203102704
45	63	0.755514501659046
45	64	-1.13791946174393
45	65	0.278391257400727
45	66	-1.3480345483790477
45	67	0.2006313168479618
45	68	3.0649434411620606
45	69	-1.8623531649824892
46	46	NaN
46	47	-1.4585435917410954
46	48	5.646471239098638
46	49	-1.1460984165666712
46	50	-0.17185723355237725
46	51	-3.4310981866424375
46	52	-1.8905047088271432
46	53	-1.8970654902878938
46	54	0.2848726166079833
46	55	0.49022250423488967
46	56	-4.821269079893428
46	57	0.5321445886142552
46	58	-0.5566171414492104
46	59	-1.7536015370319609
46	60	3.174124475585076
46	61	-0.44751319305522125
46	62	-0.5849068628476759
46	63	-3.8167055228288556
46	64	-1.7016787921220349
46	65	0.12866093790354927
46	66	1.9017121393206766
46	67	-2.0027638532028567
46	68	-0.11112599431879545
46	69	-3.0929747856472884
47	47	NaN
47	48	-0.8191655185180209
47	49	1.8242603947864775
47	50	-1.4476424241333814
47	51	-2.183801113507651
47	52	2.3459817194665735
47	53	0.6946194140626322
47	54	0.43706777819776355
47	55	0.10575714724366225
47	56	4.463656708086751
47	57	0.7189189607252606
47	58	13.357204180380663
47	59	0.7391828557695415
47	60	0.7542794069180516
47	61	-1.0292287120058756
47	62	0.5190841793962587
47	63	1.3195929209136357
47	64	2.8127707309091043
47	65	1.586557849920751
47	66	-3.0711509200909126
47	67	-0.3506856809481658
47	68	-0.2083817932264065
47	69	-0.011115240906551901
48	48	NaN
48	49	3.0384406345627153
48	50	4.766909330855058
48	51	-0.6077521530271066
48	52	-1.9530191221227913
48	53	-1.821604020522857
48	54	0.4516609519638305
48	55	-3.4985705540737984
48	56	-0.7027332042674977
48	57	1.9462705742928474
48	58	1.2123780621788658
48	59	-0.0365414797008016
48	60	0.2502673666283883
48	61	0.9708746604811054
48	62	-1.8548905514434704
48	63	1.9142990361415826
48	64	-1.933108881574995
48	65	-0.2389321756811718
48	66	3.3981782773057745
48	67	-0.08877157842356874
48	68	-1.6152914578336053
48	69	-0.4586625090769248
49	49	NaN
49	50	-0.3346374427887089
49	51	-1.0508052043357532
49	52	2.563660198290082
49	53	1.3960284651738404
49	54	1.271784519622024
49	55	3.8425226919482283
49	56	4.059977176023983
49	57	1.0109659207581705
49	58	-1.9163238922752936
49	59	1.764810885736756
49	60	-0.2997065437115414
49	61	-4.141313700221283
49	62	-2.017102969162224
49	63	1.8400469613249841
49	64	0.6440881925326155
49	65	3.156867926961912
49	66	2.2905457766707387
49	67	-5.075586104995706
49	68	-1.6605468342183842
49	69	-0.2969031572054861
50	50	NaN
50	51	0.7493623036813316
50	52	-2.664909819726963
50	53	-2.911916769004641
50	54	1.612870276578452
50	55	-2.251202487039208
50	56	-2.234056458968533
50	57	-2.5409209866169187
50	58	-0.24218080390138194
50	59	2.249334911012159
50	60	2.747041449595833
50	61	-2.859194243694533
50	62	0.21003022688564207
50	63	0.003811578331459094
50	64	-2.0890093240935808
50	65	-2.5568291275659787
50	66	1.576512449485594
50	67	3.911226143814696
50	68	-2.7879880972068944
50	69	0.40502288943871123
51	51	NaN
51	52	-2.3380375202478687
51	53	-2.1044723431026053
51	54	2.244517182637538
51	55	-4.278230490856937
51	56	-1.4670022477035183
51	57	-1.7109025149380688
51	58	3.1464027296458714
51	59	-0.3769194404155633
51	60	-1.5542176714151772
51	61	0.29760931599336166
51	62	0.7299244464730259
51	63	-1.185008519119962
51	64	1.2829262112357815
51	65	1.7732085154697073
51	66	-0.9248784562920231
51	67	22.45952748824493
51	68	0.0465096761287039
51	69	-0.5201504232311899
52	52	NaN
52	53	0.9632776004584984
52	54	-0.2525522280693214
52	55	0.6931039376916527
52	56	3.534580188947791
52	57	3.983536581730399
52	58	-0.25146524660790787
52	59	1.4695779501316248
52	60	-0.9237183006006315
52	61	-0.28792873146082537
52	62	-2.263030122531812
52	63	-1.0855967162578497
52	64	3.4304110721094254
52	65	1.815493203454383
52	66	-1.6044670522233304
52	67	-2.1554688085632345
52	68	-0.940516451496767
52	69	1.114745293179808
53	53	NaN
53	54	1.9841642229280494
53	55	0.2240435211944082
53	56	-0.19708850851337167
53	57	1.2319201726817035
53	58	-1.3841204218035683
53	59	-0.9803845630776102
53	60	-0.9875061609034768
53	61	-1.9528398025423634
53	62	0.5051686777700176
53	63	1.92839259629027
53	64	0.3768891723129405
53	65	-0.773215402220431
53	66	2.299439871501118
53	67	0.5400725643351338
53	68	1.1658933445626483
53	69	4.801833980346267
54	54	NaN
54	55	2.798076865036551
54	56	-1.1579306770276123
54	57	0.7520482901219766
54	58	-2.0117424627255747
54	59	0.12235389925041862
54	60	-2.612286180604528
54	61	-1.4663798355986766
54	62	1.6096332754774627
54	63	-0.45008932375927385
54	64	0.09627226464577943
54	65	3.8987502976026938
54	66	-1.6951839124560601
54	67	7.970685145362095
54	68	2.688567048037136
54	69	-0.649280223066787
55	55	NaN
55	56	4.058824799784252
55	57	8.404324841855134
55	58	-0.6679585182142237
55	59	2.2955675157172744
55	60	1.1470848788738974
55	61	-2.225514029479957
55	62	-0.4400626244125561
55	63	2.3553268063449564
55	64	-0.6333274381153348
55	65	1.8003715823251698
55	66	0.8783368120488678
55	67	-3.6906501875673214
55	68	-1.9827194441500653
55	69	-1.496484308003221
56	56	NaN
56	57	3.437564115347392
56	58	-2.246676336510082
56	59	0.7329597807085312
56	60	-1.2803405624758175
56	61	-1.5806983402107968
56	62	-0.7334437670490549
56	63	-1.0443461034771344
56	64	2.796946776641288
56	65	2.3729626489547497
56	66	-0.2827827281743516
56	67	-0.00862129047460967
56	68	-0.6991537021837466
56	69	-0.24562424582128797
57	57	NaN
57	58	-1.2973251589725092
57	59	0.9170521517031559
57	60	-2.7826386499009117
57	61	-2.8293069248930274
57	62	0.08762721895013689
57	63	-0.3541749316513882
57	64	4.546090079288781
57	65	6.002784144309984
57	66	0.2735116995249694
57	67	-4.656172950562434
57	68	-1.025268291998979
57	69	-2.9130961477907023
58	58	NaN
58	59	-1.6207167823758892
58	60	5.355024876779443
58	61	0.35764038770682915
58	62	3.7235956719530474
58	63	3.8740711860697803
58	64	0.6189121994250008
58	65	0.17091377613947026
58	66	1.1739050920677507
58	67	-0.7610355632351792
58	68	0.5787211842381067
58	69	-1.813753538049567
59	59	NaN
59	60	-0.8384355961725752
59	61	-1.5969300755908595
59	62	-2.0973263202888384
59	63	0.8050889616904905
59	64	0.6943742611887044
59	65	-1.1386067490271787
59	66	0.5489606641311995
59	67	-0.5206164000296789
59	68	-0.637518194026851
59	69	-2.699655252978222
60	60	NaN
60	61	3.0526105499111647
60	62	6.471136626506342
60	63	0.21751510148708963
60	64	-3.442588309905115
60	65	-1.3386581894505938
60	66	-0.24827372521529045
60	67	1.3316796508917499
60	68	-2.216103478538031
60	69	-0.42609529172336924
61	61	NaN
61	62	1.8132341859473726
61	63	-1.5725450591431382
61	64	-0.6058476864936838
61	65	-0.7243570406640171
61	66	-0.5735031193747427
61	67	1.1797798090468932
61	68	1.7179179539222733
61	69	2.3694119300563674
62	62	NaN
62	63	0.2836055831856584
62	64	-1.091541129743172
62	65	-1.5210965239306984
62	66	-3.9863299293263474
62	67	-1.7963188278717035
62	68	-1.5775009831066809
62	69	-0.7299566808854415
63	63	NaN
63	64	0.34617900770933663
63	65	0.5618943041490849
63	66	3.1135788897209205
63	67	-0.4572063179252247
63	68	0.9866871277350279
63	69	0.7908780039983407
64	64	NaN
64	65	0.7786562423519187
64	66	1.6640321177276833
64	67	-0.5850092331535935
64	68	-2.2840809032957963
64	69	-0.08251943928795681
65	65	NaN
65	66	0.20403186714389748
65	67	-0.1453001766623994
65	68	-1.3299183857166843
65	69	-1.2776313896330052
66	66	NaN
66	67	1.7084845567891829
66	68	0.9599081450275458
66	69	-2.874627943218328
67	67	NaN
67	68	4.189384932611784
67	69	-2.065159832943185
68	68	NaN
68	69	-0.98369674532253
69	69	NaN
