1	1	NaN
1	2	-1.669987616210453
1	3	0.053935304019687776
1	4	1.165359852075779
1	5	4.2079847327544355
1	6	2.900725142953432
1	7	6.85028656931846
1	8	-0.8562980486115195
1	9	0.719272226561211
1	10	1.576720648628093
1	11	0.20618415481599245
1	12	1.2426621257924646
1	13	-1.652729900763354
1	14	-0.8779639633491508
1	15	0.2650822615630409
1	16	-0.7727448698339128
1	17	1.4451390449935257
1	18	-1.3750580106863393
1	19	-3.5028782676250794
1	20	0.4079053866192405
1	21	-0.45263953706775806
1	22	-3.095962849415986
1	23	1.813257467906535
1	24	-0.006356571715722686
1	25	-2.7062293788291365
1	26	1.7951533811642595
1	27	3.2820374306048428
1	28	-2.4155786898065
1	29	-0.13821551125940604
1	30	1.0347764418526633
1	31	-0.12345192120826955
1	32	-0.6645983740443194
1	33	-0.7209987277865844
1	34	-1.0278500425984094
1	35	1.943643566655584
1	36	-0.6497741429137734
1	37	-2.9180301872621217
1	38	0.4285434121061941
1	39	-0.2718078580268551
1	40	0.6968930473837972
1	41	-0.41639118932123925
1	42	-0.49402887941548185
1	43	-1.5362000985366209
1	44	0.560014769722236
1	45	0.6880299700469247
1	46	-0.9286901080045687
1	47	-0.3772587054513201
1	48	0.6084823148095377
1	49	0.3917096510054428
1	50	-0.32820365591290834
1	51	-2.2255379699371693
1	52	0.44261000060683214
1	53	0.6437860044966496
1	54	-0.6690653266170511
1	55	0.7566389752539942
1	56	0.12779801519170697
1	57	0.43024382155593044
1	58	5.854722640060542
1	59	-0.6977478112743283
1	60	-2.139142251281193
1	61	-1.737850195441849
1	62	0.4481667772180693
1	63	-2.4000615478015543
1	64	0.4273494663987039
1	65	0.35968761753028017
1	66	-0.78359930178584
1	67	-2.407612666391006
1	68	-1.1948079480219485
1	69	-3.1852594368775002
2	2	NaN
2	3	-0.41635884689535435
2	4	0.8964577094522497
2	5	-0.1101481761874149
2	6	-2.047684642600681
2	7	-0.610705020220552
2	8	-2.874249238876521
2	9	-2.6082052627035632
2	10	1.947010311802784
2	11	-0.4135188885060889
2	12	1.9038135158047162
2	13	-2.265167885241585
2	14	1.056695047705585
2	15	0.6518353804209043
2	16	0.8892785733058811
2	17	-0.0978357649494293
2	18	1.5290438228721126
2	19	-0.007048125746605801
2	20	-3.1330146001760424
2	21	-2.3343890974440016
2	22	0.3149141577039729
2	23	-0.8328400573035993
2	24	-2.10594966979487
2	25	0.22771983608788463
2	26	2.729302555397621
2	27	-1.705182895759615
2	28	1.4818015591440918
2	29	-2.060090311474638
2	30	-1.9118855139594775
2	31	-1.78143004720266
2	32	1.1371097397617305
2	33	0.6195314593630463
2	34	0.6794645256648365
2	35	-3.164370719981637
2	36	-1.3142147325149545
2	37	-2.7215963877509575
2	38	-0.8611755522237864
2	39	4.242965379191734
2	40	0.9498430972184384
2	41	-2.0128628639013613
2	42	1.0661695041877106
2	43	0.7633877599170243
2	44	2.7045601676147863
2	45	0.2536223035280286
2	46	1.660765262879054
2	47	-1.2967667172305197
2	48	-2.4985067348223073
2	49	-0.4559391307829588
2	50	-1.6615976217176742
2	51	-2.4421056601949296
2	52	-4.682356613712911
2	53	-3.4435439414858653
2	54	0.3695123986118908
2	55	-0.1786728444076761
2	56	-0.3131640644882835
2	57	-1.2740390058129716
2	58	-2.6488915327317097
2	59	3.7701277580532286
2	60	-2.9921695426282864
2	61	30.04101390422657
2	62	2.145100120567808
2	63	0.21764962907269164
2	64	1.0361739227389766
2	65	-1.4800205989147523
2	66	-0.32968116014350013
2	67	-0.949014172754602
2	68	2.231558995295614
2	69	-0.7361392715662253
3	3	NaN
3	4	2.382356487494001
3	5	2.0395748500682265
3	6	-1.841648069840098
3	7	-3.694108841419712
3	8	-1.1794678981185498
3	9	-4.129681651581381
3	10	-1.8199271775746766
3	11	3.006610274095456
3	12	3.9472664024651656
3	13	0.5846973195856409
3	14	1.0301020407167458
3	15	1.2904905362184127
3	16	0.23079623348406858
3	17	-2.5865323361668726
3	18	2.1455724470601307
3	19	-1.010277732748284
3	20	1.2518361414717676
3	21	2.220658223129352
3	22	-3.338823749420798
3	23	2.5187156237121235
3	24	1.8428145010736396
3	25	0.6744059196552948
3	26	3.127971288654953
3	27	-0.38743794351232247
3	28	-0.15723383004778838
3	29	4.449363756632633
3	30	-2.0825045538167917
3	31	0.6901604253373529
3	32	-1.1388323830944358
3	33	-1.5615682362621688
3	34	-0.6002110317033359
3	35	-2.011710010275574
3	36	1.1426871834394239
3	37	0.3261667718837222
3	38	-2.482289644062796
3	39	-2.2141372824505208
3	40	-1.3435254962896819
3	41	1.8476504516041334
3	42	4.276550305450624
3	43	-1.0385083310345107
3	44	1.6015517877987484
3	45	-1.8922351690997579
3	46	-0.835036543616604
3	47	-3.072372058962066
3	48	-0.24775404202839102
3	49	-0.23417446084416013
3	50	1.0358118527098081
3	51	2.536911587921244
3	52	-0.8998618314777448
3	53	-2.804517777785413
3	54	2.565926255026206
3	55	-2.1836376467882634
3	56	-1.9870747417405008
3	57	-2.4288617623662305
3	58	-2.3397704897891374
3	59	0.1309069568289783
3	60	0.5360722410082965
3	61	0.8807910106036829
3	62	0.5315806104082299
3	63	0.6793417567002771
3	64	1.1131778715266478
3	65	-1.923306462385611
3	66	0.7710088063101149
3	67	1.474504729220393
3	68	0.024290799180665856
3	69	1.5702546932015553
4	4	NaN
4	5	-0.8673698527103229
4	6	-1.0509637415613498
4	7	3.161828606205743
4	8	1.9292824278362348
4	9	0.16684355229496087
4	10	-0.19116935951643035
4	11	-0.0071818994203579276
4	12	1.3113381651188891
4	13	0.8448742351163919
4	14	-1.2841324212604075
4	15	-0.1335656847291347
4	16	0.6179210956573704
4	17	0.050674495672358086
4	18	-0.01798946780557596
4	19	0.5589547020522927
4	20	0.06682121613191142
4	21	-2.7898308183060023
4	22	1.3087414414257412
4	23	-0.8724345587604988
4	24	0.5651639458659433
4	25	1.6913719743577653
4	26	1.3902792080768613
4	27	-0.9646511115476448
4	28	-3.6907602952259477
4	29	1.6174067936567424
4	30	-2.5555712511167754
4	31	-0.8928627377742097
4	32	-0.49826952652218853
4	33	1.7921947791047637
4	34	-1.8014171934552243
4	35	0.13790254305905417
4	36	-2.7323441559005026
4	37	-1.8326500439819282
4	38	-0.941572759428641
4	39	0.533001791006395
4	40	-0.13112094067266383
4	41	0.31407247978197395
4	42	0.5360977967474618
4	43	1.0597236619100987
4	44	-0.3828233994580554
4	45	2.4138460294834845
4	46	-1.434675009046171
4	47	2.652574458174695
4	48	-0.8054624211698732
4	49	-0.39425777816672564
4	50	-1.735981476295382
4	51	-1.2922128893495883
4	52	-0.6519962740169264
4	53	0.5315917186971549
4	54	-2.2865582355943794
4	55	2.180711040497598
4	56	0.9891896984587295
4	57	5.650888292956241
4	58	-0.33401199486835154
4	59	4.565961154447393
4	60	-0.9667582831695576
4	61	-1.677892493738153
4	62	-0.17637584733497383
4	63	-0.8638484106458781
4	64	0.6020424579943257
4	65	-0.47168815219845883
4	66	-1.7754944993562627
4	67	-2.5114263727472865
4	68	-3.477455623543966
4	69	-0.8867193837779371
5	5	NaN
5	6	-1.1592390617421935
5	7	-1.989271327693509
5	8	-3.8062433776733897
5	9	-3.338239748953946
5	10	-4.945701259255758
5	11	-0.14447876761092587
5	12	2.993211850861442
5	13	-2.239969047325306
5	14	-3.1142760864793715
5	15	-1.107829866011114
5	16	3.10246328206191
5	17	-2.793108007398808
5	18	0.22494729350420506
5	19	0.05463327246342232
5	20	-0.5983877394271101
5	21	1.2449807424737318
5	22	-2.0477258915675973
5	23	-0.17879064816375895
5	24	-0.5672068476378037
5	25	1.6639450388709287
5	26	-3.164991957949464
5	27	-3.307935546376469
5	28	0.1593249687569793
5	29	0.30621327249397534
5	30	-2.177275224983217
5	31	-0.7782979792578678
5	32	0.9827477104049933
5	33	0.9936545074055093
5	34	36.42277129488244
5	35	-4.716467803453196
5	36	51.976641687285706
5	37	-0.025969538123181632
5	38	-0.28482751920339927
5	39	-3.901783795584149
5	40	1.0479435423353978
5	41	-3.7713228178188185
5	42	-1.5885785027881427
5	43	0.047717763803325035
5	44	-1.1451066046310474
5	45	-0.42649476709496137
5	46	-0.5682494128321832
5	47	-4.250253869510224
5	48	-2.320826944125747
5	49	-3.934303423421264
5	50	0.8647641850456981
5	51	-2.4153878870551817
5	52	-3.656896860507191
5	53	-2.6330849411891775
5	54	-1.6236151274216863
5	55	-3.5801384812592785
5	56	-3.971511520407019
5	57	-3.4584280905014464
5	58	-3.833811613814594
5	59	-1.6886811751579818
5	60	-0.07698813429880132
5	61	0.6954782706736351
5	62	-2.30534901409837
5	63	-0.4325681700260525
5	64	-3.2716971027481705
5	65	-3.2992203889602107
5	66	-2.1068325443732983
5	67	-1.0560088782838626
5	68	0.5626108996985772
5	69	-1.1907309234395398
6	6	NaN
6	7	-2.1433336832453804
6	8	3.3370555308726084
6	9	4.082124252056585
6	10	2.214509429355794
6	11	-0.003633782368751986
6	12	-4.657450023857007
6	13	-0.5046661541571151
6	14	-2.0757150264839215
6	15	0.5713756758389407
6	16	0.10236728772396361
6	17	4.108746287437544
6	18	-3.2219450706262953
6	19	-1.669323416482318
6	20	3.4933811797168453
6	21	-2.3144454958994833
6	22	-2.0918707627328574
6	23	0.6922123453555767
6	24	3.359226859294836
6	25	-3.7504470753452903
6	26	-1.9308200767071937
6	27	3.328601311057141
6	28	-3.373254933245288
6	29	-0.33168870669398387
6	30	-1.403688260447926
6	31	-2.648040928986303
6	32	-0.6304493256199768
6	33	2.020658310550615
6	34	0.3941366778579862
6	35	5.689106668367751
6	36	-3.074108334500306
6	37	-1.1828392480879144
6	38	2.0549684017090946
6	39	-0.7573422564556208
6	40	2.3300646108541825
6	41	-1.1860447852430043
6	42	-2.2274169508922106
6	43	-2.339943229322739
6	44	1.5334809129221636
6	45	-0.6773676069087887
6	46	-1.3024933081732124
6	47	0.6776595724437253
6	48	0.5944891502551164
6	49	3.1048180570917596
6	50	-1.8311098806479431
6	51	-1.9253292984253643
6	52	1.9778530769826848
6	53	2.702611315873218
6	54	1.3217386980960568
6	55	1.6202495327264168
6	56	3.9960269672510575
6	57	4.398304782696382
6	58	-1.4329725039320909
6	59	-0.25750608385440493
6	60	-1.3423043688986034
6	61	-1.9711880868154543
6	62	-1.2980664630823846
6	63	0.019636396879036587
6	64	-3.512551317769962
6	65	1.4378234988408196
6	66	3.4764257663255096
6	67	-1.5680514856060013
6	68	-4.798520569756013
6	69	0.05570657121088953
7	7	NaN
7	8	-1.432784687079387
7	9	-4.997084171218006
7	10	-4.359083411045756
7	11	0.8957637112790393
7	12	-1.1420206235632466
7	13	-0.21050472979853418
7	14	0.790771444379361
7	15	-3.3604107618712242
7	16	-0.00097272897390864
7	17	-1.8209644588782656
7	18	0.715841176192154
7	19	-1.4681493726097783
7	20	-2.52819081832008
7	21	-0.1420792249626297
7	22	2.199946037159645
7	23	0.2295320241677596
7	24	-2.525997897916961
7	25	-1.2289139230233839
7	26	-4.38413762270537
7	27	-2.286920145523081
7	28	-0.5716537180022085
7	29	-0.10911180975173915
7	30	0.15808198705306398
7	31	-3.3761866693759814
7	32	0.08320006194871593
7	33	-1.832020760386569
7	34	-1.5120074177561766
7	35	-0.11540665877239815
7	36	53.29251383259243
7	37	-2.290237051513586
7	38	-1.05554476274111
7	39	-0.9364057675370335
7	40	1.1122182724181078
7	41	-1.5833297328987674
7	42	0.6034690230679144
7	43	1.195340379410737
7	44	-0.8284562901198419
7	45	1.2034097417493042
7	46	2.2412754380293114
7	47	-1.5508917491383634
7	48	-1.4709799727799426
7	49	-2.272565653996338
7	50	1.4661716646538907
7	51	-0.09931043642663115
7	52	-0.6141793317406115
7	53	-3.003415994947565
7	54	-1.2458520808788436
7	55	-1.2834750263496952
7	56	-1.8236506756873345
7	57	-1.546138039830847
7	58	1.4337956967750038
7	59	1.3359669848791695
7	60	0.5691613292388347
7	61	-0.35861252605969784
7	62	0.9583316583465165
7	63	-2.7774098034392667
7	64	-4.13445145789729
7	65	-2.0842502329978756
7	66	-2.437300919441928
7	67	-1.5435877903721258
7	68	0.5030858384668502
7	69	-0.14748645897682416
8	8	NaN
8	9	3.00267211178469
8	10	1.648895171875648
8	11	0.04594149682288743
8	12	-3.753387858325075
8	13	-2.8830280111671645
8	14	2.760215337014942
8	15	-4.466751359059762
8	16	-1.602693781084645
8	17	-0.4867853775439998
8	18	-1.016266500073711
8	19	-2.654656075902283
8	20	1.1239485612941935
8	21	-1.4659856564407427
8	22	-2.9057438296063145
8	23	-0.3807192501395302
8	24	1.8880286303594682
8	25	-3.1451550748712407
8	26	1.6355422855722779
8	27	1.1122897480088116
8	28	-1.2685072690724848
8	29	-3.265330449463888
8	30	-1.0210080204020626
8	31	-2.386510013400549
8	32	-2.2440940011060997
8	33	1.9025603261527775
8	34	-2.4494352378216937
8	35	-0.08232592881816328
8	36	-3.0356567982941174
8	37	23.001630185363172
8	38	0.2219816683776947
8	39	-1.9169530271364903
8	40	4.1950563414609245
8	41	-1.3481634537416645
8	42	-0.7141584489281843
8	43	-2.794925043104038
8	44	2.043465658536206
8	45	-3.47737147120396
8	46	-1.2481965228917846
8	47	-0.9079021995662256
8	48	-1.2236172223239477
8	49	1.7952969573144086
8	50	-1.1054375201816018
8	51	-2.1300072672945944
8	52	1.2838845800830083
8	53	22.520918576086252
8	54	-0.5761527816315428
8	55	0.3714922763499301
8	56	2.291053616638399
8	57	2.8298993832680104
8	58	-2.072695836481939
8	59	-1.2883083494849257
8	60	-1.887622364602098
8	61	-1.523959131354915
8	62	0.47482963605231054
8	63	-0.11120228255748235
8	64	-1.51697723011229
8	65	-0.9619133012690185
8	66	1.988437806004434
8	67	-2.8210398611998744
8	68	-4.284641535605656
8	69	-1.2597105663843942
9	9	NaN
9	10	3.4830095079693155
9	11	-1.6365088435125008
9	12	-4.2009029012956365
9	13	3.189440093525327
9	14	-0.46471019474036684
9	15	-1.2493401437419194
9	16	0.35689030305133307
9	17	2.4706651355061937
9	18	-4.059175849464874
9	19	-0.4925874051866318
9	20	1.2668919987575715
9	21	-2.538693159065118
9	22	1.038473780833975
9	23	-1.4770000927319673
9	24	4.994077513880021
9	25	-0.42592069615601047
9	26	-0.5875105655607757
9	27	-0.1320962304947665
9	28	2.780076720797899
9	29	1.507868444832143
9	30	-1.7191204023966684
9	31	-1.4203159122968647
9	32	-0.7197571295522018
9	33	0.8506946975703692
9	34	0.41882496621205295
9	35	3.789807796689637
9	36	-2.654444303076837
9	37	1.9104758994111968
9	38	0.5528412500695183
9	39	1.3607605712526367
9	40	1.8891034080656035
9	41	-0.865848528472718
9	42	-1.6584586588341061
9	43	-1.241089177802005
9	44	-0.4613878884556671
9	45	-3.003035632554933
9	46	-2.2103651400300004
9	47	3.0976902539197844
9	48	-3.4505069807434285
9	49	4.519570380180121
9	50	-2.4728855688593514
9	51	-5.847783635354157
9	52	5.678757811867413
9	53	2.70256131930069
9	54	-2.9122399933555974
9	55	1.1031585495397618
9	56	3.838838634927031
9	57	2.718055305787717
9	58	0.6101335090043382
9	59	0.11079223408109587
9	60	1.536579149461975
9	61	-1.0792421865909105
9	62	-0.48029630811235685
9	63	-0.8836850421067953
9	64	-1.7869936320402635
9	65	-0.4734419466479663
9	66	1.129870124590463
9	67	0.818682352099071
9	68	-1.400786606242313
9	69	-2.751866179477963
10	10	NaN
10	11	0.35749426000712237
10	12	-0.17546195439139878
10	13	-0.22709041748240735
10	14	0.27492775466360586
10	15	-0.7060482673566398
10	16	-2.7106642694683933
10	17	30.601383357795804
10	18	-1.3063747286446528
10	19	-1.5918574813801767
10	20	-1.4320898267406303
10	21	-0.4007913563950518
10	22	-2.302619273585954
10	23	-2.1804306854664963
10	24	1.5677157816694773
10	25	-2.6525492833453623
10	26	-1.7215905186621694
10	27	3.0798274767230533
10	28	-1.7698450334574665
10	29	-4.669273113246766
10	30	-3.038125849288346
10	31	1.5063237953061708
10	32	-0.37920550342981135
10	33	1.9623223533195413
10	34	-3.9040737050615024
10	35	4.743273010913054
10	36	-0.2029152583680816
10	37	0.4609803396265231
10	38	1.9098336827293867
10	39	-1.193956633870647
10	40	1.1815463067886514
10	41	-0.06364111481122359
10	42	-3.670161844323668
10	43	1.4627169852598771
10	44	0.1730233943093413
10	45	-1.5823185613089383
10	46	-5.68618304162797
10	47	1.3743177745765256
10	48	-1.5199444505592363
10	49	1.2262473757760357
10	50	-0.9500551907317779
10	51	-2.513216107580361
10	52	0.41282857935202866
10	53	0.4666910278174382
10	54	0.7541280888647729
10	55	2.3925758804845083
10	56	2.184098463545215
10	57	-0.13700590829418297
10	58	0.3493543418420796
10	59	3.3505191627122324
10	60	-0.7392655174138818
10	61	-3.1795080980351957
10	62	-0.6772683786815815
10	63	0.019972824191012394
10	64	-2.7841260039145035
10	65	0.4584892078077832
10	66	-0.16861549419776528
10	67	-4.06621627840298
10	68	-2.7902616041404498
10	69	-0.806620875250652
11	11	NaN
11	12	1.1479665275606727
11	13	-1.8917272244924783
11	14	-1.6067264008352096
11	15	0.20629919143629694
11	16	-2.590909780543994
11	17	1.6873121724157265
11	18	-1.7528269081690713
11	19	-3.564341254836048
11	20	1.9720432583323444
11	21	0.7115909814398845
11	22	-2.288430143486858
11	23	-0.256311478287341
11	24	0.92243007378997
11	25	-2.6852943699172442
11	26	1.6833341748113
11	27	-0.25099368250140236
11	28	0.8950369710250047
11	29	-0.6948419783917981
11	30	-0.9965263001392204
11	31	-1.0267081870536021
11	32	0.7447900892795312
11	33	2.294076663138015
11	34	0.16863371117073736
11	35	0.894390301853178
11	36	-3.726606331871342
11	37	0.2752210266722794
11	38	1.0743725814693237
11	39	-2.392911137534924
11	40	2.911918315115397
11	41	2.1944956326159533
11	42	0.990092189828645
11	43	-0.16352917259781813
11	44	-1.3927615123564567
11	45	1.369743057001459
11	46	1.8714355793043413
11	47	-0.9212975858598933
11	48	-0.3828169601256804
11	49	-0.07965612322679999
11	50	0.9458362141910058
11	51	1.9289014166578948
11	52	1.3417425480197744
11	53	-0.08411644264407549
11	54	-0.10038469673354583
11	55	0.6667797432396896
11	56	-0.7174331453149703
11	57	0.8853669364248022
11	58	-1.46432693435546
11	59	0.28796340004527005
11	60	0.32658313252441723
11	61	-4.013214780979801
11	62	-0.37419239470409754
11	63	1.9154000015286523
11	64	-1.3913787094517365
11	65	0.7497967773165404
11	66	-1.7678948522462312
11	67	-1.9418438710412533
11	68	0.29257455914605063
11	69	1.043399263137163
12	12	NaN
12	13	3.9339101005835078
12	14	2.223763735163758
12	15	0.49161811039410686
12	16	1.4161020033558025
12	17	-2.7303845877321042
12	18	1.1577819767008743
12	19	0.5929214210792403
12	20	-1.2475884182936436
12	21	-0.19296061487835073
12	22	-1.7184014334768476
12	23	0.920504956355703
12	24	-0.8771572671938472
12	25	0.6276900321095059
12	26	-1.0824163457109761
12	27	-0.3648107513173979
12	28	1.7661544038983457
12	29	-1.972840883719825
12	30	1.1928177159707976
12	31	-1.040473603117407
12	32	1.411918211057013
12	33	-2.957621239130594
12	34	-3.4989856695647577
12	35	-0.013062579236986444
12	36	1.9656356890078144
12	37	-0.7725350665132096
12	38	-2.3495434355542293
12	39	0.5117550232279765
12	40	1.4655894689228244
12	41	2.3577588797021347
12	42	0.015864578955493976
12	43	2.136424959374368
12	44	2.193472964909373
12	45	-1.8025600868412965
12	46	2.704117527178112
12	47	-1.1210105782568955
12	48	4.713951404460289
12	49	-1.9939088737922317
12	50	2.7544178985071923
12	51	0.8471276085406475
12	52	0.402991846138852
12	53	-1.6100170385944814
12	54	-0.42025934242234636
12	55	-1.2494499633341951
12	56	-0.22941482969243235
12	57	-1.6331185011589964
12	58	0.2669829268837476
12	59	-0.21256419514425906
12	60	-0.5969298337472876
12	61	0.18591033601947027
12	62	-2.6331024349485532
12	63	1.3287276112350266
12	64	1.0702405637968386
12	65	-0.013089150468321226
12	66	-1.3671923870976208
12	67	-2.0011456541177264
12	68	1.0884597791171884
12	69	1.9316868841361214
13	13	NaN
13	14	1.0914623057457633
13	15	4.201075457514165
13	16	-1.371305663312352
13	17	2.6412719393517845
13	18	4.607223949308266
13	19	-1.5489049946949467
13	20	2.5630402867731394
13	21	1.647873812839793
13	22	-1.3591508485558774
13	23	1.791141703384417
13	24	-0.24856232840657735
13	25	1.9534441248816465
13	26	2.769470320610505
13	27	-1.5979319493025068
13	28	3.362245204588558
13	29	3.35518195545286
13	30	-0.18242797199258765
13	31	0.7626805759403908
13	32	0.33804850282000687
13	33	-0.5707095821408654
13	34	-1.101914027572191
13	35	-0.07685073514222465
13	36	-1.8138119415784895
13	37	-1.1179479935518957
13	38	-0.5260866626005736
13	39	2.3160395954987965
13	40	-1.3228601456598141
13	41	0.6857072091344866
13	42	1.4256910119422406
13	43	-0.8011845982097893
13	44	-0.30016894925685256
13	45	-0.533117964647602
13	46	7.515171909634838
13	47	0.3382136504874469
13	48	1.277535919777321
13	49	0.03095117880363772
13	50	-1.9125834605713243
13	51	2.761290861735768
13	52	-0.04372639514177742
13	53	-3.338110046024469
13	54	-2.3526985401241
13	55	-0.10351879503617872
13	56	-2.315498933826469
13	57	0.6981149330547743
13	58	0.5700565515476244
13	59	-2.099441850780476
13	60	-1.0108641623844596
13	61	-0.3783823141154204
13	62	-2.9226528799417713
13	63	-4.176195982808462
13	64	-1.7023948915577698
13	65	-2.183497907609934
13	66	-1.6117737698051497
13	67	-1.422504627245234
13	68	-0.6323332836003892
13	69	-1.2811933177810038
14	14	NaN
14	15	1.194626796580351
14	16	-1.793519491589864
14	17	-0.22545169676255972
14	18	4.2126352267695335
14	19	-0.42038014102091337
14	20	-0.7855393219201298
14	21	1.9342237691080446
14	22	1.869332101868335
14	23	-0.1636298075441418
14	24	-0.776746508191135
14	25	0.318394548624688
14	26	0.4647078581596134
14	27	-0.12127020667425514
14	28	1.87791325268575
14	29	-1.2031298319094021
14	30	-0.8281878039747876
14	31	-0.8332046540386876
14	32	-0.12070524541269231
14	33	-0.06745009425099266
14	34	-0.7082564615366993
14	35	-1.988308030710783
14	36	-4.533141907293121
14	37	-1.607686942302535
14	38	-2.4434008910301674
14	39	-0.5089301196797205
14	40	-1.6712083660656347
14	41	-1.23786204582503
14	42	-1.3902008035875204
14	43	-1.3696246387594069
14	44	0.2952217070291477
14	45	0.7462893125331249
14	46	-3.0646941233491254
14	47	-1.1672405060294184
14	48	2.7123042542577274
14	49	-1.21700988495319
14	50	-0.9895443013161
14	51	0.6873298967228413
14	52	1.806989810914592
14	53	12.688244303693539
14	54	-1.4057203859784488
14	55	1.2272747787585065
14	56	-1.369748157642156
14	57	-1.2382449150134176
14	58	-4.152610402666125
14	59	0.5291952157844184
14	60	-0.5306694890355029
14	61	3.111123032892053
14	62	0.2870992792559642
14	63	-0.46639029890184786
14	64	-0.7222422879809296
14	65	3.6676004249669094
14	66	-0.08700733539303945
14	67	0.39471244276588
14	68	-0.7437299667622763
14	69	-1.3655790969188566
15	15	NaN
15	16	6.4878335047628255
15	17	-2.442940686350625
15	18	-0.5089182701502373
15	19	1.97429122138881
15	20	0.8218087962638436
15	21	4.8839947916467965
15	22	-0.22348089369743668
15	23	1.3192960327159402
15	24	-1.9912946708573387
15	25	1.226480647063717
15	26	-0.14614104340687226
15	27	-0.4564555296762544
15	28	0.9737328597769545
15	29	2.440999252426945
15	30	3.190214071570519
15	31	0.24363904812145898
15	32	3.7363782728058963
15	33	-2.9545963765723773
15	34	-0.04619275539232704
15	35	-1.0529763607312181
15	36	-1.6311955352695653
15	37	-0.2444101595153448
15	38	-3.1005511729672093
15	39	0.6328579766262801
15	40	0.16505605998648543
15	41	-0.4352358599057588
15	42	-0.5847984822907651
15	43	3.1133465411274126
15	44	0.06500668587147616
15	45	-1.8779741789077868
15	46	-1.062970993060312
15	47	-0.49877569556693796
15	48	0.9068531435344521
15	49	-2.8719008611085965
15	50	-1.0014579037937594
15	51	2.95378994543496
15	52	-0.7036525380191495
15	53	-0.7156947554226871
15	54	-3.067874165644885
15	55	-1.2795950681384394
15	56	-2.650442704014644
15	57	-0.6206092910847166
15	58	2.014991405945735
15	59	-2.5608893715247234
15	60	-1.31885878389707
15	61	-4.343320737140943
15	62	0.9011232853452701
15	63	3.6447741384924797
15	64	0.7157430999964364
15	65	-0.6379468961187611
15	66	2.0295859583490716
15	67	1.62737568471558
15	68	2.347130433950157
15	69	-0.5547047131995813
16	16	NaN
16	17	-0.27041862900596375
16	18	-0.6526932725361975
16	19	-1.0585088340079578
16	20	1.3957532288989283
16	21	3.469019382612695
16	22	1.1632876381128028
16	23	1.3266071652757334
16	24	-0.9175076859277087
16	25	-3.0346341225152873
16	26	1.9761693804977578
16	27	-1.220729380571598
16	28	0.24660057971094465
16	29	2.5165465725772758
16	30	-4.866964551024422
16	31	2.6593759664677186
16	32	1.8451945410426942
16	33	-2.4150756694035667
16	34	-1.816606329205443
16	35	-2.440029490836644
16	36	-2.196242544803067
16	37	-1.5697230179524821
16	38	-1.0632837792897352
16	39	2.1042983350560505
16	40	-2.2377910478430865
16	41	0.19441564840862166
16	42	-0.7686828328073511
16	43	0.6869366692694822
16	44	-0.8924035230387152
16	45	-0.17907614300942465
16	46	2.2197598001070613
16	47	0.021481655218035026
16	48	-0.8482632043578537
16	49	-1.8067003547043012
16	50	0.01916153616252374
16	51	-1.6581414047666587
16	52	-0.5692991016845409
16	53	0.5587256520103925
16	54	-2.7998002346896707
16	55	-0.8991543885735614
16	56	-3.722942138696758
16	57	-0.4393016925045013
16	58	0.7510965302544638
16	59	-1.0222021529052203
16	60	-0.9685053531611822
16	61	-2.086628885406763
16	62	-0.22823805582072088
16	63	-4.597421888016115
16	64	2.965923420037594
16	65	2.6325202349855377
16	66	2.361859087355504
16	67	0.016819063062528193
16	68	3.4480491480575517
16	69	13.853418533774674
17	17	NaN
17	18	-0.6297745213780161
17	19	0.23586783282730842
17	20	1.3248604106057362
17	21	-2.063358746026451
17	22	-2.464334924243599
17	23	-0.8532199153556864
17	24	0.5914240751949682
17	25	-3.657986080955483
17	26	-3.7887511910577447
17	27	1.4287024185963362
17	28	-0.8288672326127595
17	29	-1.4578685334268555
17	30	-2.278721769722481
17	31	-0.7968118281813636
17	32	0.9368101876883704
17	33	4.506305226157757
17	34	-1.4716520469506957
17	35	0.9539683478260059
17	36	-2.658081188890618
17	37	-2.5088698235105467
17	38	2.3207096992749228
17	39	-0.27051297304434513
17	40	0.8961598703030678
17	41	-4.566839227922161
17	42	-2.9992603875813764
17	43	-0.1942132764281248
17	44	0.5419753540525449
17	45	-2.2413942517129453
17	46	-1.9524003745192808
17	47	2.054006465416929
17	48	-2.5242892310482485
17	49	3.0621339407394585
17	50	-2.73721068434237
17	51	-3.23278823605329
17	52	2.2189633430616844
17	53	4.664856720164509
17	54	1.2980384300155743
17	55	0.0966157435474228
17	56	1.8948941814045968
17	57	1.2768772606067886
17	58	0.5718713367509642
17	59	-2.2285012410022516
17	60	-3.2577662517612658
17	61	-1.8144137442934771
17	62	-3.362067272950923
17	63	-1.1457732595474637
17	64	-3.758097786736732
17	65	0.3732951893324088
17	66	1.429379855327024
17	67	0.6331785570545431
17	68	-3.3459550433377996
17	69	-0.6522956008538895
18	18	NaN
18	19	6.287381452500506
18	20	-0.7288779983807182
18	21	-0.2661638756731004
18	22	1.4508065684938287
18	23	1.8016737499196245
18	24	-2.364017705938113
18	25	1.2274520556002377
18	26	0.8549229483942372
18	27	-2.662769920977725
18	28	0.011675155877168835
18	29	4.1993080748277665
18	30	5.285541853148521
18	31	4.4337084257485975
18	32	1.573983037819013
18	33	-2.1008572490330595
18	34	-0.6349372984910234
18	35	0.0066497297119915465
18	36	-5.038888204054348
18	37	-0.06721438875810976
18	38	1.350047092643667
18	39	-2.7274509174310606
18	40	-1.3927271721428722
18	41	0.6011324638307551
18	42	-1.0370386816112165
18	43	2.641406366268628
18	44	-0.7889548928995135
18	45	2.3477630363365503
18	46	-0.46604760362596237
18	47	-0.2707067346919385
18	48	2.7832772275107187
18	49	-3.8194552798330332
18	50	-1.0579741401117322
18	51	-1.6142904982045196
18	52	0.5269060563591765
18	53	-2.8455279388654295
18	54	-2.149044375924819
18	55	-2.787425010894241
18	56	2.421873367517998
18	57	0.27972146279758886
18	58	-0.08471019072361431
18	59	2.0064129292867294
18	60	1.8578647176638412
18	61	0.4268157674375956
18	62	-0.09522406860351171
18	63	1.3264138288318135
18	64	-0.596790613975693
18	65	-0.7426835526621502
18	66	-2.18629519377001
18	67	-2.2436211426481205
18	68	3.0342018920165983
18	69	-4.395201335182121
19	19	NaN
19	20	-0.8208586671063033
19	21	-0.9148209176712029
19	22	3.3883401010476275
19	23	3.0081321203013003
19	24	-1.00371619813935
19	25	1.9732435845544216
19	26	0.691993475956852
19	27	-2.5957062764386625
19	28	3.3329943644712676
19	29	4.186897851533958
19	30	-0.2988994875027162
19	31	1.4570315631557627
19	32	2.791434679116482
19	33	-0.5723874466419046
19	34	3.6873042098699544
19	35	-1.855929862894549
19	36	-2.992760977474074
19	37	-1.8713919303962907
19	38	-3.7771358108534616
19	39	2.4210017595066593
19	40	-0.882942648408747
19	41	4.8496210465630485
19	42	0.8192862372156648
19	43	1.071045610524179
19	44	-2.4070037520931336
19	45	1.4973800629333314
19	46	1.2973248369240558
19	47	1.220916761910907
19	48	-2.108687169671215
19	49	-2.314080670140283
19	50	-0.9788236891307592
19	51	2.6603907311141524
19	52	-1.3346387184039643
19	53	0.7587394942078506
19	54	-0.9527770104249869
19	55	-1.2658397774853303
19	56	-1.3640495540993796
19	57	-3.3917930818149027
19	58	1.0423658149245787
19	59	2.444482267271229
19	60	6.463433851749716
19	61	-0.2934068942184779
19	62	2.081893894745949
19	63	0.7667704335495519
19	64	0.39652397305010073
19	65	0.6336710384713193
19	66	-1.6387474140094347
19	67	-1.5857655239535693
19	68	1.9181604237791914
19	69	-0.16741271247662476
20	20	NaN
20	21	-1.1437483509137094
20	22	1.1960637677329036
20	23	-2.0923289799735048
20	24	2.198528943001011
20	25	0.4512293032241447
20	26	-2.825639590985285
20	27	-0.325009566714272
20	28	-2.7986920611911623
20	29	-0.923983031092248
20	30	-1.3499015251196347
20	31	-4.080930195595617
20	32	-2.3187120285430876
20	33	2.6798048231567537
20	34	1.7575812391416656
20	35	0.9627180224762357
20	36	-2.4924084535000564
20	37	0.828791381230912
20	38	0.48893404155857506
20	39	-0.21962359129306167
20	40	0.9899178260212586
20	41	-1.4471313236674437
20	42	-2.105038082565897
20	43	-1.5377925244020736
20	44	-0.42010241207140875
20	45	-1.2005083608430036
20	46	-1.3691114328433331
20	47	2.5377699573429418
20	48	-0.7303542187265867
20	49	1.3165666383150934
20	50	0.18202702340091167
20	51	-2.8624215879657418
20	52	1.582710985733597
20	53	0.8855529497173679
20	54	-0.9846848762575072
20	55	1.1311325287129688
20	56	1.7791872133667088
20	57	3.9150051849543304
20	58	0.5643442156368464
20	59	-2.1155725375298577
20	60	-2.997735709712987
20	61	-1.461695537897059
20	62	-0.8466452002967585
20	63	-2.0967765105022287
20	64	1.3742591040523406
20	65	1.4937575420503044
20	66	1.0840029712533112
20	67	-1.893254222617583
20	68	-1.1218459163817267
20	69	8.562895247905152
21	21	NaN
21	22	2.5645531180863252
21	23	0.43273682142061287
21	24	-2.592428772687201
21	25	-0.19166827882703658
21	26	-3.5921841999773583
21	27	-0.825820247962052
21	28	-1.4564409037454165
21	29	3.6267987670790296
21	30	-0.47555213971508314
21	31	2.879363156646449
21	32	1.2411611547400556
21	33	0.40810515083795146
21	34	0.5261965942049031
21	35	-2.7889599003915007
21	36	-0.7420409500332397
21	37	7.090411977638014
21	38	-1.1705115407971214
21	39	0.04979079054668672
21	40	-2.5662421322782416
21	41	4.137029276606743
21	42	-0.012391693295234969
21	43	0.9768761304385362
21	44	1.3114854770565347
21	45	2.2778166557285493
21	46	2.16608392662809
21	47	-2.748935907802457
21	48	-0.18893275960810083
21	49	-1.520196255932513
21	50	3.483040456917714
21	51	0.5006782215000373
21	52	-0.9050131633326778
21	53	-1.3103898475629367
21	54	-1.1340081967750992
21	55	-1.2546457416865107
21	56	-2.5420663927882985
21	57	-1.457742064923725
21	58	-0.7254496894156633
21	59	-0.2595714361783259
21	60	-1.2472765329095483
21	61	-0.6176869291992
21	62	-0.7713006005597514
21	63	-0.024058568665248022
21	64	-0.6448391014808145
21	65	0.10709982104595647
21	66	-0.11781982615264956
21	67	2.5462197877640733
21	68	2.0799766932010852
21	69	0.38460919995873855
22	22	NaN
22	23	0.4810573292037973
22	24	-2.424245969724771
22	25	1.1071103507639202
22	26	3.4234016841005173
22	27	-2.2942400141700534
22	28	-1.4440090179532779
22	29	5.145072061527294
22	30	4.906864440763667
22	31	2.1931578675401795
22	32	0.024733270829958857
22	33	-1.7138960072261709
22	34	0.24826611939649643
22	35	-1.8873248277768286
22	36	-2.068600121965179
22	37	1.1001552057054445
22	38	-2.0424594486091516
22	39	2.3608049768716466
22	40	-1.9851177185123061
22	41	2.6242517967256433
22	42	0.44422288801730225
22	43	-0.33253649923756523
22	44	0.21442674753319146
22	45	2.6544082752974067
22	46	0.3610287574187831
22	47	-0.28910737198982167
22	48	1.077309304317135
22	49	-1.3609884528303322
22	50	3.9147754428461594
22	51	-1.036658783075936
22	52	0.5047845772392174
22	53	-2.782946302478229
22	54	0.6162348982112196
22	55	-0.47035108182650504
22	56	-1.8233341496692859
22	57	-0.23044504434441182
22	58	-1.94975665114719
22	59	0.055445359971013936
22	60	4.498100291867263
22	61	0.8662708558785835
22	62	-0.3007948995120335
22	63	-1.5393028525219659
22	64	-1.7427245631824007
22	65	0.6823797217446343
22	66	-0.27344535703971495
22	67	2.3182302977144453
22	68	0.6815308153089152
22	69	-0.330172460779449
23	23	NaN
23	24	-0.6296641595902893
23	25	-0.030913030725373814
23	26	-0.966795399214418
23	27	5.864124275027076
23	28	0.1074947729771854
23	29	0.09340836308315512
23	30	-1.5870350022289121
23	31	-0.245713390795687
23	32	2.984718416118867
23	33	-2.142732964902441
23	34	1.8661133622151134
23	35	-3.7258341024522514
23	36	-2.3608090949349485
23	37	-1.6756708323229912
23	38	1.2146520781300894
23	39	-3.3917264896183745
23	40	-1.2843158481697423
23	41	1.5894791852581156
23	42	-0.3710868552535766
23	43	-0.09033712020117297
23	44	-1.6357953484615262
23	45	2.280443198842941
23	46	5.789735570783673
23	47	-0.6203815096585154
23	48	1.0861749940751995
23	49	1.024633834089498
23	50	2.9397230910781182
23	51	0.03107494741328305
23	52	-2.0525375732639426
23	53	-0.2736144141805682
23	54	-2.0221906017907867
23	55	-0.607396814828714
23	56	-1.7062317244661747
23	57	-1.8691230531962495
23	58	-1.5897612446329143
23	59	-1.0006571455683624
23	60	1.4865773415515466
23	61	-4.204010521841228
23	62	-1.4102506199662945
23	63	-0.3503860753743699
23	64	0.014306642028267846
23	65	-1.2515710607448551
23	66	-1.7590929329146678
23	67	2.67478901951388
23	68	2.2680033467689324
23	69	-0.27358794200327646
24	24	NaN
24	25	-1.6222340524756245
24	26	-2.582307456440468
24	27	0.9060177494560846
24	28	-2.0425421444271397
24	29	-2.2662473414714306
24	30	-1.237014098403716
24	31	-2.7207365951182565
24	32	-1.5946295755552842
24	33	2.7618670716107956
24	34	1.0722246398081574
24	35	4.563873304605401
24	36	-1.5449360901635845
24	37	1.7447868708498422
24	38	4.14125806485548
24	39	-1.6772286778505099
24	40	2.0275083080899643
24	41	-1.8950775542697647
24	42	-2.860514270943247
24	43	-1.861442241277531
24	44	0.7518712205852526
24	45	-0.8846363745604853
24	46	-3.6405613508135515
24	47	2.8077870655977026
24	48	0.8683791877387209
24	49	2.7937990848830077
24	50	0.47805390536493253
24	51	0.7073659150435818
24	52	2.0405865143387953
24	53	1.3729412101313134
24	54	2.4566758850053128
24	55	1.9713636831725663
24	56	2.498547156287213
24	57	1.4647532585882703
24	58	-0.9727961798019357
24	59	-1.7343474002214125
24	60	-2.7126861346387927
24	61	-3.0285815757096852
24	62	1.0108405524781479
24	63	-4.337941561529649
24	64	-3.2620012384777275
24	65	1.5672538142708363
24	66	2.667652868978316
24	67	-1.8628058839260577
24	68	-2.0283874771183785
24	69	1.0307096860285712
25	25	NaN
25	26	2.4490405628952505
25	27	-1.4341355215096818
25	28	2.9786225250486758
25	29	-0.889717398467068
25	30	2.7677136571286396
25	31	0.2675876880017857
25	32	0.6083544541097584
25	33	-1.733150890560393
25	34	0.35532769448889956
25	35	-0.9751436726011636
25	36	2.649359282245417
25	37	0.5483324683057265
25	38	-1.7547570852779961
25	39	1.4765457476717738
25	40	-3.4327160024307113
25	41	3.9281676228458853
25	42	3.354720325140448
25	43	0.19521890596653182
25	44	-3.3310164176393022
25	45	-1.7125296575865447
25	46	3.5654027346308808
25	47	-0.9600674796306804
25	48	-0.2191252488178801
25	49	1.0702285461804038
25	50	0.6508725484120639
25	51	2.8231692844119145
25	52	-2.5606339437485337
25	53	-4.022872083647813
25	54	1.124569424879916
25	55	0.7540051959142469
25	56	-2.77211784415381
25	57	-2.7183836143739133
25	58	3.3964695827658606
25	59	2.8310085404632996
25	60	-0.3525748629533116
25	61	1.083106134608135
25	62	6.455118043828932
25	63	-0.17566950658469097
25	64	3.0249824630340596
25	65	-1.193138459277091
25	66	-0.9640326495192864
25	67	0.1294159457070894
25	68	0.8439416868715806
25	69	0.03442683746898892
26	26	NaN
26	27	0.5752605074603937
26	28	-1.5478591155288073
26	29	-0.5837207502272651
26	30	-0.47676676651406125
26	31	-2.100812696146005
26	32	-1.1459510076693797
26	33	-0.5227005177446147
26	34	3.9681236726541678
26	35	-0.1348340264250858
26	36	-3.183649417457141
26	37	-0.5035261940207122
26	38	1.86578313625595
26	39	2.1100280808159977
26	40	-0.7206358688355199
26	41	0.7414842463757563
26	42	-0.533214866089341
26	43	4.586818564639669
26	44	-2.792983715584958
26	45	-0.5559391718951435
26	46	2.1068213097946633
26	47	-1.691857863208662
26	48	-0.11559093024969916
26	49	-2.050098435460887
26	50	3.4689946121515165
26	51	-1.160186979316193
26	52	-1.3083334911232714
26	53	-0.5871805236648507
26	54	-0.10857583292598949
26	55	-1.179310203500135
26	56	0.27581757690790293
26	57	-2.5352360181712488
26	58	-1.5259852973687396
26	59	1.83166352533404
26	60	1.5300376495685077
26	61	-2.418697507095268
26	62	3.3402573276576186
26	63	-0.24146494587872486
26	64	2.4816300902665986
26	65	-1.0557178053560488
26	66	2.552736470512911
26	67	2.0214356759995225
26	68	4.352219530217868
26	69	0.5145108054760468
27	27	NaN
27	28	0.4751047777407684
27	29	-2.263576107880905
27	30	1.0567548232186543
27	31	-1.1137486604870985
27	32	-0.21071524659866264
27	33	0.3894275459744834
27	34	-1.518922845996197
27	35	0.8421249391929301
27	36	1.0471942142972375
27	37	0.9885782033982233
27	38	2.5921922595575255
27	39	-0.9365753620125028
27	40	0.1559814379414735
27	41	-1.3637928357554
27	42	-0.786487367679127
27	43	-0.7657053961793173
27	44	-0.187123357608788
27	45	-1.7007820009883687
27	46	-2.7770134534315583
27	47	0.8573585556783951
27	48	-4.31191705933621
27	49	-0.27537645981667763
27	50	0.3923362208765119
27	51	-1.875986635181915
27	52	1.9879859707479972
27	53	0.3402780161940284
27	54	1.4193851986294204
27	55	2.7922624720153935
27	56	2.0065629429403007
27	57	1.7840624327167742
27	58	0.2523816626379563
27	59	-2.3763110851047187
27	60	3.6825971804352253
27	61	0.2946449530499918
27	62	0.17030388008821298
27	63	-0.6691884095014566
27	64	-0.07505669292313205
27	65	2.240474003773443
27	66	2.7423852955524053
27	67	-1.8067332325038858
27	68	-2.958853860805592
27	69	-0.5350815910548788
28	28	NaN
28	29	2.5662571970556995
28	30	0.10467696607564507
28	31	0.009986944972860824
28	32	1.331643605805925
28	33	0.02413295977795414
28	34	0.2821090484325184
28	35	4.950869128649455
28	36	-4.000202687188075
28	37	-0.446972898748973
28	38	-2.031276402691961
28	39	0.21889958920715158
28	40	0.9165973801055581
28	41	1.1859829524842718
28	42	4.852825338006704
28	43	0.6278803562538635
28	44	-0.7370372058982974
28	45	2.4871569150028976
28	46	-0.09205020031632705
28	47	-0.8994108324707502
28	48	-0.5779393853160595
28	49	-2.518608885690476
28	50	0.19117001639436318
28	51	3.3204271777774106
28	52	-1.5404044056652928
28	53	1.4321413996577854
28	54	-2.053884033740768
28	55	-0.08006818924536793
28	56	-0.9209048009322555
28	57	-2.7374788514284054
28	58	-0.5006244625121519
28	59	-1.1568330102884816
28	60	-0.41442432708116733
28	61	0.54600949623648
28	62	2.3513439142728334
28	63	-0.6895769569354788
28	64	-1.089999065258856
28	65	-1.0989937084874313
28	66	2.436153736505701
28	67	-1.164223156199378
28	68	2.2006125743566622
28	69	-1.932903893595851
29	29	NaN
29	30	2.6684992488143733
29	31	-0.07167518152821327
29	32	-0.3024129701849604
29	33	-2.6212844493879857
29	34	-1.0731017429910528
29	35	-0.8849233030829312
29	36	-1.7771940966384396
29	37	-3.2511256175325878
29	38	-0.6537833971638963
29	39	0.19593255305473473
29	40	-1.19544953495212
29	41	5.879891494081756
29	42	0.9350976171273675
29	43	0.5798613169077511
29	44	-1.3602468716281342
29	45	3.215760123356999
29	46	0.02455759700927731
29	47	-1.0676881316458988
29	48	2.2404703219011792
29	49	1.4018753020732113
29	50	-0.0953178080360882
29	51	-1.8027632345898963
29	52	-1.135463873307093
29	53	-0.617963971956862
29	54	-0.30227679113512596
29	55	-2.9074958414161314
29	56	-1.2550508471338016
29	57	2.6353280850185024
29	58	2.0996800817207486
29	59	-0.11560089325361349
29	60	0.2693369957015162
29	61	0.6729861218516279
29	62	3.76123547899884
29	63	-2.81358278569235
29	64	-2.7638547761243886
29	65	-2.2383253874511166
29	66	-1.5549567558359483
29	67	-1.0553938173671682
29	68	0.6459105319092782
29	69	2.6779768030745763
30	30	NaN
30	31	2.3643421341483895
30	32	6.454478647257072
30	33	0.6364247526626965
30	34	0.5207671323670519
30	35	-0.5392678475232597
30	36	0.7220803007182014
30	37	-0.2842205476365182
30	38	-1.7783539259591015
30	39	0.03929337197551392
30	40	-3.0149338662243848
30	41	2.1298178575244333
30	42	-1.1622269402237544
30	43	1.6691685802394498
30	44	-1.361786566851965
30	45	3.624952881230527
30	46	4.379277934795957
30	47	-1.434591399168057
30	48	2.6196655221314478
30	49	-1.1993969837090608
30	50	-2.369476719990164
30	51	3.92592141987286
30	52	-3.5455947816161832
30	53	-2.389884773112881
30	54	-3.0951743145179105
30	55	-1.2122628263320152
30	56	-2.2681050575321184
30	57	-1.8449467140976892
30	58	1.3560782620877272
30	59	1.3577807363770413
30	60	2.0793021750856004
30	61	2.6756304283555976
30	62	3.837886459046097
30	63	-1.2296034698491416
30	64	3.7902782499939307
30	65	-2.359941594827515
30	66	-1.4976835174930594
30	67	-0.8987563153642166
30	68	5.479330711514613
30	69	-0.6157476340827795
31	31	NaN
31	32	1.3767792433249182
31	33	0.3162863402578402
31	34	-3.165349841943519
31	35	-0.7859879639650202
31	36	-3.1915944435190644
31	37	0.9437770678963333
31	38	0.09246342515860577
31	39	-3.494573207297012
31	40	-1.7337770881444698
31	41	3.7523234281753046
31	42	0.4493124826033081
31	43	2.6094939892194065
31	44	2.4452033964927153
31	45	2.7727691314605165
31	46	1.3610567612039242
31	47	2.424614727494918
31	48	1.4483980465128343
31	49	1.3080806527517097
31	50	1.456250828314905
31	51	3.427603941609717
31	52	-2.9518227282599168
31	53	-3.6157160768400507
31	54	2.819028883319726
31	55	0.37745794853671605
31	56	2.845233952732165
31	57	-3.8539775508122633
31	58	-0.13432289623439064
31	59	3.1624921036525593
31	60	-0.4452210828386581
31	61	0.46896716854633097
31	62	-1.1554002118099882
31	63	-0.6640602092647477
31	64	5.074641169511203
31	65	-2.827412180594489
31	66	-2.6704795977329927
31	67	0.33398754196332775
31	68	4.395404892776496
31	69	-1.552022931410325
32	32	NaN
32	33	-2.348724674497012
32	34	-0.0035183546134586853
32	35	-0.8726387617835155
32	36	3.008927702687057
32	37	-2.358696379765112
32	38	-0.9976397675517389
32	39	0.13836623910916757
32	40	-5.049085717782863
32	41	0.9816927465360268
32	42	0.2678068069453123
32	43	3.9116033089481155
32	44	2.2682237189703716
32	45	2.8046266822861003
32	46	-1.5938190389745814
32	47	-0.7962102837866492
32	48	3.9642463282245255
32	49	-1.8375577385975286
32	50	-0.3069712382511404
32	51	1.1545960750251771
32	52	0.3614963377339044
32	53	-2.5550760787203854
32	54	0.2585920197925344
32	55	-3.246188185676728
32	56	-1.3974684904946753
32	57	-2.65258631315525
32	58	-2.417745511238556
32	59	2.0872160394224037
32	60	-1.7594058584482564
32	61	0.830199899800112
32	62	1.6865956688453148
32	63	-1.6538707961947592
32	64	0.0977468750064317
32	65	-2.7510712031547504
32	66	-2.3909141103464404
32	67	0.5183225714845247
32	68	-0.4841301412302821
32	69	-0.9772624491665581
33	33	NaN
33	34	-1.5936172750553685
33	35	2.5125924079306974
33	36	-1.7987985867882326
33	37	0.433669548923804
33	38	1.5491058148837005
33	39	0.3143998526465669
33	40	2.0717313261053465
33	41	-2.865558269701441
33	42	-0.679412430730264
33	43	0.47122033347746384
33	44	0.5051999406392437
33	45	1.9289069917693649
33	46	-3.392353288520289
33	47	1.8312804043691915
33	48	-2.302785818203674
33	49	2.931656102260885
33	50	-0.22228705676466673
33	51	-0.24992869978186147
33	52	2.5814535143675146
33	53	2.9831652490292355
33	54	0.5827153702629951
33	55	1.543124201457589
33	56	2.5790211808838444
33	57	3.209663082351908
33	58	-4.157174464586683
33	59	-2.6905878438249595
33	60	-1.1202591750805186
33	61	-2.6476226422111524
33	62	-2.1346502697805945
33	63	-0.8735899865199174
33	64	-2.211165598846984
33	65	2.795788481014425
33	66	0.9888306274566709
33	67	-1.8056510062554554
33	68	0.03487800794328659
33	69	-3.2167242135750507
34	34	NaN
34	35	-0.373543947437649
34	36	2.617349178923515
34	37	0.49627375125506895
34	38	-0.5168853748695573
34	39	1.6003531019062833
34	40	-1.719140481119033
34	41	-1.1330904251793912
34	42	-1.588528499248429
34	43	1.3641435935263826
34	44	-0.6975124703710632
34	45	-2.4931118845813076
34	46	1.365630855711898
34	47	-0.9158397312465315
34	48	-0.35260829972374985
34	49	-2.9751876555698336
34	50	0.5987684517900637
34	51	-0.5731035906918713
34	52	-1.9832966577120745
34	53	-1.452121020337854
34	54	-0.7340558782021166
34	55	-4.0657303869287915
34	56	-3.144920516014949
34	57	-0.39486012935571313
34	58	0.6921014110735595
34	59	0.7292667532281206
34	60	-0.4137518967506329
34	61	0.7087053390265232
34	62	-0.44668169324360507
34	63	-1.8113633308062433
34	64	-0.48483022495715455
34	65	3.06750664758111
34	66	-0.01119173255581093
34	67	0.2105812965763519
34	68	-3.388588679371536
34	69	-0.572637517396904
35	35	NaN
35	36	-0.6254649157826664
35	37	-0.23680858502157154
35	38	1.5278134190407964
35	39	-2.734245393792136
35	40	1.4814901618526126
35	41	-0.05251130770170451
35	42	-2.531023271252868
35	43	-0.8682750785427282
35	44	-0.9630174347659403
35	45	-1.8010745053443047
35	46	0.048854364005183226
35	47	1.9472008060159067
35	48	1.5026861076090134
35	49	1.7139518354107643
35	50	-2.1998172044359405
35	51	-2.5740610833851645
35	52	1.9861759703618527
35	53	0.4910647542699685
35	54	-0.818339772298268
35	55	1.07138088423342
35	56	2.861225477979456
35	57	4.479272450596122
35	58	-3.381617469684139
35	59	-0.6866967505431636
35	60	-0.1048217229555752
35	61	-3.817518888313512
35	62	-1.3490510682285537
35	63	-0.9063751413280254
35	64	0.48407029387685246
35	65	1.0510758392761386
35	66	1.6527521048108054
35	67	-1.5025335498515304
35	68	-0.7485737488587676
35	69	-0.38369050937323623
36	36	NaN
36	37	-3.5023056299161923
36	38	0.9503366963159222
36	39	-2.7988071829846435
36	40	-1.1514824700295974
36	41	-0.8540241613027564
36	42	0.32184125632090654
36	43	-4.0840181689251995
36	44	-1.6015703780156145
36	45	-4.047071802223704
36	46	2.439174648184109
36	47	-2.9084918364105126
36	48	-0.014242499977346383
36	49	-0.7548237770467969
36	50	0.6528555260591962
36	51	-2.8701821759967583
36	52	-3.473017482910828
36	53	-1.6608302978022191
36	54	-2.107964637504889
36	55	-3.3282359216931625
36	56	-0.678940931358871
36	57	-2.5184781711748756
36	58	0.3993636721804691
36	59	-3.2611593424717564
36	60	-3.074786145765228
36	61	-1.4050399355242347
36	62	-3.0515731440161447
36	63	-1.4945410339224459
36	64	-3.542513523455592
36	65	3.0633832241138625
36	66	-4.516679378183901
36	67	-2.399773820263994
36	68	0.6954485757704101
36	69	-0.8382464412989892
37	37	NaN
37	38	-0.5317985053374166
37	39	0.8040199082767904
37	40	0.39473047709561593
37	41	-1.6485869972739824
37	42	0.5168092682316223
37	43	0.8939245680746069
37	44	0.6680962872721311
37	45	1.101572869984249
37	46	-1.1176815318669973
37	47	-1.8235314906319278
37	48	-1.2122141666647563
37	49	0.8119035918739249
37	50	1.29701957518748
37	51	-0.6299392124634273
37	52	-0.7101362139252505
37	53	0.723411865170359
37	54	0.2664567177170737
37	55	-0.1806179666780779
37	56	-0.4423829455504692
37	57	1.146285149324955
37	58	-3.587443328236451
37	59	-1.0676584138985583
37	60	0.7845471970775665
37	61	1.002648966627224
37	62	-0.8424933655635566
37	63	-1.6340837395810142
37	64	-2.096754222773554
37	65	-2.030364576973856
37	66	-0.9195957746501899
37	67	0.6214067863509467
37	68	-0.8941111988289913
37	69	0.3949113874827796
38	38	NaN
38	39	-1.1591674268518535
38	40	4.125564967830507
38	41	-1.5418493450058632
38	42	-0.7430484917353046
38	43	8.674149815312388
38	44	2.2928563749094737
38	45	-2.6116786892801986
38	46	-3.17333831012092
38	47	2.3622343140691906
38	48	-2.9972360291638216
38	49	1.326334023068557
38	50	-1.0864118048670113
38	51	-1.4314465086174375
38	52	1.1987241114999614
38	53	1.381738108400374
38	54	-0.6976927518016242
38	55	1.1831665911880551
38	56	1.8523090215468443
38	57	2.23527384754655
38	58	-3.644076231135629
38	59	-0.1873435701018323
38	60	-1.1104214098870229
38	61	-0.22629256570794712
38	62	1.0686116983974883
38	63	-1.7675255493382394
38	64	0.5214963495117867
38	65	1.460125704668091
38	66	0.06789407139142872
38	67	-3.237114161089221
38	68	-0.6846690324254084
38	69	-1.919937503340054
39	39	NaN
39	40	-0.825874027442828
39	41	1.0496151042306925
39	42	6.926899883089929
39	43	8.721841299761762
39	44	-3.506492263965206
39	45	-0.7223958806566356
39	46	2.2583075989248678
39	47	-0.7645980331273086
39	48	2.3476290131977002
39	49	-1.321732068576168
39	50	1.1133141390911907
39	51	-0.15406988843934433
39	52	-0.4858386799055215
39	53	-2.4706452364223925
39	54	-2.038780798590484
39	55	1.1812642295735174
39	56	-2.9388280206159667
39	57	-0.09171102682720438
39	58	-1.477725281988887
39	59	-1.873292617026862
39	60	2.33700950202526
39	61	2.2562182897559615
39	62	2.968987733285976
39	63	2.1586038674257217
39	64	1.2641572729183914
39	65	-2.578015029422836
39	66	-2.3350322850462324
39	67	0.9355635840641114
39	68	4.621836358338254
39	69	-0.5175511766646977
40	40	NaN
40	41	-1.0945610078263885
40	42	-0.6621828066069549
40	43	-3.6028890694197258
40	44	0.5597665205049909
40	45	1.9080612852110288
40	46	-3.4687587060814566
40	47	3.5592474945340604
40	48	-3.4720061914775457
40	49	3.762824612361405
40	50	-1.3128472858550837
40	51	0.8209341741581054
40	52	1.952808020506202
40	53	1.5013344259372792
40	54	0.13556224909193096
40	55	-0.3070308013603208
40	56	2.6320590740791996
40	57	0.7480490348272925
40	58	-4.889568615570541
40	59	-0.9279386630286691
40	60	2.0437087772152243
40	61	2.323228715581959
40	62	-2.8296894868801363
40	63	-0.9295428084616474
40	64	1.4656415806289151
40	65	2.51949437718909
40	66	0.5156077732462997
40	67	-2.308462021537217
40	68	-2.887018074653715
40	69	-0.45512246990344396
41	41	NaN
41	42	4.5020891546914825
41	43	-0.5972789708931203
41	44	-1.232517842580772
41	45	-0.8075211221609048
41	46	3.7982751310502545
41	47	-0.918141945731305
41	48	1.4328768073452063
41	49	-5.0159565336543785
41	50	-0.4535384552125001
41	51	-0.9876405624786164
41	52	-1.7356869223564315
41	53	-3.5332691945589985
41	54	0.685252087054423
41	55	-0.5044126087864081
41	56	-2.0029932638780874
41	57	0.9657582322366921
41	58	-2.725127656958937
41	59	-0.7167143234033675
41	60	7.316727512186403
41	61	2.367954029713503
41	62	1.2673751969130034
41	63	-1.7977732942859281
41	64	1.7272190571384491
41	65	-1.3027253315715372
41	66	-1.7886602477322888
41	67	1.2158101049009755
41	68	-2.596139566207361
41	69	1.5456918574673255
42	42	NaN
42	43	0.08056169783301159
42	44	0.034843726510987286
42	45	-0.5402724420986831
42	46	2.5191152354663906
42	47	1.268828085229406
42	48	-1.2665812241397225
42	49	-0.21687795097611373
42	50	0.3976422529513917
42	51	1.5167453572270426
42	52	-3.229293660086313
42	53	-3.3177437692870684
42	54	0.07275527978227513
42	55	-1.9092613786587112
42	56	-1.3588766617502828
42	57	-2.1516202788587737
42	58	-1.3542031106030377
42	59	-0.5738659711604062
42	60	6.037867430396111
42	61	2.9450090657189936
42	62	-1.321915307078939
42	63	-0.2617182632079544
42	64	3.397691322434369
42	65	0.05697800528300379
42	66	-1.8827495528407963
42	67	-0.3495258329423989
42	68	2.6543590678991773
42	69	-1.1733111683024722
43	43	NaN
43	44	1.4317250401700339
43	45	1.1042895926353882
43	46	-1.63718434796686
43	47	-2.8541805295603457
43	48	1.839450753505381
43	49	0.5855335782533427
43	50	0.35696464993468036
43	51	-0.2340143779833832
43	52	-0.9228150691360579
43	53	-2.173251446328445
43	54	-2.051472649548522
43	55	-3.0282089949382347
43	56	-0.5022328380328339
43	57	-1.0665940697955152
43	58	2.1523619657321347
43	59	-0.5219562053353628
43	60	1.7478362876199756
43	61	-0.5759785434290482
43	62	-1.5519437677847554
43	63	-3.168517307461095
43	64	-0.06701790531770377
43	65	-4.349634498357076
43	66	-0.2502686778367816
43	67	-1.4849288752357117
43	68	-0.4292962150355989
43	69	0.9548504780156638
44	44	NaN
44	45	2.709638744455596
44	46	0.2242527449938588
44	47	1.0139001252382276
44	48	0.06916440765146924
44	49	0.4298537337998063
44	50	1.4973946343551425
44	51	0.6455741888822661
44	52	-1.9354631366429977
44	53	-0.37470056168454513
44	54	-0.7357955067866393
44	55	0.7173652585263937
44	56	0.45489920218484897
44	57	0.3088431065557038
44	58	-0.61615162198244
44	59	-1.1170626379449164
44	60	-1.6720561601454598
44	61	0.07646155798846775
44	62	-1.7262692983991212
44	63	-1.7167246457147327
44	64	-0.11408865608263269
44	65	0.5650882510460515
44	66	-2.004158504536329
44	67	0.009052684444788106
44	68	-1.2722765931969051
44	69	0.8197843722619544
45	45	NaN
45	46	0.21694818415492026
45	47	-2.3133540549069536
45	48	-0.30909901221564834
45	49	-3.5930318485755195
45	50	0.5267135938725064
45	51	-0.6385064586299497
45	52	0.3817994305569561
45	53	-0.29291234673206945
45	54	-2.0785883522597577
45	55	0.7643791667494582
45	56	-2.9757582899427146
45	57	-1.8108969381175022
45	58	3.091798935619899
45	59	1.1936155096294472
45	60	0.4093996480328131
45	61	1.8937165256897726
45	62	1.4643791091805822
45	63	0.9316167522512129
45	64	2.533332175540635
45	65	1.290747145466976
45	66	-3.6359412893893914
45	67	-0.31806232710522975
45	68	0.5952156136675308
45	69	1.0280370865121728
46	46	NaN
46	47	0.35280092583327977
46	48	2.7370218947978344
46	49	-0.3841532731489977
46	50	0.6431150559918145
46	51	1.3073479311745544
46	52	-2.3967022955292623
46	53	-2.1353121689406174
46	54	0.606059294158912
46	55	-1.567567660724961
46	56	-4.1663278210971795
46	57	-4.205564744274474
46	58	1.8416355785431284
46	59	2.744456237259205
46	60	-3.34430985223741
46	61	-0.9597602618417902
46	62	0.9175838903334775
46	63	-2.089573040889499
46	64	2.5612078337403528
46	65	-0.6057017364765329
46	66	-1.6461214846421377
46	67	1.3725317426138268
46	68	0.39652635328919106
46	69	1.2496192725393716
47	47	NaN
47	48	1.2316604894951733
47	49	3.6579747098756714
47	50	0.07814916063908964
47	51	-2.937215547734411
47	52	3.0312630391760313
47	53	0.3305318913077174
47	54	1.0773680639191967
47	55	2.112658258311611
47	56	-0.8872744793297144
47	57	2.19395519614043
47	58	2.659108333660612
47	59	-0.23242227251786737
47	60	-5.6177151290411755
47	61	2.496656527314953
47	62	0.001715587447898746
47	63	-3.6391290707576576
47	64	-0.44312031411574115
47	65	3.222135307694101
47	66	0.34915145434004563
47	67	-2.677435088027609
47	68	-0.14312733184100992
47	69	-2.278380832522998
48	48	NaN
48	49	-1.4345156888191914
48	50	3.5816474482771836
48	51	1.7574346233334968
48	52	0.007312824377687518
48	53	-3.7561181728559614
48	54	-0.784041535525784
48	55	0.4912058374913807
48	56	-1.454015875024972
48	57	-0.7081878945056514
48	58	5.281308590129401
48	59	-0.6011587677619842
48	60	-3.2190288573356933
48	61	0.40528259109388426
48	62	-0.24836874622328567
48	63	5.186959134936737
48	64	-2.1437436393754186
48	65	0.7670183003887777
48	66	-1.0207889261198235
48	67	1.1850852718022895
48	68	0.38878600405789976
48	69	2.1368191964000047
49	49	NaN
49	50	-0.4484948192253016
49	51	-2.518256571782545
49	52	3.495080214121696
49	53	1.3687732508906993
49	54	5.405261291194492
49	55	1.5625883343264018
49	56	1.9430159553989261
49	57	0.886976633906631
49	58	-3.319154330332993
49	59	-0.4638290569720251
49	60	2.1634383320602613
49	61	0.7126541228181406
49	62	-1.3673751570474564
49	63	-1.8051955393967773
49	64	-1.4932025285985888
49	65	1.2846364002341764
49	66	0.9416577730856609
49	67	-0.8484418616327181
49	68	-2.205617515648293
49	69	-0.3147078327311606
50	50	NaN
50	51	4.513013917141565
50	52	-0.33226722378368934
50	53	-4.330471601720692
50	54	-0.5415851833072255
50	55	-1.0585949581291352
50	56	-1.8283063813301812
50	57	-3.725111323504444
50	58	-1.0752029513321448
50	59	-0.0952478240988287
50	60	0.9763752750710807
50	61	2.3600083732418935
50	62	2.4828988750880416
50	63	-0.7545090030523205
50	64	-0.13348628697955536
50	65	-2.071664959858711
50	66	0.673482253399392
50	67	2.3178034640200598
50	68	0.27409086747045724
50	69	-3.5532981082547592
51	51	NaN
51	52	1.786759158081267
51	53	-0.6373530519120283
51	54	-1.2072898771463196
51	55	-1.8204005583367378
51	56	-1.934779421234581
51	57	-2.689820635698594
51	58	-1.7085060063406912
51	59	0.7872057181276344
51	60	-0.6512347955820428
51	61	2.410587194948012
51	62	-0.3101214522752702
51	63	0.04943287117534014
51	64	0.4256309837403598
51	65	-1.1026154411788376
51	66	-0.4199362330515288
51	67	18.547295254625833
51	68	-0.12513052373232025
51	69	0.37960387525545525
52	52	NaN
52	53	3.0405951827171944
52	54	-0.08831623210678098
52	55	3.0554181723163607
52	56	2.240373944757993
52	57	2.1614305772142766
52	58	-1.393994995650725
52	59	-4.621070820190832
52	60	0.7624717378745736
52	61	-1.8483839401122242
52	62	-4.673039470895585
52	63	-1.093618629487311
52	64	0.38243300276206216
52	65	2.6084680255984725
52	66	4.07172357346759
52	67	-0.9990970373341144
52	68	-0.21358585021443405
52	69	0.03302101105832721
53	53	NaN
53	54	-1.4470337796589834
53	55	0.4358458498043395
53	56	1.7129857806490447
53	57	2.831166646783918
53	58	-3.2249213448500016
53	59	-3.570757102797926
53	60	-2.2038065315897795
53	61	-2.4753963931951506
53	62	-2.009679637469645
53	63	-1.3643926348118887
53	64	-3.934689954117285
53	65	2.355838589207221
53	66	2.215693349150439
53	67	-4.130905870901826
53	68	4.779553270526139
53	69	4.204510566282145
54	54	NaN
54	55	2.1785313458081967
54	56	0.7148345466127545
54	57	1.0304373137293348
54	58	-2.9524466749191545
54	59	-3.1105323214177054
54	60	3.656659594232347
54	61	-1.1924394654458923
54	62	1.8205409190784845
54	63	-1.0034221432127823
54	64	-1.1388088394825604
54	65	2.647788264937559
54	66	1.266391544285352
54	67	16.169725741140056
54	68	0.9035148999058973
54	69	-1.3761592460917769
55	55	NaN
55	56	4.464721283704038
55	57	2.4275149825494085
55	58	-0.39630049437572723
55	59	-1.4507050369728745
55	60	-3.6339600000751107
55	61	-1.0220634155057036
55	62	0.6839969557327455
55	63	-1.3731247613404218
55	64	-0.6079738998744572
55	65	2.0010339881058474
55	66	6.142698597092106
55	67	-0.12220198393841453
55	68	-0.5510445856734261
55	69	-0.48114514999792984
56	56	NaN
56	57	3.91630791217023
56	58	0.7750694564878521
56	59	2.550174176020297
56	60	-2.3748031453504996
56	61	-0.36996605016906414
56	62	-1.996176188559824
56	63	6.158227191985287
56	64	-2.1272727743776985
56	65	3.2367718760902866
56	66	2.553864363316413
56	67	0.0482619736211471
56	68	-1.1445512053424158
56	69	-4.163810418323114
57	57	NaN
57	58	0.8227676816823488
57	59	-1.1578227454240715
57	60	-1.1299502445712162
57	61	-1.8338251747571233
57	62	-3.151873986910096
57	63	-2.3881481601743615
57	64	3.005666602214109
57	65	0.9943211722003444
57	66	2.6806173816282666
57	67	-1.895217307504122
57	68	-1.0946656888641662
57	69	-1.5797057535461225
58	58	NaN
58	59	3.4460516165847253
58	60	7.047990118585808
58	61	0.6222557862951841
58	62	2.3286773378161705
58	63	39.28156490678228
58	64	-0.4711623123912528
58	65	-3.5661523605122065
58	66	-4.2754554302572485
58	67	-2.6672038805301694
58	68	-0.03438714930692642
58	69	-0.39822180543930985
59	59	NaN
59	60	-0.20134388898792355
59	61	-0.15681919596118896
59	62	0.8838543512136084
59	63	0.6885202033926934
59	64	12.376786659300805
59	65	-1.3731563159028435
59	66	-0.5039888614345014
59	67	-1.298562255809384
59	68	1.3656547744203076
59	69	3.1670715569334007
60	60	NaN
60	61	1.1927928310053364
60	62	7.114224437774143
60	63	0.9780667768727145
60	64	0.8342555297706782
60	65	-2.5756990557782307
60	66	0.42108555896781164
60	67	-1.2533580316542237
60	68	-0.9886427976043285
60	69	-0.8544767539515694
61	61	NaN
61	62	1.0415267549716785
61	63	0.4275396658412967
61	64	-2.077736743606497
61	65	-2.183450602644461
61	66	2.667120489115973
61	67	-4.099939224179774
61	68	-0.41763944792562807
61	69	-1.1870337487780038
62	62	NaN
62	63	-0.9293961482389159
62	64	2.044695844656643
62	65	-1.7424352724538656
62	66	2.231393015483508
62	67	1.0288704851884918
62	68	0.45720820673051255
62	69	0.5074130817142218
63	63	NaN
63	64	1.7103631940946071
63	65	0.9036877237754298
63	66	-2.1553906116080865
63	67	0.8594285038202021
63	68	0.8839625241585672
63	69	0.974651547317329
64	64	NaN
64	65	0.5065885047074673
64	66	-2.0782078945846942
64	67	1.8016277248762067
64	68	-0.9890137728939904
64	69	-0.3219371614434063
65	65	NaN
65	66	1.7310881220403171
65	67	1.2687605503918515
65	68	-2.3567718652047334
65	69	-1.8735855093347278
66	66	NaN
66	67	0.8859784454097913
66	68	-1.01900513112564
66	69	0.16363941441989074
67	67	NaN
67	68	3.4198460853921464
67	69	1.6248209703665037
68	68	NaN
68	69	-0.3240969760547097
69	69	NaN
