1	1	NaN
1	2	0.06543120905462604
1	3	-0.7323434959085917
1	4	-2.4509787240520144
1	5	-0.96181216252189
1	6	0.810622761777397
1	7	5.7723350284121375
1	8	1.4464282892699545
1	9	1.5535621945499287
1	10	2.967476773897337
1	11	-0.47013293846315396
1	12	-2.3488364058638918
1	13	0.22342048526897565
1	14	-0.3371591110897399
1	15	0.2692996032578076
1	16	1.0560733105145836
1	17	0.4384226337876467
1	18	-1.860015963550653
1	19	-2.325690917750456
1	20	2.0720961619678526
1	21	-2.5554616636884595
1	22	-1.4909363757628482
1	23	-2.907355758540451
1	24	1.7156072917819127
1	25	0.10530865897667104
1	26	0.34197431291589114
1	27	-1.0159829462995684
1	28	-2.6054162669972776
1	29	-1.4769823056480724
1	30	-1.2486771108559325
1	31	-0.16194091326604282
1	32	0.11098342877558776
1	33	0.1948460358289255
1	34	-1.4576279343167982
1	35	0.5711308819003478
1	36	0.8458077130036127
1	37	0.1489584071466128
1	38	0.46634369269556725
1	39	0.5141798990705626
1	40	2.361698997392174
1	41	-3.6066031212795324
1	42	0.558998633623565
1	43	-1.1498482814479634
1	44	1.5183532205574561
1	45	0.48258413154654334
1	46	3.6661629563481477
1	47	1.0015899644152488
1	48	-0.8905622646761263
1	49	2.4840770252371627
1	50	-3.812841875720979
1	51	0.19545867203644512
1	52	0.7116355753527971
1	53	0.9064855995720408
1	54	-0.7283707921722451
1	55	2.647677244061223
1	56	0.16710029545076271
1	57	2.7665818682820067
1	58	3.1173303657308336
1	59	-0.7217663499852122
1	60	-3.357011678786318
1	61	-1.6688519412000338
1	62	-1.5573928223783362
1	63	1.2903519577666478
1	64	-0.5879441686433416
1	65	-1.3667300369409237
1	66	-2.554188459695922
1	67	1.0543593238451343
1	68	-3.3129290829173113
1	69	0.005551839086988413
2	2	NaN
2	3	-0.4094491562572636
2	4	-1.697036369681686
2	5	1.66971703965047
2	6	-0.3581242430313794
2	7	-0.24701157943593718
2	8	0.9378920239377836
2	9	-0.4049328120176219
2	10	0.9159654294478893
2	11	-0.7199823505686826
2	12	0.4099008368458557
2	13	-1.7538139801130588
2	14	-1.773872574400387
2	15	-1.2990082670880267
2	16	-0.24413232715643393
2	17	-0.1361788021602463
2	18	1.0334290689686227
2	19	-0.5294122103580458
2	20	-2.037201778937779
2	21	-3.4526723500928003
2	22	-1.2259937460412198
2	23	-1.1000142880900687
2	24	-1.4743113646115797
2	25	-0.7086030648707632
2	26	-0.1044082871975388
2	27	-0.8977995869170879
2	28	-2.6765893031401884
2	29	1.44545756549377
2	30	-0.6243803267275527
2	31	-2.2477068023652857
2	32	0.535628402462072
2	33	-0.5031308517736991
2	34	-1.7161850228400137
2	35	1.403477343513549
2	36	0.3816309589144245
2	37	0.5885784134248754
2	38	1.2024175731115765
2	39	-1.2349664504139473
2	40	1.0614697581993797
2	41	1.3857675147796962
2	42	-3.108034361571849
2	43	-0.3418594990428754
2	44	-1.330201736306681
2	45	0.7506960424780645
2	46	4.529511141579695
2	47	3.5304268158987706
2	48	0.8446570852492121
2	49	-0.09905024003406022
2	50	-2.6175364095430926
2	51	2.802470843052554
2	52	-0.8044787386893472
2	53	-0.2514969426417016
2	54	1.4823685392869568
2	55	-0.2522315583837986
2	56	0.4598749733886173
2	57	1.5205656508950827
2	58	0.13755049765915314
2	59	0.48017852428533825
2	60	8.227210676184075
2	61	5.295303711175771
2	62	1.3472361979092218
2	63	0.09515600375178786
2	64	-2.8988014989323583
2	65	1.0333744507752731
2	66	-2.073260447527384
2	67	-1.2045721844498851
2	68	-1.4401531990570942
2	69	-0.7456633258199284
3	3	NaN
3	4	3.3549769886365186
3	5	1.668081573786018
3	6	0.2044225827106677
3	7	0.7982217331279522
3	8	-3.0192319573802795
3	9	-3.9665064215293246
3	10	-3.26473357043857
3	11	2.1876957607360583
3	12	0.6052920853021299
3	13	1.7117739277866144
3	14	2.9329864174073124
3	15	1.947216789517753
3	16	8.752229888724528
3	17	-2.6811108171164717
3	18	2.3655763086425745
3	19	0.9842951707138993
3	20	1.1706611494313834
3	21	-1.297360570020166
3	22	1.3319156579769582
3	23	4.684568687870852
3	24	-0.7872652435486327
3	25	-0.900455830502155
3	26	-0.27008967658505895
3	27	-1.2685034632228545
3	28	-2.4136991550271083
3	29	1.6511922313174636
3	30	-4.18144188181247
3	31	-2.3491828711565206
3	32	-0.5185665018884769
3	33	-3.255283912035409
3	34	2.172232369931358
3	35	-2.3106396004550316
3	36	1.3831973861093778
3	37	-2.809537209076
3	38	-3.6125987393372063
3	39	-1.2084793411942873
3	40	-0.38773220457123503
3	41	-0.12877440732915402
3	42	-0.7085697159797077
3	43	1.4242479540982604
3	44	-3.1934949666932333
3	45	4.090727568454868
3	46	2.8238657212375986
3	47	-1.8883825625965758
3	48	4.523027943050192
3	49	-1.123333554937364
3	50	5.821921844282815
3	51	1.8421370156791852
3	52	-2.47795342687951
3	53	-1.9080188878385125
3	54	1.0298604087991736
3	55	-2.6131365947530845
3	56	0.35354691800668414
3	57	-1.0731333361771043
3	58	-1.9198515065608572
3	59	-0.3650033954828795
3	60	-0.1851951950520312
3	61	0.016259545060815565
3	62	3.1400143386102375
3	63	0.7471676758571516
3	64	-0.7475817961831872
3	65	-0.7364826169306763
3	66	2.8045714600241953
3	67	-0.5693378006792691
3	68	0.4623309004433229
3	69	-1.1780621963392353
4	4	NaN
4	5	3.7845215525551716
4	6	-2.56643685466638
4	7	4.547166372892649
4	8	-1.9558407755632252
4	9	-1.2373419132581407
4	10	0.08281843082174811
4	11	0.8801320193484553
4	12	1.9652756954159507
4	13	-0.7381556988188122
4	14	-3.1998324045077937
4	15	0.5950900974353742
4	16	0.522697294830029
4	17	-0.5159183711435861
4	18	4.372919206291415
4	19	0.4687691335947636
4	20	-0.9662919944900358
4	21	-2.3659255590191437
4	22	2.6694504416756275
4	23	1.3185944119105155
4	24	-0.4884223189131106
4	25	-1.2920019695182516
4	26	0.5761900376661643
4	27	-0.9941031275440158
4	28	0.06957574516715498
4	29	1.5175319565580216
4	30	-1.4591566180761166
4	31	-4.530019118526864
4	32	-1.882121093035968
4	33	6.339583604573462
4	34	-2.9805323286954444
4	35	-0.946833605232737
4	36	1.2442989167943102
4	37	-1.215070382168657
4	38	-2.2056868564923677
4	39	-0.45752360309910056
4	40	-1.3332002335698032
4	41	-0.39222827777795055
4	42	-0.2663345357546793
4	43	-2.837077904217544
4	44	1.5757260116827654
4	45	2.5620088104072045
4	46	-4.602441753777957
4	47	-2.5737021052949447
4	48	2.413415229148604
4	49	0.5819553421576465
4	50	-0.5579234573819658
4	51	0.17264573124337235
4	52	-2.1925149011624194
4	53	-1.613429622479043
4	54	-3.2259383412921085
4	55	-1.9024393420529833
4	56	-3.5649143809952695
4	57	-1.4478799176499697
4	58	0.018315145708429143
4	59	28.58230514267421
4	60	-0.41057430012488366
4	61	6.371156668845905
4	62	-2.8025969340248635
4	63	-1.5442511909542687
4	64	-1.1938515787119839
4	65	2.5091252096677072
4	66	0.4701934244279719
4	67	-1.51041672872364
4	68	-0.6068976663662932
4	69	-2.017411745374388
5	5	NaN
5	6	-2.906708616937441
5	7	-0.016400232330756416
5	8	-1.5651840339796552
5	9	-1.4533950825703714
5	10	-1.6801384360479903
5	11	-4.193639891898393
5	12	-0.13932058464212216
5	13	0.34903058685145644
5	14	-0.7682885440550424
5	15	-0.5794733312161753
5	16	1.5422381847651863
5	17	-2.3809504250687117
5	18	-3.039618447526464
5	19	1.0960468415558715
5	20	-2.1640004091518854
5	21	0.19866783142480066
5	22	0.2153507546376611
5	23	0.10114482681845101
5	24	-1.6530113063205727
5	25	0.9937577911498342
5	26	-1.9206704296591983
5	27	-2.6278121183397687
5	28	1.9777497082196913
5	29	0.891012542135528
5	30	0.30152426956748946
5	31	-0.3363189730119041
5	32	-0.2550243622603905
5	33	2.360908944233933
5	34	33.57959043400298
5	35	0.6473412040512015
5	36	1.0218354849893796
5	37	-1.1991758546274085
5	38	0.5712008597230224
5	39	1.028634289899151
5	40	-2.2583693984468782
5	41	0.7773566849278486
5	42	1.527386791852711
5	43	-0.8861471698519363
5	44	1.3630793089631963
5	45	2.8037278543150337
5	46	2.070778705562095
5	47	-0.5720960827833944
5	48	-2.4640491750331965
5	49	-0.988966763331128
5	50	-1.245484178747839
5	51	-2.888742700909487
5	52	-4.020392383595695
5	53	0.5892677252033235
5	54	0.6666442987349833
5	55	-3.4352779448013493
5	56	0.16524177309673121
5	57	-0.6217147957263447
5	58	-1.4636542243985167
5	59	-0.961373120403975
5	60	-1.1100865304614147
5	61	-1.395819973311564
5	62	0.16310793151905545
5	63	-2.020840789022794
5	64	-2.937558713198317
5	65	-1.6284623342968116
5	66	2.839118998547651
5	67	1.1904819642321929
5	68	-0.03235998710898555
5	69	-1.4663411312954953
6	6	NaN
6	7	1.2852189593406806
6	8	2.956779451621746
6	9	3.3553485151455926
6	10	2.7758905770139903
6	11	0.603628396387752
6	12	-2.3712067524258744
6	13	0.6117638462130273
6	14	-2.0638261928161374
6	15	1.9546226529725363
6	16	0.6438411034068257
6	17	3.624065710787633
6	18	-0.7397234429739193
6	19	0.009442263363993895
6	20	1.7744897301569678
6	21	-1.95160714212447
6	22	-3.2249227946779424
6	23	-3.227796587339398
6	24	4.308037782553138
6	25	0.3848162682580661
6	26	-3.9875490339951134
6	27	-1.9884091805865034
6	28	-0.9029689861063642
6	29	-3.9897618978529024
6	30	-2.4462439032489747
6	31	-2.141593030138599
6	32	-0.9640886988878216
6	33	0.7888484605623406
6	34	-4.819734052735225
6	35	2.9882680110943287
6	36	-1.8655245135277747
6	37	-0.30153171430872744
6	38	3.379616371105555
6	39	-0.8858845082297964
6	40	1.8866899241475312
6	41	-1.555414167835052
6	42	0.6892172283308591
6	43	-1.764276769114795
6	44	1.7571032347245554
6	45	-0.08835425302378132
6	46	1.551924644894124
6	47	1.5735360163156993
6	48	0.874484953163467
6	49	5.0634072801111305
6	50	-1.7085462791162924
6	51	-2.7688216723927876
6	52	3.6482556153891137
6	53	0.12577139740288457
6	54	-2.0310175308726683
6	55	2.307458993465039
6	56	1.6063776461177357
6	57	2.351980246589981
6	58	-0.36007625523845865
6	59	-0.7780456564227075
6	60	-1.0684442162575487
6	61	-1.4498492944650492
6	62	-3.082141776701983
6	63	-1.084210697192334
6	64	1.9024003235067057
6	65	-1.7671768525896587
6	66	-3.43220242006185
6	67	-1.3044856763502186
6	68	0.6843421673061836
6	69	3.806737670991969
7	7	NaN
7	8	0.09703352686746328
7	9	1.775437437340429
7	10	-3.8457980633516162
7	11	0.7138079498839007
7	12	-1.9794597511086744
7	13	0.8290944946428813
7	14	-0.561072633354435
7	15	-1.353311425704087
7	16	1.916467834643646
7	17	-2.295817774915736
7	18	3.978350602535148
7	19	-1.080845189059561
7	20	-1.5884128696792954
7	21	1.4862871538968416
7	22	1.674556831749274
7	23	2.1267817784834766
7	24	-0.7685288861842272
7	25	-3.5255083525429978
7	26	2.665852770176004
7	27	-1.661693410859102
7	28	-2.85151094870352
7	29	-0.14717381900481705
7	30	-1.5063938508435024
7	31	2.1806045627750135
7	32	0.2857903721331624
7	33	-1.4085634092216717
7	34	-1.0501305284121107
7	35	-1.8288066465761441
7	36	-1.4809560098263912
7	37	1.5726277778355988
7	38	1.17843849188528
7	39	0.2441255585928741
7	40	-2.1601711573934668
7	41	-0.8056952745134632
7	42	2.756970693864821
7	43	4.720717830167162
7	44	-0.14610948642987034
7	45	0.5598568431993687
7	46	-1.9065572502381338
7	47	-2.2619099924412853
7	48	-1.06995123920489
7	49	-0.4020893237854475
7	50	0.40372455569529964
7	51	5.251471306600297
7	52	-3.187991294170564
7	53	-0.14635412825356336
7	54	1.9339638293524373
7	55	-4.564478166751908
7	56	-1.841154717076815
7	57	-2.0305765530418216
7	58	2.5445514943260297
7	59	-0.8453184887747798
7	60	1.8565978745129976
7	61	-0.07192072247216912
7	62	-1.0828471359081295
7	63	-0.5533534988336876
7	64	0.6293821360145507
7	65	0.7852189144553474
7	66	3.2220631139824074
7	67	-0.7206877178837628
7	68	0.3329630701035639
7	69	-1.5219750480659457
8	8	NaN
8	9	2.9900924071903527
8	10	2.578783139788704
8	11	0.16764708490404281
8	12	-0.12161155519163966
8	13	0.04580901653552389
8	14	0.672406104486095
8	15	-2.4840930181667535
8	16	-3.3949171206097493
8	17	4.993058637963281
8	18	-2.692660751267448
8	19	0.0887266277678024
8	20	2.0122801467025004
8	21	1.6275309368039828
8	22	-2.000847555002989
8	23	-0.4536261311213709
8	24	2.2469323936581245
8	25	-2.0493882327434076
8	26	-1.487692270947145
8	27	0.03298247842108764
8	28	-0.18095557161620152
8	29	-3.220710831975341
8	30	-1.9644953530640357
8	31	-4.111783730708841
8	32	-1.417562186173268
8	33	2.88298515852743
8	34	-1.264465820703373
8	35	1.9431272036655656
8	36	-1.0678567535521084
8	37	1.704288299905463
8	38	2.371779003125715
8	39	-1.1075450017058854
8	40	2.318756411112167
8	41	-3.836452732066634
8	42	-2.6691671700778348
8	43	-0.40913065463129134
8	44	3.213618404889189
8	45	-3.428745145138038
8	46	-2.0609108297950782
8	47	2.4340156598434204
8	48	-1.933699834977963
8	49	2.132235398784095
8	50	-0.4083724502610031
8	51	-2.6008445564296023
8	52	3.295174611341689
8	53	4.952132737558107
8	54	-0.029012121443678863
8	55	2.695913013801013
8	56	2.4923625233520377
8	57	2.3151831123811477
8	58	-0.8757782006676661
8	59	-0.7135121251189872
8	60	-0.11956200521631824
8	61	-2.306958121642864
8	62	-2.0958008472789222
8	63	-0.11970668459370928
8	64	0.3860148117087737
8	65	-1.0376926671654867
8	66	-0.803013186878592
8	67	-2.191883327933817
8	68	-1.548775001475333
8	69	1.687909029330268
9	9	NaN
9	10	3.702612750029737
9	11	-0.6858059292916117
9	12	-3.7943712093849253
9	13	3.8370758874610758
9	14	1.1266942772243163
9	15	-3.2197562547706324
9	16	-2.513650778991159
9	17	5.2150360255028785
9	18	-2.202466220678912
9	19	0.015417750091323094
9	20	3.262784284200302
9	21	-0.7172911976233297
9	22	-1.092321296623187
9	23	-3.520002003495375
9	24	3.2078419663669973
9	25	0.3993409281900765
9	26	-2.991757379670492
9	27	-1.1351859355797083
9	28	-0.5705124249675818
9	29	0.48761385518665223
9	30	-1.1951414878718716
9	31	-0.5343395981817124
9	32	-5.152352248214493
9	33	3.8330984608538716
9	34	-1.219023445812859
9	35	2.968661443138787
9	36	-1.15174596085174
9	37	-0.08803873347006962
9	38	0.5300504136437185
9	39	1.6700359330283765
9	40	3.974903746668582
9	41	-1.8592264291902536
9	42	-1.6345597938804408
9	43	0.3730467273892957
9	44	1.7509549768734725
9	45	-1.7270429690478601
9	46	0.30453640832535184
9	47	1.8745387244527858
9	48	-4.335871843475185
9	49	1.8987181770647046
9	50	-5.003606142947006
9	51	-3.6499512746114378
9	52	4.902916810696305
9	53	4.449085239530662
9	54	-1.374691646255077
9	55	1.8585019778935814
9	56	2.9516432112008064
9	57	2.0553479054954304
9	58	-3.748860687134589
9	59	1.3785523272183322
9	60	-2.5874870345863714
9	61	-2.50680533296156
9	62	1.079241327676202
9	63	-0.029477352401482294
9	64	3.124827227843211
9	65	-4.683760663282043
9	66	-2.3427960817954343
9	67	-1.467975177859506
9	68	-0.31276042678149285
9	69	1.051036720729659
10	10	NaN
10	11	-0.19520673591284102
10	12	-0.4004239182470854
10	13	2.462611938437375
10	14	-0.8717113805020857
10	15	-2.1123553079384867
10	16	-0.447997037788526
10	17	15.93741235207697
10	18	-0.828762836874899
10	19	-2.09745811525594
10	20	1.2582917213835367
10	21	-1.2306475583955665
10	22	0.9227272462652939
10	23	0.40541694089992486
10	24	0.20183298749911824
10	25	-0.5908962833859593
10	26	-2.8658590792931875
10	27	-1.1581020421518324
10	28	1.1331460830786453
10	29	-3.2848478778173082
10	30	-3.4203443682461914
10	31	-5.020805453457932
10	32	-2.1172622780117694
10	33	0.8888387425459645
10	34	-1.883971404765943
10	35	4.15661316148128
10	36	-1.597160068342985
10	37	4.722013934792796
10	38	0.45091330156210996
10	39	-1.7018769102177393
10	40	2.5581418720939126
10	41	-2.432187321097259
10	42	-1.0453897375343089
10	43	-1.3203854816142993
10	44	2.485057907266145
10	45	-2.8594774241926264
10	46	-2.0764366391373215
10	47	0.4675382763322885
10	48	-4.0807119217261025
10	49	1.9616192722381331
10	50	-1.2387761875083922
10	51	-1.690754186786524
10	52	5.692570615610289
10	53	1.5812756943509207
10	54	-2.255164344530807
10	55	2.156978610741096
10	56	1.508415164950698
10	57	1.2380078693344356
10	58	-0.5127642667407618
10	59	-0.08032179680902654
10	60	-1.2195270724071772
10	61	1.7027552495618432
10	62	-1.645191586840393
10	63	-1.2917891284981096
10	64	1.704117160829657
10	65	-3.02088209960699
10	66	-2.3261224419504654
10	67	-1.8547542069492364
10	68	-2.783693250827837
10	69	0.8098116808036726
11	11	NaN
11	12	2.5274858441499473
11	13	-1.5274050141038953
11	14	-2.3063689020542526
11	15	-0.7980275000639507
11	16	-2.526290687679196
11	17	-1.0862026297052503
11	18	0.6998232114879736
11	19	-0.6897129499478624
11	20	0.4378899574249406
11	21	2.255243150114012
11	22	1.9589698464975187
11	23	-0.27101003038400784
11	24	0.5100572942643496
11	25	-1.1596064754039617
11	26	1.6575649284299285
11	27	1.166143377371088
11	28	1.6727366936464116
11	29	-1.8942990194979705
11	30	-3.3401340029680977
11	31	2.094825404440228
11	32	-0.5783032170220056
11	33	-0.164681995735575
11	34	-0.20413034087191848
11	35	-3.1256174131948917
11	36	-0.4677760782663111
11	37	-0.09304161476977667
11	38	-0.6533778589806568
11	39	4.6322104665849615
11	40	2.082431747039133
11	41	2.5972705277410837
11	42	0.5618325553374242
11	43	-0.3915870898216979
11	44	0.34125210379285176
11	45	2.246001599365728
11	46	-0.9129829703426205
11	47	-0.9260442804649603
11	48	0.06953292130857032
11	49	-2.003201516578495
11	50	-1.2798260661777507
11	51	0.4278719479002689
11	52	1.6310987100126648
11	53	0.031211309711697496
11	54	-2.3120121405815866
11	55	-1.6439046348145032
11	56	0.6591681475868086
11	57	0.2840591878334113
11	58	-0.6862913209608695
11	59	-1.3976587778173875
11	60	-1.5056912697492164
11	61	-1.8829817501189596
11	62	1.8412567130674253
11	63	0.3325809341471489
11	64	0.20944033838183979
11	65	2.6051441670109474
11	66	1.8425737467766992
11	67	-0.2605228089393301
11	68	-1.516258788524434
11	69	-0.39414909950654936
12	12	NaN
12	13	0.9076450019786171
12	14	1.5702218494914255
12	15	1.2371212852637834
12	16	-1.701141550357885
12	17	-0.6094216064942678
12	18	1.187448007815846
12	19	3.2056355413642996
12	20	-3.100360788577504
12	21	0.16131501621281852
12	22	0.27955943193797433
12	23	0.6610295362849974
12	24	-3.626802708498724
12	25	1.0980216191865062
12	26	3.9688436496989064
12	27	-0.11464586501912027
12	28	0.5441181113559208
12	29	3.612211373559615
12	30	5.105914915948959
12	31	-0.5827050430016819
12	32	2.33131055259266
12	33	-1.548938951566583
12	34	1.428517311952372
12	35	-2.218938545739399
12	36	2.3365671863767092
12	37	-1.6000287443756902
12	38	0.3378484260239995
12	39	0.04054879654109177
12	40	-4.274675325073579
12	41	-0.9669927462470602
12	42	0.2835728740642623
12	43	0.21184283746407137
12	44	-2.6147313758723136
12	45	1.6975975241860894
12	46	-0.17208885538177582
12	47	-0.32440222847075695
12	48	0.20420341976052292
12	49	-1.6018468674878805
12	50	-2.1059024872546908
12	51	-0.2399632807304985
12	52	-2.235131428147124
12	53	-2.561561885415344
12	54	0.014724791590105122
12	55	-3.49140607370566
12	56	-0.8309889993581291
12	57	-0.8767056494811132
12	58	2.7305969198177635
12	59	0.8513551212957404
12	60	2.665386682536567
12	61	1.1440237921816563
12	62	0.33352291856962674
12	63	0.12425338025841662
12	64	-1.3308822603018764
12	65	3.117847729490521
12	66	1.386371722466706
12	67	1.3598673754847104
12	68	0.4377365453736172
12	69	-1.5277433434213659
13	13	NaN
13	14	-0.0826289386682898
13	15	3.066140534690689
13	16	0.11349960426129739
13	17	-0.8267602538624156
13	18	-0.8530248032035936
13	19	-4.07615158497127
13	20	0.582450732617144
13	21	1.1103605606352567
13	22	-0.6391280529952208
13	23	-2.0737780407273303
13	24	0.6171700180368938
13	25	0.32533699471782795
13	26	-5.276411295193875
13	27	1.179846300735032
13	28	-1.3671613445236315
13	29	0.04826752487651997
13	30	-2.616609143353905
13	31	-1.508784450357888
13	32	-1.351815327128008
13	33	1.2832551276324178
13	34	0.5932989019654802
13	35	0.2753724302727877
13	36	0.7480300026790935
13	37	-0.06010782901863776
13	38	3.606203863352502
13	39	0.6830733244216485
13	40	1.4920491399205347
13	41	3.4464637035082637
13	42	-2.841987366484029
13	43	-2.114002391922727
13	44	2.09625523865726
13	45	1.9735406613054967
13	46	-1.6986736633381976
13	47	-0.013037707371562391
13	48	-2.9231413158486568
13	49	1.4972595044098291
13	50	1.2427752374289847
13	51	2.8315111227752436
13	52	1.7750933143367023
13	53	-0.19324792145181915
13	54	-1.6756704693529376
13	55	0.970611773366442
13	56	-0.6855708424669947
13	57	0.4578927064461508
13	58	-3.3225028824979064
13	59	-0.873343309004433
13	60	-1.6418984533314416
13	61	1.0407215331512185
13	62	0.0935291621339719
13	63	-2.7556138837141915
13	64	1.3375527720932656
13	65	1.4373472194828103
13	66	-0.6995112340801325
13	67	-1.6112000649722056
13	68	-2.159111344669401
13	69	1.460692823237381
14	14	NaN
14	15	-0.8259505009425532
14	16	1.841357488215767
14	17	0.06600323089244012
14	18	2.9402879251079783
14	19	0.5958591717685956
14	20	-1.6398113865371797
14	21	0.6735138769259683
14	22	-0.09866296345201381
14	23	2.8741800815798335
14	24	-1.2313413580944104
14	25	0.40702336350856083
14	26	2.931598060250289
14	27	-1.9171599752492798
14	28	-0.376462619752093
14	29	3.620845017419415
14	30	-2.8044857090792976
14	31	0.8704423324289517
14	32	-2.80051493012977
14	33	-1.230177613100402
14	34	-1.5840099925429412
14	35	-0.4118120120417441
14	36	-1.6132358030125018
14	37	0.9159030431605588
14	38	0.42924748746076846
14	39	-4.7695334025844485
14	40	-0.5494022862329
14	41	-0.358593222477044
14	42	-0.8648040788414325
14	43	-0.7017545597194502
14	44	-0.202633895186025
14	45	-0.046268453268621564
14	46	-0.22481643239648882
14	47	0.258878241953563
14	48	1.147431694905103
14	49	0.11109215220589806
14	50	1.8117780725424968
14	51	-1.069575067523527
14	52	-0.16555497810554715
14	53	8.573264658142353
14	54	0.8023526409927197
14	55	-0.3406859990629375
14	56	-1.8634740466113628
14	57	-1.9421227182527698
14	58	-0.0006612119907860464
14	59	-1.4695220107534452
14	60	-0.3542433955774436
14	61	1.1999648197267572
14	62	1.6476829647775177
14	63	-0.08056017268313952
14	64	-0.5897425182160658
14	65	0.9903143364110292
14	66	0.23882772519406695
14	67	1.5251422224332754
14	68	0.9769696472793211
14	69	-0.08453238032626935
15	15	NaN
15	16	5.579728366940702
15	17	1.5213297113084872
15	18	4.254290288075485
15	19	1.4136969799794243
15	20	-0.15251029411745795
15	21	-1.6556937202007667
15	22	0.3179945940456441
15	23	-2.2891755947697607
15	24	-0.35572680665543355
15	25	0.23000357578028682
15	26	1.6131336870612096
15	27	5.013567306036101
15	28	-0.5935445985298817
15	29	-0.8937880480445651
15	30	-1.5844636560008392
15	31	0.5542985198339995
15	32	-1.389337197869311
15	33	-1.8676603723812792
15	34	3.506751089916437
15	35	-1.3217053218300328
15	36	-0.45304484429509684
15	37	0.14812701294379327
15	38	-1.756094379791397
15	39	0.8986780393945834
15	40	-1.921157470467566
15	41	0.7705159348235844
15	42	2.0181108943493764
15	43	1.689163193090853
15	44	-1.980714050609047
15	45	4.120586993612766
15	46	0.26729590420045934
15	47	-1.5256576899416792
15	48	0.2834793692733356
15	49	2.235922067440987
15	50	1.6407359802333665
15	51	0.7035077345008584
15	52	-3.0201149114684727
15	53	-3.807990835700906
15	54	0.1665953556855354
15	55	-1.9180753849141712
15	56	-1.5733966945377376
15	57	-2.1727040168643326
15	58	-0.8132372072678602
15	59	-1.8658652108229097
15	60	5.975854297298849
15	61	1.4255779427477986
15	62	2.5833171024662773
15	63	0.5379819066143648
15	64	-3.1051393541922523
15	65	1.518681824783287
15	66	0.044634847549138004
15	67	-2.4853339188981614
15	68	-0.8913807472792966
15	69	-0.9031642726397369
16	16	NaN
16	17	-0.7144235027024002
16	18	3.580189377505468
16	19	2.4063653908402003
16	20	-0.43546900540323646
16	21	1.7533601563526722
16	22	1.262276392690876
16	23	-0.3020090781444909
16	24	-0.9576852040390512
16	25	2.6417793633441087
16	26	-1.047257347982827
16	27	-0.9749017899887795
16	28	-3.4299505681701565
16	29	-0.09359440322081762
16	30	-2.078792487280608
16	31	1.469500349446413
16	32	3.155726274825441
16	33	-4.000109405645813
16	34	-0.7730207199767943
16	35	-1.873737129341295
16	36	1.7685840192038647
16	37	-3.5099145547300066
16	38	0.28193487416211
16	39	-3.043928215488002
16	40	-0.5710950490330778
16	41	2.7070633342678043
16	42	0.44681280815657887
16	43	-0.30222662090636526
16	44	0.7002739591271773
16	45	-1.1646810122160922
16	46	-1.45239384787961
16	47	-0.046069804595046226
16	48	0.41049011066364804
16	49	-0.7148011004727701
16	50	0.35759057276189654
16	51	-0.9872239238177465
16	52	-2.0837336620988016
16	53	4.524263769582588
16	54	-2.7514141371710967
16	55	-1.543125436669885
16	56	-2.490143976127278
16	57	-1.5248777561582283
16	58	-0.07363982785947516
16	59	-0.006506128301870422
16	60	-4.565200903646286
16	61	0.468716718361787
16	62	1.882379962805649
16	63	-0.20667393341578533
16	64	-1.2709127828026106
16	65	1.2720668701910864
16	66	-0.9012573537998431
16	67	1.7494196382304759
16	68	1.0595760672442343
16	69	3.8410469469057626
17	17	NaN
17	18	-1.4714268472552123
17	19	0.551898150650783
17	20	1.8852475397835073
17	21	-1.6669275055563173
17	22	0.21524044570879516
17	23	-0.12216249713063748
17	24	1.5202172739560933
17	25	-1.8495187280787457
17	26	-1.1268821625030987
17	27	0.3112324581922345
17	28	-1.6864905083249977
17	29	-0.4668140283269789
17	30	-1.9542542082011032
17	31	-0.8488601563976129
17	32	-1.2110543266289842
17	33	1.024627690960413
17	34	-0.1478658078580947
17	35	1.5739050347615724
17	36	-1.5161339041442219
17	37	0.2474314048073792
17	38	-0.07898118778633158
17	39	-0.6102879747659813
17	40	1.8449481454195822
17	41	0.37916061238212556
17	42	0.975029616983492
17	43	-1.9356300185719262
17	44	-0.2606885415710919
17	45	-4.826876065091025
17	46	-1.6569355491148667
17	47	1.2391540330226816
17	48	-3.0741484225746816
17	49	0.897054900535084
17	50	-0.19796994859445313
17	51	-2.77298312079075
17	52	3.4761782024547228
17	53	4.207801274907054
17	54	-0.5513611323170141
17	55	0.8885872860220322
17	56	1.5728035071088613
17	57	-0.9204364650759176
17	58	-3.4626026686292772
17	59	-1.428401171337152
17	60	-0.44998952356381566
17	61	-2.5587997304122476
17	62	-1.152759184966753
17	63	0.5199430139899553
17	64	-0.20642892150039902
17	65	-0.8370894862490328
17	66	-2.115974980836142
17	67	-4.123882343698033
17	68	-1.6882860664741963
17	69	1.8930151557800226
18	18	NaN
18	19	1.70168866385833
18	20	-0.9157454407781281
18	21	0.7235524730765694
18	22	-0.12018067817403114
18	23	-1.898212575267524
18	24	-0.7383638862781936
18	25	0.0823862295462112
18	26	-1.3450739263934168
18	27	2.0499030160843654
18	28	1.401677705553112
18	29	-1.1881823839489296
18	30	-1.7649531373285456
18	31	1.40483186777819
18	32	-2.1619616297447477
18	33	-1.8406352071081078
18	34	4.205487672954997
18	35	0.927574461664193
18	36	3.2394217822369424
18	37	-0.8595454180694767
18	38	-0.3426510189496142
18	39	-1.1629001485813264
18	40	-2.3797264330768373
18	41	-1.5739309445344598
18	42	1.175489536905898
18	43	1.7739505016660793
18	44	-1.9470692680461648
18	45	0.17420651281326513
18	46	2.0890711778127007
18	47	-1.7303431274796068
18	48	2.122959196308397
18	49	-1.5419832392876611
18	50	3.2691807799405153
18	51	0.7661205116551915
18	52	-3.620909101163875
18	53	-4.299387853144045
18	54	-0.2843411162637215
18	55	-1.3158456910744605
18	56	-2.7450948274823133
18	57	-0.4184087051146096
18	58	2.691268015256843
18	59	0.5728641080426593
18	60	0.7547516361985066
18	61	0.8018451108515576
18	62	1.1316083458865347
18	63	-1.8451749320997197
18	64	0.009716550163009376
18	65	0.49831108383027534
18	66	-0.6697600513841943
18	67	1.668262323276763
18	68	2.3883144045804463
18	69	-1.9376317234404399
19	19	NaN
19	20	0.9564300817888554
19	21	3.4830290302918754
19	22	-1.0939255579298082
19	23	-0.05796913163529412
19	24	-0.9157341479161849
19	25	-1.149597950060121
19	26	2.1030557751282517
19	27	0.25844387069857844
19	28	3.4708359932635977
19	29	0.9149404560457245
19	30	-1.8561042115653856
19	31	1.908885333053789
19	32	2.5450827457143794
19	33	-0.7205863194151866
19	34	-1.2603362307442594
19	35	1.4377216929541756
19	36	-1.7269965204930449
19	37	1.5404236463652117
19	38	0.21782134913911833
19	39	-3.4225801521652173
19	40	-1.4109366026378727
19	41	-0.9266162316888265
19	42	-1.6499905809456152
19	43	-1.4460499901698949
19	44	-0.6242445126618018
19	45	-0.13542900537287403
19	46	-0.23390716409500062
19	47	-1.3065900063000673
19	48	1.1842094014806406
19	49	0.2744398433874937
19	50	0.5815470301218644
19	51	-1.7191076247812147
19	52	-1.7927812928591433
19	53	-1.0294492272744664
19	54	1.9462269797181577
19	55	-2.639149984099947
19	56	1.469443237531817
19	57	-0.48223418533477036
19	58	-1.4999266195867207
19	59	1.1849641431314732
19	60	-0.5034361130809983
19	61	1.8186113601316407
19	62	-2.611682197598063
19	63	-1.5936210916819054
19	64	-0.2730997555410598
19	65	-0.021296627931579198
19	66	2.730117083126326
19	67	-0.9601862035107797
19	68	0.0902382047678217
19	69	3.0112163970863564
20	20	NaN
20	21	-1.1054769193405027
20	22	-0.2556765685780333
20	23	2.000231979462675
20	24	3.073582820401571
20	25	-0.3226419001623294
20	26	-0.039965998914876816
20	27	-0.43416614946152654
20	28	-2.9773432695843143
20	29	-0.37099370641092044
20	30	-1.6312867561511228
20	31	-1.8640079307149815
20	32	-3.3199862213760207
20	33	1.0896671654581187
20	34	-0.40808936353183456
20	35	1.8156245862101186
20	36	-1.3302488310971081
20	37	0.8678542746259853
20	38	0.5874988547638492
20	39	-0.6653448788841652
20	40	2.6075393394768063
20	41	-3.992292189096239
20	42	-2.4631177593063933
20	43	-3.4462613125215227
20	44	1.8544450777643005
20	45	-2.469271822884141
20	46	-0.9173550965063701
20	47	1.134948103659731
20	48	-2.537423942618373
20	49	1.8598857138584353
20	50	-3.48668508380618
20	51	-2.894900070708455
20	52	3.5579072638315066
20	53	2.308357779174301
20	54	-1.6379315575009907
20	55	2.7823728989997125
20	56	0.27616023994959005
20	57	1.937050337317838
20	58	0.43228779682410806
20	59	-1.076893722828902
20	60	0.2926208201914301
20	61	-2.440492304703993
20	62	1.2521189937173616
20	63	0.2481164835162753
20	64	2.830362234606457
20	65	-0.41086533688832433
20	66	0.196600201188344
20	67	-1.418365362591661
20	68	-1.2545966516680702
20	69	8.06524180293289
21	21	NaN
21	22	4.165668427800533
21	23	2.7590347833894366
21	24	-0.5985044108514876
21	25	5.528150297487476
21	26	-1.6811883412942727
21	27	1.012960992011376
21	28	2.396122116863432
21	29	0.9510863643342768
21	30	-0.47229759530217036
21	31	0.9388499570028891
21	32	0.5341909810459672
21	33	-1.650631998897231
21	34	1.5267198204927312
21	35	-0.30313076273590184
21	36	3.919067027482573
21	37	9.262627443367146
21	38	0.7362793844896995
21	39	-0.9924472293714424
21	40	-4.61323640126341
21	41	1.477012161885583
21	42	0.054103249155720144
21	43	-0.29610587835057345
21	44	-2.9561956425467377
21	45	2.1512831076154577
21	46	2.795361369962938
21	47	-2.6069903985995424
21	48	5.074174803012539
21	49	-2.7225061137528788
21	50	-0.6835997502729784
21	51	1.7498132419433052
21	52	-2.8344820828484396
21	53	-1.2632679256141333
21	54	-1.6007172235233549
21	55	1.0850173351238745
21	56	-2.3374671942801064
21	57	-0.481205585457346
21	58	-0.7093553219605989
21	59	-1.0579024712187932
21	60	-2.0280745758578624
21	61	-2.683182810296682
21	62	-0.009757591112645961
21	63	-3.104654720137397
21	64	0.38543766203097307
21	65	1.0254159141894652
21	66	-0.725976247626599
21	67	-0.35274262727856576
21	68	-1.4625280767351032
21	69	-2.13038505506457
22	22	NaN
22	23	5.7415295344196
22	24	-3.7402785277220616
22	25	3.7156549616793977
22	26	-0.6163554484771386
22	27	-0.6349723445543668
22	28	3.828565470817594
22	29	-2.090819088361374
22	30	-0.7082400033355518
22	31	0.6926366599818938
22	32	-1.329435477264142
22	33	-0.38156619066439335
22	34	0.6589979494423681
22	35	-1.8695800703262813
22	36	1.4773441420302382
22	37	0.7284209640607655
22	38	-1.7271978799459846
22	39	-1.9487272195999459
22	40	-3.37263327912411
22	41	-0.377148523798664
22	42	0.8397579817347967
22	43	1.9576823757356008
22	44	-3.5989883325877847
22	45	0.6709556921115685
22	46	2.5052607078700704
22	47	-2.663530127735407
22	48	-0.6698784217581143
22	49	-1.4899514336015793
22	50	0.20714344083312494
22	51	-2.472260788650922
22	52	-1.1078626406905865
22	53	-1.3925392706796687
22	54	-0.6744895231826541
22	55	-1.4875526797634904
22	56	-1.0789032641362326
22	57	-3.8239238686351444
22	58	0.7753976648313677
22	59	3.6016002740912065
22	60	1.2368705007674774
22	61	-0.35560991827833055
22	62	2.0534411364324616
22	63	0.16783687061868238
22	64	-0.008924180022886004
22	65	1.5875212861982744
22	66	5.956954046049389
22	67	0.5352936424499029
22	68	3.0640855954412833
22	69	-1.139414883264489
23	23	NaN
23	24	-0.7792882522491972
23	25	0.3683517138426637
23	26	-1.3141716665378704
23	27	-3.942906248291543
23	28	1.607505000852484
23	29	1.9603613011837966
23	30	1.7691724356744511
23	31	5.301575791574286
23	32	2.33852362544314
23	33	-3.466522170558073
23	34	1.230858863347823
23	35	-0.7140454380454658
23	36	-0.9031952426514847
23	37	0.39364838161594035
23	38	-1.6645279037484726
23	39	-0.9256536846695307
23	40	-1.9569717131676878
23	41	1.5162816261953103
23	42	1.380345409672949
23	43	3.5999338898377777
23	44	0.6414611695520918
23	45	1.0524389433825878
23	46	-1.0726247129400623
23	47	0.6438869755751294
23	48	-2.1644069404996116
23	49	-2.768671782162559
23	50	3.1083021567039513
23	51	2.688294077582004
23	52	-3.155008478490664
23	53	-1.2106371752353267
23	54	2.6463839094148334
23	55	-2.0876728042407167
23	56	-3.4229729345862747
23	57	-0.989089986784237
23	58	-0.24397932981624657
23	59	0.4076436916380553
23	60	0.43637069692877667
23	61	0.7714393788495781
23	62	-0.9575037420450805
23	63	-1.66957259573454
23	64	-2.568711717876909
23	65	2.2955396620212327
23	66	1.1257743721376539
23	67	2.6408837868143027
23	68	-1.5095023782434809
23	69	-1.4197194345903195
24	24	NaN
24	25	-1.392931591865268
24	26	-2.410773917067612
24	27	-0.9681582316444011
24	28	-1.449741284219834
24	29	1.6925245951264927
24	30	-1.7893604827453267
24	31	-2.7149239156210356
24	32	-0.9879632617981433
24	33	1.7583389484139753
24	34	-1.0650063259932923
24	35	1.859239341323801
24	36	-1.6310807421738898
24	37	1.0712072134883304
24	38	3.8214890187904955
24	39	1.9337379959290213
24	40	2.6960239159863884
24	41	0.23619501520564432
24	42	-3.8688570970710874
24	43	-2.467450460720141
24	44	2.1995768068904917
24	45	-2.636170680433314
24	46	-0.25490099884582834
24	47	2.535084726658867
24	48	0.054514501208452554
24	49	3.018759853541044
24	50	1.0672416748908045
24	51	-3.8277293545641546
24	52	3.021834800886021
24	53	0.8269847595869468
24	54	-0.4322843121143966
24	55	4.94996452322894
24	56	3.553896627242233
24	57	2.2034550750550483
24	58	-3.781625514778654
24	59	-0.5001612225131602
24	60	-4.008580343260544
24	61	0.8819032723269133
24	62	-0.43003660190851367
24	63	-0.1007979934511715
24	64	0.4038422144819122
24	65	-2.78903877950141
24	66	-3.781797578532843
24	67	0.10268106375439143
24	68	-1.1001187278712463
24	69	2.085213837960092
25	25	NaN
25	26	2.199921425595764
25	27	2.040485797831166
25	28	-2.0165661497222316
25	29	2.4405909054200414
25	30	0.53165757443581
25	31	-3.2264858443041766
25	32	-1.2240972910392653
25	33	0.8807469884473761
25	34	-3.590129689259333
25	35	-1.1320758581574821
25	36	1.548419515222366
25	37	-1.3350640730334458
25	38	-2.8510636221551793
25	39	-0.8431383163709681
25	40	-0.675903870589117
25	41	2.981744495595204
25	42	1.3043785581360685
25	43	1.4242431150501424
25	44	0.6192721299350256
25	45	0.9864341706499413
25	46	2.1716671110200996
25	47	-1.5483854222951794
25	48	0.8130840413020921
25	49	-0.4952202156147786
25	50	1.2854805972968906
25	51	0.6912014158367372
25	52	-2.0233363402695836
25	53	-0.8851223664435445
25	54	1.1474541971980206
25	55	-1.0003659032543126
25	56	0.8911628896109729
25	57	-2.2816640186783843
25	58	-0.16391508078169267
25	59	-0.2796433793560491
25	60	1.8603728216747215
25	61	-0.039514116055019574
25	62	1.32069316446272
25	63	-1.871629204911641
25	64	-0.43807170800097783
25	65	2.004219046752799
25	66	2.9405460759116435
25	67	-0.11334200093641461
25	68	0.10462328255462802
25	69	-0.26764995665159497
26	26	NaN
26	27	3.5082047256137447
26	28	2.4836618626572005
26	29	1.1012999908809753
26	30	36.79016782660363
26	31	-0.748238767140982
26	32	-0.5107744985357026
26	33	-2.658443699234061
26	34	1.484252340792075
26	35	-1.1708710387627779
26	36	-0.2721367632544546
26	37	-0.7129444674735353
26	38	-2.9824353064108475
26	39	-0.8224875315801521
26	40	0.5628874541310115
26	41	1.2468286201188523
26	42	1.8237044346861477
26	43	-1.1628788781852635
26	44	0.12258722965786911
26	45	1.5894350431710915
26	46	-0.9074962107698699
26	47	-2.006015138259589
26	48	-1.0498224652709731
26	49	-0.22757162963319816
26	50	1.2095358332061605
26	51	-0.2543224189310017
26	52	-1.3318826531981012
26	53	-3.9603684463553286
26	54	-0.8988227227320024
26	55	-1.5701671387646154
26	56	-0.740881446169586
26	57	-0.033441041130260744
26	58	-2.1707944138340634
26	59	-1.2652258459472183
26	60	0.2797152400812825
26	61	-4.651251961459189
26	62	1.7667362199002405
26	63	-0.30614116978919537
26	64	-0.5220518056302562
26	65	1.2015209232957487
26	66	-3.6086061708200687
26	67	-2.3547987256116407
26	68	0.11238765148919234
26	69	-2.461896335662196
27	27	NaN
27	28	1.9014128668935797
27	29	2.1586068531875835
27	30	-0.5490147942391052
27	31	28.33907204779022
27	32	1.4217090248509918
27	33	-0.8359346040046164
27	34	-0.05193472945058917
27	35	-1.1652198189419813
27	36	-0.29736623530358264
27	37	-0.5109166343802504
27	38	1.4253534766721085
27	39	0.8520075320521671
27	40	-3.866536158934236
27	41	-3.5509128613531824
27	42	2.501126691686704
27	43	-1.4618460489049117
27	44	-0.3792454982486636
27	45	0.8472050278172203
27	46	0.6194408771008266
27	47	-0.7546479237291425
27	48	1.5059915804778063
27	49	-2.3122487691844493
27	50	2.1174952420895106
27	51	0.5759068751007381
27	52	-2.1688336111450908
27	53	-2.039142791311172
27	54	0.6026967245511373
27	55	-4.024148563655573
27	56	0.9233517065774332
27	57	-3.407784292213855
27	58	1.0444210823587239
27	59	-0.34908286986785064
27	60	2.6184566555787394
27	61	1.3686347052848054
27	62	-3.868014630832366
27	63	0.377078513938956
27	64	-3.4360510458940814
27	65	-1.9412289387020074
27	66	-0.348646742089535
27	67	0.3666735760519156
27	68	0.5378812124539312
27	69	-3.3144575075912552
28	28	NaN
28	29	4.180941829193935
28	30	2.5405737981395333
28	31	3.8330256178682722
28	32	2.93647899132785
28	33	-3.439357231945488
28	34	1.9615562383236063
28	35	3.7572779247990375
28	36	-2.7981796471462657
28	37	-1.7641911016917737
28	38	-0.718083559290151
28	39	-3.463326727233303
28	40	-3.6189432110901736
28	41	0.5527713230128193
28	42	4.472804846311833
28	43	0.6518475125292931
28	44	-1.2057103335907071
28	45	0.05469409752702638
28	46	1.432235471844097
28	47	-1.6691907031194322
28	48	0.47348635936782674
28	49	-2.2207757136979906
28	50	-0.2867311940082219
28	51	-1.0150700983763203
28	52	1.1363508853307687
28	53	-2.8214555166603685
28	54	1.0980926906767725
28	55	-2.0396213253830098
28	56	-2.644494999341025
28	57	-0.14757571293226673
28	58	2.3408163741749437
28	59	-1.1194371799991019
28	60	5.681456404246459
28	61	-2.3853503317663396
28	62	-1.1620497267829766
28	63	0.5839619801624237
28	64	-0.4521436328933679
28	65	1.5362100605755449
28	66	2.470742940159285
28	67	-1.6613183742622255
28	68	0.6216893855478426
28	69	0.8128848051163124
29	29	NaN
29	30	1.5311471597932116
29	31	3.2624356258070035
29	32	-1.4623025866533292
29	33	-1.730147567926321
29	34	-1.8941360512402365
29	35	-2.1195910264085227
29	36	-1.5045097534143212
29	37	-2.906488153414222
29	38	-3.4635326995154085
29	39	-0.6060096803436716
29	40	0.18468377733747504
29	41	1.848601791781851
29	42	0.3723814183950766
29	43	0.6754878514672839
29	44	-2.1536234926202384
29	45	-0.542562820959594
29	46	1.1107555856518052
29	47	-1.1078012178726198
29	48	2.335805312682833
29	49	-1.7907632538211504
29	50	1.1261522486169104
29	51	-1.336784225800659
29	52	-2.526198765002177
29	53	-1.970095485638431
29	54	-2.64060041382726
29	55	-1.0834565601612678
29	56	-2.13778391866928
29	57	0.8900186139895397
29	58	1.7325648731880132
29	59	-1.2338419258148177
29	60	3.6938469565612944
29	61	1.8936310257547444
29	62	4.123477040083313
29	63	1.0072768976991324
29	64	-0.03548623543100271
29	65	0.23338747783401032
29	66	1.2820155613186475
29	67	2.623666738118719
29	68	3.2273123229965317
29	69	-1.6330641451913317
30	30	NaN
30	31	3.7312206712635927
30	32	0.6182660793409033
30	33	-1.3779087517858504
30	34	0.2888008660821459
30	35	0.2665293924841124
30	36	1.8240606040471308
30	37	-0.7071645509430762
30	38	0.7440340048688994
30	39	-1.891063221789258
30	40	-2.1233146696592358
30	41	-0.286300317359784
30	42	1.416984499779022
30	43	3.269628165217575
30	44	-4.136185094120244
30	45	3.2269802017963705
30	46	4.654407979677783
30	47	-1.220537260655019
30	48	0.7896952057903491
30	49	-1.4790482762451644
30	50	1.735923502686846
30	51	3.030156456941727
30	52	-3.837471030926378
30	53	-0.3968561961874491
30	54	-2.087537767532229
30	55	-1.391163354223181
30	56	-1.3250584505788998
30	57	-1.3020796724713124
30	58	-0.23171067070015233
30	59	-2.0530647939699476
30	60	4.242896354948476
30	61	-1.3217773743795114
30	62	-0.4561060226474284
30	63	0.5190627823701425
30	64	-1.3605148554338427
30	65	-1.5152076474048377
30	66	-1.2173617413018578
30	67	0.8167590325247017
30	68	1.1072466545058013
30	69	-2.447195549147917
31	31	NaN
31	32	2.4022778221687853
31	33	-1.8108846143960315
31	34	-2.239664756332842
31	35	-2.8273697045203856
31	36	1.8296711248888844
31	37	-3.474879986450633
31	38	-0.04597333145709492
31	39	-3.2914364839734342
31	40	-1.1056725128979512
31	41	4.223654358855159
31	42	0.5460548944019109
31	43	4.118214842088994
31	44	-2.540589064011514
31	45	0.8412749260068967
31	46	2.07852263020843
31	47	-3.546377297834272
31	48	1.204005114297702
31	49	-2.129768232961679
31	50	1.037559601218315
31	51	-0.5120773336676727
31	52	-2.2678696078626497
31	53	-6.489274799187105
31	54	1.1383807362780747
31	55	-4.3187660982718565
31	56	-1.056579137244256
31	57	-2.690148728351237
31	58	4.708808837633826
31	59	-1.8206062383728714
31	60	3.332140465828097
31	61	-0.07340325706086559
31	62	1.6975447873845306
31	63	-0.14461669313136827
31	64	0.6098237023958211
31	65	1.291467182997374
31	66	-2.1501739355503537
31	67	-0.6567444320736273
31	68	2.239362545933606
31	69	-1.2825787767648742
32	32	NaN
32	33	-1.2596460789971577
32	34	3.045655128816214
32	35	1.2885292036606768
32	36	2.8730507810717043
32	37	2.165882015222971
32	38	-1.4520654775790434
32	39	-0.02844743325377331
32	40	-4.08569804720444
32	41	3.9988113433600208
32	42	-1.2314333691403516
32	43	0.03741371234871694
32	44	-1.2265304809601711
32	45	1.7519946876260497
32	46	0.7579908467512932
32	47	-0.859894912100494
32	48	-1.0253434611971526
32	49	-2.778808044387995
32	50	-0.8827175529303931
32	51	1.8354172253630239
32	52	-2.2797262433310728
32	53	-0.3946616142586634
32	54	1.1241301319992014
32	55	0.35776532548320905
32	56	-0.34466192462580736
32	57	-1.1911691322389257
32	58	-0.8305055270944
32	59	-0.8809630859961939
32	60	1.00638690671844
32	61	1.2334128829575903
32	62	2.655695140191043
32	63	3.8808194457450638
32	64	-1.383245690770486
32	65	3.9981086768967353
32	66	0.4335132117325681
32	67	-0.27776681915540224
32	68	2.4386864304484503
32	69	-0.882213397088067
33	33	NaN
33	34	0.5589051292041939
33	35	2.802853943678652
33	36	-2.111668014464312
33	37	0.6299970187170002
33	38	1.9455700703908692
33	39	-0.3659886947542365
33	40	2.2127543048425777
33	41	-0.7970160112779021
33	42	-1.086240407185087
33	43	-0.6331594906824991
33	44	1.0324841040791426
33	45	-2.738168600717506
33	46	-1.3860678012032899
33	47	1.0720918480918662
33	48	-4.287173191638952
33	49	1.6242906938243125
33	50	-0.9434451459924615
33	51	-0.311915915447607
33	52	3.437638595471565
33	53	1.8387750816172335
33	54	1.07557441340543
33	55	1.700507613028956
33	56	0.18820423227269864
33	57	1.4918720094968534
33	58	0.6806241553678917
33	59	3.0512600548147666
33	60	-0.23831252600876582
33	61	-2.577007916245563
33	62	-2.5099325374542025
33	63	-0.4686103281068447
33	64	1.3228590094326564
33	65	0.994212355710422
33	66	-0.34322606345072754
33	67	0.6951558796575577
33	68	-0.10931216031817324
33	69	1.412481762368467
34	34	NaN
34	35	-1.0554043021231954
34	36	0.6471866258762277
34	37	-1.9989747158623363
34	38	-1.893889096058619
34	39	-3.1520761572413925
34	40	-2.6778638422333905
34	41	-3.4797013551967035
34	42	0.5958191724206773
34	43	1.2542542631791926
34	44	0.30114369924034
34	45	-0.2743638353682094
34	46	-2.5008254799623044
34	47	-3.2771949353152565
34	48	-2.3128839248550204
34	49	-2.2548363783717638
34	50	-1.5512444916344443
34	51	7.80901163361929
34	52	-3.7352539961328306
34	53	0.22792385122945927
34	54	0.8192306196163148
34	55	0.7304238917052996
34	56	-1.52315890319451
34	57	0.1608420446333935
34	58	0.9537624246556269
34	59	-4.244133601841115
34	60	-0.10003017893737097
34	61	-2.6508738952127464
34	62	3.106909333058616
34	63	-1.5669205342069508
34	64	1.5490028545428367
34	65	1.9334888399642132
34	66	1.6815618602914746
34	67	-1.1767885920578618
34	68	1.552870299685929
34	69	0.5126745748685276
35	35	NaN
35	36	-1.7973751067280563
35	37	1.5196050821758404
35	38	1.4827429315303353
35	39	-0.914611389951255
35	40	1.9698887444653401
35	41	0.631689658674623
35	42	-2.4580556841349996
35	43	-2.634250980090333
35	44	1.6308380370998516
35	45	-0.21897219739736073
35	46	0.11462330478081767
35	47	2.8788334100165494
35	48	-0.7952478395549077
35	49	2.042254537458898
35	50	-2.4716001222983994
35	51	-2.468518507820429
35	52	1.8210684983093453
35	53	1.6283615431928367
35	54	-3.0196894047546694
35	55	2.2016603330522617
35	56	0.9693267245746654
35	57	2.4148480445343465
35	58	-0.6702150501991184
35	59	-0.5459445598576207
35	60	-1.1044434697628598
35	61	-0.1180436909418177
35	62	-2.2223123861120073
35	63	0.010848382458729907
35	64	0.9537446557328799
35	65	-2.479177143441954
35	66	-0.7686323262924151
35	67	-1.6352683559507362
35	68	0.6010596178916443
35	69	-0.9712721785994738
36	36	NaN
36	37	0.9266289784122357
36	38	-2.5151371984247786
36	39	-0.6544955030593661
36	40	-1.4757216293333582
36	41	0.2782037247940729
36	42	1.3661970421398895
36	43	-0.47061870778722287
36	44	-1.2767589096647796
36	45	2.7968892402346643
36	46	2.676318019906457
36	47	-1.5723642171904304
36	48	2.866431140336413
36	49	-2.201919350666528
36	50	1.5135696359256683
36	51	0.5982469664581266
36	52	-0.31036500864712685
36	53	-2.6769853959379315
36	54	-1.2360877241221901
36	55	-1.2667312277545484
36	56	-2.9026222816266594
36	57	-1.3747508153024084
36	58	-0.5820217254298792
36	59	0.9436742805242643
36	60	3.2092535471151233
36	61	0.37102117667028384
36	62	1.534591039461882
36	63	-0.6388104571075068
36	64	0.128458008045742
36	65	2.075470479890758
36	66	0.1297471813283699
36	67	1.6390775487313292
36	68	1.0791914419226416
36	69	-1.1964992252972013
37	37	NaN
37	38	1.7289036716487944
37	39	-0.6466291899652542
37	40	0.6923972280940465
37	41	-0.597004814250837
37	42	-1.629874082539112
37	43	-3.36625669033228
37	44	1.3430383616930914
37	45	-0.911339251418942
37	46	-2.7524172095556074
37	47	0.3006292549267701
37	48	-1.397529325923556
37	49	1.0610658882478445
37	50	0.4376643922523071
37	51	-1.923494482565366
37	52	2.664005354890477
37	53	-0.614901380695244
37	54	1.5174212433147471
37	55	-0.41233544727569615
37	56	1.5143686020876037
37	57	0.062427428084571725
37	58	-2.0826350982474557
37	59	0.5140506820468568
37	60	-1.0805877764972192
37	61	-1.9575102884993514
37	62	-1.279984915101994
37	63	-1.1905061422953993
37	64	1.1300251460378956
37	65	-0.8470869511961208
37	66	-0.13228394778041183
37	67	-0.34146013303540723
37	68	1.3814055050658964
37	69	0.7008397861148716
38	38	NaN
38	39	1.7524099955344792
38	40	1.837902743673137
38	41	-0.6358193518217817
38	42	-1.4121758565277363
38	43	4.700166392434821
38	44	0.3574284622134546
38	45	-2.8824637292167044
38	46	-2.642797060491719
38	47	1.4413886785938996
38	48	-1.8916562810713726
38	49	0.9498921105831195
38	50	-0.6886832953821774
38	51	1.4748403400131371
38	52	1.37484808114572
38	53	-0.06268117896552326
38	54	-1.5690179449402168
38	55	3.1031881495468117
38	56	1.9686520019573266
38	57	2.7263991258351017
38	58	-1.8532603496921816
38	59	0.023669036756495437
38	60	-1.454392645957363
38	61	-3.341594816641309
38	62	-0.6626751274122065
38	63	-0.6501284888153818
38	64	0.8465297059081562
38	65	-0.4939147935483918
38	66	-2.8161503305216593
38	67	-1.7419384811925482
38	68	-2.1791951956816864
38	69	0.8877042166708181
39	39	NaN
39	40	-0.5005463092783419
39	41	3.1693354622920795
39	42	1.561271656270957
39	43	31.517816786137224
39	44	0.6164668563055545
39	45	-2.472606565979605
39	46	0.15699028664614195
39	47	-1.1021101713162893
39	48	0.7682531454269944
39	49	-0.31278965696821187
39	50	1.746547271870194
39	51	0.7907140535454875
39	52	0.6208384035431188
39	53	-0.8952974583707135
39	54	0.9111866366022287
39	55	-0.4933504798854619
39	56	-2.179427717903449
39	57	-0.5155093439192961
39	58	-1.2412884252487606
39	59	-1.0186682970943794
39	60	-1.438095930321412
39	61	1.5771339753402052
39	62	-2.0876819706463015
39	63	2.4820071177634895
39	64	-0.5259820796737937
39	65	-1.169211293209138
39	66	0.30537199498583933
39	67	-2.6970053784786985
39	68	0.33468646015531395
39	69	-0.3442950474595634
40	40	NaN
40	41	2.996526463527832
40	42	0.9244021206176484
40	43	-2.3986357159461895
40	44	3.181006192106813
40	45	-1.378805212967545
40	46	-1.4402748211394245
40	47	1.803847849144742
40	48	0.09923051977600657
40	49	4.609554861942701
40	50	-0.41893838094129315
40	51	-2.1621580942267484
40	52	3.8471774251600563
40	53	4.348008935149465
40	54	-1.4077734028509656
40	55	2.823002043840429
40	56	0.7391731934603802
40	57	1.2965860605259036
40	58	-1.9109190372227012
40	59	-0.34881725315718615
40	60	-1.2699108499576481
40	61	-1.5226646001629325
40	62	0.3132951880416016
40	63	-1.5274587942127982
40	64	1.4132253182124255
40	65	-2.0049642112251007
40	66	-1.9268990012251168
40	67	-0.8934752086710448
40	68	-1.5957587847416492
40	69	2.927646446859519
41	41	NaN
41	42	1.2854792295506254
41	43	0.2712903030981895
41	44	-1.4163579352478413
41	45	-0.21650179617406964
41	46	0.5546779491259944
41	47	-0.9804528983446051
41	48	-1.4989214797020733
41	49	-1.4205442519781226
41	50	3.6905028699643654
41	51	1.3811084145777646
41	52	-0.6511822559771406
41	53	1.17524923760867
41	54	-0.30814729609225716
41	55	-0.19647019436615304
41	56	-2.4898998324356807
41	57	-4.800569096494274
41	58	-2.634099216166991
41	59	1.1931898409960806
41	60	4.149851764590594
41	61	0.43821242879192523
41	62	5.333660983546681
41	63	-2.091874684454358
41	64	-2.686715049897152
41	65	1.4825199829723443
41	66	0.9868168602564498
41	67	0.6747229491332634
41	68	0.7212116146566081
41	69	-1.5290991972771915
42	42	NaN
42	43	2.4977565380381552
42	44	-1.510534951069258
42	45	-0.4259364285827626
42	46	1.4047202796563103
42	47	-2.6855728140608037
42	48	-0.9027203301036364
42	49	-2.3248988614369646
42	50	1.5195290724244928
42	51	0.8678262671091334
42	52	-1.6288730384130872
42	53	-2.8380187547088744
42	54	4.1704613827589005
42	55	-3.1655238911103822
42	56	-3.7756551265317535
42	57	-1.9987908690853173
42	58	-0.6561015546126795
42	59	0.3376989841283671
42	60	-0.4783896940758028
42	61	1.4340778781384789
42	62	2.8513512104960377
42	63	1.7068116941313023
42	64	-0.6120168042464769
42	65	0.4356691672402239
42	66	0.9358839420606236
42	67	4.601558632486245
42	68	1.807502608419133
42	69	-0.5461414074662068
43	43	NaN
43	44	0.9098325881461419
43	45	-0.4075747326202112
43	46	-1.7725688322763955
43	47	-2.866495963217256
43	48	1.2270964487749791
43	49	-1.894659919011174
43	50	-2.959470963785903
43	51	2.1717501538324817
43	52	0.8516918633411252
43	53	-3.492842207291817
43	54	-5.125877119297223
43	55	-1.0771776419165136
43	56	-2.2369079518739916
43	57	-0.650287911032562
43	58	-3.0755303438043966
43	59	-1.1664245171778285
43	60	0.5832803657062772
43	61	0.3896409243425476
43	62	0.04659668938943902
43	63	-2.6428319836652707
43	64	-2.287814986089946
43	65	-0.8077448831403676
43	66	0.9110414307010404
43	67	1.9115947436391907
43	68	-0.8707310236773008
43	69	-1.9671145509980992
44	44	NaN
44	45	0.21567403706109833
44	46	-2.3910292468171837
44	47	1.384678949174111
44	48	0.4146082124315244
44	49	4.125201266127786
44	50	-2.036798096269304
44	51	-0.515870431590953
44	52	2.7585118254528087
44	53	0.2701259042416318
44	54	-1.4408807446815926
44	55	2.9991120111037306
44	56	0.6618500968248792
44	57	0.7834302932232845
44	58	-1.1707793221859712
44	59	1.7249917565683166
44	60	-1.837594592715424
44	61	0.25352099895852986
44	62	-1.9030130724904655
44	63	-1.3242071936836004
44	64	0.894062009924688
44	65	-1.8175182454919647
44	66	-1.1152166413861384
44	67	-1.205159274485186
44	68	-0.2436395782389163
44	69	0.5243791285744526
45	45	NaN
45	46	1.1555573244099524
45	47	-0.36781926817020977
45	48	6.478671879568125
45	49	-2.5613145811010902
45	50	2.051896657788455
45	51	0.6222195763856216
45	52	-0.507727389538232
45	53	-2.0416520119445467
45	54	-0.6321428313669037
45	55	-1.4979504192931312
45	56	-2.5865151749630066
45	57	-1.0445043036456314
45	58	1.4784839426810434
45	59	-1.2732280593937522
45	60	1.0617585531456946
45	61	-1.523779040491025
45	62	0.3952822055611886
45	63	0.6317925887029092
45	64	-1.3487650691836166
45	65	0.16084214891975626
45	66	0.8602422872406204
45	67	2.2333675617466455
45	68	2.6013603326074244
45	69	-0.8902785848996494
46	46	NaN
46	47	-1.5426235697074204
46	48	6.522793639072642
46	49	-3.2295608623365886
46	50	-1.149407929186622
46	51	-1.4813339398478111
46	52	-2.479676756923614
46	53	0.23991498150349036
46	54	-2.9640735086409995
46	55	0.9320959520817839
46	56	0.12542667004130284
46	57	1.673195528610596
46	58	-0.04312421274876235
46	59	1.846406665870763
46	60	-1.7823922528257525
46	61	3.100491703282629
46	62	0.9677874440270359
46	63	-0.809068022398611
46	64	-2.579414300020982
46	65	0.8345657969858661
46	66	-1.032831951102407
46	67	-0.4152562582914793
46	68	0.1421775060375797
46	69	-1.0739942611131834
47	47	NaN
47	48	-2.7772351777470585
47	49	2.0900181866414433
47	50	0.7004711440509971
47	51	-0.7468308683263258
47	52	2.9391458606239236
47	53	0.799575905312008
47	54	-0.380170278309875
47	55	3.060117760329518
47	56	2.9413710199931895
47	57	1.5075544225604949
47	58	9.917561127913945
47	59	-1.4824594324270277
47	60	-1.7551018916040675
47	61	-0.6050829388950857
47	62	-3.286078572334369
47	63	5.121479349805684
47	64	0.7331532254526337
47	65	0.2371084074564785
47	66	-1.0503993195074735
47	67	-1.0662379253650252
47	68	-1.6031426533765258
47	69	0.8363622662192174
48	48	NaN
48	49	-2.722066878212923
48	50	1.401920734460086
48	51	0.11023716242861065
48	52	-1.5144473292432372
48	53	-0.12240608664937992
48	54	-2.884752608269463
48	55	-1.1841076839253206
48	56	-0.889123974440286
48	57	0.17935436878208158
48	58	-1.0725138029517298
48	59	1.5651145805001243
48	60	2.7974850787509156
48	61	3.635148552367095
48	62	-2.064804378121701
48	63	1.1115354409529627
48	64	3.3275639945532087
48	65	2.8349307263130474
48	66	5.84055956769513
48	67	1.2477420367031649
48	68	-4.048301303200161
48	69	-0.9959738501879928
49	49	NaN
49	50	-1.0898458374978375
49	51	-1.846656979892048
49	52	2.6460512155010463
49	53	0.25000563646704543
49	54	4.085484997319779
49	55	3.085102667173377
49	56	1.5164784042986468
49	57	4.687384294254593
49	58	-2.392243391029105
49	59	-1.3685710792365755
49	60	-1.664535455299157
49	61	-0.6113982108271709
49	62	-1.1287585907681805
49	63	-0.8876013534474987
49	64	2.0915164174367376
49	65	-1.0405951124299226
49	66	-1.376430387026396
49	67	-2.2283978265243256
49	68	1.0820180068133443
49	69	0.7958276479209839
50	50	NaN
50	51	4.69144095345795
50	52	-1.2550858093162758
50	53	-1.2987273261501389
50	54	0.2389685260842184
50	55	-1.485452074241539
50	56	1.4644650819727631
50	57	-1.4611242094452659
50	58	-0.9706172433944463
50	59	2.380553860613706
50	60	3.7792724015364803
50	61	0.3884122807699352
50	62	1.4739706468200986
50	63	0.40370674498536147
50	64	0.3150741265960712
50	65	-2.3951208120181304
50	66	-0.3659651096102217
50	67	1.3889406237764275
50	68	2.3140381778694454
50	69	-3.4601733341107757
51	51	NaN
51	52	-0.8416829137475906
51	53	-1.3359165767845054
51	54	0.63363616803411
51	55	-1.6782741557011354
51	56	-1.6417642168452269
51	57	0.2077928143178267
51	58	0.9267184252861739
51	59	-0.41139376365825303
51	60	-1.8104721120790237
51	61	2.8829711580989468
51	62	-0.3244177902375727
51	63	2.4426430886291985
51	64	-1.6724332777188555
51	65	2.9179566266342087
51	66	1.5605812645227959
51	67	1.5696652630807162
51	68	3.970963562234473
51	69	-0.5951769798205322
52	52	NaN
52	53	3.087461201468012
52	54	2.048035535644796
52	55	2.3109409537277323
52	56	1.6286373534632734
52	57	2.992645387360616
52	58	-1.2273696816960653
52	59	-0.8608105240904161
52	60	-2.1569737856313083
52	61	0.0507730001202969
52	62	-3.0995234807250145
52	63	-0.039183803181090576
52	64	0.15918380022524006
52	65	-1.2246042259995458
52	66	-1.2163076187442021
52	67	-2.4455941588570513
52	68	-1.0772071954589013
52	69	2.2913777523224503
53	53	NaN
53	54	1.218637603524616
53	55	4.351944220642196
53	56	2.130037270578147
53	57	1.3332165250285548
53	58	-0.35782494061801173
53	59	-0.07472698558273534
53	60	-4.891652031888334
53	61	-2.5551414960561614
53	62	-0.1339467070896718
53	63	0.949831409341128
53	64	0.5635041510155256
53	65	1.2420569188838404
53	66	-1.6334629200679187
53	67	-1.3742646000173646
53	68	1.1374332099096784
53	69	1.9594061002141387
54	54	NaN
54	55	-0.2437299805803062
54	56	1.287579725001447
54	57	0.49689317806095235
54	58	0.07211038036500703
54	59	-2.953280883851425
54	60	-0.01512804611845321
54	61	-0.04154001231477021
54	62	0.9920118911621486
54	63	-1.8753237776419769
54	64	-1.6363154770989479
54	65	1.8352321307347144
54	66	0.21113916295544588
54	67	15.325715677988072
54	68	0.6058871040184037
54	69	-0.5337698506161548
55	55	NaN
55	56	0.960496746620392
55	57	5.162282135326065
55	58	-2.085559097558094
55	59	1.6779979727401122
55	60	-2.0255802742084343
55	61	-0.8859473013363609
55	62	0.15463728899504672
55	63	0.7270128509846436
55	64	3.8205976323128943
55	65	-3.641456318319512
55	66	-0.08667334043297527
55	67	-1.5472846463030654
55	68	-2.380114379273403
55	69	2.127401186079334
56	56	NaN
56	57	0.4685642878192584
56	58	0.3315681989651904
56	59	-1.3102841163147634
56	60	-1.6020097198459753
56	61	-0.7851549268257823
56	62	-1.9145174636437392
56	63	0.6804450521507919
56	64	0.996104770390759
56	65	-0.33765049888375287
56	66	-0.435048842237298
56	67	16.022050978613912
56	68	0.2700356089120782
56	69	1.227021255366757
57	57	NaN
57	58	-0.3340663152682067
57	59	-0.7507595272495223
57	60	-3.68859306729821
57	61	-0.24726340571913352
57	62	-0.6034903006392219
57	63	-1.2276580296206319
57	64	2.9198520719861665
57	65	-1.8250230769936064
57	66	-0.2959822479555588
57	67	0.6160251154149361
57	68	-1.8443476095937499
57	69	1.3116256980103087
58	58	NaN
58	59	-1.624893407550434
58	60	1.1151290488103667
58	61	1.240204969547241
58	62	-2.031393854447911
58	63	18.47893708165873
58	64	4.174654185613203
58	65	-1.8174771333070325
58	66	-0.9304360705538613
58	67	0.30738614398557185
58	68	0.531272753181616
58	69	-2.7825937259634546
59	59	NaN
59	60	-0.6109927222066145
59	61	2.465179065565735
59	62	-1.9632248004567159
59	63	-1.1784132985631077
59	64	-0.44805003570468227
59	65	-2.2709160885084816
59	66	-1.0063756862944804
59	67	-4.175927003305955
59	68	-0.23416892668124967
59	69	1.5785596666632362
60	60	NaN
60	61	2.492710373115686
60	62	-0.28428523610352274
60	63	-2.3757047248106384
60	64	-1.9574650506095304
60	65	-2.935125692836932
60	66	1.704676969269691
60	67	0.999257819211025
60	68	0.6712387810184377
60	69	1.3050087357230549
61	61	NaN
61	62	4.261167614704901
61	63	-1.5481598599443092
61	64	1.4461246647411927
61	65	-1.69010485358601
61	66	-0.18237917257925312
61	67	-1.8142927370437456
61	68	1.8247008552502004
61	69	-1.7703944788618657
62	62	NaN
62	63	3.4653246344421578
62	64	-0.930801490363963
62	65	0.2265734606104463
62	66	1.589414052544611
62	67	0.43738040410743
62	68	1.356191724088372
62	69	-1.1202848433503907
63	63	NaN
63	64	0.6098911854341795
63	65	1.3685795433747294
63	66	-1.4498474403906148
63	67	-3.8683354887578676
63	68	-3.5013549752068167
63	69	1.3158606215128839
64	64	NaN
64	65	-1.46808495817156
64	66	-0.1794929073576849
64	67	0.14238182969527696
64	68	-1.710249739383732
64	69	0.11601729650232487
65	65	NaN
65	66	0.7595349128503501
65	67	-0.46577411667747637
65	68	2.653383866559112
65	69	-1.391833116304387
66	66	NaN
66	67	3.093010996126275
66	68	2.8512845438062584
66	69	-0.5232393710483586
67	67	NaN
67	68	-0.2227824643718052
67	69	-2.4110381817887454
68	68	NaN
68	69	-1.800441728369191
69	69	NaN
