1	1	NaN
1	2	-3.2141710635980907
1	3	-0.34770326426542547
1	4	-0.4274473262475976
1	5	4.076459342454844
1	6	-1.7550045634534037
1	7	1.9972610576757446
1	8	-1.4078648027200902
1	9	-0.19173354753875052
1	10	-1.6346241099620549
1	11	4.857073972960829
1	12	-0.09667567990397154
1	13	-0.9966875723981627
1	14	-2.446688549255057
1	15	0.09431455971356838
1	16	1.2008473216632094
1	17	-1.1171424001072086
1	18	0.06200095561917297
1	19	-0.9315033824620503
1	20	-3.9693908406711467
1	21	-3.4825179854245376
1	22	1.3448550158958619
1	23	0.7410381363241486
1	24	-2.701339716184464
1	25	-3.2350409879105735
1	26	1.155649765080317
1	27	-1.2739108210074515
1	28	-3.2971016968997247
1	29	-1.439247230250536
1	30	0.8780710803977868
1	31	-3.038591733929349
1	32	1.749030728419517
1	33	-0.14082394678245239
1	34	1.1819352817925028
1	35	-0.7038692285809489
1	36	-0.5097580330122882
1	37	-1.6456862929138627
1	38	0.36881540512854316
1	39	-3.6878566472207566
1	40	-1.8981691847706188
1	41	-2.3491928883659057
1	42	1.4912934418419788
1	43	2.14059063477652
1	44	-0.166713106848932
1	45	-1.5579760662534095
1	46	-0.2915060463549934
1	47	-2.610770613070857
1	48	0.08218100928055301
1	49	0.5482870661702989
1	50	-0.10644416271383873
1	51	-2.5530929709705523
1	52	-2.0235218061542293
1	53	-1.6983285360488474
1	54	-0.9489207606107649
1	55	0.3481478898777658
1	56	-1.1502510543723297
1	57	-0.8230934607935229
1	58	39.369273758819475
1	59	-2.7549566456259607
1	60	0.3948728564977469
1	61	-2.1488110601379793
1	62	-0.9765275692885148
1	63	0.29295698160431083
1	64	1.71571537282221
1	65	-1.8762433704174741
1	66	1.8197731795622387
1	67	3.4599090912372152
1	68	0.4172219734463498
1	69	1.2760401319394006
2	2	NaN
2	3	-0.33297687242062307
2	4	0.933052259384873
2	5	2.300764365515813
2	6	-3.262948270449704
2	7	1.9822352607183022
2	8	0.322548035504707
2	9	-1.580755262025617
2	10	-0.9938138429802246
2	11	2.3517258003441888
2	12	-3.16768167498561
2	13	0.033738554328052915
2	14	1.9070825073996562
2	15	0.7831991184819447
2	16	0.9758424248619916
2	17	-0.4050421954873669
2	18	1.2147853513246725
2	19	-0.12896878315864846
2	20	-2.484669894638513
2	21	0.5319739692150288
2	22	0.8110150048561027
2	23	1.5178855147494732
2	24	-3.8367525268723823
2	25	0.6437526903525072
2	26	-0.3394973142058969
2	27	-2.7311515120163534
2	28	-1.7743790910312225
2	29	0.3254774840247231
2	30	-3.081248676783957
2	31	0.7406232000359165
2	32	2.8558626201122337
2	33	0.858368432873794
2	34	0.8319077198192213
2	35	-2.6509019040178856
2	36	-3.003464221895244
2	37	-2.211169234474587
2	38	-3.9251494608046866
2	39	-0.7845495815186008
2	40	-4.530850877457817
2	41	-1.006723104299506
2	42	2.5952376216956745
2	43	3.4419498411942504
2	44	-3.2880540304812076
2	45	0.18556897205548295
2	46	-0.7204625150396554
2	47	-3.357893206545826
2	48	1.4974376001824432
2	49	-1.211175441040397
2	50	-1.5289307023098253
2	51	-0.09072518172224668
2	52	-1.0559968085446858
2	53	-0.9902732300081877
2	54	3.067690544742487
2	55	-0.2567692720779899
2	56	-2.5836442812104345
2	57	-0.5204806229632281
2	58	3.5263050745577154
2	59	-2.2758023645325034
2	60	12.781034672623948
2	61	2.365536838057042
2	62	3.38651158212944
2	63	3.269475309636444
2	64	5.5858346639441265
2	65	-0.6515419803773111
2	66	3.9634689806389702
2	67	-0.3848819026910169
2	68	2.36455035695692
2	69	-0.2599997632196954
3	3	NaN
3	4	0.35583913123138056
3	5	1.6932533465351214
3	6	-3.1513276135681836
3	7	-1.5402259396048275
3	8	-2.322331998520161
3	9	-1.3813685293510303
3	10	-1.2279168958532705
3	11	0.37902915856964314
3	12	0.046861888275278214
3	13	1.3171668142519508
3	14	0.6753746523966292
3	15	-0.5249547703719015
3	16	0.4840282579779833
3	17	-1.6242214282393943
3	18	0.4411057370282989
3	19	-0.6516825176582468
3	20	0.18255994401424055
3	21	-1.8971994077206138
3	22	1.169729745989332
3	23	2.847524189786379
3	24	-3.8777745658978855
3	25	2.463344153625867
3	26	0.21743812646183056
3	27	-1.255241074162336
3	28	1.4716775416141668
3	29	0.6919560588872594
3	30	0.26007713727739196
3	31	1.293478428750349
3	32	0.018280717142626794
3	33	-0.38585838664234134
3	34	0.8675726837063555
3	35	-1.1573798553755963
3	36	2.244508946498078
3	37	0.2542778860863499
3	38	-1.7929256968015919
3	39	-1.6374962086932077
3	40	-0.7680714015200459
3	41	-1.3034631041142832
3	42	0.13585486191065546
3	43	4.150625518814732
3	44	-0.6539731348565703
3	45	1.3233459947211157
3	46	0.956517161096828
3	47	-1.6930363923989225
3	48	1.397008711610774
3	49	-2.191295991058113
3	50	-1.8335770469339323
3	51	1.4982154450888023
3	52	0.19878091736835182
3	53	-0.03103142905802366
3	54	0.38705532249361296
3	55	-3.487293096855819
3	56	-0.2253447128939777
3	57	-0.47786911074030897
3	58	-6.303122497242777
3	59	-0.9230372570313278
3	60	-1.9643005090784595
3	61	0.968392682430958
3	62	0.5132278467355958
3	63	1.969275553293445
3	64	-0.7560648905267909
3	65	1.9584745633103027
3	66	3.2210049459057157
3	67	3.9866666939170554
3	68	1.9235018600597487
3	69	3.3227190540525995
4	4	NaN
4	5	-1.9650062874008898
4	6	-0.31277854252145143
4	7	-2.577984712407562
4	8	-1.1952695228319759
4	9	-5.50510054545765
4	10	-1.5020141265466467
4	11	-1.109962203158983
4	12	1.3931947412936307
4	13	-0.04902597860179992
4	14	0.24300651858975805
4	15	2.4820093306373314
4	16	0.8485663452059021
4	17	-2.5589752133085604
4	18	0.7041289577534465
4	19	1.4104388716418366
4	20	-2.34764836218467
4	21	-2.221152104147489
4	22	-2.094423265848022
4	23	-1.0088396430334547
4	24	-1.526012607903516
4	25	0.4012748356426123
4	26	-4.476741570370557
4	27	-0.6099307641677332
4	28	-1.8494035352674472
4	29	-0.7580567609179861
4	30	2.9852562256299064
4	31	2.1172474530103997
4	32	1.8485571000496681
4	33	8.971624743274292
4	34	-0.7614329047957219
4	35	-1.4181497053913692
4	36	-1.2820426553446769
4	37	-1.267041072389426
4	38	-1.423805692584056
4	39	-2.9530500827539385
4	40	-1.2200643098256116
4	41	-2.8824913635251317
4	42	-0.8741523228875178
4	43	2.1526901904570424
4	44	-1.6175181570362172
4	45	1.9030277222973857
4	46	0.5501408655480032
4	47	-3.438862486952401
4	48	-1.399452967588171
4	49	-0.9971498359268777
4	50	0.5735060093214143
4	51	1.4637435953290434
4	52	-0.5576976755067871
4	53	-0.41383035703585924
4	54	-1.0344592163367017
4	55	-2.5513014763487942
4	56	-1.2301847404425228
4	57	-1.543642529396033
4	58	0.8235207501928151
4	59	0.740910222556627
4	60	19.59278522941755
4	61	-0.6878203058383865
4	62	-0.3243633422495178
4	63	0.7248243777732502
4	64	1.9263245612043194
4	65	-0.2596675807735052
4	66	0.5364240109271818
4	67	4.109121690502196
4	68	3.0064985645077407
4	69	1.7573017475414519
5	5	NaN
5	6	1.5322609590268759
5	7	0.9259876243632575
5	8	-2.2511602247640834
5	9	-1.2101249301772685
5	10	-0.8924839029536273
5	11	-0.34313568175233966
5	12	2.1617609544915064
5	13	1.5091132870415336
5	14	-1.1712943065697576
5	15	0.6212798009491496
5	16	0.5447200928219167
5	17	-0.6402234144653032
5	18	3.993003464603864
5	19	1.2218206384494044
5	20	-0.6990525412830236
5	21	-1.0630756974034818
5	22	0.1104832307570817
5	23	-0.15819411625501675
5	24	-3.026890879087772
5	25	4.049582803762973
5	26	1.3867660731424611
5	27	-0.18570403848894132
5	28	1.947438160587539
5	29	-0.21020745004822142
5	30	1.4032706575841936
5	31	-1.4014541396389069
5	32	-3.2353193875434223
5	33	-0.9806662664447544
5	34	5.624519448479871
5	35	-1.0374515108844193
5	36	1.9153385942206251
5	37	-2.9123347996235425
5	38	-1.3381844098888187
5	39	-5.751985224779251
5	40	-3.3465866748197337
5	41	3.1349543210582422
5	42	1.1426695833077798
5	43	-2.849971092629595
5	44	-3.5121398639765506
5	45	2.1890981335017647
5	46	1.3552459004388895
5	47	-1.7914389970805389
5	48	0.5593923524515245
5	49	-0.8701855152508131
5	50	1.5733317771514295
5	51	2.376448915242316
5	52	-2.7310325972085394
5	53	-1.7762419197841297
5	54	1.0208123209662425
5	55	-2.2777841459595853
5	56	-3.396758304864705
5	57	-1.0415059297954672
5	58	3.204422086130076
5	59	3.6523667947051024
5	60	-1.2967356142592446
5	61	0.6760252410483978
5	62	0.5697270612670137
5	63	2.559932098460639
5	64	-0.752013326141829
5	65	1.779165468672816
5	66	1.2631142537035938
5	67	-1.3273303666364011
5	68	1.9613658040239301
5	69	-1.0353569138227898
6	6	NaN
6	7	3.351146935900105
6	8	2.2082134431792597
6	9	5.693858252554886
6	10	3.1447829538089818
6	11	-2.676053132651355
6	12	1.236340635035276
6	13	1.1776276450962333
6	14	-1.6450912876549149
6	15	-2.3199263170330395
6	16	-3.4192536364629214
6	17	2.3478801100327464
6	18	-2.7930989862753877
6	19	-2.25574026141499
6	20	5.091305725325809
6	21	2.9464084306479994
6	22	-0.281542193051911
6	23	-4.25978602831956
6	24	2.2169811571198266
6	25	-2.5167933540589393
6	26	-3.396773756265011
6	27	2.4763458275505967
6	28	-1.9116685965259084
6	29	-2.086081917254333
6	30	0.07150292112534712
6	31	-3.476027551085422
6	32	0.8796978169005931
6	33	-0.5090290833012213
6	34	1.1743886743805472
6	35	2.2492200135695732
6	36	-0.32344071242113054
6	37	1.3380140643030334
6	38	1.4771526120569194
6	39	0.46963226480510517
6	40	2.253878714599284
6	41	0.4992798916099707
6	42	-3.247049667253457
6	43	2.1403779430105514
6	44	1.7556436599013974
6	45	-5.2904420974899455
6	46	-1.1189227741016452
6	47	-0.919765102829372
6	48	-0.7150568553592196
6	49	2.937929302845187
6	50	0.5436589583438158
6	51	0.6154403777899293
6	52	1.2269906402384276
6	53	0.42943333295216324
6	54	0.8139746859551472
6	55	2.923744330260242
6	56	2.4723920098192176
6	57	0.23080685951638294
6	58	-0.06837989454200256
6	59	1.4951785410113223
6	60	-1.409721496229588
6	61	-1.7780616881292832
6	62	-3.575282024885599
6	63	-1.8404142008183446
6	64	1.1095443105753597
6	65	0.12798669281828803
6	66	-2.094118695688175
6	67	-0.09533406153166085
6	68	-1.582086466423789
6	69	-0.6916951430881769
7	7	NaN
7	8	4.920483796916135
7	9	0.5231658777972384
7	10	0.014950083149162052
7	11	-3.4345504769583672
7	12	-1.3143999690102997
7	13	1.0393694315667144
7	14	-0.5009450466724705
7	15	1.0846171660989683
7	16	-2.4733840316736444
7	17	-0.33233612090164516
7	18	-1.0771092400902222
7	19	-2.3800409664724453
7	20	2.2283418749677644
7	21	1.3132240110066709
7	22	-1.8289805190031116
7	23	2.4970332766378833
7	24	4.662261563616023
7	25	-1.7406440010619373
7	26	0.15937087237506906
7	27	1.1253556073374467
7	28	1.266207399196216
7	29	0.07950556455632028
7	30	-0.3832470511804484
7	31	0.4164518438028782
7	32	-0.7824661871931874
7	33	-0.9269420922398056
7	34	-2.173116973847945
7	35	0.7840983050281218
7	36	-0.9556155978150942
7	37	0.20362552687150923
7	38	1.1934051028281365
7	39	-0.9378391046260484
7	40	0.4105891047896711
7	41	-0.40052373739252234
7	42	1.261271393293629
7	43	-2.7320431683122446
7	44	0.7157254028017632
7	45	0.03344147612176836
7	46	-2.4891789616172986
7	47	-0.06518631853403203
7	48	-2.184955351537575
7	49	-0.0011049357073251078
7	50	0.7037004030935118
7	51	-1.5790389487252028
7	52	2.2838723054388548
7	53	1.4472171930315505
7	54	-0.29889494651104354
7	55	1.4938879656807968
7	56	1.8342660370243424
7	57	1.500226106989597
7	58	1.555756747179672
7	59	-0.7392828197034914
7	60	-0.7517091914866967
7	61	-0.8929638110840415
7	62	-2.465090190491433
7	63	-1.7916283304123612
7	64	1.772284150796799
7	65	-0.44263813386296263
7	66	-2.974501268497295
7	67	-1.3535075706066209
7	68	-2.6491426103580973
7	69	-1.4683060827086816
8	8	NaN
8	9	5.1214463664784455
8	10	1.2254003151100428
8	11	-2.536352198196654
8	12	-2.071601857041319
8	13	-3.0971686594789083
8	14	-1.527750016892939
8	15	-1.940141541998519
8	16	-2.330751334587193
8	17	0.2733839762804386
8	18	-1.8952911176717298
8	19	-2.105309976279276
8	20	4.7896788904962015
8	21	0.20644660656769545
8	22	-0.6231348171487651
8	23	-1.6155422347531865
8	24	1.413868090795867
8	25	0.2431428991511459
8	26	0.33897918820782147
8	27	2.6245838934617702
8	28	-0.7914710190753058
8	29	-3.961093374551754
8	30	-1.3553447040005975
8	31	-1.3427772618206448
8	32	-3.3901933249212357
8	33	0.4055597358495036
8	34	-4.3107292256301895
8	35	2.316516765426964
8	36	1.5329949503464764
8	37	4.461440071241216
8	38	3.682637885097671
8	39	-0.1744237750252557
8	40	2.9081146041237407
8	41	0.12799451222033878
8	42	-1.5364977065353407
8	43	-0.8871630911449412
8	44	2.6082598752217647
8	45	-2.227007953075715
8	46	-0.5893951385833209
8	47	0.7144254679889628
8	48	-2.830946596409621
8	49	3.3127392709916195
8	50	-0.2226299610958461
8	51	-2.2436394217387177
8	52	3.0615237771686017
8	53	0.6814322512870273
8	54	1.6337235281340692
8	55	2.4645837607934733
8	56	3.8885646026063414
8	57	-0.7770586306920608
8	58	3.1991213523211215
8	59	-1.8316637073449809
8	60	-0.6941557211846365
8	61	-0.5924158756459229
8	62	-1.6217758736113244
8	63	-0.2407894717288533
8	64	-0.9723487607583833
8	65	-0.7430296744115272
8	66	-1.9507464107506118
8	67	-0.9077310969726531
8	68	-1.149839151945164
8	69	-0.5168366781547087
9	9	NaN
9	10	2.7645831689920284
9	11	-5.247937795488909
9	12	-2.414845293937021
9	13	-3.5642172345498913
9	14	-1.9577183613629878
9	15	1.5891592021875118
9	16	-2.0759198025883103
9	17	2.68303941253921
9	18	-1.6885365118053395
9	19	-0.6341345102593601
9	20	2.0620288346881677
9	21	1.2236967910536438
9	22	-1.8767974932032732
9	23	-1.0317691908410611
9	24	5.118170993922026
9	25	0.4914000654038135
9	26	-1.1666321516092981
9	27	2.496067964668903
9	28	1.7704608015541679
9	29	-1.5521008693080298
9	30	-1.2903385731749908
9	31	-2.9033207697346906
9	32	-0.8687597117165402
9	33	-1.2178995492384461
9	34	-2.699789127168581
9	35	4.665554889385036
9	36	-2.1986076685270337
9	37	1.5492181760837695
9	38	2.7766125745257826
9	39	-1.5795022922895041
9	40	10.530930659594196
9	41	-1.3967161945727864
9	42	-1.3703996064899377
9	43	-1.0775389260168353
9	44	6.359761397358211
9	45	-1.5815201929848757
9	46	-2.4481676358216355
9	47	0.9006156734473116
9	48	-1.709993105929043
9	49	2.893571092000293
9	50	1.1010888226732787
9	51	-0.8338778790916103
9	52	2.3489755572220337
9	53	1.4341274462704008
9	54	-3.4009712477737533
9	55	2.521204397734535
9	56	3.800057296679871
9	57	-0.48199361841175065
9	58	-4.409257783326794
9	59	-0.2106892578318474
9	60	0.3058106159919165
9	61	0.024354703978618945
9	62	-3.099803791485474
9	63	2.0967171163819835
9	64	-1.8132852656542229
9	65	-1.3991210022947451
9	66	-2.494974651858304
9	67	-3.1895067864283657
9	68	-1.6388581236761457
9	69	-1.4084580982786683
10	10	NaN
10	11	2.9757952996413506
10	12	-1.6597209748378567
10	13	-3.2645191510550307
10	14	-1.558219565927488
10	15	-0.6618766910507932
10	16	-1.1621869768343787
10	17	12.267321300143905
10	18	-1.9488841715445384
10	19	-2.3210850557721834
10	20	2.283410520947772
10	21	-0.40169782507657265
10	22	-0.9155772176467231
10	23	-2.085863694526246
10	24	1.4245013093964032
10	25	-0.7002780728354141
10	26	-0.5936756987475242
10	27	2.282170090776924
10	28	0.12807674742801964
10	29	1.4151451851805559
10	30	0.8368053074004448
10	31	-2.7009908711038433
10	32	0.6508655981036527
10	33	-1.1759299347099854
10	34	-0.7219279857353422
10	35	0.4118490798514536
10	36	-1.4296339438489212
10	37	1.3208498813865188
10	38	0.1352117169736072
10	39	2.567806820069716
10	40	2.447064073292638
10	41	-1.0189113611492218
10	42	-0.5874132234092637
10	43	-0.06413419575906033
10	44	0.7627860219834314
10	45	-2.2331202631465223
10	46	-1.0607071167430726
10	47	-0.25775127106236856
10	48	-2.3814316070224724
10	49	1.8919707574696056
10	50	-3.9590981069360853
10	51	-0.8432384667258153
10	52	3.543356539099367
10	53	2.5209328145528116
10	54	1.4658321319584375
10	55	4.101679782193774
10	56	3.7251571355306936
10	57	1.2667380410325517
10	58	-0.2693969616177852
10	59	1.1029270617878566
10	60	-1.7576137759711226
10	61	-1.0354221254878213
10	62	-0.47238745136643584
10	63	-0.6728260067475752
10	64	-5.113705077719964
10	65	-2.86769385545842
10	66	-3.4810570626912245
10	67	-3.105924902052834
10	68	-1.0630041605559197
10	69	1.123404225418078
11	11	NaN
11	12	-0.7817119837993314
11	13	-2.152227097463418
11	14	-2.611521866374956
11	15	1.05259074764715
11	16	-1.3485985296331358
11	17	-0.06330863089307583
11	18	2.231968531777192
11	19	4.9151058601738935
11	20	-1.1442618677469698
11	21	0.5167865394947091
11	22	0.7753374882000695
11	23	-0.4736004804297582
11	24	-3.2604488067499227
11	25	-1.6692845506127194
11	26	-3.2802877509905106
11	27	-2.531310869473116
11	28	1.9836724888632342
11	29	-1.800747888985246
11	30	4.088453070982651
11	31	-0.04717153332536407
11	32	0.3949814735396514
11	33	-0.8430147691965693
11	34	0.9852613711028781
11	35	-0.7448900030720393
11	36	3.5974064078106895
11	37	-2.1910463609541644
11	38	-1.4560645632634892
11	39	11.478179919243159
11	40	-2.4884542234445246
11	41	4.960724702085123
11	42	-0.5798402960231787
11	43	3.4360888204722615
11	44	-1.1175205904293357
11	45	-0.33089708886176883
11	46	4.8415038038157565
11	47	-1.4055895828973486
11	48	-1.3018722000678087
11	49	-2.0248780345485526
11	50	2.559033783919006
11	51	2.191778627388739
11	52	-0.8546592535562945
11	53	-1.754221060743681
11	54	-3.7532588679459598
11	55	-0.8437460308333198
11	56	-1.861827186532292
11	57	0.1375048973572381
11	58	2.362279691742672
11	59	1.630298498628949
11	60	2.3956627940595725
11	61	-0.1103707375186441
11	62	-1.2469765128165982
11	63	-1.5954241316949271
11	64	-0.7543046974238676
11	65	-1.3349793939153023
11	66	2.7910752529999394
11	67	-2.4771631888334285
11	68	2.1361986239392627
11	69	1.2846354015260144
12	12	NaN
12	13	2.1669679650868234
12	14	0.9338314423919825
12	15	0.5489034087513563
12	16	1.3451164999910958
12	17	-0.06245253913056608
12	18	-6.596753377741959
12	19	1.0311122009912008
12	20	0.0059416687732463495
12	21	-3.6329237341131924
12	22	-0.47362839976138466
12	23	3.2742181246606483
12	24	-1.1108974705805015
12	25	-1.4580492209664824
12	26	0.16834403619610477
12	27	-1.8907270826547224
12	28	-2.101174577421207
12	29	0.2964506873325807
12	30	1.0768858877086518
12	31	-0.7472637698818487
12	32	-4.4722449337919725
12	33	-1.8838264041936166
12	34	0.07737093236149493
12	35	-3.413574238197578
12	36	0.4757906514148427
12	37	-2.971434938746066
12	38	-5.086729874278787
12	39	34.90930475140348
12	40	-3.213302312480678
12	41	9.118991502159297
12	42	0.3820212870285932
12	43	0.8607994333402049
12	44	-2.8503380282029345
12	45	-0.8751280377162212
12	46	-1.8004619632807253
12	47	2.7371493761384516
12	48	2.1024626356561855
12	49	-2.1460336644080016
12	50	-1.7510380143070063
12	51	2.832185871186075
12	52	-0.14048248261464555
12	53	-1.7537079708910421
12	54	-0.35575831415658915
12	55	-2.0120393237790277
12	56	-3.0210245159181004
12	57	-0.32938498172725134
12	58	1.889010140134123
12	59	-0.5390777908974407
12	60	0.38962119936512624
12	61	-1.8370292676921616
12	62	1.456303062835281
12	63	0.49684491507290296
12	64	-0.5128193635120509
12	65	-0.431080982915778
12	66	5.220052208868096
12	67	0.10869851765255589
12	68	2.312454248307087
12	69	-2.1758391225431724
13	13	NaN
13	14	1.2084253445968236
13	15	0.8701096790439394
13	16	-0.09629326319676228
13	17	-0.27837957566772586
13	18	5.789254292353244
13	19	2.2094908389600723
13	20	-0.36895682219962006
13	21	0.06368412918837452
13	22	3.5326076691670547
13	23	0.18335690578765548
13	24	-0.4933647762791764
13	25	-0.11754631540213496
13	26	1.746826018454383
13	27	0.02645249769307745
13	28	-1.250451419258924
13	29	-1.5613794562536432
13	30	1.182170769904071
13	31	1.6687295738518284
13	32	3.6001015180721687
13	33	1.3399824502745008
13	34	0.4536202334432592
13	35	-0.6850674326972159
13	36	-2.502808984058143
13	37	0.7685932658177435
13	38	3.1399547644411188
13	39	-0.5953515508874572
13	40	-0.2140564653602267
13	41	-3.681255528459872
13	42	-1.0920493086812455
13	43	0.3691632544424945
13	44	0.17521187104228744
13	45	1.297404004187274
13	46	0.0699462435462813
13	47	0.5128375525313963
13	48	0.46848997356169164
13	49	0.041322317046135884
13	50	-0.08954633326575653
13	51	0.06657195470610185
13	52	1.8696414268288877
13	53	-3.3990942857255586
13	54	-2.0191808170483325
13	55	-0.06493169894199309
13	56	-0.4600576950615196
13	57	-3.401551456967524
13	58	-0.7844151219759018
13	59	1.4480472642337119
13	60	-1.7243380136596498
13	61	-2.6583361008588513
13	62	-0.9787876864079583
13	63	-1.4369066667016792
13	64	-0.5714218608034053
13	65	-0.1469068497965632
13	66	-2.9118366492096626
13	67	2.05889938049108
13	68	2.334030675891377
13	69	1.1014518427510887
14	14	NaN
14	15	1.5160334610586002
14	16	-3.9531373484434322
14	17	-0.9439593723660676
14	18	0.0035045091403636906
14	19	2.9570990874688876
14	20	-1.5814405293852063
14	21	-2.5145405715121596
14	22	0.027986224790908565
14	23	-0.8550982058069204
14	24	-0.4409100115000542
14	25	1.9859411129408155
14	26	0.7166625990968666
14	27	-0.8385460821565802
14	28	-0.09496814015206761
14	29	1.5946991414635907
14	30	2.418085109203064
14	31	2.572713220783914
14	32	0.017282043502035
14	33	-1.4065830862248212
14	34	-0.5848894537154091
14	35	-2.0389076003870406
14	36	-0.5553191808793363
14	37	-0.8198332035750531
14	38	-1.8172838533426507
14	39	-1.4483309648949738
14	40	-2.140351049854514
14	41	-2.126060742837908
14	42	3.825001076994808
14	43	-0.21823622487255082
14	44	-1.0489455039716815
14	45	1.3983488681810499
14	46	3.3993877870263467
14	47	0.2989530950438492
14	48	2.4071416201064433
14	49	1.2540571150831477
14	50	3.4111109178196206
14	51	-0.7936488457267975
14	52	0.7600506245713746
14	53	13.14010605803852
14	54	-0.34928977910481684
14	55	-1.0348430388563978
14	56	-0.8698291009453015
14	57	-4.502164401951804
14	58	-0.1647946222711644
14	59	0.8508611138100144
14	60	-0.3287620378278333
14	61	3.7977928149415923
14	62	2.4609710404810783
14	63	-1.1177854691614417
14	64	-1.324783718465168
14	65	-0.7470646189787066
14	66	-1.1377779220273667
14	67	0.5398673199315038
14	68	-1.4149712025837284
14	69	-1.6744555987391105
15	15	NaN
15	16	-0.034823589297635064
15	17	-0.6765657882614392
15	18	-0.1548717582733262
15	19	23.58308008425057
15	20	-3.1948341029617033
15	21	-2.8890290094895095
15	22	-1.0329230745982878
15	23	1.631591798077993
15	24	-1.8890328622563919
15	25	-2.7408489061675945
15	26	4.855897694203737
15	27	-1.3624427951671239
15	28	2.943406892627936
15	29	1.7680903967856405
15	30	1.9977300196042238
15	31	1.043452698803777
15	32	1.5113436511198086
15	33	-1.907147205925395
15	34	-2.2652411013261
15	35	-2.140546945463947
15	36	1.3034595767807557
15	37	-0.052507703577931775
15	38	-1.4772248436529603
15	39	-2.0060355399201852
15	40	-3.305770805259866
15	41	3.315221722193284
15	42	-0.5230258108344081
15	43	0.16583531972696064
15	44	-2.2165892860677894
15	45	0.1129653078127079
15	46	0.5938043510151162
15	47	-0.7229908478652924
15	48	1.3110795164386324
15	49	1.032360056281614
15	50	3.3786814197123474
15	51	1.2514176027137849
15	52	-2.2681466220474937
15	53	-2.5023717323363406
15	54	-0.233035702216874
15	55	-3.391590589123038
15	56	-3.086519155747323
15	57	-0.7688223986334413
15	58	-2.203824980282911
15	59	-0.9144460920861192
15	60	0.5096569859216237
15	61	0.9203514801616203
15	62	1.6420969119021227
15	63	1.6128651214860605
15	64	-4.976147927539658
15	65	0.28128832149971467
15	66	-2.032523662890385
15	67	-0.43175899942994456
15	68	-1.410165725363234
15	69	-0.9614083232476619
16	16	NaN
16	17	0.341959004586607
16	18	1.7187787334575402
16	19	1.0100483894565229
16	20	-2.312967685545889
16	21	1.1035659478392372
16	22	2.5635273186876386
16	23	0.7262433878495763
16	24	-1.9246596824775393
16	25	1.896714746112786
16	26	2.833515207744104
16	27	-1.0902493737867547
16	28	1.0243801415518574
16	29	3.0041509904292467
16	30	-0.7973467661349645
16	31	-2.518601720133546
16	32	2.9571786602960763
16	33	0.05065416097216258
16	34	-0.04680313513490613
16	35	-2.11923119857067
16	36	1.282210745220829
16	37	-1.3746142791142812
16	38	-0.8101601684828872
16	39	1.2803242561888417
16	40	-2.413114626943644
16	41	-1.4647347833282043
16	42	1.7572694556344712
16	43	-2.371135520014735
16	44	-3.282391185453641
16	45	-0.972817643599019
16	46	-0.9623602329840835
16	47	0.2957258575792997
16	48	0.8547944901027285
16	49	-3.612370494115007
16	50	1.651602869790312
16	51	-0.9948630470730842
16	52	-1.9564771075300762
16	53	10.017852682804586
16	54	0.8163737066423142
16	55	-0.47768051004138035
16	56	-2.5972824414308304
16	57	-1.5930819771584317
16	58	1.466433474262952
16	59	2.1327840998744283
16	60	0.8889670642931401
16	61	1.3085548190104193
16	62	-0.39880494817458667
16	63	2.622685096179363
16	64	-0.315503815852962
16	65	0.3016330360164546
16	66	-0.5619020977851714
16	67	6.0533653039052
16	68	3.516060664478802
16	69	-0.6735864695551322
17	17	NaN
17	18	-3.264007445527562
17	19	-1.8018926934507191
17	20	1.2263660976554145
17	21	5.774582223798462
17	22	-2.500162795940474
17	23	-1.4260093128217366
17	24	1.8543549894109046
17	25	-1.104613876746428
17	26	-3.8734932046753
17	27	2.0007942738345132
17	28	-0.6539074389091816
17	29	1.535045286355392
17	30	-4.197680403450839
17	31	-0.7391973169297266
17	32	-0.7888962482439779
17	33	2.4568507511380773
17	34	-0.9415904265291195
17	35	1.8914900966878216
17	36	-2.142941668510464
17	37	3.4382040145656285
17	38	3.61691605636279
17	39	-3.0528535268423327
17	40	3.1574424259049274
17	41	-0.5338902429169184
17	42	-2.8454861645675726
17	43	-2.38070929193992
17	44	2.0077723467721578
17	45	-0.5207610929878342
17	46	-2.333776255917915
17	47	1.1152966737187542
17	48	-1.6652569197057134
17	49	2.7084279107090214
17	50	0.10695212567093122
17	51	-4.446655328574589
17	52	2.97233372542247
17	53	5.013170909115467
17	54	2.070343244675118
17	55	3.1739018230421805
17	56	3.880344014418676
17	57	1.6531316712136346
17	58	-3.4265413616561546
17	59	-0.314731236898596
17	60	-3.3363362465744584
17	61	-0.3528736533356909
17	62	-1.7384889270999773
17	63	-1.489541196821266
17	64	-5.036240710459665
17	65	-0.2839127708561853
17	66	-0.4153227646225097
17	67	-3.195433172957425
17	68	-3.1253755299192183
17	69	-3.212560772804965
18	18	NaN
18	19	2.6720838447538626
18	20	-1.0014925887236017
18	21	-1.7808922934833793
18	22	1.3283040087601015
18	23	2.774146826155224
18	24	0.4845086933253513
18	25	2.2896017844156016
18	26	4.202759117631431
18	27	0.5826962634616286
18	28	-2.685515238180483
18	29	-0.27985371544294757
18	30	2.196678083386747
18	31	-1.8695997814639338
18	32	2.270206173322691
18	33	-0.26708762315507456
18	34	0.6981992235008829
18	35	-2.3906729223218135
18	36	2.3242217539371732
18	37	-2.3202764315385616
18	38	1.2097064178627377
18	39	0.5980606023668366
18	40	-3.767231065837265
18	41	-0.2553367643571866
18	42	-0.7866960579949744
18	43	1.5940852424287486
18	44	-3.0005622458467522
18	45	4.010285582678736
18	46	-1.0447256872762087
18	47	0.9155752001061168
18	48	0.08999453308177377
18	49	-0.5064478708346911
18	50	0.5228047327292993
18	51	5.263833255017765
18	52	-2.1109444753707134
18	53	-0.03541151951257907
18	54	-0.5179836930233246
18	55	-2.6682229535801403
18	56	-1.7653196120930135
18	57	-0.3588792592385815
18	58	0.29151229862575784
18	59	1.80180401753675
18	60	2.115513189979919
18	61	-1.3776449474788555
18	62	-0.634010624752077
18	63	1.70319271059721
18	64	-2.6706904700816305
18	65	1.3519731815514187
18	66	0.5200142656241481
18	67	-1.5208705456565126
18	68	1.9755197170960994
18	69	-1.0616732622279865
19	19	NaN
19	20	2.148819299548029
19	21	1.913696689851696
19	22	-0.1705565413530798
19	23	0.5835318485678951
19	24	-1.9087135344345496
19	25	0.7357307325885544
19	26	-1.5158749397691786
19	27	1.0876643258851841
19	28	-0.34552780067445227
19	29	-0.9464320819294535
19	30	1.3570615641127899
19	31	-0.2918938659220299
19	32	0.09496925068784205
19	33	-2.0287770162081857
19	34	1.7831571430286557
19	35	-2.129508832964341
19	36	-2.424576972813946
19	37	-1.4263549195635403
19	38	0.6961055454232068
19	39	-2.770330055258784
19	40	-1.9756341935750608
19	41	-1.5701402702558116
19	42	1.2302971519988362
19	43	-3.1515486376065165
19	44	-1.1446615191455074
19	45	-0.05107605353512415
19	46	1.4340729599805841
19	47	-1.3494475580530836
19	48	2.158171004526536
19	49	-1.8889091285460475
19	50	-3.07178971030359
19	51	2.6193847612591474
19	52	-0.2507967277587385
19	53	-1.8572896454406769
19	54	-1.4968713445217399
19	55	-1.6203068993502108
19	56	-2.127018112666749
19	57	-1.6585558122161368
19	58	3.1692981568865553
19	59	2.0140744409995643
19	60	0.01847807276949238
19	61	0.06770183224142194
19	62	-0.8682261694539379
19	63	-1.35777554438119
19	64	-0.7364456604322558
19	65	-1.0800281230500104
19	66	0.01375820989553327
19	67	1.3284916911356361
19	68	-4.4116706173849245
19	69	-1.7679862933924595
20	20	NaN
20	21	2.692576764874639
20	22	-0.11563896928166417
20	23	-0.6630731047779655
20	24	4.100255053793096
20	25	-3.6881193219477937
20	26	1.35765684247258
20	27	3.104494027930939
20	28	-1.3363527045885992
20	29	0.49185132482873145
20	30	-1.9464603076816813
20	31	-0.5159170778620701
20	32	-3.3461999796609656
20	33	0.9403299267276871
20	34	-0.6267088012229406
20	35	0.6374328387616188
20	36	-2.8979816069714257
20	37	2.907149356408563
20	38	2.415326153931375
20	39	0.41694747008788147
20	40	1.222957996659813
20	41	1.3568187408872898
20	42	1.8002814399060838
20	43	-1.9967532493531515
20	44	1.7211733515407646
20	45	-2.082530123714066
20	46	0.40703802642132086
20	47	-0.2581356781362297
20	48	-3.5269369637179553
20	49	1.9708517792439428
20	50	-2.2945375697330723
20	51	-2.7214061185353238
20	52	1.3504143143444791
20	53	7.1796619208843255
20	54	-0.32899669486799615
20	55	1.6003397634225744
20	56	2.9419445340266823
20	57	1.2023127514999772
20	58	-2.7788955781835805
20	59	-3.355505052155245
20	60	-1.9932250604833344
20	61	-0.8353903155978897
20	62	-0.4200283162155562
20	63	-3.833807306650382
20	64	-1.4004773706736333
20	65	-0.851677331582959
20	66	0.6597720909429634
20	67	-0.023110488058428656
20	68	-0.7738090815528653
20	69	-2.102057688223449
21	21	NaN
21	22	-0.2529748023487124
21	23	1.015261545634862
21	24	2.648527282543741
21	25	0.3767995008850636
21	26	0.2850599113182726
21	27	-0.6637339665546426
21	28	-1.3487499748223621
21	29	-1.826024823774415
21	30	0.4847710458152852
21	31	-2.94249189584428
21	32	-1.5093031681452043
21	33	3.2250393114952005
21	34	-1.5306121747353811
21	35	2.5611844455508312
21	36	-1.8569841075471047
21	37	6.385201650934607
21	38	-0.06168468208262065
21	39	-0.6751957691070655
21	40	-0.5962366047203673
21	41	3.2008653650853742
21	42	-2.101572066775347
21	43	1.2679756283307886
21	44	0.7853200879191012
21	45	0.4582196255214408
21	46	-1.5854357499204645
21	47	2.6760066443330355
21	48	-1.7505934131825471
21	49	-0.49208042120811124
21	50	1.0690666856692108
21	51	0.9709990424236516
21	52	1.5354983689988555
21	53	2.3211437295973045
21	54	0.678051536857639
21	55	-0.6300832145352006
21	56	0.29925022177542365
21	57	-0.37753356360586504
21	58	-0.08735178935597208
21	59	-2.197244249957886
21	60	-2.8050616396238075
21	61	-1.1905072628453877
21	62	-2.3657810362397154
21	63	0.19367547508703084
21	64	-0.958042408557449
21	65	0.33812668766718185
21	66	0.8916608628495859
21	67	-2.4912427025217765
21	68	-0.884723454749372
21	69	-0.033669197952137644
22	22	NaN
22	23	2.464552782410635
22	24	-0.8917494641388195
22	25	3.9153687715112184
22	26	-1.364091957304032
22	27	-2.323865912244589
22	28	-0.609568416795973
22	29	-0.08855036219382142
22	30	-0.16433598796757748
22	31	0.8933544008500414
22	32	2.379650524122398
22	33	0.7049599971485518
22	34	-0.16049612314877976
22	35	-1.2851807474597494
22	36	-1.094945989164406
22	37	-0.6095742668925238
22	38	-0.8512923782168569
22	39	1.5646357119457148
22	40	-2.633713134063344
22	41	1.6611447414943976
22	42	-0.9086509381604011
22	43	1.645171585567889
22	44	-4.938939908037611
22	45	-1.7937491287647427
22	46	0.3241301041079995
22	47	0.2758183779770774
22	48	1.8336723876479875
22	49	-1.1488509147700356
22	50	-1.4663094219039874
22	51	2.394363762007119
22	52	-1.644940283509825
22	53	-1.071646845242037
22	54	2.575913001331671
22	55	-0.636474082194239
22	56	-3.0813888491980794
22	57	-0.6414651734964747
22	58	-0.02905219725382843
22	59	0.7255019938188464
22	60	0.41521021810849923
22	61	0.9468556717877598
22	62	0.5479190346276951
22	63	3.168183786292789
22	64	5.932640397525811
22	65	-1.1421965931086924
22	66	1.2852907333555337
22	67	-1.3286016964407121
22	68	-0.3097676117885123
22	69	1.0171960544487137
23	23	NaN
23	24	-0.4574980745334755
23	25	0.5133380785175023
23	26	0.31577055956952477
23	27	1.3012462076112807
23	28	0.07583856526579179
23	29	1.800036319787365
23	30	-2.7751607641733513
23	31	-0.6108813308062494
23	32	-0.5156120277455725
23	33	0.09891522900695755
23	34	-5.462022985777911
23	35	0.9231148403857946
23	36	-2.558306486781174
23	37	-1.783707700819299
23	38	-1.4043530506104227
23	39	-2.3435981720216517
23	40	-2.449498260193577
23	41	-0.29221232919653456
23	42	0.4060134724048585
23	43	0.2726710895180985
23	44	-0.09577515507269964
23	45	-1.246751554919556
23	46	1.348092161475148
23	47	-1.1252244256058896
23	48	0.7997859258088047
23	49	-1.3331375559719498
23	50	2.553158262480975
23	51	-0.9953151990154665
23	52	-0.32415087813942667
23	53	0.3865904778617913
23	54	-0.28499953365630126
23	55	-0.4006606757917056
23	56	-1.5596067875637234
23	57	0.8314621973281585
23	58	-2.4385902763814338
23	59	-0.2126422223862075
23	60	2.853823259613976
23	61	-0.7053798611715152
23	62	2.686963369422726
23	63	2.6077328373882467
23	64	-1.7500437947860066
23	65	1.597081925468225
23	66	-0.45821188335055335
23	67	2.817425998843755
23	68	1.2168801292934044
23	69	3.118690102156328
24	24	NaN
24	25	-3.6161008704870405
24	26	1.4138081865533982
24	27	1.1077119045626396
24	28	1.421706713203944
24	29	-4.957799594555494
24	30	-1.7208926640586306
24	31	1.1269199934073229
24	32	-2.3922046583576484
24	33	1.170767397280222
24	34	-0.28412181400597875
24	35	6.894201028404902
24	36	0.9832053868016235
24	37	4.219598053842816
24	38	2.042392962509609
24	39	-0.1913386130222515
24	40	1.9905028488891205
24	41	0.8193139745645095
24	42	-2.9361042813205978
24	43	-2.4450166923783723
24	44	5.195764187938757
24	45	-1.942274195824011
24	46	-1.3391187974243755
24	47	1.9572750897454025
24	48	-2.413627018049988
24	49	2.4290398650401475
24	50	-2.9635234322610686
24	51	-3.490213026650532
24	52	3.1010647450072133
24	53	0.9201946382699979
24	54	-0.7923876293023139
24	55	4.889266135139779
24	56	4.557700727573101
24	57	2.402812569190487
24	58	-1.302211451502557
24	59	-2.4639578074838773
24	60	-1.242378433220032
24	61	-1.2389114404662447
24	62	-2.0885993481622505
24	63	-1.2992430931878938
24	64	-1.4108125566868432
24	65	-1.1707655194220987
24	66	0.15259503285605067
24	67	-4.020523359643048
24	68	-2.918472300782775
24	69	0.5635844339354477
25	25	NaN
25	26	5.814723266350175
25	27	-0.09909460746127513
25	28	0.8125295672772769
25	29	2.480252776018441
25	30	2.3742882204755382
25	31	-0.13358860874063935
25	32	1.5457420949826757
25	33	-1.9928349736410742
25	34	-0.4145420807129845
25	35	0.34884980929958903
25	36	3.087521175405166
25	37	-0.29487552847980825
25	38	-1.9835055945702005
25	39	-0.5740549531745355
25	40	-5.381498816076569
25	41	-1.141375563083715
25	42	0.6229079312713968
25	43	0.6343938378218807
25	44	-2.941311118122091
25	45	2.0382363328380366
25	46	0.10401386365700428
25	47	0.6602657802634732
25	48	0.10196465099966422
25	49	1.4953850912991378
25	50	-1.3645989207784641
25	51	-0.9366530918469225
25	52	-0.9933859633292172
25	53	-0.1797790718784751
25	54	1.7614343241055137
25	55	1.232194498423885
25	56	-2.909828206828165
25	57	-2.4529507234911594
25	58	-0.1836425136103462
25	59	2.1300144006170907
25	60	-0.7610116506177803
25	61	0.6691491336294032
25	62	-0.765260892210732
25	63	-1.6377666863710425
25	64	0.6308806934662864
25	65	1.1277482955612308
25	66	2.974161943007892
25	67	3.5863115038244486
25	68	1.888507928355972
25	69	-1.4631475674406416
26	26	NaN
26	27	0.11803925910676241
26	28	3.673598625539511
26	29	2.0292482848721485
26	30	-1.0664732577159775
26	31	2.6345769508880026
26	32	3.5467545259662985
26	33	-1.0144317736988786
26	34	2.8455487145159872
26	35	-0.3753560667876187
26	36	2.6200548537381327
26	37	-0.0646635466127021
26	38	-2.357358436335404
26	39	-1.7581925632480393
26	40	-3.4778554215665265
26	41	-2.2255232832860186
26	42	1.9299078034691548
26	43	0.4952540049499719
26	44	-3.528210617983731
26	45	-1.156406454747591
26	46	0.5973468920183774
26	47	0.5363758855840706
26	48	1.2837252559814736
26	49	-1.8342061525410216
26	50	-0.6973310165433264
26	51	-0.19596766505831623
26	52	-3.1045850120918272
26	53	-3.8355662164125146
26	54	0.839066707340843
26	55	-2.3736225251197123
26	56	-1.552957656251139
26	57	-1.394773170511959
26	58	0.1381706717866121
26	59	-0.4415676999262525
26	60	1.1667103835563641
26	61	2.5580725956315282
26	62	2.1257635844698486
26	63	1.198267469034068
26	64	1.1034877115269117
26	65	0.6593839202425386
26	66	-0.23014456154042778
26	67	0.8860559392547441
26	68	0.9040658868155386
26	69	1.1098997043465975
27	27	NaN
27	28	-0.3048515528305667
27	29	0.16304130653899998
27	30	-0.7289821850214987
27	31	7.221849350571233
27	32	2.6609371347511677
27	33	-0.4205561321334591
27	34	0.5689483094544429
27	35	4.514252638970106
27	36	-0.5020751859433416
27	37	2.0066550576562756
27	38	1.3865969350292864
27	39	0.23726383259046926
27	40	1.6433649882595633
27	41	-1.12112769932138
27	42	-0.12192511653963342
27	43	-1.6153932226636978
27	44	0.40723117513800855
27	45	-0.6349798166456471
27	46	1.3383307702263052
27	47	-1.554323832061491
27	48	-2.5048341022825227
27	49	0.6099031324125165
27	50	-1.191005323513869
27	51	-1.1302212678555852
27	52	1.1600285413778075
27	53	-1.1551062849549334
27	54	0.5791893058454579
27	55	1.7289153966131479
27	56	1.7562081828948488
27	57	2.418929222273733
27	58	-3.011862155915531
27	59	-1.9366704184691304
27	60	-2.669834566932687
27	61	-0.850920272354191
27	62	-0.41928201647949914
27	63	-0.9248896584100395
27	64	-1.0444779623989437
27	65	-2.1584227595135195
27	66	-2.741799478930662
27	67	-2.0846667876910985
27	68	-3.9890365088157984
27	69	-3.7644948180419124
28	28	NaN
28	29	2.5757492934974056
28	30	-0.7411649713491212
28	31	2.615852213959217
28	32	8.00161786174029
28	33	-3.4673772925656565
28	34	2.445626331703654
28	35	0.6925306105726954
28	36	2.21351468640013
28	37	-1.7145312057155886
28	38	-0.8260552458823848
28	39	-3.4104854614971662
28	40	-2.0053783974542565
28	41	-2.1643147739793513
28	42	-0.677998645154664
28	43	1.5927737427807285
28	44	-2.941827451411043
28	45	0.6317593418969949
28	46	3.0554741895919193
28	47	0.008130955565362964
28	48	-0.4692801436830647
28	49	-1.8140569623990446
28	50	1.0387363518218908
28	51	2.419609035834877
28	52	-0.14539952019785835
28	53	0.7845533795914609
28	54	-2.814444899876065
28	55	-0.28198660501943573
28	56	-1.9402458755522853
28	57	1.0657961329199854
28	58	-3.3079684943888386
28	59	1.905407827299799
28	60	-0.12975127613155568
28	61	-1.68016094876347
28	62	3.765158035638956
28	63	1.1415149247268448
28	64	-1.4262942628724702
28	65	-2.493610208279096
28	66	-2.2993520103611282
28	67	-1.4577752438759102
28	68	4.758296479741731
28	69	1.0100722300937233
29	29	NaN
29	30	4.055324664000248
29	31	1.866750052013129
29	32	4.377333425719765
29	33	-1.7704569577511915
29	34	3.036113716503623
29	35	0.40377963359368735
29	36	-1.0905532952862043
29	37	-1.639997591893152
29	38	0.007241304505204542
29	39	-2.2893472621941395
29	40	-2.9592356489180944
29	41	-1.698364860988018
29	42	-0.8997524429053028
29	43	-0.22071770582190392
29	44	-3.7491031265922485
29	45	7.358586493287659
29	46	2.058017708102492
29	47	0.5282908266734097
29	48	3.872930990283941
29	49	-2.1355935909484134
29	50	-0.42720209623811345
29	51	0.6692722496238936
29	52	-2.0398010333824916
29	53	-0.47007478519203205
29	54	-0.42563336121316697
29	55	-1.696438050747685
29	56	-3.2116629699300088
29	57	-1.641524981665702
29	58	-1.4996479608444058
29	59	0.9439261614519645
29	60	1.836825301929774
29	61	4.3712992558103165
29	62	2.613136307017029
29	63	-0.09578682460199409
29	64	-0.8284974402830435
29	65	2.41032960747268
29	66	-0.6031226999114795
29	67	-0.6678550726406692
29	68	-1.0073520763369668
29	69	3.8496090037340167
30	30	NaN
30	31	1.1264727142823066
30	32	0.6248385487603559
30	33	-2.4534737159989546
30	34	3.100991933364494
30	35	-1.5119699011512264
30	36	2.907785069813922
30	37	-2.5024119957729907
30	38	-1.9088029368749908
30	39	-1.867273846948416
30	40	-3.1629567135902428
30	41	1.8033198137755055
30	42	1.3139487612069942
30	43	1.1905862713331423
30	44	-4.363791392094256
30	45	-0.2231827612324873
30	46	-0.668820173722324
30	47	2.3673856152829225
30	48	-0.33729154189017607
30	49	-1.7033927537302112
30	50	-0.26237527319779375
30	51	-0.07814739288026354
30	52	-2.610866500399814
30	53	-1.216180442175185
30	54	0.8255919244729168
30	55	-4.136599253884721
30	56	-2.101007790429245
30	57	0.0015461332763564795
30	58	4.2126082442263755
30	59	4.150552787850048
30	60	-2.417844579528514
30	61	0.29169256854332304
30	62	1.2192538893327423
30	63	4.079637716674476
30	64	-0.6850326724865021
30	65	-1.4545210886856008
30	66	2.6242407682630127
30	67	0.49651274870135725
30	68	2.3209543036659874
30	69	1.0434062046815678
31	31	NaN
31	32	-0.22534946506060433
31	33	-3.026578891992357
31	34	-0.7400990133585353
31	35	3.606288614715102
31	36	0.6508149681267066
31	37	-1.425390457604735
31	38	-2.577974826415774
31	39	3.1897082782807265
31	40	-1.2850298796418669
31	41	-2.0172902463456652
31	42	-0.5876042830736127
31	43	-1.2116996939147644
31	44	-2.4168789972657
31	45	3.3917236079748987
31	46	0.43955050465396855
31	47	-2.314018284274577
31	48	1.8405060202784347
31	49	-0.23301495292606078
31	50	1.727035120255444
31	51	-2.0208602413983665
31	52	-0.634571189510426
31	53	1.628500140576444
31	54	-1.5394133910967744
31	55	-1.3174077644645794
31	56	-2.0329663223773844
31	57	-0.30054714298707796
31	58	-2.268519812048122
31	59	6.766932652895186
31	60	-0.3135185222996167
31	61	0.5431724370358517
31	62	1.2106785317619844
31	63	2.7688365490352846
31	64	1.3286687389846423
31	65	-4.238348348300501
31	66	-0.2976909735952651
31	67	1.5645015430798426
31	68	2.433236653569277
31	69	-0.4626933636388751
32	32	NaN
32	33	-0.7821545435364907
32	34	1.1646545917788118
32	35	-3.7615066282035095
32	36	2.1911400680162885
32	37	-1.8745727792089164
32	38	-1.071560849375764
32	39	1.3883029304461232
32	40	-2.2032584045277854
32	41	-0.46852072695577524
32	42	1.3688430315288915
32	43	0.1471394220209274
32	44	-4.995836376998246
32	45	-1.6671537675551302
32	46	-2.133447234682658
32	47	-1.8285648328622535
32	48	1.875343018236155
32	49	-1.1595053142695695
32	50	0.18211384089020502
32	51	-0.7836680445265358
32	52	-2.168112036380795
32	53	-2.435235974390307
32	54	2.022738178577872
32	55	-3.2258274709960464
32	56	-1.9380638270127974
32	57	-0.16166503751471656
32	58	-2.1632346414800123
32	59	-0.5792405163097166
32	60	-2.3084775148354977
32	61	-2.205517719096695
32	62	0.5298490233591623
32	63	0.34964789329332807
32	64	0.787104857630651
32	65	2.4899524292909327
32	66	1.3483054977052635
32	67	5.848520345445666
32	68	-0.5597391897352876
32	69	4.881008250753535
33	33	NaN
33	34	1.2028387062295391
33	35	3.132065156321115
33	36	-1.2490037333571804
33	37	1.7260746361709005
33	38	0.18054912121798505
33	39	-0.11994244284483042
33	40	1.6105958851542612
33	41	0.26799448962866323
33	42	-0.025670946463439218
33	43	-2.8700020722918986
33	44	0.6487477540968634
33	45	-1.2089547730176355
33	46	0.9733799108215665
33	47	-2.123279090311237
33	48	1.7858333204058991
33	49	2.280081000293347
33	50	-1.8597432972262722
33	51	0.425145961943498
33	52	1.4177942160685562
33	53	0.4150807199208531
33	54	0.14786249052699035
33	55	2.30580507336846
33	56	1.8536951738643233
33	57	3.2836571625937965
33	58	0.5742932341968937
33	59	-1.2111651450253211
33	60	-1.3518415518203468
33	61	-1.0071319423409772
33	62	0.3553230915676918
33	63	0.22877679482265878
33	64	-1.881495121192489
33	65	-0.2357625517666925
33	66	-3.164055302562808
33	67	-1.581827204491615
33	68	1.1034533959340465
33	69	0.8585414308698697
34	34	NaN
34	35	-1.676541051794972
34	36	2.689457996920715
34	37	-2.306652336313228
34	38	-0.036988366924187006
34	39	-1.0863045840206138
34	40	-2.1032599456337313
34	41	1.4748445617082497
34	42	0.9752104984412843
34	43	6.153897139505224
34	44	-4.468221827407288
34	45	0.985853839079954
34	46	-1.4719480552860784
34	47	0.7029290446217807
34	48	2.767887137283316
34	49	-0.8399248562903714
34	50	2.5925461078613545
34	51	2.469626160465794
34	52	-2.8681252508788195
34	53	-0.8366089295988659
34	54	0.8250309571472707
34	55	1.1700569201886146
34	56	-2.5293743916983646
34	57	-0.11945741140232108
34	58	-5.523567560619501
34	59	2.759013748458732
34	60	-0.0520622588564264
34	61	0.9250120500225554
34	62	-1.3692413646853483
34	63	4.087329837785293
34	64	-1.639478782251439
34	65	-0.10514560167968795
34	66	-0.13359277860031668
34	67	1.929104536226055
34	68	1.8119225214142523
34	69	-0.07453625332916804
35	35	NaN
35	36	-1.8474696155176842
35	37	2.9022995846600597
35	38	4.182784520595593
35	39	0.20800539327592746
35	40	3.126291985081244
35	41	-0.461707218263758
35	42	-2.2484937364760103
35	43	-0.04733724590715513
35	44	2.2018577216966104
35	45	-1.023520851288312
35	46	-2.375693472826508
35	47	1.142622277902825
35	48	-2.2140420375014136
35	49	3.7137320146870705
35	50	-2.648908446782121
35	51	-2.8097207442894176
35	52	2.247555485473318
35	53	3.708493091920488
35	54	-1.240451322730484
35	55	1.2818619779769305
35	56	3.566536046457121
35	57	0.8133909565759975
35	58	-1.1798023304827623
35	59	-1.8419195793153462
35	60	-3.4197755216896044
35	61	-1.8449833464108454
35	62	-1.6901879412962002
35	63	-2.338730787029978
35	64	-2.3639216010271005
35	65	0.9068779319903717
35	66	-2.201217130575559
35	67	-1.4419447856351462
35	68	-1.9579266296676143
35	69	-2.353715613729816
36	36	NaN
36	37	-1.439129290720814
36	38	-1.497764618095472
36	39	1.7997305991976689
36	40	0.6992973963062065
36	41	1.2600961356607887
36	42	0.308738021930189
36	43	2.3132945802083253
36	44	-1.5946417896820686
36	45	0.6926965787644815
36	46	-0.36362368267641115
36	47	0.11648592057604724
36	48	4.699623270055851
36	49	-0.44087967545193163
36	50	4.3969070433481265
36	51	-0.5079979411733188
36	52	-2.7324645422483558
36	53	-0.7817751754468091
36	54	-0.36860336659693305
36	55	-0.9414557412577075
36	56	-1.2054194750169964
36	57	0.856605332989065
36	58	-4.096643778513552
36	59	1.2896477999890206
36	60	-1.5881370607795915
36	61	-0.08462105252295506
36	62	0.5118178087611359
36	63	-0.6414656967434227
36	64	-5.27119324826384
36	65	-0.2924426687716541
36	66	1.7838012228194957
36	67	5.07900530117198
36	68	-0.37800214883544747
36	69	0.5319349353796469
37	37	NaN
37	38	3.869873114033574
37	39	-0.931831989396219
37	40	3.8475892473226043
37	41	-1.606658462285873
37	42	-2.08923888629362
37	43	-2.2015924189601135
37	44	4.3394492213847355
37	45	-0.11733044214646672
37	46	-1.3814998316644547
37	47	-0.5177763975676081
37	48	-1.3812886780515194
37	49	1.5305462497681475
37	50	-0.43159571957566695
37	51	-0.9853194902156749
37	52	3.7061250332689153
37	53	0.7190351913869554
37	54	-0.7422017467923757
37	55	3.7869833979263507
37	56	4.6818354514518274
37	57	1.1539973352734043
37	58	-3.9337368766326373
37	59	-3.0065531780482777
37	60	0.4008688655913828
37	61	-0.25165253180368974
37	62	-3.619051860108039
37	63	-2.355735454710156
37	64	-1.137099805873932
37	65	0.02356396497868575
37	66	-1.548031224417376
37	67	-2.6912267608295033
37	68	-1.1335567028349514
37	69	-0.10326271260621483
38	38	NaN
38	39	2.6290565582065812
38	40	3.3450807355559014
38	41	-0.6969960815726407
38	42	-0.7489497343918661
38	43	-2.5099858154377754
38	44	3.852758875104319
38	45	-1.9479138685638777
38	46	-2.331440280859695
38	47	0.6868802647607727
38	48	-2.2887585589926784
38	49	1.3731445278703815
38	50	-4.164421811141807
38	51	-1.4008153762683198
38	52	3.1243746610012493
38	53	1.5609592888399062
38	54	-0.9181386761194607
38	55	2.205129543603441
38	56	4.026817991142007
38	57	0.3483316699383972
38	58	-1.9353368096146817
38	59	-1.982409314239849
38	60	-1.707583773918876
38	61	-1.2755521911601602
38	62	-2.054639683222783
38	63	-0.03908425144073881
38	64	1.1472892820152771
38	65	0.993728207781373
38	66	-1.659118904121622
38	67	0.42751105068677636
38	68	-1.4143756136253236
38	69	-1.5117056332827172
39	39	NaN
39	40	-1.1369990191259274
39	41	0.42535105125151906
39	42	-0.21371926649704315
39	43	0.41333099462076417
39	44	1.0543628192338395
39	45	-0.7296997358530154
39	46	0.48630202473829387
39	47	0.1375070988601584
39	48	0.5481028599264739
39	49	-1.3360885932275404
39	50	-1.6093030906381445
39	51	0.17068429193450993
39	52	0.5215507396924322
39	53	-2.4180970362193124
39	54	-3.95631808452498
39	55	0.6951240998275757
39	56	0.3271572252264881
39	57	0.7307635006223376
39	58	-2.1516901447191756
39	59	1.1310810393671356
39	60	-3.38057912054564
39	61	0.5305810302837621
39	62	-0.2038168322054444
39	63	-0.6233965812024325
39	64	-0.2674373474833293
39	65	-0.5421990126036929
39	66	-1.9463736642693776
39	67	-2.9817435190846466
39	68	2.7023892415068076
39	69	-4.286909699375429
40	40	NaN
40	41	-0.18115574557945688
40	42	-3.37150192086789
40	43	-2.325869190919952
40	44	47.17672300551684
40	45	-2.9764397932064375
40	46	-1.3266292963069406
40	47	-0.4527346402073892
40	48	-1.5206177927138962
40	49	6.9918755809218744
40	50	-2.6760471857800505
40	51	-4.770981857707191
40	52	4.660997405113317
40	53	0.970090017043606
40	54	-1.06956174476352
40	55	2.24413135828042
40	56	4.130140126672804
40	57	0.24821648643487898
40	58	-6.775885296258787
40	59	-1.9080345853788592
40	60	-3.851723876039519
40	61	-3.589910020437242
40	62	0.3459970266640771
40	63	-3.314968970969582
40	64	-2.209964095832993
40	65	-0.772427690816685
40	66	-1.768057031718285
40	67	-2.294520465196426
40	68	-2.546544826685301
40	69	-1.6411968575869438
41	41	NaN
41	42	3.3889526112511836
41	43	1.5584312399397509
41	44	-0.8649259321543777
41	45	3.5611904286989446
41	46	-1.521706793662812
41	47	0.44369380986709434
41	48	1.0888694593900126
41	49	0.8719039190277902
41	50	3.2942749190581804
41	51	-1.889563619644895
41	52	-1.5879871131516152
41	53	-0.22140925005186224
41	54	-1.478198805586973
41	55	-1.8724697172422848
41	56	-0.05517707527508914
41	57	-2.2646220880746832
41	58	-0.09839759742302505
41	59	-0.0039052814317971966
41	60	-3.217537235103329
41	61	2.957272321490357
41	62	1.9358710002326245
41	63	-1.3046122731553327
41	64	-0.007027591880647143
41	65	0.0025210950173360593
41	66	-1.2016887389372297
41	67	1.3514202758526417
41	68	-2.22645668664436
41	69	0.2850710593685537
42	42	NaN
42	43	3.6632360835233904
42	44	-2.999918079465256
42	45	0.9886961731683911
42	46	0.8136397039846868
42	47	2.5484288955267633
42	48	-1.2569028638196686
42	49	-0.8462114431447832
42	50	-1.3000534447436676
42	51	-1.345368650679295
42	52	-0.3752795910438232
42	53	-3.1813785586911028
42	54	2.843920811040278
42	55	-3.65264037432691
42	56	-1.7441665108384077
42	57	0.3827711091107385
42	58	1.749281868171481
42	59	-2.5919778116401
42	60	1.3680161095516854
42	61	3.094639678961683
42	62	1.2671909841143618
42	63	3.657702458352937
42	64	-0.6349163609140308
42	65	-0.3031609001574607
42	66	2.110105078466323
42	67	2.8057634363920023
42	68	-1.208314438117622
42	69	0.6991100530762835
43	43	NaN
43	44	-2.031515656056387
43	45	-0.4384366808308027
43	46	0.37049510782434353
43	47	0.5096928076649543
43	48	-1.7546936973117955
43	49	-2.962820898601426
43	50	1.1981090438093376
43	51	-0.4008136859024485
43	52	-0.764275742250962
43	53	-1.5793723923260425
43	54	-0.5831517970388368
43	55	-0.615206381034035
43	56	-2.794967772367908
43	57	-1.5426958387462062
43	58	-2.4677873575470155
43	59	1.610529133324896
43	60	1.5822529707984572
43	61	2.9182540192728483
43	62	3.544589857261743
43	63	3.1942652517886545
43	64	-1.7647291485307293
43	65	0.23564983801775613
43	66	-0.6222442043073231
43	67	0.8909833798610454
43	68	1.2903712496806117
43	69	0.06611509712896366
44	44	NaN
44	45	-1.6798168355849101
44	46	-1.1147744232544463
44	47	0.3799119429932245
44	48	-3.7850342234954537
44	49	2.6239476472913714
44	50	-2.9864092079283893
44	51	-3.2587455831747087
44	52	3.6797595589590943
44	53	1.5096653778202345
44	54	-0.6996371957287124
44	55	4.092177624322348
44	56	3.9471355629963436
44	57	-0.3806938444747128
44	58	-4.534406061896016
44	59	-0.9509034492771153
44	60	-1.4005637021418764
44	61	-1.4337903775315304
44	62	-3.0222254239406925
44	63	-3.34770617007646
44	64	-1.3793096642073006
44	65	-1.0869038668061821
44	66	-1.732547974994741
44	67	-1.3931892099429615
44	68	-2.3767592240086146
44	69	-1.4349732354027127
45	45	NaN
45	46	3.2939085694930395
45	47	-1.240090008476713
45	48	1.3926503796496108
45	49	-0.9051636206250129
45	50	-0.0613357054444342
45	51	2.8815666629014327
45	52	-0.5982444164321946
45	53	-2.4740929424095954
45	54	-1.0025812870677122
45	55	-2.9535395168131977
45	56	-0.020206948770867355
45	57	-0.04556330584375006
45	58	1.7478499650735622
45	59	1.5303793991058883
45	60	5.213069467595481
45	61	1.233024973649418
45	62	-2.552885684354926
45	63	-2.731728393412901
45	64	2.8248311272827893
45	65	-1.0581539798012152
45	66	1.5245433842019733
45	67	-0.8525737084365518
45	68	-0.040141202004619174
45	69	-0.5054289351360245
46	46	NaN
46	47	0.6550363619522864
46	48	1.701229225313573
46	49	-1.469854493052273
46	50	-0.017413221927073452
46	51	0.7479576102594546
46	52	-1.1104387774012008
46	53	-2.8315190875022127
46	54	0.8484758660383681
46	55	-1.039264655133995
46	56	-0.8320661426144111
46	57	-0.6563557313494459
46	58	1.3841776958421432
46	59	0.016634870233124054
46	60	1.3531746885504312
46	61	-0.7166851529745155
46	62	1.8756207121176907
46	63	-1.194652115983211
46	64	-0.1538102874455527
46	65	1.9411184891516124
46	66	0.7629943917952868
46	67	2.3059501811741088
46	68	0.3902993800705512
46	69	2.7621311643082325
47	47	NaN
47	48	1.338202323005761
47	49	2.1383387208598728
47	50	1.352391424719972
47	51	1.1731034093716528
47	52	-0.7842169462164666
47	53	3.7004902655666596
47	54	0.601836162822995
47	55	0.6231821382774464
47	56	1.1825063912263392
47	57	3.463026502386509
47	58	3.0484084613839886
47	59	-2.8705871518391084
47	60	-4.3849469969906
47	61	1.3349920009200662
47	62	-0.4162119872146649
47	63	0.5971764516568838
47	64	-3.2407695815834385
47	65	0.8870841606752008
47	66	-2.7086804171489924
47	67	1.1833557710844764
47	68	-1.3540955520612123
47	69	-1.6568903084711413
48	48	NaN
48	49	0.41740409101989406
48	50	1.9763012810981633
48	51	-2.362130582324077
48	52	-1.676783207016838
48	53	-1.6035954896801303
48	54	-1.6465672678071104
48	55	-0.03331296199598653
48	56	-0.9011202833523947
48	57	-2.98079249312538
48	58	0.041683323217658205
48	59	1.0864714569575225
48	60	4.228044539629967
48	61	-0.9985147459920133
48	62	-3.770209329322324
48	63	0.8123041981748641
48	64	4.318096338128361
48	65	-0.3460835526767845
48	66	1.173437877841241
48	67	3.207745585440185
48	68	1.4935288431742626
48	69	2.7967461034192325
49	49	NaN
49	50	-1.0329107559318211
49	51	-0.8842420101036026
49	52	3.1410879237258507
49	53	1.9363388034650826
49	54	0.6421635173604121
49	55	1.8232096156513793
49	56	2.8490588004564863
49	57	0.9640439925887085
49	58	-3.3822620170836726
49	59	-2.152003185478347
49	60	-2.991336213006338
49	61	-1.4751989588924057
49	62	-2.1726306006130964
49	63	-2.2997540715833416
49	64	-1.6611614872080425
49	65	-0.6830499525979796
49	66	-1.7144265448910745
49	67	-4.03482700789796
49	68	-2.101908910375413
49	69	-0.1238526517809753
50	50	NaN
50	51	4.516649761099271
50	52	-0.2249452846938188
50	53	0.37823538246404276
50	54	4.12571722144519
50	55	-3.0872128242396535
50	56	-0.9173826168985967
50	57	0.6775748760395279
50	58	-1.7427132554193774
50	59	1.172618230802779
50	60	0.16525493065692323
50	61	-0.2861623011410969
50	62	1.0511458951057433
50	63	2.7066329646185197
50	64	1.205672502870277
50	65	-0.8379042485113294
50	66	2.008388740409551
50	67	0.35031143306570317
50	68	-2.375636169523246
50	69	0.7455395045269292
51	51	NaN
51	52	-1.5517362728737214
51	53	-0.8787943011433632
51	54	0.22725729777984985
51	55	-2.8061445395874527
51	56	-2.0966765032450296
51	57	-0.6473504837008602
51	58	0.3447332149620666
51	59	0.1745964851979032
51	60	5.070031739400507
51	61	1.397378375281377
51	62	3.745457608721409
51	63	4.46535879450519
51	64	-2.018511936029128
51	65	3.221178536128851
51	66	0.9163396220629552
51	67	0.4500239078433639
51	68	-0.7375920900029729
51	69	3.424585068602634
52	52	NaN
52	53	1.5239762504664234
52	54	-0.755817844229059
52	55	2.724340167111542
52	56	3.8277833080005115
52	57	1.5131044373609734
52	58	-3.747566685308532
52	59	-1.8593408655281016
52	60	-2.6702218736316543
52	61	-0.6536806473239585
52	62	-0.5478094538728473
52	63	-2.7160022846850636
52	64	-1.562634948345481
52	65	-0.8133028302781962
52	66	-0.44294453627900854
52	67	-1.5521555547777601
52	68	-1.8149659402458835
52	69	0.2920092397838297
53	53	NaN
53	54	0.6531848067038598
53	55	0.9408593266849202
53	56	1.5993147175717124
53	57	-0.9484358607554888
53	58	-5.170128415924774
53	59	-2.435285880479457
53	60	-1.1283457935438108
53	61	1.1835178342903614
53	62	-3.089098639293406
53	63	-3.4308388653193025
53	64	-4.067131814872602
53	65	-1.9972253677724379
53	66	-3.790437755779118
53	67	1.031919979844765
53	68	-0.6149191396149305
53	69	-2.0432998966289264
54	54	NaN
54	55	3.2929850004188315
54	56	0.27289777141307425
54	57	0.30495642577600046
54	58	-3.8540734768266507
54	59	0.7301744418017155
54	60	-0.8592184651933753
54	61	-0.7322765712660234
54	62	-0.5680193649644463
54	63	-0.9011143488411801
54	64	0.8550101995112542
54	65	0.8886985581219125
54	66	-2.0393527442718375
54	67	0.6575432258756408
54	68	2.7248068865400823
54	69	1.2690075945229915
55	55	NaN
55	56	3.2557356991435613
55	57	2.464334576817086
55	58	-2.635507139067497
55	59	-0.06425056743252953
55	60	-1.0229718385194417
55	61	-2.1013903560017337
55	62	1.309939394722011
55	63	-1.943314260521452
55	64	-1.4435189667330617
55	65	-0.08154839817523472
55	66	4.166366276046303
55	67	-1.2806800858379737
55	68	-3.1043952074093104
55	69	-2.683046348463585
56	56	NaN
56	57	0.13608065683888793
56	58	-2.589132021680036
56	59	-2.4278015506929926
56	60	-1.911014804249639
56	61	-0.9106747824924535
56	62	-1.9509977427970655
56	63	-2.483421981804474
56	64	-2.211576325667018
56	65	12.498937646986745
56	66	-2.5114564228557197
56	67	-2.851705623021066
56	68	-1.9400868433966754
56	69	-0.9102365980990165
57	57	NaN
57	58	2.189789380228433
57	59	1.930550823278205
57	60	-1.0288608731410267
57	61	2.190203914982748
57	62	-2.152789894447168
57	63	0.3340228804546113
57	64	4.037274312320686
57	65	-2.4529013131474007
57	66	-0.2619516631326643
57	67	-0.630492017633679
57	68	-0.8409996588446825
57	69	-2.5100761477498765
58	58	NaN
58	59	1.5073459810081087
58	60	2.8177113517489607
58	61	-1.4990215908991944
58	62	2.171044586968745
58	63	1.0444785635099274
58	64	25.88886107573861
58	65	1.8968223364054175
58	66	-2.1113683837983426
58	67	-4.06349420540022
58	68	2.92442476679994
58	69	-1.9363989566926025
59	59	NaN
59	60	-0.822337259688738
59	61	2.8120125404705063
59	62	3.7479057006159024
59	63	-0.8285747662305479
59	64	0.29439117100229634
59	65	-0.91590989759881
59	66	0.676201717902161
59	67	-1.7355903148054714
59	68	-0.1370719976983289
59	69	2.0567258039434444
60	60	NaN
60	61	-1.2753645770253517
60	62	1.3376603512054595
60	63	-0.36433245540332915
60	64	0.6100014506696676
60	65	-0.3482592490750333
60	66	-1.6211389505536895
60	67	0.9028414079913398
60	68	2.893791349852472
60	69	-0.8707758403076764
61	61	NaN
61	62	2.811898304695374
61	63	-1.8558850401851963
61	64	1.1942106514458088
61	65	0.7283162729680831
61	66	-0.040219263585093444
61	67	-0.027034664807155228
61	68	2.327720229976265
61	69	2.636249235689489
62	62	NaN
62	63	2.1515983731381914
62	64	0.7633229005091845
62	65	-0.025946811590684456
62	66	3.1866749479187284
62	67	-0.6808280051062173
62	68	1.5068018013584925
62	69	3.4699243391259618
63	63	NaN
63	64	3.0430862138953714
63	65	0.25155910260404907
63	66	0.5583545434246989
63	67	2.4563154399665534
63	68	0.5066279782413702
63	69	-1.4531870081393203
64	64	NaN
64	65	2.2926594888085563
64	66	3.341038050088679
64	67	2.1857371972652855
64	68	-0.8794779146177342
64	69	1.0383646227394452
65	65	NaN
65	66	-2.226940034913307
65	67	-0.576654539086603
65	68	0.7589157658552681
65	69	-0.9637903949614165
66	66	NaN
66	67	1.7409059780977723
66	68	3.814659674141962
66	69	4.251423063985212
67	67	NaN
67	68	2.5504305947069583
67	69	1.3318251737843345
68	68	NaN
68	69	-1.0304423801873897
69	69	NaN
