1	1	NaN
1	2	-0.5740312802033494
1	3	0.5056522722547077
1	4	0.7083032630810672
1	5	2.839723905244351
1	6	1.420569925779086
1	7	2.6439875815138882
1	8	-0.34612472746383377
1	9	1.6291472293983411
1	10	2.186047288704726
1	11	-1.402879202832745
1	12	0.7690432360272896
1	13	-1.1185135771918604
1	14	-0.5748175475179648
1	15	-0.6342620092649373
1	16	0.8978606499157252
1	17	0.9332690609257879
1	18	-0.1691065940920213
1	19	-2.1800102302485653
1	20	3.138319521662704
1	21	0.7060822705114852
1	22	-1.310825805431461
1	23	0.6866207701261219
1	24	-0.557888079722897
1	25	-2.1918184568658527
1	26	-1.4035477037345963
1	27	1.3176248784396096
1	28	-0.4874240782012953
1	29	-0.30068983191081106
1	30	-0.04656324226494242
1	31	-4.369456158370387
1	32	-1.4850894830176729
1	33	-1.3098889514624634
1	34	-2.44078578950617
1	35	1.07412757705814
1	36	2.7432362970342914
1	37	-1.9097002901860174
1	38	-0.2044701789772676
1	39	-1.57861113319844
1	40	-0.20269659533452367
1	41	-2.2851146902050097
1	42	-1.3750118698109772
1	43	1.0976869234869657
1	44	-0.7914207074373284
1	45	-0.27712819496361063
1	46	3.083388541002204
1	47	-0.7428474860192573
1	48	0.40176131676904725
1	49	1.2608869907549434
1	50	-3.9160271491409335
1	51	0.1315630521338281
1	52	3.080865635858022
1	53	1.262436059418365
1	54	-0.24203385108430903
1	55	0.6588523771076719
1	56	-0.8655814003494507
1	57	0.2943249060627865
1	58	3.4695586134481275
1	59	1.2423056411570546
1	60	-1.5778386935391546
1	61	-2.405786883902802
1	62	-1.3500886245222732
1	63	-0.16335803219800893
1	64	-0.024462196778741244
1	65	0.7880402233755275
1	66	-0.23236632947638025
1	67	-0.5367984807511568
1	68	0.985234609383705
1	69	-2.6622734244260893
2	2	NaN
2	3	0.11214501784271144
2	4	-1.835442384052907
2	5	1.2856011293269227
2	6	-0.33872167965765043
2	7	1.4167942708033212
2	8	-3.7431559219952146
2	9	-0.736367109691879
2	10	3.1506827519528713
2	11	1.0361866577494647
2	12	1.36482367544982
2	13	3.302974224942607
2	14	-1.845350890776315
2	15	2.5038966112104566
2	16	0.5869838643063445
2	17	-0.15765463446507874
2	18	1.4148121396989828
2	19	0.6236852047457976
2	20	-1.4521547293620443
2	21	0.9291750064791741
2	22	0.3278473832956588
2	23	-0.1867684301258974
2	24	-2.9185556353902777
2	25	1.999479702398861
2	26	0.14907399404903715
2	27	-2.0099785811500848
2	28	2.220500231959181
2	29	-2.2993956858367297
2	30	1.6334151691176997
2	31	-5.254974585731967
2	32	1.167336434208832
2	33	2.080332561792178
2	34	0.030103484930033318
2	35	-1.6921090587221361
2	36	3.1774647029833285
2	37	-1.9960860407080918
2	38	-0.5022311471374328
2	39	1.8720575649586915
2	40	1.9897987376342479
2	41	-2.343384650802129
2	42	3.743359814550643
2	43	1.119837788151485
2	44	0.913524186504176
2	45	0.5257683604399515
2	46	-1.1104134992369952
2	47	1.624539218522887
2	48	0.18642346640037694
2	49	-1.026897980475467
2	50	0.2499665636781718
2	51	-0.19433443649224222
2	52	-1.1516865694585168
2	53	-0.7750542337076126
2	54	0.31775218415420375
2	55	-1.200971117949842
2	56	-1.4387786597000263
2	57	-3.677522847630126
2	58	0.43068625500707325
2	59	-1.6847270068864975
2	60	2.678098297459979
2	61	0.043011642677364265
2	62	-3.4938822806763987
2	63	-0.1392936477826151
2	64	-0.628135893906583
2	65	-2.68937091798471
2	66	4.138743411921916
2	67	-1.0019785785052342
2	68	-0.4907204243735406
2	69	2.880380538641982
3	3	NaN
3	4	0.666035330466901
3	5	0.645878270200349
3	6	-2.6045231402024385
3	7	-0.32296355029292473
3	8	-1.1243758868245626
3	9	-1.8427812908523238
3	10	2.0018605806629015
3	11	2.0033388770172373
3	12	0.6707221065617761
3	13	1.404599214198383
3	14	-2.732988798318266
3	15	3.1453932430145546
3	16	-2.3760245672777383
3	17	2.465645469608104
3	18	-0.5105047767455725
3	19	6.172870742983893
3	20	-2.3294042764701293
3	21	-0.7285830258820467
3	22	3.271139867795922
3	23	0.7199740476468681
3	24	0.1622435770957222
3	25	0.0626666202328844
3	26	-0.645149257492888
3	27	-2.9435606990607406
3	28	0.3592659985587594
3	29	0.19446486275161962
3	30	2.323778062160959
3	31	-2.792164966727058
3	32	1.239421409888029
3	33	2.2766866862248283
3	34	1.6771304684004245
3	35	1.6960434334635248
3	36	3.5631644613826365
3	37	0.9917683256652726
3	38	-1.7483586366800112
3	39	2.325344929117678
3	40	-2.4821602697590066
3	41	-3.535499164704305
3	42	1.1702132042767546
3	43	1.209879752084493
3	44	-1.9384378695016415
3	45	0.8079477558006241
3	46	1.0311770311868007
3	47	0.29041237227201927
3	48	-0.8954535060455004
3	49	-1.8098625895322882
3	50	1.0636898276500173
3	51	0.9844979160393867
3	52	-1.1403565995231384
3	53	-4.467623071899756
3	54	-0.5415279008741058
3	55	-2.7697658167097803
3	56	-2.1797367681620816
3	57	0.5438220866201521
3	58	1.7223030139172537
3	59	-1.4743681385380167
3	60	0.6704641804922898
3	61	2.5853855680434203
3	62	-1.66754776844915
3	63	-0.41973814838089124
3	64	2.804557418796115
3	65	2.094035695777451
3	66	-0.9745737807474593
3	67	0.43566166099439174
3	68	-0.6398691873478535
3	69	0.27387659012804644
4	4	NaN
4	5	2.298555942837576
4	6	2.9557791854401896
4	7	-2.128987371908112
4	8	0.9163117982050378
4	9	1.803525629596953
4	10	3.221579131623277
4	11	-0.4431356792435875
4	12	-1.586099579085966
4	13	-1.1279773995020579
4	14	-0.7909266611043035
4	15	-5.258031376634299
4	16	1.1234891506379738
4	17	2.700144683931333
4	18	0.9845329509482252
4	19	-2.7599536545433243
4	20	0.9387477862170336
4	21	-0.7369222813367453
4	22	-4.648704307137065
4	23	0.4084971080732072
4	24	4.316342015258424
4	25	-0.03175570828777356
4	26	-0.6534214582987042
4	27	-1.210063554976534
4	28	0.22932450254230818
4	29	-2.5510886645626347
4	30	-1.9919697373071852
4	31	-1.6579923063490432
4	32	-2.0868973934243766
4	33	3.081791939824935
4	34	0.5147712151618097
4	35	2.222967992273629
4	36	-0.2885366467111514
4	37	-0.13355397259558802
4	38	1.3516590200525453
4	39	-1.2197922959280556
4	40	3.385536553541547
4	41	-0.8623306093102231
4	42	-3.7967141132979845
4	43	-2.494737038985646
4	44	1.3642173741209689
4	45	0.7621540763318506
4	46	-2.6979888654767654
4	47	0.0221379040658228
4	48	-1.3523909297901895
4	49	2.428230465036453
4	50	-2.21726675547328
4	51	-2.6706605221509285
4	52	3.431402989562235
4	53	1.4606359671650146
4	54	0.7346716813395782
4	55	1.7892087039227103
4	56	1.534772801031256
4	57	3.0557040203311456
4	58	-0.04215070938223625
4	59	1.3333667027962715
4	60	-2.3603552149380067
4	61	-2.786988825931547
4	62	1.1144427901352283
4	63	0.4433702573707654
4	64	2.260899741400703
4	65	0.9738998145155012
4	66	0.3565551229972193
4	67	-1.558216418684056
4	68	-3.8037791302823853
4	69	-2.233226622251672
5	5	NaN
5	6	-2.0399241496833773
5	7	-3.4170573629276553
5	8	-0.3081441790827885
5	9	-3.770094724909115
5	10	-4.0266138767507975
5	11	-1.0433302836394633
5	12	-2.120533552566296
5	13	0.7732429478771
5	14	2.828830016522552
5	15	0.20721593707836572
5	16	-0.8906688321323466
5	17	0.4510491267431907
5	18	-0.6473708114988059
5	19	0.04866952969310872
5	20	-1.824924126804412
5	21	-1.7365886871753275
5	22	-2.1949914675619633
5	23	-0.4035522398683451
5	24	-1.2685274327589235
5	25	-0.6149493025238248
5	26	-1.9175688083031455
5	27	0.1485803958674294
5	28	-0.24572955268671523
5	29	4.559436904631006
5	30	-3.163931684329651
5	31	-1.7246968072343345
5	32	-0.8545962013069764
5	33	-2.0157049934927986
5	34	80.06682708085998
5	35	-2.7469643610366434
5	36	0.2522402320928982
5	37	1.0688678371382976
5	38	-0.6987949147463287
5	39	2.3336283614376536
5	40	-3.0242662806151595
5	41	-0.0904987638815197
5	42	-0.8847646480730599
5	43	0.6352234120507904
5	44	2.2492397995198203
5	45	-0.08739953313975067
5	46	-2.3474178785801416
5	47	-2.0326666754940077
5	48	-0.522181165758815
5	49	-3.4625519166766687
5	50	1.0517059707713758
5	51	-1.5746801445066931
5	52	-3.4536665271918774
5	53	-2.2744011395110557
5	54	0.5866160092072423
5	55	-1.2235509457708609
5	56	-2.9000241520992356
5	57	-3.4092473973649446
5	58	-1.8165103762115913
5	59	-2.0144156740639168
5	60	-1.029264716985428
5	61	-2.224071098132417
5	62	-5.615209521677075
5	63	-1.3004011831125812
5	64	-4.341716057456252
5	65	-2.0342469848907156
5	66	-2.261618045570941
5	67	-0.5269720794027196
5	68	1.8617714534196947
5	69	-1.8314817184004635
6	6	NaN
6	7	-1.8247341261838534
6	8	1.862897005759972
6	9	3.3721333307230035
6	10	3.733738933533767
6	11	-0.3251382588393171
6	12	0.5471891580510914
6	13	-3.468744132942039
6	14	-1.272884401295553
6	15	-1.1165543093804633
6	16	-0.1794574031286073
6	17	2.645080058892078
6	18	-2.68200723290258
6	19	0.9469754191985802
6	20	0.8137295668241363
6	21	-0.19391300069563253
6	22	-0.8956110993534308
6	23	0.18177803616414157
6	24	3.6010844496228183
6	25	-0.22024702266093843
6	26	-0.5883335551272544
6	27	-2.1259396477901813
6	28	-1.0121599913270376
6	29	1.7180879352678784
6	30	-3.0618633916314875
6	31	-2.7687846343760243
6	32	-2.8584839961039905
6	33	2.0910444116514855
6	34	-1.9092705321448011
6	35	3.588823389714193
6	36	-1.8206506506465407
6	37	-0.21719921270486592
6	38	0.841658753814306
6	39	-2.389457998766844
6	40	3.1951801663222863
6	41	-3.8839627977984224
6	42	-3.7738415030538195
6	43	0.12186520137019438
6	44	1.0524263872221955
6	45	-2.037337204491066
6	46	-3.475793796058758
6	47	1.901101188113111
6	48	-1.2677667743850498
6	49	3.2419153020840126
6	50	-1.4527551129378196
6	51	-3.4062601406642874
6	52	1.8041847851361585
6	53	0.8647568729729783
6	54	0.17870410396421388
6	55	2.286949112824629
6	56	4.509084197466628
6	57	1.5983657819782324
6	58	-0.6921727147661937
6	59	2.334262984797792
6	60	-0.5300454915011532
6	61	0.009674744555834128
6	62	-0.12096895338700336
6	63	-1.1574529519761794
6	64	1.9295872951841755
6	65	-0.2602138741929046
6	66	0.35390977899067805
6	67	-0.4989751354717524
6	68	-1.9179479232090706
6	69	-0.596366617996322
7	7	NaN
7	8	-1.988865785440242
7	9	-0.17820671591776463
7	10	-0.36748110745876916
7	11	0.4410731328486679
7	12	2.0184333217799946
7	13	1.5596566186967882
7	14	1.5621555207934321
7	15	-2.5406094630727885
7	16	-4.004547881067697
7	17	0.33512835053323237
7	18	-2.938700495561959
7	19	-0.5705949885989807
7	20	1.0199553564759842
7	21	2.864301170614613
7	22	1.5953084368279569
7	23	1.791214637149034
7	24	-2.7075576289116396
7	25	-2.241772693723024
7	26	-0.3574748727404746
7	27	-0.4037472630301607
7	28	-2.170950003585964
7	29	1.838279587341187
7	30	0.4350052918582037
7	31	1.569668123602355
7	32	2.7729151773994682
7	33	-0.10560865676826371
7	34	-1.2530829714290637
7	35	-1.2823056809397508
7	36	-2.289268304538796
7	37	0.5367979078538203
7	38	-1.6806572522457548
7	39	-1.068084407822925
7	40	-2.815689958506752
7	41	3.0909427523413493
7	42	-2.8791195342372293
7	43	2.9650981232234943
7	44	-2.3996208096321046
7	45	1.7948138559373719
7	46	-1.2993555855089332
7	47	35.518131429645734
7	48	-4.275842976767488
7	49	-0.08659327212564773
7	50	-1.1738447595768595
7	51	-1.1914776605663588
7	52	-2.8276316186970427
7	53	-1.4131956163887809
7	54	-0.35739401134424253
7	55	0.4978008053484234
7	56	2.586459321585814
7	57	-1.6827218230431558
7	58	0.8229714004598303
7	59	-1.0198036048048071
7	60	-2.0207364389287163
7	61	-0.5717994426869349
7	62	-0.39397282119502286
7	63	-3.5358539924294305
7	64	2.4461752869355764
7	65	-1.9531004276741515
7	66	-0.734087818649538
7	67	1.1360980205660167
7	68	-1.8122850404617068
7	69	-1.128771979383858
8	8	NaN
8	9	3.5243064587544057
8	10	-0.000374311877475776
8	11	-0.5798656437895096
8	12	-2.948279490481169
8	13	-1.5709900379463657
8	14	-2.118527241038952
8	15	-0.5939460545350215
8	16	-3.8333102309660343
8	17	-0.38132142802682695
8	18	-2.400663171795728
8	19	-1.3628276226030849
8	20	0.2971276343388656
8	21	-0.7289241999633393
8	22	-1.1365667940678326
8	23	-0.3736834398935682
8	24	0.6315953801994958
8	25	-4.815678318483388
8	26	1.7463867413033585
8	27	-1.2905586283144792
8	28	-1.8889624350542729
8	29	-1.9624175206875314
8	30	0.7179926270355126
8	31	2.572838216277864
8	32	-1.1331415439601915
8	33	1.2374831279364529
8	34	-3.6859660108702563
8	35	1.8536133602683842
8	36	-0.5730100687448274
8	37	15.358569408269313
8	38	2.8193549515505936
8	39	-2.0884209081413556
8	40	0.11696931827929981
8	41	-1.587925252607979
8	42	-4.9262053985144325
8	43	0.793142410535214
8	44	-1.6531554121239012
8	45	-5.967407527975054
8	46	-0.9376659394107665
8	47	-1.4501805486574462
8	48	-1.908926472218056
8	49	0.5966374445377498
8	50	-2.672466429023626
8	51	1.0310946295531398
8	52	0.4799968826132833
8	53	27.44453045210126
8	54	2.423006681693443
8	55	4.269310475247327
8	56	-0.5072331597276755
8	57	0.6848927649323481
8	58	-3.515445897157681
8	59	0.803714057429299
8	60	-2.2016050180513007
8	61	-0.7548663697939229
8	62	-1.1221541252969596
8	63	0.764321869084644
8	64	3.1158069348958732
8	65	0.3442935977030239
8	66	-0.5480320269132656
8	67	-0.1473820005840556
8	68	-0.15328773825355219
8	69	-1.7787109532428909
9	9	NaN
9	10	2.3710705316914193
9	11	-1.367583576272337
9	12	0.020752878129398862
9	13	-4.864670384627912
9	14	0.9703888760617719
9	15	-1.9764622736374
9	16	3.8227230912087626
9	17	0.6519921770450208
9	18	-0.8143120534514358
9	19	-0.1515899994225238
9	20	2.084316564342725
9	21	-1.6106028281871834
9	22	-0.3912971299943614
9	23	0.6542228323025568
9	24	3.236432214272753
9	25	-2.521588564635332
9	26	0.13531314632818564
9	27	-3.2046013888142566
9	28	-2.6525858088860463
9	29	-1.83672602022074
9	30	-1.1952969214516522
9	31	2.6523158530081035
9	32	0.08420531586269922
9	33	0.7414655893363717
9	34	-1.8009223617447958
9	35	3.070306296602395
9	36	-1.3975990991526501
9	37	-1.041376365110059
9	38	0.5284055412792523
9	39	-1.524698214397777
9	40	2.2374086148793255
9	41	-1.4567816556740092
9	42	-3.7099281231733063
9	43	-1.4630004803676586
9	44	-0.4845401677160376
9	45	-1.719761085288078
9	46	0.6536222694548375
9	47	1.2511543616490604
9	48	-6.650742801445583
9	49	2.228939868449646
9	50	-2.5849560741659396
9	51	-0.5425245791055043
9	52	2.4118798792723486
9	53	0.9083092800243707
9	54	-0.41018253497990725
9	55	4.488493808362185
9	56	2.146765665558543
9	57	2.7195264859060853
9	58	-0.7431087009706503
9	59	3.511806033599892
9	60	-1.8617210205013761
9	61	-1.4526143237553295
9	62	-1.0051667005009661
9	63	0.11365992273099372
9	64	3.472461456761162
9	65	2.560801235414213
9	66	2.209754162840798
9	67	-1.8580325537648987
9	68	-3.6283173517482568
9	69	-0.8339645832784152
10	10	NaN
10	11	-3.356915383176958
10	12	-0.3707492130151819
10	13	-0.24084649315115544
10	14	-1.152781609836166
10	15	-0.6062555576549131
10	16	0.52346788698732
10	17	2.4844972083863137
10	18	-0.4494234589774613
10	19	-0.2617070481006593
10	20	0.4793923163308458
10	21	-0.7673255724267576
10	22	-5.091331359033822
10	23	0.11522223746715246
10	24	1.0842706369678916
10	25	-0.17880301728411482
10	26	3.0601139288750185
10	27	-3.3598882328917274
10	28	0.27786747386616617
10	29	-1.998875879606208
10	30	-0.570415763113602
10	31	-1.7120916353221896
10	32	-2.0345895386536403
10	33	-0.42528796578422234
10	34	0.039782169194884316
10	35	-0.06063090624542181
10	36	-4.37474407283973
10	37	0.12196732710609028
10	38	0.9243909023897131
10	39	2.081746797884156
10	40	1.8322164025692607
10	41	2.533549655597968
10	42	-0.29821266441810823
10	43	-0.796375913384595
10	44	-0.5755950789951717
10	45	-1.316574661604667
10	46	-0.9073830035053188
10	47	-1.0181649712782874
10	48	-0.2686628084574591
10	49	3.7041514836517426
10	50	-5.212894407467689
10	51	-3.4825629726941614
10	52	0.18425478659762462
10	53	0.5318865029093368
10	54	0.29543906527764
10	55	3.6793870028856404
10	56	1.2260815584108096
10	57	1.6964731238378392
10	58	0.9655108134115238
10	59	2.0120002473146528
10	60	2.350034873680652
10	61	-0.40836067437109563
10	62	-2.643324645860636
10	63	0.007996767610689907
10	64	1.1827379868978412
10	65	-1.2539051650152506
10	66	2.2271390681508385
10	67	-4.18510239579659
10	68	-0.9551347388377975
10	69	-2.8293898611213972
11	11	NaN
11	12	4.237099307197022
11	13	2.3602535502845687
11	14	-0.4208918462231404
11	15	-1.3188424343732217
11	16	-0.9329903681548507
11	17	0.6940719447826755
11	18	-1.0386381277158916
11	19	-0.29771460254495513
11	20	-2.7120618186728502
11	21	-0.6898715705227
11	22	3.3053051379915384
11	23	-1.6431882141324092
11	24	-1.4799389274671557
11	25	0.18142567174277952
11	26	-1.4540112839374912
11	27	-0.8825275098490225
11	28	1.5475515368576733
11	29	1.5340601187584852
11	30	0.774707589251317
11	31	1.2312317078039259
11	32	2.2925451443394333
11	33	0.9297601068455453
11	34	0.8182221983888748
11	35	-2.4827196760761048
11	36	0.4443993849022717
11	37	0.22687612673873256
11	38	-0.24485859279757863
11	39	-2.0110964924538046
11	40	2.3036454565966937
11	41	-2.0115237592760065
11	42	-1.8111673375794128
11	43	0.7798339342817024
11	44	0.9766268837825148
11	45	-1.9960534969957684
11	46	1.0073648057872826
11	47	0.9660537082191194
11	48	3.413607731990571
11	49	-2.7616120813375638
11	50	0.5210295603842664
11	51	-0.17189949471002994
11	52	-1.6615505532982657
11	53	-1.1140347052747341
11	54	0.42362345105246274
11	55	-1.9398371632934592
11	56	-1.5646675908827634
11	57	-3.8216165897986936
11	58	1.002630452365212
11	59	0.6116604886503545
11	60	1.4599705425674563
11	61	4.924207489557731
11	62	-2.2034219406915274
11	63	-0.41720757384352863
11	64	-3.3229948342108835
11	65	2.721266705475247
11	66	-0.6716305999915387
11	67	2.7319617358698647
11	68	1.3368203387560664
11	69	0.3876409955628717
12	12	NaN
12	13	1.865641281341526
12	14	-2.16224053526748
12	15	2.134410183428896
12	16	-1.2856004141569766
12	17	0.35853991408937347
12	18	-1.8968552577470639
12	19	0.9498213455461288
12	20	-2.87070731884601
12	21	1.1283949380132214
12	22	2.9307847409128684
12	23	-0.1033483469489333
12	24	0.8455493853412889
12	25	0.42791547848675704
12	26	-0.9173441559449254
12	27	-1.328850024402824
12	28	-4.420510708873508
12	29	0.6709020670743787
12	30	2.995778844608244
12	31	1.6649813400247324
12	32	0.18250204344743653
12	33	-1.8082679323296778
12	34	1.8356384480496626
12	35	1.6702454772776645
12	36	-2.813473041057099
12	37	1.2389189179066902
12	38	-1.5965849646981742
12	39	9.370733100769458
12	40	-1.2589841327463465
12	41	-1.5203058462069996
12	42	2.5275337669663283
12	43	0.3619476650331812
12	44	0.2660086244226767
12	45	1.0406743345258054
12	46	-0.1179852240119395
12	47	-2.2019623225020366
12	48	2.9541731182298565
12	49	0.2655977036555531
12	50	-0.42391991008835755
12	51	0.21191472773144396
12	52	-1.091821721264111
12	53	1.0128177501563669
12	54	-2.16966390230679
12	55	-2.338721509331056
12	56	-0.22338049710317504
12	57	-1.52920896439181
12	58	1.6081471750723426
12	59	-1.4892249327453617
12	60	-1.6808327969499184
12	61	-0.4088538329037185
12	62	-0.3526189425366514
12	63	-0.7890144096458689
12	64	2.045731021618555
12	65	-1.4516697800752474
12	66	-2.0990556023506204
12	67	-1.141397872112434
12	68	1.4332674460892934
12	69	1.090738682052307
13	13	NaN
13	14	1.7520051891868023
13	15	-0.8168685105600058
13	16	-0.08674014344128303
13	17	0.06461240454272439
13	18	-4.251979337965638
13	19	-1.5032376193464474
13	20	-1.5235570303713244
13	21	0.10110222210657147
13	22	-1.2615858516949312
13	23	-2.831707210670078
13	24	-0.36525942935854216
13	25	1.1096888589353353
13	26	1.5270830433863671
13	27	-0.9961447359542913
13	28	0.904118700997009
13	29	-0.18245911572414106
13	30	-0.07776277841276391
13	31	0.932432950443275
13	32	0.7533284121498773
13	33	-1.3124497715532173
13	34	1.7849450344109754
13	35	-2.05732715873447
13	36	1.1496736903728635
13	37	-2.6316080946691662
13	38	0.74362411891088
13	39	3.612348826448544
13	40	-0.6648834470776671
13	41	5.965607338762185
13	42	-0.8379401836584942
13	43	3.712518667724705
13	44	-1.9119720830836835
13	45	1.7048850507621078
13	46	1.8495739853127942
13	47	-1.263756845683246
13	48	-0.0970551652171165
13	49	-1.3082488999226953
13	50	2.1956225438195194
13	51	3.7550684121872515
13	52	-2.083044546526891
13	53	1.302465114627449
13	54	0.9853078609601402
13	55	-0.4666442543399239
13	56	-2.213294718762853
13	57	-3.1554383487976274
13	58	0.732029492631953
13	59	-3.9633925715085754
13	60	0.5666055246372645
13	61	1.9828722043688236
13	62	3.718059679361393
13	63	-3.0737459406196037
13	64	-1.115258059637537
13	65	-1.9291323495487351
13	66	-0.13212587720539734
13	67	3.2276340535217263
13	68	1.9566370861319724
13	69	0.5918155608706368
14	14	NaN
14	15	0.8149551050234685
14	16	-0.08577486279945326
14	17	-1.1751667434381103
14	18	1.210694856752957
14	19	-2.749492327201625
14	20	-1.2467383921920976
14	21	2.199312912994508
14	22	2.2534681124637603
14	23	-0.7260733497308208
14	24	0.2924741387944436
14	25	-0.8803160213812485
14	26	-0.07135883439429108
14	27	2.238580310415102
14	28	1.2253383765003556
14	29	0.93454786021032
14	30	2.193319182876607
14	31	1.5337207386330953
14	32	1.0131964193742211
14	33	-1.569271396289268
14	34	-1.8948784368347478
14	35	-0.6483576834539474
14	36	1.5463433375724547
14	37	0.7378763113776521
14	38	-0.2157983957213252
14	39	-0.9279017961154494
14	40	-2.9061804786797754
14	41	1.3677924083124584
14	42	0.7071334750106603
14	43	1.0967135581822214
14	44	-0.33694841997067193
14	45	5.058522547158108
14	46	3.2505094549386686
14	47	-0.2075109915395152
14	48	2.7290555330821546
14	49	0.204412586060413
14	50	0.606069132776069
14	51	-0.7135968930675011
14	52	0.32845419902797574
14	53	-1.372143725188864
14	54	-1.07681183428422
14	55	-1.9395420179710068
14	56	0.23679792436367364
14	57	-1.7189082047868751
14	58	0.6882503634309424
14	59	-2.0241995367791166
14	60	0.6627969315919834
14	61	0.9162036695976933
14	62	-0.5974960736455165
14	63	-2.1224877108672913
14	64	1.2999648668097465
14	65	-0.8469049865961085
14	66	-2.1872879646801966
14	67	-0.3373878876261418
14	68	0.19572866226103597
14	69	0.4285860234670551
15	15	NaN
15	16	2.250989747027839
15	17	0.901741121091588
15	18	-3.0055946639197564
15	19	6.463207636718758
15	20	0.03999232292144513
15	21	0.6217931853167293
15	22	1.4350022030064284
15	23	0.13342510925441572
15	24	0.04689118724745787
15	25	-3.1775439744133576
15	26	3.802197518616113
15	27	1.687355320911324
15	28	-0.7898234817966878
15	29	0.5018522440615087
15	30	3.188283962285761
15	31	-0.7549570823343054
15	32	4.1439215066885415
15	33	-1.9381176616465317
15	34	-0.6775355406407946
15	35	-0.11909503333862023
15	36	-0.056875835476075116
15	37	1.1907560945100713
15	38	-1.3537490806804122
15	39	-1.7760155835203093
15	40	-1.4721612088039489
15	41	6.242001048255366
15	42	-0.2709899128106782
15	43	0.3213741113969875
15	44	-1.8397767437535009
15	45	1.8473925990453293
15	46	1.453591360790012
15	47	-1.0843591607901246
15	48	1.7809268189652312
15	49	0.0923673820244204
15	50	-0.2789940473775497
15	51	2.0150813934653797
15	52	-2.458474928598624
15	53	-3.449546919566358
15	54	1.7777951272708288
15	55	2.58921219100588
15	56	-0.549088709741951
15	57	0.03553146846815882
15	58	-2.114200809985334
15	59	-2.702220242227383
15	60	1.4963868925434678
15	61	-0.8505583977520581
15	62	-0.16502506196287028
15	63	-0.28624460425681414
15	64	-3.6102626553983237
15	65	-1.7039120876468532
15	66	-3.4213518434757035
15	67	4.136528717945893
15	68	3.0064392099650035
15	69	-0.7456326130841986
16	16	NaN
16	17	1.6972955864557306
16	18	0.5334933892838208
16	19	1.6261497940851675
16	20	0.5026937080499289
16	21	-1.0973751481878187
16	22	-0.038696771284338224
16	23	-1.9856897019263866
16	24	-2.4791454095895125
16	25	-2.19000451580224
16	26	0.6660155504122278
16	27	-0.881461809703548
16	28	1.0353394902003459
16	29	2.390329345070227
16	30	-2.2141071056043273
16	31	-1.07303053132152
16	32	-2.0459355641588512
16	33	-0.74675218805615
16	34	-2.076462193788442
16	35	-0.13636774220663878
16	36	3.4792193591339213
16	37	-0.287027923484933
16	38	0.48264505488063286
16	39	0.15493993641877485
16	40	-1.4696743125456653
16	41	0.2494154051244168
16	42	3.119605258365724
16	43	2.229236420127036
16	44	-2.102857104322959
16	45	-2.8711165726193784
16	46	2.081937675073216
16	47	-2.969419310714686
16	48	2.045722928403121
16	49	-2.7648740081943792
16	50	0.28878441131539356
16	51	-1.0273656785400886
16	52	-0.6349126645574124
16	53	3.7852282066008542
16	54	-3.651720145129698
16	55	0.6510027375455858
16	56	-1.1449585073183417
16	57	-3.328362093094679
16	58	-2.140849303655268
16	59	-0.11341585689802512
16	60	1.8142541482087144
16	61	2.185737450124238
16	62	2.714309958065176
16	63	-2.6212807080412652
16	64	0.35502505989324495
16	65	-0.6984368998508792
16	66	-2.594706358075995
16	67	3.2971033297535604
16	68	-1.4378240521486965
16	69	21.732711195998974
17	17	NaN
17	18	-0.8100246564795494
17	19	-0.15737757478325268
17	20	3.290023253745914
17	21	-2.067665804872217
17	22	-1.9265399188565369
17	23	-0.6542827079221257
17	24	2.2087191861278477
17	25	-0.6840722140481531
17	26	-0.008616935207537898
17	27	-1.060990526060925
17	28	-1.8544491443475153
17	29	-1.812266564301982
17	30	-1.1861885515536545
17	31	-2.941252091491878
17	32	0.3547797074836103
17	33	0.4388864616681108
17	34	-4.108386944111309
17	35	0.5041938261718345
17	36	0.2991803213308972
17	37	-2.3438120389801815
17	38	1.088665007731332
17	39	0.8112785977162025
17	40	0.7891393624837554
17	41	-2.1722784899092997
17	42	-2.809102221497298
17	43	0.4175887645407554
17	44	-0.4137762462378399
17	45	-2.395282168300756
17	46	-3.1811029092361354
17	47	-1.9461496330391446
17	48	-2.7526051998458367
17	49	2.217927750691144
17	50	-0.501435485424144
17	51	-1.0545872861787293
17	52	1.2864327520382914
17	53	5.139735441700483
17	54	0.1142462474122993
17	55	0.05178161152267614
17	56	0.9283674470076236
17	57	-1.3460916759652473
17	58	1.4571602112292734
17	59	0.13004941003018358
17	60	-3.1362969360040296
17	61	-0.3651010277742016
17	62	-1.7937664540504332
17	63	0.7430224838529723
17	64	1.6058771472769091
17	65	1.4155134882169012
17	66	-0.9837826271542801
17	67	0.8006748498073663
17	68	0.5807511207625045
17	69	-0.374166896263179
18	18	NaN
18	19	3.276254806090019
18	20	-0.4764639169762578
18	21	-0.07620915368428643
18	22	4.876778951142238
18	23	1.8286753043968658
18	24	-1.5254950830147866
18	25	1.7345786342158294
18	26	3.139151975632934
18	27	-1.6213261907833154
18	28	0.6218433152801236
18	29	1.643257681618294
18	30	-1.4442776440761014
18	31	0.32224587736639876
18	32	-1.1515574078061597
18	33	-1.448607674648429
18	34	-2.507932872381088
18	35	-1.859719643132359
18	36	3.741669609439701
18	37	-0.6778318165377029
18	38	0.18852707880309494
18	39	1.8516679753544951
18	40	-1.639890068580547
18	41	0.8605283439450444
18	42	2.417151677615352
18	43	-1.076944780295608
18	44	-1.2406182302203819
18	45	2.226074293238262
18	46	2.269584464300797
18	47	-4.824516258466016
18	48	1.663110073236771
18	49	-1.3471016135881482
18	50	4.0974395021845105
18	51	0.0694850068555077
18	52	0.42682168155742567
18	53	0.4223747079998668
18	54	-0.7954400784518679
18	55	-4.163275734255343
18	56	-1.990652235685187
18	57	2.088374292693094
18	58	5.123238425004897
18	59	0.49073705358312314
18	60	5.253863445682482
18	61	2.064334116614913
18	62	0.749974988616896
18	63	-0.6629437330504093
18	64	-1.6546589862731147
18	65	-1.382295104459374
18	66	4.790830336320595
18	67	2.560711801943854
18	68	-2.8826814771867855
18	69	-0.3601156789866566
19	19	NaN
19	20	-2.7970823045479345
19	21	0.5627091670643434
19	22	1.0165612346865527
19	23	1.4193304159189841
19	24	-1.984053904226501
19	25	-4.2155426484848855
19	26	0.20248725210476617
19	27	-2.518253925419823
19	28	1.1264746593331991
19	29	0.31041538645557726
19	30	-1.5100557115749078
19	31	0.4117437515218918
19	32	3.9943519067676374
19	33	-0.8984537803028847
19	34	2.5759634983644704
19	35	-0.07465785481910649
19	36	-0.5311123318406547
19	37	5.084069738179952
19	38	-1.9462149041853025
19	39	1.763327582749384
19	40	0.04351963207923273
19	41	1.1870700093268116
19	42	3.109464494032536
19	43	-0.2458424971156093
19	44	-1.3675082711861655
19	45	-0.016908554521389896
19	46	-1.5373292715185705
19	47	-1.08349613946834
19	48	0.6011011801916268
19	49	-1.1794554215504045
19	50	0.5501471975160418
19	51	-0.03788147175957813
19	52	1.1443678724923712
19	53	-2.28619715167087
19	54	1.3582695703914773
19	55	-3.397552185522155
19	56	3.0408414281676834
19	57	-5.195177990745804
19	58	-3.868077462210441
19	59	2.83711025347588
19	60	-1.266925122220202
19	61	0.35910860871803985
19	62	0.884077320646801
19	63	0.31463009527233204
19	64	-3.6371541407063153
19	65	0.45076814624699074
19	66	2.2648776366341044
19	67	0.23779016034332806
19	68	7.052937007719476
19	69	-1.450327200555894
20	20	NaN
20	21	0.12661442106531587
20	22	2.1615973552036443
20	23	-1.4677579964580698
20	24	1.5234169277245064
20	25	1.2215923030715943
20	26	-0.934620430895907
20	27	-1.91701061405526
20	28	0.07899133893268839
20	29	0.0025832206367914514
20	30	-0.8757004101196106
20	31	0.12918712895416312
20	32	0.016895370152761123
20	33	0.24845871626588203
20	34	0.008748181973265639
20	35	1.4183607041003707
20	36	-0.3076877695177035
20	37	-3.8237341924265227
20	38	2.940203921506987
20	39	1.113198019910947
20	40	0.5554701363994622
20	41	-3.074988605546731
20	42	0.05366152862617096
20	43	-2.54264724939287
20	44	1.0109281295165347
20	45	-3.4604988410772073
20	46	-1.8723590927168827
20	47	-0.6976709956276872
20	48	-2.2065641260592095
20	49	-1.0454469212346962
20	50	-0.21405702267653876
20	51	0.06053910232416804
20	52	4.798276459221185
20	53	1.6827539471955484
20	54	-0.5414387795436468
20	55	0.7335347518421051
20	56	0.22079490579970149
20	57	0.4235874293131641
20	58	-4.208397473979254
20	59	-0.2832784448395999
20	60	-3.2449660030979977
20	61	-0.7351444539916009
20	62	0.5341793642123169
20	63	0.9430012022352976
20	64	0.7505273254790055
20	65	-0.7903138918959769
20	66	0.12681143389884553
20	67	0.03700301347421885
20	68	0.4490879334794729
20	69	10.649569821379929
21	21	NaN
21	22	-0.4329644731405873
21	23	-0.18319403563450248
21	24	1.1339191208952972
21	25	2.156595370859226
21	26	1.0993064045254206
21	27	1.2805562695753656
21	28	3.907113623499027
21	29	1.825435241771649
21	30	0.5656433858773443
21	31	-0.65643494878909
21	32	-1.4886763824048457
21	33	1.8002059949155784
21	34	-1.710189332336502
21	35	1.4385196351106795
21	36	0.29957135419091524
21	37	1.250698873865942
21	38	-0.00827340733669726
21	39	0.6721762092181617
21	40	-0.07349185397934611
21	41	1.673958621835411
21	42	-2.1693159442353758
21	43	-2.20686981871363
21	44	0.9973711550924446
21	45	3.3934144656125937
21	46	-1.5574839676331254
21	47	0.6713851294540273
21	48	1.098725021713921
21	49	-1.3359768550027273
21	50	0.49080242046579853
21	51	-1.8398406630439845
21	52	-3.375644371586944
21	53	-0.012779239016133852
21	54	-2.290768615129144
21	55	-0.14533182259702895
21	56	0.95757440575375
21	57	-0.9329448316071892
21	58	0.8930732429795883
21	59	-2.802408576409306
21	60	1.8084449582111273
21	61	2.016224195926288
21	62	-0.4704220294462284
21	63	-0.5697800984857013
21	64	0.48612009692123276
21	65	-2.5944194635399365
21	66	-3.413538365157297
21	67	0.14722886316388797
21	68	-2.8615105632819238
21	69	-0.13974514533743887
22	22	NaN
22	23	-0.07150194743755013
22	24	-0.12074782018775064
22	25	-0.03873126847133935
22	26	2.2601921777197136
22	27	-0.34608537018297003
22	28	0.06005034899123556
22	29	-0.9491664477246322
22	30	1.5537442956637082
22	31	-1.4015546769063099
22	32	-1.6284184145962592
22	33	3.2183381910131823
22	34	-1.6900680441106597
22	35	-1.4869156831908683
22	36	3.3031050037992875
22	37	-4.617382189979845
22	38	1.613988741361292
22	39	-0.5972362147710185
22	40	-1.7801780042408035
22	41	-0.40942912459801395
22	42	4.214958521778573
22	43	-3.1884617028428215
22	44	-2.079899348079815
22	45	-3.648127730666631
22	46	4.697208857403969
22	47	-1.4013514436492258
22	48	1.0719940068960558
22	49	-0.6004146038477866
22	50	0.9721784268560275
22	51	0.8147150781987362
22	52	-1.3225877381180404
22	53	0.32792284708943376
22	54	-1.2986332254838755
22	55	-0.053495987523986634
22	56	-1.096641371116203
22	57	-2.4126188294205777
22	58	0.841030857537626
22	59	1.8261364922035135
22	60	-0.3915701310908323
22	61	0.7120689856678794
22	62	5.085658088644145
22	63	-0.31733547553738345
22	64	-1.8127984306495866
22	65	1.480535095327807
22	66	0.5435907361189708
22	67	1.9512469628930333
22	68	1.457778888219624
22	69	-3.132963725205996
23	23	NaN
23	24	0.0954718048869095
23	25	0.2705941715283384
23	26	4.356642398783509
23	27	11.853010936114913
23	28	2.593207001194335
23	29	4.173781350108473
23	30	1.3429623948528444
23	31	2.6854003790578918
23	32	1.3218027151852163
23	33	-1.7084350019552632
23	34	-3.1040762541712152
23	35	-1.4146985536903354
23	36	1.3877353296035326
23	37	1.2699148263193922
23	38	-1.3684772938380385
23	39	0.3206198449465337
23	40	-3.2139452865388014
23	41	1.2246448996649488
23	42	1.0704033413502638
23	43	0.30293350490728377
23	44	-0.984591675934697
23	45	1.580659763299692
23	46	-1.7304928568804636
23	47	-3.0553806825690244
23	48	-0.029399388609542085
23	49	-1.9928997198410954
23	50	2.4756421995412987
23	51	0.29820859959600776
23	52	-2.248523124906627
23	53	-1.9201856379101254
23	54	-3.2166460156884185
23	55	0.29558339675563106
23	56	-1.4137516713277627
23	57	1.3057707033328185
23	58	-0.8768709538753535
23	59	-0.07326271356911007
23	60	0.8642530812791661
23	61	0.4174747122231255
23	62	-1.7191664915306775
23	63	1.7575247557816454
23	64	-2.9834987138966227
23	65	2.6166501201115064
23	66	-1.601656206943441
23	67	-0.35423430697096
23	68	-1.2880846190018154
23	69	-3.5913783024729735
24	24	NaN
24	25	0.9107035819548407
24	26	-3.5211550589065346
24	27	-0.01728165104674242
24	28	1.0001068100495183
24	29	-0.9584690055965716
24	30	-0.94466409001145
24	31	-2.911887149813087
24	32	0.7162296520032794
24	33	-0.383783105122959
24	34	-1.5514821241892638
24	35	3.821349405779059
24	36	-0.9325433568197278
24	37	2.2071633407266638
24	38	1.7107665024328615
24	39	-2.9331106680936787
24	40	0.03021530413171128
24	41	-2.766898631420783
24	42	-2.3685817726493026
24	43	1.2080223792191533
24	44	0.9006582003088014
24	45	-0.3421183042122415
24	46	-1.0054959225466518
24	47	-0.35985021135278783
24	48	-1.848674178271915
24	49	2.1480070133116973
24	50	0.28437280666298076
24	51	-1.727151364778908
24	52	1.5929742940775338
24	53	0.5752482240997897
24	54	0.7074158559128341
24	55	-0.1427447379836998
24	56	3.7602726745552397
24	57	4.092614133338976
24	58	-2.9430435905088626
24	59	0.4795601204632562
24	60	-0.9954703269155726
24	61	-1.0955468406362705
24	62	1.3226140643151654
24	63	0.07392203702571062
24	64	-0.18278619734303483
24	65	1.6112701019239217
24	66	-0.7160309034669647
24	67	-1.9948727517622422
24	68	-2.567735713419707
24	69	-0.9900917108112525
25	25	NaN
25	26	1.5396350028808978
25	27	0.4385790779402578
25	28	-0.1137409846472043
25	29	1.1137746949782938
25	30	0.4399290109641656
25	31	-1.1905562994242567
25	32	0.8580948949009187
25	33	0.17141108016926707
25	34	-2.803840952972586
25	35	-0.9212801658265559
25	36	0.1044560707853282
25	37	2.3161949249368194
25	38	-2.46099396865062
25	39	0.03138010465741489
25	40	-1.897523215320409
25	41	-0.42884658649029955
25	42	3.4171781327271193
25	43	-2.124240579458498
25	44	2.4383199041086128
25	45	1.7491341483674467
25	46	1.295412677758515
25	47	0.08631415903757605
25	48	6.708883515043084
25	49	-1.6136931556627747
25	50	-1.2615030167292338
25	51	-1.1971277448077497
25	52	1.511138086115889
25	53	-1.8525318039198506
25	54	-2.6441501569299013
25	55	-2.090337313124019
25	56	-1.8891793680496165
25	57	-1.0443046572664139
25	58	2.756130423350859
25	59	-1.6983933949119487
25	60	2.9985153681841004
25	61	2.539405201101042
25	62	3.1820460029195465
25	63	0.9248585953987251
25	64	0.5765266481212578
25	65	-1.5504089686055331
25	66	-0.65336988656733
25	67	1.3328627149704237
25	68	6.46304666485161
25	69	0.9990735759744773
26	26	NaN
26	27	0.9916357971576744
26	28	1.8383387020085122
26	29	1.3372368708084381
26	30	1.1429410714119348
26	31	2.1567679779960107
26	32	1.984053587564148
26	33	-1.2582533165539551
26	34	-0.26398422570284635
26	35	-3.35286930568194
26	36	-2.6151748168937314
26	37	1.9305008003462765
26	38	2.077489692336223
26	39	-2.1258088729711044
26	40	-1.4631156394676765
26	41	-1.4270156462248589
26	42	4.884778605997538
26	43	0.3536102265527144
26	44	-2.8004279861337618
26	45	-2.70085521913536
26	46	2.281991504974532
26	47	-3.6070220200811085
26	48	1.459480930255069
26	49	-1.3667827796696488
26	50	0.7769329761044935
26	51	-2.205886052165834
26	52	-0.9797744820617136
26	53	-0.6073053487819546
26	54	-0.9244550065971743
26	55	-0.5707598194558798
26	56	-3.033916373597968
26	57	-3.3108408184511653
26	58	1.053226927415508
26	59	0.4684695649529991
26	60	2.1336010515835198
26	61	1.456071846360144
26	62	4.601913846093084
26	63	1.7530632100502035
26	64	-1.3620675240371438
26	65	0.9173525322294191
26	66	-2.399084994325124
26	67	1.7923668320508683
26	68	-1.326352235823021
26	69	-0.38011302848975426
27	27	NaN
27	28	0.8016612283952095
27	29	2.240946100747195
27	30	-0.2148024645637102
27	31	42.775675777825334
27	32	-0.7692605552450718
27	33	-1.962554408438544
27	34	-3.4641748168668407
27	35	-2.070439302078271
27	36	-3.3537588553679667
27	37	-2.0881375869633576
27	38	-2.3010541392906245
27	39	-0.061402974299113636
27	40	-2.7622147543613145
27	41	0.7740711972025808
27	42	-1.4336499634804554
27	43	-0.4297398951013982
27	44	1.45084701235277
27	45	-0.05524169089637349
27	46	-1.798343262617914
27	47	-0.6737533913252763
27	48	2.257051733180205
27	49	0.7255455826580527
27	50	0.027947263643154856
27	51	-0.23090911675932127
27	52	-1.48165996237645
27	53	-1.8231760511861994
27	54	-1.967676189880197
27	55	-1.8321038054221546
27	56	-0.9093938856365625
27	57	-0.38889017878755394
27	58	1.6424667738540975
27	59	-4.521706286230021
27	60	-2.444141990290011
27	61	-4.04135636260126
27	62	-1.9610957665911875
27	63	-0.5390375981937936
27	64	1.0175558429268319
27	65	-0.2869919160371079
27	66	-1.0731768121328673
27	67	0.6291755102880977
27	68	1.1506196975702152
27	69	-0.28172967784219577
28	28	NaN
28	29	1.7750883940958704
28	30	0.8157808937485522
28	31	-4.324714823767217
28	32	-2.3459698435136804
28	33	-0.8000576619079521
28	34	-1.484627716829417
28	35	2.9436034277145184
28	36	0.4526980985343933
28	37	1.9037377927580839
28	38	-1.1960158985379457
28	39	3.200111272747867
28	40	-0.2812562842064487
28	41	1.0350881060265928
28	42	-1.658728985849334
28	43	2.2408865890525185
28	44	3.7005781832243843
28	45	-0.1076004139476791
28	46	-1.6805682993206545
28	47	-1.7230842245419908
28	48	0.6424259172661106
28	49	0.07124083949924552
28	50	0.4884567811501527
28	51	3.2515576798540176
28	52	0.07501777574518438
28	53	-3.2028955622696107
28	54	-2.9608184856693844
28	55	-0.8890214350678396
28	56	-0.773047438711754
28	57	-0.29996675222947444
28	58	0.9742496974217064
28	59	-1.8849386669247432
28	60	-2.6594759767632303
28	61	-2.8032471946690896
28	62	1.8682101362046832
28	63	1.8619038278455022
28	64	0.4606873296377045
28	65	2.13571027786227
28	66	1.2629839087902113
28	67	-3.8596768685758382
28	68	0.154217250053839
28	69	-1.9161897215518204
29	29	NaN
29	30	1.8826996824043962
29	31	0.26106359199214524
29	32	0.28799409653293484
29	33	-1.2431509880625038
29	34	-2.9487876994279896
29	35	-1.518068689181619
29	36	2.7590044709520485
29	37	-1.6113682999133438
29	38	-2.6187841590867635
29	39	-2.6692005441068942
29	40	-0.2657334046197242
29	41	-2.546653583588183
29	42	2.7580015189219287
29	43	2.2493985360340893
29	44	-0.17424985054165457
29	45	2.793702609186122
29	46	-0.8766396145496573
29	47	1.3874766653922928
29	48	-1.742465757668886
29	49	0.27814098493964595
29	50	-0.19933093284240722
29	51	-1.2646693629298136
29	52	0.34202637525177676
29	53	1.2823864833955398
29	54	1.032693525902026
29	55	-2.666150836209917
29	56	-0.40468097400458697
29	57	-3.6273372691374584
29	58	0.977580473777656
29	59	-0.2048508359641029
29	60	-1.8321627489004024
29	61	-0.9547687859615116
29	62	-0.7673839513123443
29	63	0.15692614824633289
29	64	-1.2456159575693841
29	65	0.6377140413607072
29	66	1.036901287216542
29	67	-0.6824990989546538
29	68	-0.4599509329343685
29	69	-0.10367564715767438
30	30	NaN
30	31	0.9388399944781495
30	32	-1.4972698446673496
30	33	-1.5869360238466983
30	34	0.1226774365998339
30	35	-2.601033358867594
30	36	-0.3023699373033751
30	37	-1.2458278222110353
30	38	-2.1433149729871244
30	39	0.19839953872408975
30	40	-3.005697070551487
30	41	2.3575770507938207
30	42	0.38688745203193425
30	43	0.9808738358197973
30	44	0.5413118469992594
30	45	1.0048026447472862
30	46	4.421491816238775
30	47	-1.5772405310054949
30	48	-0.10215835135586042
30	49	0.2692362475034892
30	50	1.0683755154123895
30	51	2.302254506730948
30	52	-3.5022041807297977
30	53	-2.6594404304445183
30	54	-0.093716253639556
30	55	-1.8175907993737326
30	56	-2.163792791176958
30	57	0.04854610800696261
30	58	3.1795111991046614
30	59	0.8102335289259858
30	60	4.957678325289884
30	61	-0.7430475278957908
30	62	1.791513048593751
30	63	-0.9561777966348937
30	64	-1.6528494627711103
30	65	-0.6631166014452485
30	66	2.936490347949355
30	67	-1.9494788024114789
30	68	1.1489573919922866
30	69	2.3663531832427833
31	31	NaN
31	32	0.9695957869299195
31	33	-1.3384224290068656
31	34	-0.5130257182256082
31	35	-2.0334239484280068
31	36	-2.5817458111876097
31	37	3.3016578424339533
31	38	-2.4294166326194793
31	39	-1.7766031239777587
31	40	-1.9214949229712732
31	41	5.790476831064321
31	42	2.024233923903201
31	43	-2.1904358607753767
31	44	-0.8691411718147841
31	45	2.2517744802345723
31	46	-0.769803816931759
31	47	-4.179875628125646
31	48	4.073241274931858
31	49	-0.4766707954126214
31	50	0.2659077214990443
31	51	-1.1787616530972522
31	52	-2.5571471355731514
31	53	-0.5209573644295439
31	54	-1.7610206973715357
31	55	-6.349983693064482
31	56	1.1198421414827229
31	57	0.7958531710451802
31	58	-1.0289142807551512
31	59	-1.8021933543554474
31	60	4.049227059950575
31	61	0.5136527284785357
31	62	-3.845509612733551
31	63	-0.7787232298603253
31	64	1.5967116148820455
31	65	-2.53315304496761
31	66	-2.5261996718925066
31	67	-0.0518858288312832
31	68	2.421862240502318
31	69	-2.1276181529032927
32	32	NaN
32	33	-0.6504713065366448
32	34	3.326578218514783
32	35	0.3720946625215038
32	36	0.5281595504393288
32	37	-3.975398036911608
32	38	-1.4446330689567926
32	39	1.415561319930346
32	40	1.1540363068807935
32	41	1.7597984923414216
32	42	-2.678039597993794
32	43	0.2766455830646593
32	44	2.8264095254648964
32	45	-0.3495241173914949
32	46	-0.21343574762563472
32	47	-1.8141673158944949
32	48	0.027415866757414236
32	49	-1.4110610845189657
32	50	1.6236183667606512
32	51	-0.6308161099826566
32	52	-1.4865067213824399
32	53	-0.14173102616927277
32	54	-1.3764137117000068
32	55	-1.4003683481617617
32	56	0.02338822010280532
32	57	1.1036110462644102
32	58	-0.12588701107771144
32	59	0.8097187844937421
32	60	-1.6716498864060911
32	61	0.22767959651028816
32	62	-1.0411015159743595
32	63	-1.6027350028537277
32	64	0.6954491587989231
32	65	-0.47494840108638603
32	66	2.609263242574028
32	67	0.8108868320214985
32	68	1.5377477174108003
32	69	-1.0859928881096879
33	33	NaN
33	34	-1.1475885386967786
33	35	1.651067125109779
33	36	0.10624680662690864
33	37	-1.1836773564834422
33	38	1.9965942690598246
33	39	-0.5288326396408
33	40	1.4412666847612812
33	41	-0.8647025976062063
33	42	3.256919109568048
33	43	-1.9437230943687107
33	44	0.8505770593910111
33	45	-4.364653993000554
33	46	-0.07367557810314178
33	47	0.3500393751990732
33	48	-2.212454331746234
33	49	0.5594063174535792
33	50	0.01610938569817121
33	51	-0.43914724365994495
33	52	0.5936757371860726
33	53	-0.6828152019767233
33	54	2.0771597554586188
33	55	2.460772615710328
33	56	0.8014607047600572
33	57	0.19604692901199117
33	58	2.5871119764411774
33	59	-1.2785451652124182
33	60	2.8411479196153877
33	61	-1.7035115900673226
33	62	-1.9591151824976125
33	63	-0.9130958548724737
33	64	-0.38537367661360583
33	65	1.267191084932208
33	66	-0.2268801757388749
33	67	-0.36443386935910504
33	68	0.5777395587749079
33	69	-0.5676840944975922
34	34	NaN
34	35	-1.0248415969606444
34	36	-1.0886861582729017
34	37	-1.5685000128336088
34	38	0.46988225664517097
34	39	-2.2034320136469434
34	40	-1.177361423415548
34	41	0.13967570346028843
34	42	-1.7465224941004889
34	43	2.7059824770780962
34	44	-0.9803221016718383
34	45	1.56869122457191
34	46	1.5385322796101575
34	47	-1.6324856218022814
34	48	-0.7633837989549802
34	49	-2.7193197122610058
34	50	0.4272254655707113
34	51	0.7146710772369987
34	52	-3.3031529405706275
34	53	-4.414317349204832
34	54	-2.3684313057843025
34	55	-0.9023284952608034
34	56	-2.1055495759704543
34	57	-1.3227536002250706
34	58	-1.4728909283067495
34	59	-2.549586214623613
34	60	1.7142576897196398
34	61	0.3082386521777513
34	62	2.595569780485752
34	63	-4.067781023455335
34	64	-2.576761062364142
34	65	-3.29456592804161
34	66	-0.13625972148132964
34	67	-0.8664034372784426
34	68	-1.0641647407470882
34	69	-1.2786859912344757
35	35	NaN
35	36	1.426881271358059
35	37	0.3893218568892001
35	38	-0.07746772641876067
35	39	-1.5025528276044262
35	40	1.9954800039954277
35	41	-3.0356831943560736
35	42	0.301879283994081
35	43	-0.7829850403806488
35	44	1.7635747163166755
35	45	1.103770148799753
35	46	-3.5287986813644694
35	47	-0.42792475452687945
35	48	-1.9174715722285895
35	49	-0.5775746153592418
35	50	2.0405802599033525
35	51	-1.8042833203947866
35	52	2.8980528034615616
35	53	-0.12371197658851366
35	54	1.8311702894562292
35	55	1.0367832452522787
35	56	-0.13004675693771559
35	57	4.502749689783847
35	58	0.05958740442858429
35	59	0.5496651873522611
35	60	-1.6580013613101239
35	61	-0.8975613487551632
35	62	-2.1076909640572223
35	63	-0.2582814543000226
35	64	1.854218913144457
35	65	-0.1994535153056228
35	66	-0.18197345503624282
35	67	-2.7233120381576037
35	68	0.08645810517036667
35	69	-1.4704412345378868
36	36	NaN
36	37	0.15831290072208418
36	38	1.595192327069064
36	39	3.8172744084302628
36	40	-2.6542430050943175
36	41	3.763152336629792
36	42	-2.213768304567676
36	43	1.4829615919474708
36	44	-1.0230009725008524
36	45	3.3853065837715444
36	46	4.480011755961615
36	47	-1.4362874689323066
36	48	-1.3160961421966217
36	49	-2.697240896497211
36	50	1.688973064668887
36	51	-2.3736724151691173
36	52	-3.1969150254595124
36	53	-1.9737048969586641
36	54	-2.6189012246335177
36	55	-0.28463138793574116
36	56	-4.726063290712468
36	57	-0.8706295874839214
36	58	-0.09472485147066706
36	59	-1.228479673324475
36	60	1.4800160773360491
36	61	4.248922300993746
36	62	1.1304795933815213
36	63	0.46465053173525506
36	64	1.6719877816350226
36	65	-1.3380209541485992
36	66	-2.962538929478584
36	67	-0.7180691550132948
36	68	-1.6362262261369596
36	69	3.951427292596007
37	37	NaN
37	38	0.6504251956381566
37	39	1.3863425156967435
37	40	-1.9567958610083742
37	41	-0.7869029641955532
37	42	1.3489245331680575
37	43	-0.38869890682639235
37	44	-3.4661522631222548
37	45	-2.051129159521373
37	46	1.2633398252647101
37	47	0.46155898532765355
37	48	-2.1900693436021204
37	49	-0.5080124932279767
37	50	-0.6756833512409716
37	51	-0.3853383297638564
37	52	0.1274638986025869
37	53	-2.7612070179384163
37	54	-1.645848718531543
37	55	-1.3347810800125446
37	56	-0.6998894984210198
37	57	4.751897729495445
37	58	0.6613291424792493
37	59	1.5661753110626722
37	60	-0.23629068441790205
37	61	-0.2434982210713195
37	62	0.8696237534524399
37	63	1.023677977188498
37	64	-0.22444529876452876
37	65	-0.8469746450508031
37	66	-2.4045383050833817
37	67	2.521952663147436
37	68	-3.5428831539049863
37	69	-1.428973449786915
38	38	NaN
38	39	0.5265379857796223
38	40	2.270671382254985
38	41	-3.173588098764301
38	42	-2.535138509901149
38	43	3.7129782910293416
38	44	0.1684694452235404
38	45	-1.7924908712319347
38	46	-1.4873919755547442
38	47	0.01239809462790237
38	48	-1.528984006271644
38	49	4.431781100199567
38	50	-1.2685867693793094
38	51	1.2543121304326692
38	52	1.3655233964933196
38	53	-1.014532514556173
38	54	1.6886479494439068
38	55	0.26999603262574084
38	56	1.724279101258426
38	57	2.102223997896225
38	58	-1.8025944525685564
38	59	1.1728826541550346
38	60	-0.09357677380307189
38	61	0.26574500104409743
38	62	-2.218727914908631
38	63	-1.4109374402590225
38	64	1.1866931882038922
38	65	-0.2787515111936717
38	66	2.1554643545579206
38	67	0.15919936343386776
38	68	-1.9001319163955326
38	69	-3.800111011210318
39	39	NaN
39	40	-0.20881727920857132
39	41	1.055401528635143
39	42	-0.21805959740111447
39	43	1.0182786968371977
39	44	0.14050804993518246
39	45	-1.2510873436068306
39	46	0.8187961437837732
39	47	1.8410768631885364
39	48	-0.3600095855142003
39	49	-1.893666531652617
39	50	2.0670505091025078
39	51	-3.2075087326599308
39	52	0.15853717437893283
39	53	-2.1922821189349895
39	54	-1.7516473888736197
39	55	3.0435951625911617
39	56	-0.7437718256352585
39	57	-2.3968783875593482
39	58	-0.312359339888346
39	59	1.649179962984965
39	60	-1.6873084990743976
39	61	0.07413783258200358
39	62	2.3695986778816813
39	63	-1.126664753047175
39	64	-1.6523661932720268
39	65	-0.9193159851205649
39	66	-3.880925458677744
39	67	2.9068834266211887
39	68	2.3451475972219447
39	69	-2.5034292013781703
40	40	NaN
40	41	-1.642709112991562
40	42	0.2612657933208537
40	43	-4.086591180460964
40	44	1.5936860120398046
40	45	-3.1425202867121746
40	46	-0.9680939989357027
40	47	2.138414073304144
40	48	-1.859510048430278
40	49	4.020381528579525
40	50	-4.315865620427542
40	51	0.8170024715711995
40	52	8.553691122258277
40	53	1.8507035137455095
40	54	1.293725088052303
40	55	1.632309307303715
40	56	2.996122361333236
40	57	1.5804486008719962
40	58	-0.23622256394776373
40	59	1.8847841585283316
40	60	-0.4565537023797079
40	61	0.7874025002766183
40	62	-2.650335105768195
40	63	-0.7731048532957169
40	64	2.2938429859358322
40	65	2.7336895273678747
40	66	0.08810643621728294
40	67	-0.42650271902861914
40	68	-1.3920340017934996
40	69	0.7526681406428573
41	41	NaN
41	42	3.510304968009838
41	43	-0.5129102931206468
41	44	-1.4164513333051136
41	45	0.9174182892215752
41	46	3.261422017663332
41	47	-0.3792557405180134
41	48	-0.37092385521307975
41	49	-2.2930349473583695
41	50	1.5641713713798053
41	51	1.4085512222191672
41	52	-2.8924323360066957
41	53	-2.0551260088095886
41	54	-2.0004268391530924
41	55	0.12705565355497048
41	56	1.0201401203956784
41	57	-0.12146297264004878
41	58	1.6529533491993282
41	59	0.003356107049256349
41	60	1.4930627742698606
41	61	-0.265497333100855
41	62	2.66436201369815
41	63	-1.6128109496687473
41	64	0.5974753840119751
41	65	-0.2623880470608491
41	66	4.033325058857261
41	67	-2.201795432372303
41	68	-2.1053346726380595
41	69	1.4061305115924614
42	42	NaN
42	43	3.1352258206625727
42	44	-2.13412180600168
42	45	4.2447630797987115
42	46	2.068372489624498
42	47	-2.8765575350079726
42	48	1.112115241970238
42	49	1.6517713619796253
42	50	-0.8986592024507765
42	51	0.3629716944614585
42	52	-1.1871979826687657
42	53	-2.754552607691308
42	54	-3.5095630441742593
42	55	1.0991325812091703
42	56	-2.0180279126791576
42	57	-1.280034860575381
42	58	-0.9186873267003494
42	59	2.1621717223674266
42	60	-0.6272237536701548
42	61	1.5284532150640269
42	62	4.02509733932248
42	63	0.2133287269643662
42	64	1.3131553797058952
42	65	-0.4139057649019342
42	66	3.0080606916609716
42	67	0.25333999039777877
42	68	1.904034085551353
42	69	-0.9301864241499844
43	43	NaN
43	44	0.03172762190804735
43	45	-0.03519505043394656
43	46	-3.8730991253916076
43	47	-0.14174233261179328
43	48	0.1800722252763758
43	49	-1.659630290018825
43	50	0.9414885202247075
43	51	-1.438884780618234
43	52	-0.646345659453058
43	53	1.3128002042957319
43	54	-1.2038079082544542
43	55	3.360663845113355
43	56	-1.8324113507748871
43	57	0.35917519254517455
43	58	1.0183490279848817
43	59	1.9153889473508647
43	60	0.8451495560043767
43	61	-2.5384665101683574
43	62	0.5152953572677309
43	63	-0.3172467969695318
43	64	-1.6133494862430013
43	65	-1.9595325742772434
43	66	-1.3861152046037069
43	67	-2.2898800043015908
43	68	1.379733969140402
43	69	0.3556640976765239
44	44	NaN
44	45	0.507240649845238
44	46	-4.618214741287709
44	47	-1.218131898535185
44	48	2.0258263529724694
44	49	1.9073228743656185
44	50	2.2232964414651923
44	51	2.516384890559092
44	52	-0.6654208955011397
44	53	0.7300267118468815
44	54	-1.3009061743261092
44	55	1.795959656308066
44	56	-0.37177217481498076
44	57	-1.0990678884333218
44	58	0.4092031689023067
44	59	0.8255213749014917
44	60	-1.9357838836305827
44	61	0.2694188589710967
44	62	1.7123629623347334
44	63	1.5562764775187918
44	64	0.3507580027242926
44	65	1.3366453813028385
44	66	-1.4561827955660842
44	67	-1.0050094440855983
44	68	-0.6078270963054128
44	69	0.4140631110073215
45	45	NaN
45	46	8.776408784618194
45	47	-0.034709341106374074
45	48	4.115477431219016
45	49	0.3772188485573684
45	50	1.020645916732424
45	51	3.9247640789118647
45	52	-0.8114498992544307
45	53	-2.285375036843437
45	54	-1.5805401301391222
45	55	0.06725201349450459
45	56	-0.7303649706417594
45	57	-0.956970556983887
45	58	-3.5989253316378536
45	59	0.9713944292491209
45	60	-3.1183058425021906
45	61	-2.3236179443719083
45	62	0.30898539988869494
45	63	-0.27605677373804466
45	64	-0.06918246979139515
45	65	1.7926623757784659
45	66	0.5214429209003073
45	67	1.7399945371403043
45	68	3.466915138120421
45	69	-1.5801273611623976
46	46	NaN
46	47	-2.906902806380215
46	48	0.874867057325311
46	49	-3.9646722828198273
46	50	-0.004032330266805942
46	51	4.305256391932515
46	52	-1.8121098707141312
46	53	-3.3772853064329107
46	54	-0.12463572327516226
46	55	-0.25088604618804566
46	56	-0.8844834029561619
46	57	-0.963820207365713
46	58	-2.9634868586275545
46	59	-0.22444768249578192
46	60	2.1564986559391808
46	61	5.045309365211134
46	62	2.533317175212721
46	63	5.345680468964529
46	64	-3.641212492312376
46	65	-1.3443746540866752
46	66	0.5065991758498762
46	67	1.3235600900208777
46	68	0.01559962309146969
46	69	3.1947602215495694
47	47	NaN
47	48	-1.4610358813922102
47	49	-0.45076858904839484
47	50	1.5642095245959562
47	51	1.2072266633885709
47	52	-0.49953031041880047
47	53	0.11600219164420887
47	54	-1.0543376541065097
47	55	-0.6818556929856792
47	56	4.106758193783199
47	57	-1.4350449607239213
47	58	-1.1640013069364619
47	59	0.3314087200116733
47	60	0.09103123443276427
47	61	-0.2878268986263969
47	62	-1.528489699966147
47	63	1.3851881129383818
47	64	-0.4748511239035815
47	65	-0.07162801405368352
47	66	-2.0821303942967337
47	67	-2.3634037508462877
47	68	0.6603418033938546
47	69	-0.5301193049177118
48	48	NaN
48	49	0.6537296447081021
48	50	1.321427590461424
48	51	4.272178925496421
48	52	-3.90068610443793
48	53	-0.7503968421074032
48	54	0.7507661200259392
48	55	-2.182692283148294
48	56	-0.9419986989041667
48	57	-0.9441792112273012
48	58	1.3265685420098907
48	59	0.28613364035629296
48	60	2.6418857879454305
48	61	1.3448067838231357
48	62	-0.5690143538750854
48	63	-0.3448392470301759
48	64	-0.9807045670393462
48	65	-1.5735471263756053
48	66	3.9966759468634394
48	67	-1.196015721204928
48	68	2.90176562466277
48	69	-0.23456706892788734
49	49	NaN
49	50	-2.4251571993173
49	51	-1.9772199264688537
49	52	3.6540454014259653
49	53	0.13203420257855367
49	54	8.084425797513788
49	55	1.5376851511874776
49	56	2.471770499833021
49	57	3.963194487239206
49	58	-3.376732559073856
49	59	0.060529071364657724
49	60	-2.3883339622726463
49	61	-0.7356332343013
49	62	-1.1849728780100708
49	63	0.3650010507152474
49	64	1.9536384118375172
49	65	-0.2574320912739169
49	66	2.0783059628793654
49	67	-3.445794985607288
49	68	-2.618246341908062
49	69	-0.6839716506178258
50	50	NaN
50	51	5.2293629795345655
50	52	-0.34977955157536755
50	53	-0.7811024227338055
50	54	-2.1621323475778813
50	55	-1.5024674035031025
50	56	0.778819084130864
50	57	1.6256753221386773
50	58	0.7365206837493307
50	59	-3.1172693028487726
50	60	-1.265763370248252
50	61	-1.4463096238298168
50	62	1.859989863650261
50	63	2.012688254963142
50	64	-1.0957993043018321
50	65	-4.280841896495614
50	66	2.1630819675201494
50	67	-2.452153767127615
50	68	0.2763972836087124
50	69	3.029591713353969
51	51	NaN
51	52	-0.8527369684368612
51	53	0.926927376894087
51	54	2.2259315219746294
51	55	-3.1712498587484634
51	56	-1.2719907838067643
51	57	-0.3246863670314398
51	58	-0.41282407038018665
51	59	-1.480890475131172
51	60	-2.131317603994004
51	61	1.3628619226228686
51	62	-1.81002345777656
51	63	-3.224518183888354
51	64	-3.287525392356525
51	65	-4.684023207687192
51	66	-3.8043019427273492
51	67	17.31798922828048
51	68	2.8440581029575354
51	69	1.9438960730046295
52	52	NaN
52	53	1.7623850071965312
52	54	-0.2704509879381093
52	55	3.273457214507162
52	56	4.926526970912864
52	57	1.9416741190385114
52	58	-4.282287235437262
52	59	3.5542116361393035
52	60	-3.74212565332089
52	61	-1.5820465022212786
52	62	0.027723993344588277
52	63	-1.1013947177566858
52	64	2.4326912012393365
52	65	0.4655309520279114
52	66	0.31548130435346367
52	67	1.3745487071749087
52	68	-1.0961022929370063
52	69	-1.2918517536768046
53	53	NaN
53	54	1.7433749094674675
53	55	0.06623646201378887
53	56	1.3723641885522013
53	57	-0.2716431373982261
53	58	-0.5912562552186703
53	59	-2.6515394439329327
53	60	-2.1842298304106254
53	61	0.742914565883246
53	62	-3.0426456229369774
53	63	-0.5541090096505676
53	64	1.1266469356822053
53	65	1.2660320159960454
53	66	-2.4517324123384454
53	67	-2.805949226578574
53	68	2.397130946183908
53	69	4.749266041867117
54	54	NaN
54	55	2.150916280782283
54	56	-0.6515500957222814
54	57	-1.8664990075660652
54	58	-0.1803391114220771
54	59	0.046771809893374205
54	60	1.509871546873276
54	61	0.6458105671907682
54	62	0.050965473887758225
54	63	2.6311097004538526
54	64	-0.057676347917969654
54	65	3.5173273723618546
54	66	-0.4628613803804615
54	67	8.198056877662822
54	68	0.9594440506969275
54	69	-0.492942502900722
55	55	NaN
55	56	5.011691428324765
55	57	1.8298053546157094
55	58	-3.394009936157348
55	59	0.770326840704991
55	60	-0.859093666076475
55	61	0.5987673456098224
55	62	-1.274764125170035
55	63	-0.27107450036587116
55	64	1.665895163472333
55	65	4.2880314252891445
55	66	-0.13215187026888586
55	67	-5.980722446379412
55	68	-1.2298372700407747
55	69	-1.8727257257219456
56	56	NaN
56	57	3.3634231591379136
56	58	-0.4941550357178408
56	59	0.8371573159629239
56	60	-0.19505852358974562
56	61	-2.6981477051762797
56	62	-2.6587388009790707
56	63	-1.1549710281404924
56	64	1.6169401177428049
56	65	0.511235867766398
56	66	-0.8404678554034847
56	67	-2.5657102121983106
56	68	-2.0030283741324593
56	69	-1.0467745641983142
57	57	NaN
57	58	0.4349947603580283
57	59	1.9775280031124045
57	60	1.3666078732317666
57	61	-1.5577597200378943
57	62	-4.980507778927678
57	63	-1.9073464241984293
57	64	2.1578068054964454
57	65	6.619336030239745
57	66	2.9373299399706942
57	67	1.0990313346949598
57	68	-0.08953737630857139
57	69	-3.946338672101862
58	58	NaN
58	59	1.1838716753344654
58	60	3.294225543459052
58	61	1.2154649980366647
58	62	4.512873591838712
58	63	4.500112713768949
58	64	-0.588677317133052
58	65	-1.7023992331949378
58	66	1.4420125878057808
58	67	-0.212245163020572
58	68	-0.43667359569589426
58	69	-0.6386765700472388
59	59	NaN
59	60	1.8948669933912088
59	61	0.6186091946147626
59	62	-2.7852626845688597
59	63	-0.3932310205786925
59	64	-0.16555849439256076
59	65	-1.086775329997856
59	66	2.6705536989044747
59	67	-0.8586241925590058
59	68	-1.576088001414386
59	69	-2.1198616203968377
60	60	NaN
60	61	-0.22258293022211323
60	62	-1.180679324646096
60	63	0.7704164981429442
60	64	-1.4918517943352754
60	65	0.143562306796717
60	66	-0.50686451243212
60	67	1.2261994047133957
60	68	8.916220273961807
60	69	-2.216211838654791
61	61	NaN
61	62	3.974138168451281
61	63	1.1773150055328399
61	64	0.155485075516901
61	65	1.8949538358066815
61	66	-0.7738410147562643
61	67	-2.557205820738908
61	68	-1.6080395307616562
61	69	-1.4212245545280873
62	62	NaN
62	63	3.886868741938831
62	64	0.5381059081981043
62	65	0.9526880044297595
62	66	1.512006755759542
62	67	-3.7531519244929163
62	68	0.19272885801154518
62	69	2.107472277293139
63	63	NaN
63	64	0.7697621111289522
63	65	1.1782705521889387
63	66	1.0821200404859137
63	67	-1.5764517730908385
63	68	0.6684760033803463
63	69	1.5493343883487973
64	64	NaN
64	65	-0.23877379877330548
64	66	-1.0295920701561085
64	67	-2.5702578849059687
64	68	-3.5422057828317564
64	69	-0.6962471532134732
65	65	NaN
65	66	1.9545947173982408
65	67	1.2830561917879508
65	68	-2.869362197396209
65	69	-0.315895542541763
66	66	NaN
66	67	-0.6286395383330589
66	68	-0.18025573688997643
66	69	-0.6978707641388101
67	67	NaN
67	68	2.0975056944851924
67	69	-0.7216145406017241
68	68	NaN
68	69	-1.2454431188144164
69	69	NaN
