1	1	NaN
1	2	0.014169598830021519
1	3	0.006591810903521631
1	4	-0.6124274665903653
1	5	2.793412352894667
1	6	0.38895918082183706
1	7	-0.18004768837435972
1	8	3.7933435743916553
1	9	0.8938501514743352
1	10	-0.8213747427266793
1	11	1.1953243406102327
1	12	-0.27597483418013985
1	13	-1.575593438479458
1	14	1.0505167886901507
1	15	-2.469292149074212
1	16	0.025787255027276048
1	17	0.056851448857416775
1	18	-2.079190293860648
1	19	-0.36664758836661165
1	20	0.6815578676828762
1	21	-1.8925689250495508
1	22	-3.4682374106991922
1	23	0.2094140858716796
1	24	2.4593406846022803
1	25	-4.2580720247317885
1	26	-2.062415220753208
1	27	1.1595901562983502
1	28	-1.751122779071569
1	29	-0.28021062054859425
1	30	-2.9242797774381493
1	31	-0.6345797278362019
1	32	-0.22732995410741622
1	33	2.148212613597319
1	34	0.0002664351732460953
1	35	2.1063332086880617
1	36	1.5545595781466393
1	37	-2.0979585503432383
1	38	0.06644799530845379
1	39	-2.8134370678409115
1	40	3.4103768572871562
1	41	-1.38298961920283
1	42	-1.868631527549294
1	43	-1.7498534551040765
1	44	0.5087223732352221
1	45	2.323396902644926
1	46	-3.4566191617768185
1	47	2.46601205364766
1	48	-2.2370953914853264
1	49	1.2191885744686792
1	50	-0.8011378153536205
1	51	-4.724074993791931
1	52	1.663902432494855
1	53	1.7969813581034362
1	54	2.8618319303379005
1	55	-0.5624332242752277
1	56	0.916045718521633
1	57	-0.019605289039059618
1	58	-0.5009868348622961
1	59	-0.4963949300244377
1	60	0.4641714402561181
1	61	0.8897408483985626
1	62	-2.142475303085379
1	63	7.241738092867072
1	64	0.9857800315935509
1	65	2.070917841084111
1	66	-0.015280747178588553
1	67	0.12939178770412565
1	68	-1.3742250139462282
1	69	-2.126997092200632
2	2	NaN
2	3	-1.1157450820806485
2	4	0.8901650709306766
2	5	-0.9899661863556356
2	6	-0.23447868002854882
2	7	-1.2170853525237448
2	8	-4.442092980010633
2	9	1.3118684852306473
2	10	-2.1628216864983223
2	11	0.6762632942813401
2	12	0.14368267173503232
2	13	-1.011008360445444
2	14	0.2387648116342317
2	15	0.9130752151425209
2	16	0.9256991409516709
2	17	-0.6872318448020849
2	18	2.5330748369089675
2	19	-1.1349770156303975
2	20	-0.7827974806922172
2	21	2.309866141247833
2	22	0.8197668957932946
2	23	-2.319458305595278
2	24	1.4764521962318944
2	25	0.6516626513934118
2	26	0.3156328906183222
2	27	-0.633365353712363
2	28	-1.4206488898827832
2	29	3.0726243975883167
2	30	0.539042090880128
2	31	2.2646998437357277
2	32	5.819789574729419
2	33	0.4945036911467881
2	34	-0.39317052683308096
2	35	0.5627740547102816
2	36	-0.5392170128818009
2	37	2.0692963350671234
2	38	-2.1720725299431556
2	39	1.5948440058917808
2	40	-0.12829437804160973
2	41	1.903452636052754
2	42	0.9427784335914305
2	43	3.3027448582154473
2	44	-3.5752859521490463
2	45	3.7368874851885265
2	46	4.098509446417473
2	47	-3.9293920352169676
2	48	1.3297493521364414
2	49	-1.2123283197255397
2	50	3.822834870757992
2	51	-1.9916204943245237
2	52	-2.8906790251971985
2	53	-2.307628263289061
2	54	-0.766755890615843
2	55	0.22117367996224954
2	56	0.1528011585793744
2	57	-1.0470223389992146
2	58	-3.3317358115571554
2	59	-0.5570990673444369
2	60	3.062771656585643
2	61	-1.7419600140301545
2	62	-0.34918673994555843
2	63	2.86687237551574
2	64	-1.9659451933375314
2	65	-2.6413327829792173
2	66	-1.322717001621544
2	67	-3.421615154848973
2	68	3.3110948741030573
2	69	3.3272060920138684
3	3	NaN
3	4	-1.2787722061550248
3	5	2.1789462209561625
3	6	-1.4164794021291172
3	7	-1.1420772348956303
3	8	-1.60983116153737
3	9	-3.480186572158865
3	10	-3.655542332039419
3	11	-2.4375478911751247
3	12	0.3466653999033275
3	13	-3.3969031288096985
3	14	-1.180785979824636
3	15	4.0491991020699345
3	16	-3.0748593420591877
3	17	0.6134470959206497
3	18	1.8086366514580765
3	19	4.914235350284664
3	20	-0.32276947386585975
3	21	0.980338187706501
3	22	1.5215844029023293
3	23	4.176256749926658
3	24	-0.34897554906814315
3	25	1.2975222973027953
3	26	1.6097594555984374
3	27	-0.586892614715536
3	28	1.8624202123945575
3	29	4.346386823603838
3	30	3.2573126159146084
3	31	-2.2684711919056677
3	32	-0.44783361482781786
3	33	0.2663788239156091
3	34	-2.8533398158369576
3	35	-2.7693342111474335
3	36	-1.2373874930242172
3	37	1.7865313234561278
3	38	-1.4429047010773763
3	39	1.1514146946530273
3	40	-0.20462495782179696
3	41	-1.2436256990530463
3	42	2.7474186361208472
3	43	1.3938664093378454
3	44	1.0410305407681721
3	45	-3.1687949723489615
3	46	2.1472278336379143
3	47	0.4950333276424322
3	48	3.9494803528424844
3	49	-2.009861891943975
3	50	-2.3701338929937825
3	51	-2.6155951331813236
3	52	-3.0681232290842053
3	53	-1.6939255638376796
3	54	-1.3374426538631676
3	55	3.9611138981730307
3	56	-1.5228244392369048
3	57	0.12829645800268694
3	58	-0.04863230097614217
3	59	0.3963111599905447
3	60	4.649474189021542
3	61	-2.8667003639520954
3	62	2.1036588606301865
3	63	0.25128269163257844
3	64	3.365205163609593
3	65	-0.06218114632957363
3	66	-0.38702480058694727
3	67	-0.6706279791012602
3	68	-0.4877056876866048
3	69	3.9704883053405298
4	4	NaN
4	5	2.258824551889607
4	6	0.8404188452077842
4	7	-1.1790985545781378
4	8	-1.268466884868344
4	9	0.3427585068239666
4	10	-0.9861479903888497
4	11	0.04116181767376725
4	12	-2.455170285646068
4	13	-0.0020847942055921584
4	14	0.20717000519788517
4	15	-0.6564123552016607
4	16	-1.707799293873928
4	17	-0.09767506105812766
4	18	-1.0900604799781823
4	19	-2.3999821864819824
4	20	4.0881525911887735
4	21	-1.6875834036257267
4	22	-0.8644169346658354
4	23	-1.2985508508871486
4	24	0.8544803397091849
4	25	-1.3300942490368912
4	26	-3.5285005237123777
4	27	-2.3194860612105526
4	28	-2.870454741431805
4	29	-2.6874111582795
4	30	2.770920953322002
4	31	-2.2751468127015335
4	32	-0.40617294898721346
4	33	1.420230227016431
4	34	-1.3870319766257913
4	35	1.119951324674764
4	36	3.3523916477817455
4	37	-3.4554679048907544
4	38	-0.6623995247851457
4	39	0.32250629289575167
4	40	-0.3275136667141197
4	41	0.4679414557058751
4	42	-0.8403413151797706
4	43	-2.851361189842308
4	44	-2.142126179807144
4	45	1.2207945864850789
4	46	-2.626288816834547
4	47	0.35090836406518777
4	48	-3.22917747005792
4	49	-0.07790439376758936
4	50	-0.6868975473004056
4	51	1.4397720677406605
4	52	1.7129430652927884
4	53	-2.604752442911245
4	54	-1.4298473394865798
4	55	-1.0054121638561613
4	56	1.2874244200236675
4	57	-0.3055790234542876
4	58	-1.5761655407965827
4	59	37.33336848450413
4	60	-2.7497419676735735
4	61	-0.7887696044837423
4	62	-2.1317617916444243
4	63	-1.1915409332767357
4	64	-0.9235573793097198
4	65	-1.0195999200631316
4	66	-1.8168093249116635
4	67	0.8607990941284248
4	68	-1.2692876083762794
4	69	-0.7556053593184883
5	5	NaN
5	6	-2.4633942866349257
5	7	0.47766241052852615
5	8	-2.192541368497417
5	9	-2.657202255079015
5	10	-0.881845184507399
5	11	4.473896403347408
5	12	-0.6490017020661755
5	13	-2.1228152339318687
5	14	-0.020853914319751116
5	15	-0.6325270865461036
5	16	-0.8940418509893188
5	17	1.1260862088474994
5	18	3.2328721038255606
5	19	-4.4683402118770355
5	20	-2.756094127998335
5	21	-0.26893150343188504
5	22	-4.361944635798881
5	23	2.9325718201044526
5	24	-2.280668274180425
5	25	-1.2156603858595783
5	26	2.146154287803253
5	27	-1.748346581051129
5	28	-1.621383940511404
5	29	-1.9122273883244474
5	30	0.13925467674591038
5	31	-1.5201093854123715
5	32	-0.6980272927574449
5	33	8.22807456872414
5	34	40.007819357580246
5	35	-3.1228083562806765
5	36	-2.3262785910682933
5	37	0.2755604137324433
5	38	-0.9993627478370194
5	39	0.8192015374173367
5	40	-3.9051134405894548
5	41	0.6365863869726597
5	42	-1.108112891720986
5	43	-2.496470988052633
5	44	0.44226188810851097
5	45	-0.16978162403857586
5	46	0.10496057152686776
5	47	-2.1573572221676987
5	48	0.8020417650426933
5	49	-3.1829636227619456
5	50	0.6909218671483747
5	51	-0.9665275652178669
5	52	-1.5158131594480975
5	53	-4.183051413276519
5	54	-1.6543224230065947
5	55	-0.3852529835077366
5	56	-2.189008478641542
5	57	-2.6151349304808784
5	58	5.887072191396494
5	59	-1.7570266659398455
5	60	2.3958238720908347
5	61	-1.7330641109152634
5	62	-2.595511662029773
5	63	0.7873551028157649
5	64	0.8538694142107794
5	65	-1.0499759476873294
5	66	-0.7223898959135738
5	67	-2.8718017977054986
5	68	0.942240586679664
5	69	0.28891871863081203
6	6	NaN
6	7	3.493546028454444
6	8	-0.1744636647733206
6	9	2.807082446807466
6	10	1.9950333733109025
6	11	0.3169072573609023
6	12	-3.7772833867038633
6	13	0.04260811601585207
6	14	0.13756401779383645
6	15	-4.086705779899482
6	16	0.1697005636171067
6	17	0.7627107084459206
6	18	-2.0715755372750784
6	19	-3.151599900866533
6	20	0.3375854832842449
6	21	-1.2426021117517059
6	22	-2.1398674775141364
6	23	-3.3198844821252584
6	24	0.6693139543673143
6	25	-2.3729217109927703
6	26	-0.9392286146083884
6	27	0.8665371788635052
6	28	0.747725489127624
6	29	-1.431157309723208
6	30	-3.1078824891909145
6	31	-0.9619465589606784
6	32	-1.1533193114585523
6	33	2.429599389289612
6	34	-0.1559583626211554
6	35	5.32477041374661
6	36	1.0358718373558906
6	37	-1.9983949623810626
6	38	1.5109750056554623
6	39	-0.15019697515525113
6	40	2.451985656472501
6	41	-0.15609431443219496
6	42	-3.893940928486128
6	43	-1.3740125628490703
6	44	1.1212667076565863
6	45	-0.9481981226100559
6	46	-2.535329760613495
6	47	1.9869110830169279
6	48	-1.4003300302959156
6	49	1.7487662336147805
6	50	0.2288960351562548
6	51	-2.460593978782439
6	52	3.9923255224567216
6	53	1.4076913231511397
6	54	1.8940109137506742
6	55	4.084848846583345
6	56	1.4076540688105137
6	57	2.245856813112285
6	58	3.879045470658665
6	59	-2.218768509417538
6	60	-1.557523148670122
6	61	-1.058660617682275
6	62	-0.9176575817226507
6	63	-1.9744859195312312
6	64	-0.9073237196197759
6	65	1.4097912889856397
6	66	2.0392116358451915
6	67	-0.8072925317824725
6	68	-1.5770225864370824
6	69	-0.09061388397500311
7	7	NaN
7	8	3.92185045305825
7	9	4.678722830724534
7	10	-0.13896583532184606
7	11	-2.2887482155606094
7	12	-1.4838231471059193
7	13	-0.7779366703656828
7	14	-2.6357560187562603
7	15	0.25869915858381376
7	16	-0.3615847907732979
7	17	1.0339764580536093
7	18	-0.8477795198263826
7	19	0.5446472551821472
7	20	1.1474670866608945
7	21	-0.43173093918058253
7	22	-0.9248562952225395
7	23	-1.5465149065796449
7	24	0.9803179840048779
7	25	-1.4770292494093686
7	26	-1.85834647263163
7	27	-0.2064148869274147
7	28	-2.185812910822858
7	29	-1.522984913563347
7	30	-1.146413706358229
7	31	-2.4876812174065916
7	32	-1.2979711985986302
7	33	3.184403093384901
7	34	-1.8426267802823206
7	35	4.105607296895649
7	36	6.2512301693197125
7	37	-1.5595025201597088
7	38	0.3546612461213715
7	39	1.0020752994808448
7	40	2.0842768695716503
7	41	-4.122658299696395
7	42	-2.504315562410659
7	43	-1.4272675598830296
7	44	-1.0307755226773758
7	45	-1.7128288699692744
7	46	-0.5231515476644528
7	47	-0.008671256849788794
7	48	-0.5940323336619074
7	49	0.6809991264887114
7	50	-1.7803001102794846
7	51	-1.3470091877576567
7	52	2.8536638956745732
7	53	0.819438563571371
7	54	0.364712719662372
7	55	3.4680796853965927
7	56	2.157295151608189
7	57	1.7476736888672597
7	58	-1.3368526030528094
7	59	0.15727425125438474
7	60	0.24213210906236263
7	61	-1.530668397671041
7	62	-0.5350008034094329
7	63	-2.127667023269502
7	64	1.5048991651501575
7	65	2.071741274516622
7	66	1.4991407176254705
7	67	-1.8233640351191818
7	68	-0.23675078663315532
7	69	-1.6913829887076148
8	8	NaN
8	9	3.1770393505690455
8	10	0.9105041553515625
8	11	-1.5160767953175902
8	12	3.293564890253542
8	13	-3.8268597200449284
8	14	1.4725760954171458
8	15	0.4302609839046101
8	16	0.0726405613083456
8	17	1.9423473186562694
8	18	-3.2892524362161533
8	19	-1.1405968454802862
8	20	0.6208885730856704
8	21	0.012724451420650672
8	22	1.5503684893747627
8	23	1.3560093269815958
8	24	0.5152509794105042
8	25	-3.3638074170677617
8	26	1.39153540613179
8	27	-1.451657776379902
8	28	-1.1002628515373758
8	29	-0.7996227079698504
8	30	0.7635630309100502
8	31	0.5006022430883053
8	32	-0.2633259343843971
8	33	0.1172868004981837
8	34	-2.025686788429484
8	35	1.2649922412822259
8	36	0.31414278624940856
8	37	12.3568892859931
8	38	0.20799729622293275
8	39	1.4496282584173625
8	40	1.9069405980285858
8	41	-1.0130850239991884
8	42	-3.475793727936244
8	43	-3.6477758511763607
8	44	0.5054786712871625
8	45	1.4269268497277414
8	46	-4.919501494100051
8	47	3.1837241478788707
8	48	-0.8859268262454882
8	49	1.265738624802087
8	50	-1.551077966883969
8	51	-1.342468375627881
8	52	-0.5147159226349791
8	53	2.1193737225794886
8	54	0.6647380626868716
8	55	1.6349525879067621
8	56	0.8339469949786752
8	57	-1.5266684664804495
8	58	-1.5851975173258221
8	59	-0.9589020135565598
8	60	2.4711145261191585
8	61	-1.0070800336624448
8	62	-1.9123908483922125
8	63	-1.0810604307372422
8	64	-2.145278020615782
8	65	0.5830803734926293
8	66	-0.2225025410456071
8	67	-3.2790145683956187
8	68	-1.28405593216823
8	69	0.48673470166328564
9	9	NaN
9	10	0.12819914375452995
9	11	-3.387407497431201
9	12	-3.9270807157228114
9	13	-3.454299083246522
9	14	-0.23682878404891455
9	15	-1.7296979056917225
9	16	-0.6807023422067612
9	17	1.7543593500714214
9	18	-1.2801870294241224
9	19	-1.6583439354741063
9	20	2.3351090743004623
9	21	-1.438783548263505
9	22	-2.1389616835365763
9	23	-1.3703650677975445
9	24	3.697472186540274
9	25	-4.6500670711552505
9	26	-1.4092027610195044
9	27	2.281982675519613
9	28	0.15512685987743155
9	29	-0.736251193010738
9	30	0.20840190955416912
9	31	-2.802926125645133
9	32	-0.9529825808369976
9	33	1.405717533185292
9	34	-2.7624419874699013
9	35	4.690095034252801
9	36	0.13343416740037461
9	37	-4.055876494817284
9	38	4.618540050398381
9	39	-3.299814048912548
9	40	2.1759502362210865
9	41	1.1255911640238907
9	42	-1.6974569128503134
9	43	-2.4478722313305727
9	44	-1.7844630405425195
9	45	4.337303899437233
9	46	-1.6667018499603963
9	47	4.734614239257582
9	48	-0.40659234412452966
9	49	3.154030420107062
9	50	0.12380104202977135
9	51	-1.007476199535226
9	52	5.232016800909266
9	53	0.45040628404379346
9	54	-1.1085731484950074
9	55	2.802241365051924
9	56	2.102683068975573
9	57	2.2963456565658524
9	58	-1.5762481226950738
9	59	0.10129442665984265
9	60	-1.8629167025307591
9	61	-3.4757837779131004
9	62	-2.2805236164321214
9	63	-1.0199685011519952
9	64	-0.7509766598463288
9	65	0.23770431674999368
9	66	3.2297332971486576
9	67	0.8197948457491399
9	68	-2.1314967223429018
9	69	-1.2737663497833114
10	10	NaN
10	11	5.602448641445075
10	12	0.028875316294480056
10	13	-1.572194003066739
10	14	1.1233520987947188
10	15	-1.916823258831072
10	16	-2.365394763915847
10	17	6.494297014297232
10	18	-1.231370375520749
10	19	-3.5076008799858194
10	20	-0.4463737433130473
10	21	-2.2050066559116805
10	22	0.004613574915957898
10	23	-0.9019671958541999
10	24	-0.25317664896572917
10	25	-1.647936727572011
10	26	-2.2695044554064157
10	27	0.5888826719987766
10	28	-0.9340295981315605
10	29	-2.866808543993743
10	30	-0.9191107895658777
10	31	0.7018984771516344
10	32	-2.1237228385293734
10	33	0.5637237965801064
10	34	-0.7662080209124097
10	35	0.12462445013820218
10	36	-2.4119141536362827
10	37	16.924876788699834
10	38	8.56163908982667
10	39	8.413683897106669
10	40	0.13260792317264197
10	41	-1.2937660955138044
10	42	-2.0341475242591973
10	43	-2.778666057239494
10	44	1.191986281017645
10	45	-4.056639025892725
10	46	-3.0909559379533906
10	47	0.5147710030783329
10	48	-1.6061361686284763
10	49	1.5084715767499497
10	50	-2.3179064864634937
10	51	-2.958040709109028
10	52	2.2157306066384357
10	53	0.5146531726042202
10	54	0.18504257924894044
10	55	-0.47515198598195496
10	56	1.1592519198417581
10	57	3.0203699846527994
10	58	-1.6482539531050417
10	59	-0.13922577037398984
10	60	-5.36144525260442
10	61	1.04924413718052
10	62	-2.426390333920478
10	63	-1.8492778228924396
10	64	1.3057548837690702
10	65	2.385117408253965
10	66	2.095127450285741
10	67	-1.4479282716104378
10	68	-3.588897733127653
10	69	0.8936693715480474
11	11	NaN
11	12	1.0158254765428765
11	13	2.317647562234711
11	14	-1.387404415557217
11	15	-0.8431098646992342
11	16	-0.12937511275815783
11	17	-0.46427026446727676
11	18	1.3751803614397051
11	19	-0.7207785305576924
11	20	-1.0383341705148417
11	21	-0.9959945941434091
11	22	0.271596528894093
11	23	0.8837185217108711
11	24	-0.27642510192165876
11	25	-0.8450700838536982
11	26	5.768173274697768
11	27	1.1989640032324762
11	28	0.9046264535691082
11	29	-1.7580447269486104
11	30	0.38360578418809244
11	31	3.142673099906827
11	32	2.7175535885697575
11	33	-1.9363454957610942
11	34	-1.5413702518697219
11	35	-2.0579340723442057
11	36	-0.6427774112337367
11	37	0.6328206650442221
11	38	-0.16311405775655385
11	39	-0.20908742311345432
11	40	2.6337406786623028
11	41	0.8248627043896516
11	42	-1.9423926125857778
11	43	-0.9078056452818609
11	44	1.1568759835395999
11	45	1.5226270510367503
11	46	-0.06750941624136256
11	47	-1.293353695581104
11	48	-0.8886207625744565
11	49	-2.275143717473527
11	50	2.2037801053202317
11	51	1.0466768697071942
11	52	1.119950647122068
11	53	-1.553719617277293
11	54	-2.2419529335910595
11	55	-4.040581096712336
11	56	0.6753670908268813
11	57	0.8160502175557758
11	58	-3.8810068867963046
11	59	-2.4891287592867064
11	60	-0.6828043501252525
11	61	0.28597226122864566
11	62	-2.1898671829982583
11	63	-2.304531134577594
11	64	-0.04137288109473032
11	65	2.6133565166202755
11	66	-1.4614558723483322
11	67	-1.7992789494940653
11	68	1.5690693889032898
11	69	4.00264335250024
12	12	NaN
12	13	3.1179942834203844
12	14	0.8770705277363452
12	15	2.288907748574102
12	16	-2.898672851940203
12	17	-1.3923090449559226
12	18	19.83651116671472
12	19	4.192716557734085
12	20	-3.784991676316819
12	21	-0.560316166073351
12	22	0.7805449637952777
12	23	-2.099303007229802
12	24	-1.1904026314157645
12	25	-1.5880507892720612
12	26	1.5050980323968166
12	27	-0.8673667024948281
12	28	0.4287434135992906
12	29	0.7733927985935268
12	30	1.387152947642087
12	31	-2.9037980134965276
12	32	0.6351212623451103
12	33	-2.2928208438527817
12	34	0.6024254386368477
12	35	-0.9725068676299853
12	36	-0.41791095873291384
12	37	-2.9984590739898667
12	38	-2.0813338868037397
12	39	18.036260470093254
12	40	-2.2089082967625626
12	41	-1.642515671855486
12	42	-0.11549856672143548
12	43	2.2256073467686615
12	44	-0.4848256945236058
12	45	1.0706424410818594
12	46	1.6991797589436723
12	47	1.1801161883276687
12	48	-1.2192347759270639
12	49	-1.5148487959014558
12	50	0.5261850410151394
12	51	2.1637738340856587
12	52	-3.8096091529023193
12	53	-3.0061470172388027
12	54	-0.8189970876229385
12	55	-2.5954771022186915
12	56	-1.8338961860628835
12	57	-2.323573365715108
12	58	2.6841243336939087
12	59	-1.6149741506730577
12	60	0.7764844586053838
12	61	-0.9138988023165947
12	62	0.3094747069883224
12	63	0.8587130752184243
12	64	-2.108983186228069
12	65	-2.3154493805455236
12	66	-1.242790554065677
12	67	-1.1505690590461375
12	68	1.7967289452723516
12	69	-0.6193897292957898
13	13	NaN
13	14	0.11311100717209273
13	15	0.5384087260959916
13	16	3.0020259408772754
13	17	-0.965963914669881
13	18	-0.6829559257775777
13	19	0.4904907237218561
13	20	-0.9734398114722573
13	21	4.044140281970982
13	22	1.2472800039870393
13	23	3.2110938539362297
13	24	0.30803608794709963
13	25	0.7670499105079827
13	26	0.9900280289418528
13	27	-1.4729416711697714
13	28	4.3008614213920575
13	29	0.4709178096230919
13	30	0.5913950729268128
13	31	-3.6065365784732575
13	32	4.049274830080902
13	33	-0.8007996835775526
13	34	-3.544651988738524
13	35	0.7821761433329733
13	36	0.9227989836739656
13	37	2.599391378149551
13	38	-1.1105203435656497
13	39	-3.3420540543737705
13	40	-2.118475152703406
13	41	7.915476511832413
13	42	4.088579803982236
13	43	-0.2247659989393704
13	44	-0.5454704440496487
13	45	-0.7847357278872732
13	46	2.8588162204012444
13	47	-1.6251901889339346
13	48	-2.2685791495224965
13	49	1.1461720410702079
13	50	1.5855371422002167
13	51	-0.6740338837467919
13	52	-3.130693138039152
13	53	-2.2868844293957817
13	54	0.7055762836057347
13	55	-0.5045444480502514
13	56	1.3894912759157898
13	57	-2.3295442690424486
13	58	-0.45813231505107493
13	59	-2.0847690565443213
13	60	0.8658327628030926
13	61	5.288729628995662
13	62	-1.4378693244600116
13	63	-0.003179580313062369
13	64	0.6345726462092836
13	65	-0.45393998864180096
13	66	-0.46959690686219463
13	67	-2.0422658009283596
13	68	1.1900237648834686
13	69	-0.8281909057936797
14	14	NaN
14	15	3.623045871331001
14	16	-1.7431833519899065
14	17	1.5641928701783816
14	18	-1.0309613565303493
14	19	-0.25473748797109874
14	20	-1.168332323375806
14	21	-0.26399877203839667
14	22	0.07742927704196192
14	23	-0.7171101418529455
14	24	0.3727403459133289
14	25	-0.28969820453081674
14	26	0.8442938257671263
14	27	0.18390030993129122
14	28	2.1268187784752057
14	29	0.21291008241236803
14	30	-1.1851745800942404
14	31	-1.7958775186654643
14	32	0.123879206671246
14	33	-0.8517861513484811
14	34	-0.7048019899546456
14	35	-2.6803937660874135
14	36	-2.3723917277048234
14	37	-2.436187250773226
14	38	2.020154029552567
14	39	-4.52483590174444
14	40	0.1664336805941535
14	41	0.565759433671018
14	42	1.1835148490635037
14	43	1.2364826413488716
14	44	-1.072687490352089
14	45	-0.6137012378925759
14	46	0.9549287780339174
14	47	-1.3151238273242605
14	48	-0.7931699596717653
14	49	0.021331650051025414
14	50	1.7894233537433983
14	51	-0.30683663473854766
14	52	2.5395514482575705
14	53	12.872975633733104
14	54	-0.5185976696662858
14	55	-2.195330407772882
14	56	-2.5098744042377827
14	57	-1.0023324690067903
14	58	-2.234654641662858
14	59	-1.5693447147859731
14	60	0.6948826487320937
14	61	3.8353834638365925
14	62	-0.6919080062747219
14	63	-1.397685730741209
14	64	-1.1727519425253936
14	65	1.4150524335281796
14	66	-1.1304351013159042
14	67	-0.1715084161214208
14	68	0.0817804352340098
14	69	2.6337246146311335
15	15	NaN
15	16	5.033884263721281
15	17	0.27711116389512497
15	18	2.34956904245821
15	19	4.295488258940736
15	20	-2.9765912724199137
15	21	0.2089960873462243
15	22	-1.9942444640093313
15	23	-0.026987822517213083
15	24	-2.4908199501504256
15	25	4.2450352313884245
15	26	1.7817324423638325
15	27	-0.5521040539262576
15	28	0.6976125866177222
15	29	-0.26460902771587097
15	30	1.174167895190061
15	31	-1.0794221411828977
15	32	-0.8238721633651203
15	33	0.6934873125935251
15	34	1.6331676616727977
15	35	-2.1174218251746026
15	36	-1.0989492897530175
15	37	2.9905438362116206
15	38	-2.612747152355838
15	39	-1.4492367767649397
15	40	-1.048068881436783
15	41	0.7496546912031186
15	42	-1.2344592791952727
15	43	0.1688520288780737
15	44	-1.860030397364732
15	45	0.2557967636222214
15	46	2.062377818558645
15	47	0.7593178603397068
15	48	4.119938076815623
15	49	-2.581605386149186
15	50	-1.2133756156866542
15	51	0.014745661441667595
15	52	-0.5269435129062039
15	53	-1.7349488865845002
15	54	-0.921307200984519
15	55	-1.3171783064102054
15	56	1.162018907167247
15	57	0.14660001223857852
15	58	-2.752679660662263
15	59	0.07759185092225403
15	60	1.1594146365057751
15	61	1.929631889173287
15	62	1.1982332424229591
15	63	-0.7345692143920626
15	64	-0.298394592136236
15	65	-3.976131897200913
15	66	0.9986523851484111
15	67	-0.5283011999630295
15	68	1.9382527821645301
15	69	1.657606699858308
16	16	NaN
16	17	0.5733652991330959
16	18	3.7588869795660558
16	19	3.831289826088638
16	20	3.180271851568163
16	21	2.4206864868144873
16	22	-1.430273025359547
16	23	2.3930467434361304
16	24	-1.953352789752931
16	25	4.896139592757499
16	26	2.571898231637542
16	27	1.9250730235991327
16	28	-1.6960912943196402
16	29	2.0811719071077586
16	30	1.7564840879782253
16	31	-4.544253486162505
16	32	2.0096884781085693
16	33	0.400356358411235
16	34	1.2375415914559649
16	35	-1.6484791743562321
16	36	0.44163071712165225
16	37	0.2215386165676628
16	38	-3.524571048876135
16	39	-2.5527856015322157
16	40	-0.10408024405730382
16	41	3.2518577235983925
16	42	-3.334146719009001
16	43	-1.0103026857282884
16	44	-2.2811047505419366
16	45	-0.34321512007723093
16	46	-0.4666781216504002
16	47	0.3500532963143436
16	48	-1.1056609057121878
16	49	-2.4245493785992376
16	50	-0.8555872025787925
16	51	-3.3856439850753155
16	52	-2.3345227716244032
16	53	4.605594090903996
16	54	-0.04942166760045378
16	55	-1.340381159267537
16	56	-2.903185170570359
16	57	-2.250078981582421
16	58	0.9901935384289335
16	59	-2.7312008922588857
16	60	3.509165251431919
16	61	-0.036151542466328665
16	62	-1.2281807912391112
16	63	0.4204449401821381
16	64	-3.674558044075165
16	65	-2.292015377835459
16	66	-3.463065273574313
16	67	-0.20386239610381418
16	68	1.4501220652243674
16	69	14.227265929200387
17	17	NaN
17	18	0.2985140647445895
17	19	-0.4277788106018852
17	20	-0.6111507982300476
17	21	0.9686461612904631
17	22	-1.2865069088340355
17	23	-0.3746626221397438
17	24	1.3372969747249364
17	25	-0.9404800231923521
17	26	-0.9827461969653405
17	27	-0.3611109772625705
17	28	-2.01452004406722
17	29	0.15457444225528086
17	30	1.4742881884078558
17	31	-2.0461809238775817
17	32	-1.6052263980328887
17	33	1.2081947003606057
17	34	0.7639274683546626
17	35	0.46120389110760523
17	36	-0.669164032560643
17	37	-4.717824720682289
17	38	1.2149151654002086
17	39	-0.7314248775594325
17	40	0.778143021396325
17	41	-3.2414503018505467
17	42	-0.4659469787270871
17	43	-4.09275581892712
17	44	0.8374655825713326
17	45	-3.103984479569663
17	46	2.6406671266872457
17	47	1.7768064213553105
17	48	-2.0811784415212418
17	49	2.8296510559570693
17	50	-0.8269924836297591
17	51	0.6915612303798051
17	52	0.46670143102120604
17	53	3.8652353614346118
17	54	-1.8046344052500156
17	55	1.7075809122684267
17	56	0.5409898633226707
17	57	1.5527741411297402
17	58	-1.4235371559554344
17	59	-0.4763802517931415
17	60	-1.8839488520806238
17	61	-2.306850134670873
17	62	0.4547762960889206
17	63	-1.1286788242156425
17	64	-0.5546652458326073
17	65	1.2415530509123103
17	66	-0.8510391062190675
17	67	-1.8973693902343762
17	68	-1.0594544381556716
17	69	-0.4354405765326775
18	18	NaN
18	19	0.9065825296386355
18	20	-0.5357517487427997
18	21	1.5924885071865609
18	22	-0.8049214220101438
18	23	1.2461867307429682
18	24	-1.0168232448552865
18	25	2.607526237706451
18	26	-0.9738509482788991
18	27	0.472614643240175
18	28	-0.4315069590028585
18	29	-0.6039927085156906
18	30	-1.2425786461854451
18	31	-1.5831211960543439
18	32	0.14845241009366278
18	33	-1.5651669696355022
18	34	1.6013035857300373
18	35	-0.931297327819275
18	36	0.6481213458602445
18	37	-0.058992390622982845
18	38	-2.2200581318851356
18	39	0.6229143809961919
18	40	-0.48596282069509145
18	41	-5.258943137445869
18	42	-2.8812641037533693
18	43	1.0021190115337786
18	44	-1.537954573945133
18	45	2.3017435917858404
18	46	2.6768175117205533
18	47	-4.211513614574438
18	48	2.2131176274921036
18	49	-0.6989195594677802
18	50	1.7695288239068196
18	51	-3.039893181979467
18	52	-1.7129563346743786
18	53	-1.5379949414980947
18	54	-0.4604365796841708
18	55	-4.547138472043586
18	56	-0.23460538274363307
18	57	-1.480819283644669
18	58	-3.2363656001254597
18	59	1.9697118256030985
18	60	1.0157478621037386
18	61	2.143205452590121
18	62	2.853641628886599
18	63	-2.76081105094774
18	64	0.18376677713271156
18	65	-1.7604694971898072
18	66	1.5209079452084762
18	67	-1.581174854353082
18	68	2.8280790080007328
18	69	0.461402149584137
19	19	NaN
19	20	0.29214228536205894
19	21	0.18691373678332837
19	22	4.1054760154951095
19	23	6.066726680486089
19	24	-1.840860066126155
19	25	-1.6269802635400796
19	26	1.561711006491637
19	27	-0.34778269201277673
19	28	1.1269209922081558
19	29	3.7849311547953204
19	30	-0.28562985360271625
19	31	1.2236935583318627
19	32	1.1706167870783384
19	33	-1.3346972726185948
19	34	0.5522504815566147
19	35	-3.8828328313936744
19	36	0.2472097467399189
19	37	0.5521137972606736
19	38	-5.727629653800662
19	39	1.8861593435799346
19	40	-2.060010931343118
19	41	2.6419137574071523
19	42	-0.013326414581093548
19	43	0.44201547878414843
19	44	0.36154910498607884
19	45	5.1283946921322165
19	46	-2.4534388604542325
19	47	-1.9221785905735387
19	48	2.6304371679830085
19	49	-1.4928369946398996
19	50	3.3683186888564216
19	51	0.43328690518056623
19	52	0.165967238125224
19	53	-1.6685180807775208
19	54	0.1278170906950258
19	55	1.2156337364479994
19	56	-2.797336926415276
19	57	-2.6485098666794196
19	58	0.503291832840683
19	59	-0.6217858266893745
19	60	1.3267218518602275
19	61	2.7225971592742844
19	62	0.5993437917302796
19	63	-3.0610531843857567
19	64	-0.6403279350092731
19	65	-2.4022079239369547
19	66	-0.753911905277607
19	67	-0.48516623981538365
19	68	0.8198550660718247
19	69	0.43285022006679724
20	20	NaN
20	21	0.10278663205060579
20	22	-0.6331587659815253
20	23	0.1218261317028752
20	24	1.9549335393224627
20	25	1.0737392708950084
20	26	-2.377266970635843
20	27	-1.4135972946251891
20	28	-0.75605392566194
20	29	-2.3828324840110016
20	30	-2.054607157080162
20	31	0.6462149666478962
20	32	-1.5574944993774598
20	33	0.042134250902432856
20	34	-1.618387561603883
20	35	-0.38732219303999676
20	36	-0.6896581060816829
20	37	0.06359356081430065
20	38	1.9035998525654927
20	39	3.7317378126843637
20	40	1.682196155319505
20	41	-1.426087407815785
20	42	0.11176993955202118
20	43	-2.1481043620515012
20	44	0.18942457343938895
20	45	2.060782343355992
20	46	-0.3044665849311817
20	47	1.5982113315101847
20	48	-1.272171923101468
20	49	2.985443341080812
20	50	-1.711305338468896
20	51	-2.349392909804587
20	52	1.1093015228853713
20	53	2.5710683501588956
20	54	0.09839298258879803
20	55	-2.7096043076877976
20	56	-0.15201538674185386
20	57	1.2382424019817402
20	58	5.2723587496086814
20	59	1.1872669169337444
20	60	1.4733966152324594
20	61	-0.9329396351379889
20	62	-2.434773889823989
20	63	-0.5498884135177824
20	64	-1.3061871793750237
20	65	1.210866992469623
20	66	1.9849291894707277
20	67	-2.2020007205333774
20	68	-2.1808874599182015
20	69	0.7514730325753352
21	21	NaN
21	22	1.2806200070392284
21	23	-0.11458617843579393
21	24	1.8007625253894035
21	25	-2.0599954749269176
21	26	1.2862411203728557
21	27	1.7957370146277927
21	28	-2.880039306232607
21	29	4.274017143540888
21	30	0.9688585633350548
21	31	2.753725076956064
21	32	3.327525730706601
21	33	0.8305189306717229
21	34	-2.0696794292960723
21	35	0.21650859768314898
21	36	1.5695446393362937
21	37	1.1281103896985145
21	38	-2.4047918831756663
21	39	-1.3159428641664592
21	40	-1.1180177194741647
21	41	-1.485387837465363
21	42	-0.5978101847237303
21	43	1.5624909328404077
21	44	-0.7919573341688989
21	45	2.0400723121801816
21	46	4.914102397261434
21	47	-2.4847010721514513
21	48	-0.22017265401567074
21	49	-0.4634921800060257
21	50	0.3658413585845932
21	51	1.1999424220019062
21	52	-4.624247027320497
21	53	-2.383273625342472
21	54	-1.0624075232571744
21	55	-1.783399094466817
21	56	-1.7712305347792476
21	57	-1.0285407423383037
21	58	-1.8386657575069822
21	59	-0.7639142912136786
21	60	1.4227671558803625
21	61	2.2423824346839516
21	62	2.402646065898144
21	63	-0.6258865261638585
21	64	1.6359062303352243
21	65	-4.8412619140230975
21	66	0.46808758048099
21	67	-0.8593871695434284
21	68	3.282464802851502
21	69	1.3041507964850487
22	22	NaN
22	23	5.908661602544551
22	24	-0.872756484177475
22	25	-0.2703103210732275
22	26	-2.757739120013241
22	27	-3.45830585762413
22	28	2.430268390209453
22	29	2.1967728491214524
22	30	4.863591155048573
22	31	0.5816749350731399
22	32	-0.7344729514653032
22	33	2.3947562239147806
22	34	1.444210643377905
22	35	-2.710883229500858
22	36	-0.28654440834693773
22	37	4.255234998002793
22	38	-3.669567436207278
22	39	-0.21428771181808104
22	40	0.15441186085187608
22	41	-1.5431716249798046
22	42	0.7294128611812546
22	43	1.285091197750897
22	44	2.4471097709535576
22	45	3.2497305235906415
22	46	-0.852630431530979
22	47	-1.6658710114543516
22	48	3.8489311866901685
22	49	-1.2215385641651697
22	50	1.6517189711735856
22	51	1.599318732870229
22	52	-3.0953232200691545
22	53	1.451381743781702
22	54	2.6447345697026354
22	55	-1.540344930755581
22	56	-3.561516527904527
22	57	-3.6517146450126
22	58	-1.245926689113334
22	59	-0.9514894171151194
22	60	-1.6675511752184744
22	61	-0.8535922899135157
22	62	2.425313514849688
22	63	1.539378132294603
22	64	0.3833660977321134
22	65	0.6369529852843624
22	66	-2.5635734383083397
22	67	0.04995300007622706
22	68	1.7769626606475872
22	69	2.779366680895958
23	23	NaN
23	24	-0.19536693322854418
23	25	0.2111663232194044
23	26	-0.009957532709159247
23	27	1.5259220099941435
23	28	-0.4403037591378946
23	29	0.08049064892083203
23	30	1.6548235728113696
23	31	-0.34729367691563406
23	32	-2.10473615495557
23	33	-2.1545850606122428
23	34	0.3670572480721579
23	35	-1.5368715759972664
23	36	2.287348577713849
23	37	-0.5627372955978297
23	38	-0.40784633376612284
23	39	1.0411280822714073
23	40	-2.7982803585046163
23	41	-0.665419723222934
23	42	3.2809989464936797
23	43	-0.8460850406748401
23	44	-1.4332327207897702
23	45	0.40925006780126444
23	46	-0.18640800654133538
23	47	-1.0286727674199347
23	48	2.0620873886969773
23	49	-1.7543100944204137
23	50	-0.9044873851936288
23	51	1.6504100344547412
23	52	-1.4729119743201495
23	53	-2.114050900754936
23	54	-1.217998210681442
23	55	-0.29350490334464124
23	56	-1.72250345254859
23	57	-0.7493652138055825
23	58	4.377941653664899
23	59	0.3406888677720009
23	60	-0.0618157393960411
23	61	0.1331574517844911
23	62	-1.7774533911662382
23	63	-1.4308609614787917
23	64	2.0368579036230043
23	65	-0.6312693127239285
23	66	0.13903936798797542
23	67	-0.7428917784217515
23	68	1.0601596368570394
23	69	1.0500661644833549
24	24	NaN
24	25	-1.5778973108837877
24	26	-2.3143276322260897
24	27	0.3836312172862988
24	28	0.1856835641862702
24	29	-3.0656643165380015
24	30	-0.7662579444636491
24	31	-0.087653234933033
24	32	-1.7995469518394744
24	33	0.4634206892243916
24	34	-2.855623402515453
24	35	1.8977994559029
24	36	1.1187319563277736
24	37	-0.8215820033074386
24	38	2.181419059864076
24	39	-0.5866832716453949
24	40	2.0022146646531027
24	41	1.2552864630644816
24	42	0.5220921725925096
24	43	-1.399401161431924
24	44	0.5212803884497584
24	45	0.002999319858871128
24	46	-3.3350610188897427
24	47	1.7325575236766886
24	48	-5.360247577562002
24	49	1.3274438967921796
24	50	-2.3477332276258953
24	51	-2.9171887223116792
24	52	4.116912538079733
24	53	1.682090250629824
24	54	1.3054551859212613
24	55	4.234359818364549
24	56	1.5668555205686687
24	57	1.7918561437213847
24	58	0.8885025205867516
24	59	2.6126160859700174
24	60	-1.9061890988573362
24	61	-2.4284035600621894
24	62	-2.1148251324311267
24	63	-2.796675782875736
24	64	-1.395246811139254
24	65	3.229615887204096
24	66	2.532415842211758
24	67	-2.2406641774537612
24	68	-0.9884236104164903
24	69	-2.517898654231015
25	25	NaN
25	26	1.177055566095248
25	27	-1.1878009961347098
25	28	0.6406956906167335
25	29	-1.5356749380696268
25	30	-1.2300854608726963
25	31	-1.006991432886274
25	32	0.11426500712813517
25	33	0.37237566655342896
25	34	0.3658652873372092
25	35	-1.6682740761074175
25	36	-0.9130347157518818
25	37	3.881761399261508
25	38	-1.8105606247053299
25	39	3.8226079032168503
25	40	0.2592353973265993
25	41	3.0065164547332537
25	42	-0.17241934082029645
25	43	4.641509178361617
25	44	0.9709364220045877
25	45	-1.6831222260014602
25	46	4.22383965705526
25	47	-2.8284057912850136
25	48	0.7909772816093105
25	49	-1.5835313623846905
25	50	1.3839869238977547
25	51	-1.1896876206084626
25	52	-0.7929459687499462
25	53	-0.3853422911186839
25	54	-0.49956653565517906
25	55	-1.164463798429019
25	56	-2.278976641315351
25	57	-0.8025947375185611
25	58	0.40219224339845555
25	59	4.451594616400214
25	60	1.5552379064076496
25	61	-0.4146664608706135
25	62	0.9910751083299624
25	63	1.5995954736119151
25	64	-0.3345359502612592
25	65	-0.6099561905725347
25	66	0.5865065692073778
25	67	5.092988718602802
25	68	0.4863515016060781
25	69	0.5127596909273875
26	26	NaN
26	27	-0.9374772382935529
26	28	2.461992705242933
26	29	0.4627838995512203
26	30	-2.08343634809348
26	31	0.5672085371560891
26	32	1.7929612253273235
26	33	-0.8844165722869481
26	34	-1.982941370488014
26	35	-4.02003514400348
26	36	5.983471660865677
26	37	1.4244217852200767
26	38	-0.2326044608678108
26	39	4.128605786228718
26	40	-1.0892637742548876
26	41	1.0823982144454207
26	42	1.65838634028368
26	43	-0.014004214822683294
26	44	-0.5855300207442908
26	45	0.7368131664780935
26	46	-0.707342188908518
26	47	0.15434182736877536
26	48	-0.12485470621134054
26	49	-1.9247694544421086
26	50	1.155337347701939
26	51	-0.5774212100235369
26	52	-2.657968107507699
26	53	-3.2751736539337823
26	54	-0.7499049403378455
26	55	-1.6254745147477287
26	56	0.28126081770446204
26	57	-1.7573537240207422
26	58	0.36264465934188456
26	59	-0.7551045874109074
26	60	2.2329531085011216
26	61	2.122533401394155
26	62	-0.5152160615560634
26	63	3.4444562623468644
26	64	0.8078295784419368
26	65	-3.8770016384548893
26	66	-0.6507426993331231
26	67	3.3853531029324437
26	68	0.43588073462033056
26	69	-0.4467183615036315
27	27	NaN
27	28	2.926181304385656
27	29	-0.5075326702561884
27	30	-1.0761306842930949
27	31	16.52101825627489
27	32	0.38810657652605485
27	33	-0.39342955450065936
27	34	-2.7105665541066593
27	35	1.4170139285205698
27	36	1.6504031291247985
27	37	0.925230388843756
27	38	1.916144895778161
27	39	-1.5214049826813043
27	40	0.048570035837224544
27	41	0.6581009455597213
27	42	-1.0512518555996258
27	43	-1.82246592259862
27	44	-0.9447411657959398
27	45	-2.6830961623834018
27	46	0.650713100002255
27	47	-0.319858195772832
27	48	-0.8461958356537489
27	49	-1.656791576281026
27	50	0.7974410026678073
27	51	-1.935487961058972
27	52	-0.0783669943147518
27	53	-1.6414700014064025
27	54	-0.5169618432096379
27	55	-1.0934659967642322
27	56	-0.30598083532052384
27	57	-0.03898066597602299
27	58	2.03515006360902
27	59	0.2968938658265447
27	60	1.8507339187783312
27	61	-0.976577072943532
27	62	-0.5664873798785924
27	63	1.704371515587425
27	64	-1.144242745045114
27	65	0.5904013356722868
27	66	-1.8549354643103477
27	67	-1.0358024767367982
27	68	-1.3844428962235995
27	69	-2.520707753749717
28	28	NaN
28	29	4.03062705453211
28	30	-0.6184179730187328
28	31	2.6128477172120554
28	32	0.991676461099743
28	33	-1.4507913845891758
28	34	-0.11908884553779962
28	35	-1.2078766620240577
28	36	2.269104774406574
28	37	-1.444245551315939
28	38	-3.7184647935136024
28	39	-1.7564810546181169
28	40	-1.311871486206933
28	41	-0.5675084285636909
28	42	1.8491364498225125
28	43	2.5535909627605857
28	44	-0.5937660514728434
28	45	-1.591533060237788
28	46	0.43032565497360636
28	47	0.3390314277394283
28	48	0.6347294439689354
28	49	-0.04753021387589563
28	50	-1.442848882977287
28	51	-0.0698373386025942
28	52	0.7714302363907036
28	53	-1.7666971619487346
28	54	-0.1928700001030708
28	55	-1.5523307020418886
28	56	0.8860542345704359
28	57	-0.5529764697729898
28	58	-1.9192501998958005
28	59	-1.3222793434600144
28	60	-0.5197979127035548
28	61	1.0463023887612097
28	62	1.015438912615286
28	63	0.21346297557524077
28	64	-0.29824738254991695
28	65	-1.4434889459407882
28	66	2.650087227170637
28	67	-4.371415704877571
28	68	2.371424509856433
28	69	3.2002136583929284
29	29	NaN
29	30	-1.3333823302257566
29	31	0.46179557553814804
29	32	0.20549536920229738
29	33	2.0891775008622626
29	34	0.2692746848499585
29	35	-3.4898471367871315
29	36	-0.11572487514109335
29	37	-1.9928213899441398
29	38	-1.3797402052826226
29	39	-3.0920657965896488
29	40	-2.299511593652139
29	41	2.796874981623498
29	42	2.3298697201794547
29	43	0.3611168026082009
29	44	-1.4077959011064431
29	45	1.5038830425918146
29	46	1.8459981541414414
29	47	-2.113411205700326
29	48	-1.1815431658447468
29	49	0.8468025346354973
29	50	-0.11791096386402304
29	51	1.7613174880453033
29	52	-1.0204962325741853
29	53	-1.3868267542196042
29	54	-0.5689013702580626
29	55	1.4170408237881684
29	56	-0.47443065727802625
29	57	-2.069424434455198
29	58	0.022791110367381188
29	59	0.874064915510624
29	60	4.85379499283158
29	61	1.3814437894293439
29	62	2.4405942895355244
29	63	0.13161742726749417
29	64	0.28458099209839544
29	65	-2.6611703885304916
29	66	-2.3135848785289173
29	67	-1.04401019902404
29	68	2.5116977381040715
29	69	1.8167199423675855
30	30	NaN
30	31	2.901422202089186
30	32	2.9464547814775734
30	33	-1.285277773950461
30	34	0.6558600041474191
30	35	0.462495082865353
30	36	1.8687698267290154
30	37	2.740235710216704
30	38	0.9133872771474627
30	39	0.39588534401205727
30	40	-1.4184363307216392
30	41	2.216792981558415
30	42	-0.23151339941408788
30	43	1.3193727569012295
30	44	2.083344346518472
30	45	-1.8196793293685678
30	46	0.7903550555751002
30	47	-0.549362260925779
30	48	-0.2607949843175937
30	49	0.01175812697282307
30	50	0.8932348093031179
30	51	2.6836772777697235
30	52	-3.8181517368957443
30	53	-2.642165799893415
30	54	2.2205262668307033
30	55	-3.9471250053545255
30	56	-2.9780164938842293
30	57	-3.6488126236289795
30	58	0.7953744530931587
30	59	-0.333092793808477
30	60	-3.0734928046513748
30	61	-0.3604200116105645
30	62	2.1815498634655826
30	63	2.6984109653192614
30	64	-0.7665263936599787
30	65	-0.15596865923193204
30	66	-0.219896331987774
30	67	-1.3532958668076613
30	68	-0.9976399931641897
30	69	-0.5683711337654831
31	31	NaN
31	32	1.8587587051872614
31	33	-2.051759267486689
31	34	-1.4967369971866618
31	35	3.244737563644546
31	36	2.823385169631374
31	37	1.30646857314978
31	38	-3.8041505620714102
31	39	1.180537826035429
31	40	-2.2193860438169706
31	41	3.1944171509239516
31	42	-1.2082683334688598
31	43	1.635682603640581
31	44	-0.11939063397813657
31	45	-2.4341890842033
31	46	-4.239581062638276
31	47	0.06947186126342186
31	48	2.1856213759656
31	49	-0.9942591637359646
31	50	-0.39813135411560935
31	51	-1.1121367753735132
31	52	-2.3665312866981942
31	53	-2.4307168772421432
31	54	1.429847755533265
31	55	1.5340029435140707
31	56	0.2969864164785842
31	57	-0.3141987504280732
31	58	1.6985990013569339
31	59	1.6103313004460431
31	60	-1.7385750600873624
31	61	2.21825943958446
31	62	0.19685984660909042
31	63	-2.3897228299817916
31	64	-1.3347287755592723
31	65	0.08695524500411704
31	66	1.9246866107144032
31	67	-2.4827032646350293
31	68	-0.644978851281921
31	69	1.4389502699189196
32	32	NaN
32	33	0.41181795198452964
32	34	0.7218190768337489
32	35	-2.761813002768677
32	36	-2.0750097616099863
32	37	-0.8516818366488119
32	38	-0.3248570886614725
32	39	-2.55874230275645
32	40	-1.9806431267324893
32	41	-0.6278024900482484
32	42	5.760503561400605
32	43	-1.603445126594164
32	44	-1.9644985793318213
32	45	-1.4579299190314943
32	46	-0.2292787387169767
32	47	0.2601917752256725
32	48	4.125142802754331
32	49	-1.5319825168847183
32	50	1.9191951171344261
32	51	3.442863515263344
32	52	-2.6423064810998254
32	53	-0.8187982964892876
32	54	-1.5795552106872746
32	55	-1.8926428300896287
32	56	-2.0143580395600607
32	57	-0.6764734049418623
32	58	0.7560560903739078
32	59	-2.690981737288821
32	60	1.4406291305736711
32	61	1.0840758473035073
32	62	3.0339547755730814
32	63	1.3699798607354379
32	64	0.1783054349135472
32	65	-1.9942067188773316
32	66	-0.6719947748557535
32	67	0.377656430172432
32	68	0.3740275827366274
32	69	1.142630128828763
33	33	NaN
33	34	2.1752782074116457
33	35	-0.7586672020486547
33	36	-0.14817316058927799
33	37	-4.875037800539122
33	38	-0.5897481342742458
33	39	-2.46452329371411
33	40	0.7880573459598895
33	41	-0.10773360374174087
33	42	0.12442038962045826
33	43	-0.8893409713458529
33	44	0.1606374090697347
33	45	-1.3356512538161716
33	46	-1.5363966816388834
33	47	-0.6862896122226909
33	48	-1.876712982705009
33	49	0.3060457995484048
33	50	-0.9979444482959902
33	51	-4.688747111319844
33	52	0.5858788690577
33	53	2.0349635567068574
33	54	-1.7957116189100994
33	55	-0.05328098913890069
33	56	0.8646237256131034
33	57	0.7408350094039478
33	58	-0.5296821742173945
33	59	-1.1303606652927947
33	60	-0.6404563883924727
33	61	1.3785000882448644
33	62	-0.2311501051173972
33	63	0.4363006882429627
33	64	0.8525545830353233
33	65	0.8581868028233862
33	66	0.9787680280536314
33	67	-1.7411578382858848
33	68	-0.6402009819740428
33	69	-2.3093840228949016
34	34	NaN
34	35	0.23923546621237618
34	36	-1.695702905517101
34	37	-0.8682906689501491
34	38	-0.044508467736460056
34	39	-0.035765943571172194
34	40	-1.356920577412399
34	41	1.4877681629616641
34	42	-1.6822518449173287
34	43	-0.21675637507868684
34	44	2.0725883434748815
34	45	-1.2306690597746137
34	46	-1.7833920364728637
34	47	-1.1480905178359266
34	48	0.01808151066570376
34	49	-3.938435891190312
34	50	2.15440993113988
34	51	0.03665614647369681
34	52	-2.0352700129401016
34	53	-2.590546524495404
34	54	-1.7716671035468867
34	55	-0.5548143132140904
34	56	-2.05813498227001
34	57	-1.9426070956968244
34	58	-0.351891528705704
34	59	-2.8006327322187405
34	60	1.5337377496112246
34	61	-2.1468002291478183
34	62	0.22572234162729976
34	63	2.3862135898465127
34	64	1.1167830185032201
34	65	0.06381959039877731
34	66	0.3354548462982637
34	67	-0.9044479667189563
34	68	2.2248541277780225
34	69	-2.2824648572564628
35	35	NaN
35	36	-0.25719881012378387
35	37	1.1443862831579634
35	38	1.5237291708385945
35	39	-2.7424441538476336
35	40	5.778657631699063
35	41	-0.9100962294678628
35	42	0.28897286263999195
35	43	-4.6596203668066485
35	44	-0.5560964319908739
35	45	-2.609489223107091
35	46	-1.1051073664458209
35	47	1.068797765444231
35	48	-3.0505913317308675
35	49	1.867685310421027
35	50	-0.03513289087547081
35	51	-1.3406592013388519
35	52	2.7730428675573178
35	53	1.3014880916175804
35	54	1.226962163937356
35	55	3.3261793770791086
35	56	1.4144274107197448
35	57	4.432608333327565
35	58	0.834257491905125
35	59	-1.52635439022014
35	60	0.18458580746178085
35	61	1.753686725270411
35	62	1.6844948834798046
35	63	-1.3177662143878544
35	64	-1.2579639158780507
35	65	-0.17398231388593888
35	66	1.2414828429503226
35	67	-3.58201291191209
35	68	-1.3937912438050524
35	69	1.2658848131075637
36	36	NaN
36	37	0.10244737223065481
36	38	-0.19687500490066476
36	39	-1.7407161320814422
36	40	-1.5757252651692093
36	41	-0.7081310460678659
36	42	-1.369077722169916
36	43	1.2080487655989225
36	44	0.2031117605490226
36	45	-1.2524807542277963
36	46	-2.49085783140453
36	47	1.9161051796038662
36	48	-2.0864046715017714
36	49	-2.1622762116708234
36	50	4.251023668310567
36	51	-0.4818003334420589
36	52	1.6661383463046153
36	53	-2.6053951385096834
36	54	-2.179738317769365
36	55	-2.289543476587532
36	56	-1.712427566504469
36	57	-2.0056017457215494
36	58	-2.079747607738938
36	59	0.05975417974538101
36	60	-4.260000554072498
36	61	2.4064176602883856
36	62	1.675014610109012
36	63	2.7301315750234907
36	64	-1.2249520421264624
36	65	2.5449360130927765
36	66	-1.802538391579476
36	67	1.3620108285040688
36	68	0.37205147354358603
36	69	-0.8859666686310487
37	37	NaN
37	38	-0.6399005259612569
37	39	1.9427330082622605
37	40	-3.4067321909036394
37	41	4.588405122925296
37	42	1.8568691222810285
37	43	1.0859461868893256
37	44	0.26026912135549246
37	45	-0.16528035901806795
37	46	0.8904775489142864
37	47	-2.6474907786771804
37	48	-1.125135311181912
37	49	-0.16795599344619555
37	50	0.8953682450060364
37	51	-4.716830453864605
37	52	-2.5266674293547484
37	53	-2.614904462148844
37	54	-0.9234951951969683
37	55	2.2582761742467192
37	56	-2.2379923963893957
37	57	-4.222416514120911
37	58	-1.308316479582099
37	59	-4.656869283315688
37	60	-0.5128937169882388
37	61	2.929867029968914
37	62	2.113360702188811
37	63	0.8232744963844966
37	64	0.5685766060075762
37	65	-2.185459569438779
37	66	-2.247860263009636
37	67	-0.4475404250710329
37	68	-0.24665482498573282
37	69	-2.538510352941561
38	38	NaN
38	39	-0.34692152626439676
38	40	0.8704188822876918
38	41	-4.3220539750497196
38	42	-1.3035223210386693
38	43	10.710012137120161
38	44	1.5861788090231461
38	45	-3.09387078055683
38	46	-0.5061778319796993
38	47	-0.5074730800665344
38	48	-0.5632097287532409
38	49	4.205647753002664
38	50	-0.9029452711261028
38	51	0.9271662059831374
38	52	2.1325513955068662
38	53	1.2074591451538657
38	54	0.5643842258305535
38	55	0.8374026608173492
38	56	3.361840410285816
38	57	2.66341183521339
38	58	0.5324388915903944
38	59	-1.085435962335558
38	60	-1.3475703427989196
38	61	-0.8673743197992471
38	62	0.9400197963460413
38	63	-3.269873499717089
38	64	1.044595871071469
38	65	1.2850948994947453
38	66	-0.7453017581528685
38	67	-1.4013410177454306
38	68	-2.140285702824288
38	69	-1.0241988216651423
39	39	NaN
39	40	1.064522916253089
39	41	3.678352573311119
39	42	0.6139603953512912
39	43	-0.8874528182692153
39	44	-1.544336058932926
39	45	-1.1874852488597398
39	46	1.3599457145545206
39	47	-0.1925967223955684
39	48	1.958713283344055
39	49	0.07321322437296957
39	50	-2.1696465589349483
39	51	-0.07884982863049204
39	52	-0.2740677320465264
39	53	0.7422953222733865
39	54	-1.5500314607520727
39	55	-2.0962136541730323
39	56	-1.096774644900722
39	57	1.5850884007949702
39	58	-2.617747205274237
39	59	0.08710081942824936
39	60	-3.7417831959569376
39	61	0.8944152162890623
39	62	-1.071785689807169
39	63	2.0808607646973343
39	64	-0.48204586106042674
39	65	-2.8932167371206403
39	66	-1.4238378173557054
39	67	-4.506775703960828
39	68	2.5908380479805584
39	69	-1.217280594368913
40	40	NaN
40	41	-1.734917679639514
40	42	-1.0682099242646628
40	43	2.623821718057561
40	44	1.297610274893251
40	45	-1.84648682974469
40	46	-2.283165271799542
40	47	2.184170136435583
40	48	-2.607795241923399
40	49	3.437324024826979
40	50	-0.44647896201857973
40	51	-2.6535853366891033
40	52	5.031121016481753
40	53	2.6574645545965287
40	54	0.8798753400454984
40	55	3.698114796315628
40	56	0.9147372505771159
40	57	1.0896410206788951
40	58	1.2515124355388
40	59	-1.3935183207935509
40	60	-3.0754400637131094
40	61	-3.5082952854792047
40	62	-1.6501966918312816
40	63	-3.5099088877813442
40	64	0.06593935650423159
40	65	1.4691351041816163
40	66	0.6924749723795581
40	67	-0.7354486200545
40	68	-1.5130251594284052
40	69	-0.5002864241000696
41	41	NaN
41	42	1.898521954848197
41	43	3.3068916725889306
41	44	-1.9538036823884983
41	45	0.5959257565463157
41	46	1.6545904913105325
41	47	-2.0231995426515326
41	48	4.912411902382783
41	49	-3.249454663725877
41	50	3.27188518198834
41	51	-0.953908906909993
41	52	0.06213906791213926
41	53	-0.44420692691903624
41	54	-1.0638322893481824
41	55	0.23298366524852443
41	56	-3.4312648162801347
41	57	-3.9520123778923577
41	58	-0.004096950037002973
41	59	-1.481273851609543
41	60	-2.2815366096352627
41	61	2.9843557541220265
41	62	0.30233550645402835
41	63	3.8643681594635804
41	64	-0.8764783301764795
41	65	-1.1846089282364247
41	66	-2.331344347075501
41	67	-0.9456170108735409
41	68	2.3668264982128333
41	69	-3.318247496461358
42	42	NaN
42	43	1.5896258702105612
42	44	0.5955297464839628
42	45	0.7430884982675108
42	46	-0.44411079959512956
42	47	-1.0140401364478553
42	48	3.361120099021324
42	49	-0.4124222210037176
42	50	-0.19627482677991787
42	51	-0.7687513442388342
42	52	-1.0184551204163979
42	53	-0.44881404275195036
42	54	-1.1260116975139562
42	55	-1.330215642710886
42	56	-1.2487134566370945
42	57	-1.6500322219212338
42	58	-1.3618831026258624
42	59	-0.23580727778890093
42	60	4.821373609003273
42	61	2.586124210575841
42	62	4.030484115167997
42	63	1.9941918124209603
42	64	0.8656438366220768
42	65	0.09348492544454476
42	66	2.284247112855772
42	67	2.8162299352528617
42	68	1.0318258145846975
42	69	-0.5400304858765991
43	43	NaN
43	44	1.471103054806117
43	45	1.7027654048759895
43	46	1.65563501348637
43	47	-0.39458332367935217
43	48	1.0497992751659686
43	49	-3.185582859448782
43	50	1.3656639168537694
43	51	1.0034796668549357
43	52	-1.8114810454232104
43	53	-0.144879772280522
43	54	-0.9188335054276456
43	55	-2.463616023775258
43	56	-0.395940631597152
43	57	-2.140796884557582
43	58	0.09739369965417749
43	59	-2.122111147107917
43	60	0.37639242221120045
43	61	-0.014862246063962508
43	62	-1.4045757835133001
43	63	1.5606448616067286
43	64	-0.5496036107967688
43	65	0.1452318754557497
43	66	-1.8917369166847815
43	67	1.2981038180191602
43	68	1.0969918957440252
43	69	3.7252068257941757
44	44	NaN
44	45	-0.2588693659366218
44	46	1.6824820453132248
44	47	-0.212778741990144
44	48	2.2473613084424002
44	49	5.156157824432195
44	50	2.044155122908793
44	51	-2.2335832808019056
44	52	1.679374395613993
44	53	-0.49354656415554776
44	54	-0.3737457068896687
44	55	-0.7644306213635116
44	56	-0.29803098356558366
44	57	1.8891743453247456
44	58	-1.2702973358012644
44	59	-2.146814965231661
44	60	-1.2180264837929493
44	61	-0.32853034464333364
44	62	0.2788916935812772
44	63	1.1557021020028686
44	64	-0.8398739010239978
44	65	1.0911559705247862
44	66	-1.2029632035858069
44	67	-1.7170110888479369
44	68	-0.8047844598303295
44	69	-0.8943393397912198
45	45	NaN
45	46	10.406187013467852
45	47	-2.061985657825464
45	48	1.0688987908818657
45	49	-1.2000813252369513
45	50	-0.6628744026418681
45	51	2.080674328395309
45	52	-1.03923144058031
45	53	0.840664050476117
45	54	-0.5635897197216471
45	55	-0.16950219138376943
45	56	-0.3552586331563996
45	57	-1.2598879754018457
45	58	-1.1883621440626084
45	59	0.4011139223975907
45	60	2.375479114282517
45	61	0.1240526520506345
45	62	9.39470483936268
45	63	-1.0083403063713763
45	64	-0.702323040116886
45	65	-1.008839027143598
45	66	-1.2473479128600602
45	67	-1.709799832595597
45	68	0.2842910368957295
45	69	-1.2595383436612972
46	46	NaN
46	47	-0.7306790122224385
46	48	2.8414154940541367
46	49	1.9060491541440756
46	50	-1.7408989292735306
46	51	1.0630326193616069
46	52	-2.1844107871384453
46	53	-0.28387604096843055
46	54	-2.1557875102045276
46	55	-0.8672399677499848
46	56	-0.920611321703946
46	57	-0.7797854502441567
46	58	1.1549138462696642
46	59	-0.43177623879007204
46	60	3.9768061418391873
46	61	0.5474402547743328
46	62	1.7891057966985027
46	63	0.36540588595329226
46	64	-0.6428463367491679
46	65	-0.857188873224172
46	66	-2.09311297958114
46	67	1.1709801125119952
46	68	0.7207231731622691
46	69	-2.6215889777775345
47	47	NaN
47	48	-0.12104804428237244
47	49	2.2743448474948544
47	50	-1.6667411488045505
47	51	-0.22096361100217088
47	52	-0.7751125308136372
47	53	0.24310088208180136
47	54	3.9312064847259687
47	55	1.8086807119734272
47	56	2.295229285816571
47	57	3.6364808084623736
47	58	-0.9600332884681924
47	59	1.4146876238962793
47	60	-1.0989620856799336
47	61	-3.9242018199660236
47	62	-0.800041233151596
47	63	2.5465338759272527
47	64	-1.0933361800304515
47	65	0.5270032442132203
47	66	1.4091351525507079
47	67	-0.4541433228557859
47	68	0.09019364725017052
47	69	0.2783957006591779
48	48	NaN
48	49	0.46280179358231127
48	50	2.6440176890551146
48	51	1.0943032741237213
48	52	-4.102571613520453
48	53	-2.1548696194974775
48	54	-0.820454477029711
48	55	-0.5527105522166981
48	56	-2.5964165486453163
48	57	2.711157878732586
48	58	-2.0338165391497602
48	59	-2.5445172195548262
48	60	4.506074742798601
48	61	0.9005779272762247
48	62	0.36164028356646194
48	63	-0.44616328459940274
48	64	-2.822742702361143
48	65	6.0222340211304335
48	66	-0.32283279752382643
48	67	0.6478917906346054
48	68	-0.9662340277974002
48	69	-0.11281961477184722
49	49	NaN
49	50	-2.8955086049763357
49	51	-0.7299528692079642
49	52	3.2225544140120412
49	53	0.5208862145327713
49	54	3.664212527429818
49	55	2.9134860283668402
49	56	2.684165284092891
49	57	1.7283272867385382
49	58	-0.6056400190951056
49	59	-1.6397324684085652
49	60	-1.0694825971100268
49	61	-3.5143705422737885
49	62	-2.1162652182316375
49	63	-3.0358454933164176
49	64	0.4371690129879559
49	65	1.888203355501107
49	66	1.1554483022580113
49	67	-1.0496464087640303
49	68	-1.1883716935974307
49	69	-1.8050621922609782
50	50	NaN
50	51	1.7741267420553388
50	52	-2.732805553631334
50	53	2.0752569717666196
50	54	-2.347171424322079
50	55	-0.6213953227005424
50	56	-3.6624393845453183
50	57	-2.2726862040170195
50	58	-3.9912591131016906
50	59	0.29622956869975214
50	60	3.3723578752315233
50	61	3.2130110483962793
50	62	-0.4698736224952301
50	63	-1.468938294108522
50	64	-2.610732378286885
50	65	-1.4806503899871315
50	66	0.024030371276879924
50	67	2.5382049327638527
50	68	2.9086438265358465
50	69	-2.9804453805384363
51	51	NaN
51	52	-0.5800826976259498
51	53	-0.15439034029274104
51	54	-0.7020451262289457
51	55	-0.14770592794692944
51	56	-1.637924433432193
51	57	-2.123213958959713
51	58	-2.329815358552254
51	59	-1.3685450832355985
51	60	-0.7223338868791394
51	61	-0.8719537717587055
51	62	-0.14094904819197654
51	63	-0.2707762376256557
51	64	-0.08701357841128646
51	65	-0.09319842361910514
51	66	-0.7978710988464212
51	67	47.01236156551436
51	68	-2.231541167657103
51	69	0.21373925824479303
52	52	NaN
52	53	2.4208182226095563
52	54	2.5189381379104283
52	55	3.9147851979935857
52	56	3.0437945323034996
52	57	1.434926796494361
52	58	0.8633179928773747
52	59	3.1821319162785326
52	60	-1.0375012207572398
52	61	-1.074110610608768
52	62	-1.3732613313140334
52	63	-2.5666894787733376
52	64	1.5241136834152023
52	65	2.0504341769365646
52	66	2.1529405486448807
52	67	-1.4438938167724398
52	68	-3.706485036805062
52	69	-0.07493390965807041
53	53	NaN
53	54	-1.8895430876427082
53	55	2.4116384452807154
53	56	3.0697821627527206
53	57	1.2270018700632
53	58	-0.4876062813736619
53	59	-1.3866477192745872
53	60	-3.4011604588650046
53	61	-2.8078622268318303
53	62	-1.7802821355425336
53	63	-2.0222954306110847
53	64	0.5155436778447877
53	65	2.563398972995869
53	66	1.5167574964406338
53	67	-3.883659560720418
53	68	2.4429349485335226
53	69	4.618392806490742
54	54	NaN
54	55	-0.38971301703593547
54	56	1.836561697105216
54	57	1.729137632069872
54	58	1.0237975374985961
54	59	0.3740955243782914
54	60	-3.7736313859638986
54	61	-0.9463634127591574
54	62	-1.6316100497585586
54	63	-0.05837491350570129
54	64	0.392925047940217
54	65	1.34013985594401
54	66	1.3656627741935417
54	67	10.230642523076586
54	68	-1.9381533249654899
54	69	-1.5504268962833199
55	55	NaN
55	56	7.316918186446617
55	57	0.9071577936524932
55	58	-2.662139604591793
55	59	-1.5134828318628235
55	60	2.533853809562102
55	61	1.1389598598663593
55	62	1.3059951531754455
55	63	-1.6877350881122521
55	64	-0.36440372704007434
55	65	-0.12387719306744771
55	66	-0.9007835304944773
55	67	-4.020970461010437
55	68	0.06268075415835804
55	69	-3.552082756512978
56	56	NaN
56	57	3.9533941230166225
56	58	1.3855193080545787
56	59	0.8526876164319345
56	60	-3.3246105895547107
56	61	0.952681024863423
56	62	-1.8794452493323868
56	63	-0.1351520394552782
56	64	2.1550361338766084
56	65	0.70035661066718
56	66	1.6706645751415576
56	67	-2.0061024074811304
56	68	-1.363230072610536
56	69	0.5274008224059704
57	57	NaN
57	58	3.5980229647509336
57	59	1.0469651857412097
57	60	0.35217803200086706
57	61	-1.3188175097401782
57	62	-0.811251357788198
57	63	-1.0527740408641035
57	64	4.233799585198267
57	65	0.9021804290079681
57	66	2.5585715232758153
57	67	-0.561912698529605
57	68	-1.482506764276654
57	69	-0.5114741094887697
58	58	NaN
58	59	0.4287062990395535
58	60	2.4615975657915516
58	61	2.685932234209667
58	62	-1.7117614308600932
58	63	8.10971219713055
58	64	5.657916664892764
58	65	-1.259163764408498
58	66	2.3246244256796365
58	67	-1.7585853812009977
58	68	-0.3303290478189844
58	69	-4.199005470320123
59	59	NaN
59	60	-2.6979783977852865
59	61	-1.7815109202911776
59	62	-0.4220364484776007
59	63	-1.4222105522568658
59	64	2.6651381669656535
59	65	-0.8671232037061252
59	66	-1.1187857367587195
59	67	-2.477403869730357
59	68	-1.633472126340266
59	69	-3.722094350701377
60	60	NaN
60	61	2.7023895123663046
60	62	-0.8883515346367401
60	63	-0.6871412414128345
60	64	-1.5719778268056925
60	65	-0.9377668971448772
60	66	-0.3243494171501188
60	67	-1.09285743090571
60	68	3.691419028070876
60	69	0.517687682396077
61	61	NaN
61	62	1.968108887297565
61	63	1.382505801581858
61	64	-2.20963404802919
61	65	-1.1879667988913067
61	66	-0.07979238969944111
61	67	-2.4080857235896356
61	68	-0.19059507547769913
61	69	-0.369514333656584
62	62	NaN
62	63	2.278365384759716
62	64	1.1846028718321489
62	65	0.06295306137286279
62	66	-2.061911895004275
62	67	0.07252276134768715
62	68	2.6900042909075537
62	69	0.46867504835274615
63	63	NaN
63	64	0.5584320300924878
63	65	-0.14662539017360737
63	66	-1.6419502912760164
63	67	0.6011420169767506
63	68	-0.119534763090361
63	69	0.5880161039782968
64	64	NaN
64	65	1.5977970272724236
64	66	1.0980769992432589
64	67	-0.6871607629944995
64	68	-0.8051482986444208
64	69	-2.017295482802754
65	65	NaN
65	66	0.5809599535826209
65	67	2.083497029786144
65	68	-2.486421965522288
65	69	-1.1817725984485505
66	66	NaN
66	67	0.28821126520374707
66	68	-0.2579921837156673
66	69	-0.7742125367185897
67	67	NaN
67	68	1.8112420869470252
67	69	0.09749115350502412
68	68	NaN
68	69	-1.2588112060760568
69	69	NaN
