1	1	NaN
1	2	-0.10647775392767604
1	3	1.3882020398659474
1	4	1.6317221400175521
1	5	23.843086498228804
1	6	-0.7982888166194901
1	7	-0.29603530275067547
1	8	-2.2094548701993664
1	9	-2.2412625283129786
1	10	-1.1056068886489978
1	11	1.2964417301903743
1	12	-5.25004541817351
1	13	-0.9243622358381794
1	14	0.5784115326022482
1	15	3.816276131778955
1	16	0.90189396821459
1	17	-1.816318351444161
1	18	-3.2766873679740582
1	19	-0.278297925010417
1	20	-0.8263509560353773
1	21	-0.2701487894222842
1	22	0.2714673173233452
1	23	-2.7348820377242595
1	24	-0.9746789850370012
1	25	-1.240564406054789
1	26	-2.67644417171587
1	27	-1.0712831105071705
1	28	-0.6936278931275525
1	29	-0.0038260121439114576
1	30	-2.6808724179480605
1	31	0.2792398905223123
1	32	-0.9997589540907809
1	33	-1.9960628893154395
1	34	2.3423057648677172
1	35	-1.4405311031142929
1	36	-0.45456028315607666
1	37	-3.3477878336559934
1	38	-2.314993825361774
1	39	-0.8576480497519156
1	40	-2.1580772416663043
1	41	0.9264517618349116
1	42	-1.4156316844609722
1	43	-1.2390967101384387
1	44	-0.0758341128234116
1	45	3.256052953101254
1	46	-1.6401164221454831
1	47	-2.033642043747524
1	48	-2.4924169916723455
1	49	-0.7381025921448237
1	50	0.5484347697211082
1	51	-0.9923950225588588
1	52	-0.9936488920821084
1	53	-1.5713466706264794
1	54	-1.1121507630007716
1	55	0.3604128400027715
1	56	-1.8712372559429553
1	57	-2.5813990684309567
1	58	25.02133647678893
1	59	-3.0719537948578854
1	60	0.7799316004062716
1	61	-0.7891523547163615
1	62	-0.9037222494524818
1	63	2.025579023163091
1	64	-0.07448784388768535
1	65	-1.329004090159326
1	66	-0.04109748304542232
1	67	1.3226379436064455
1	68	-0.5448209328449748
1	69	-0.07514336429739775
2	2	NaN
2	3	1.0788273141478337
2	4	4.745584594767925
2	5	-2.2226751311062865
2	6	-2.841173665234689
2	7	-2.6551997169980286
2	8	-1.4392082221350015
2	9	-3.4477364584783707
2	10	-1.4109902519841078
2	11	1.965051619697075
2	12	1.9637897228122283
2	13	-0.7264997727282599
2	14	3.01519180087889
2	15	-0.18685868594834254
2	16	-0.21337572592805454
2	17	-1.7536138545536493
2	18	0.7364526681388629
2	19	2.434388333203807
2	20	-2.22054059195435
2	21	-0.3339550437209104
2	22	-0.6914343033161857
2	23	1.2198867061761873
2	24	-1.7674049249510921
2	25	-3.0006715773523895
2	26	3.7986138786719765
2	27	-0.6172012551475909
2	28	0.6856463008066693
2	29	2.693018148935636
2	30	0.7240638313462028
2	31	-1.4090533349237102
2	32	2.7516133134327
2	33	2.1626260014336793
2	34	-0.6928919589240878
2	35	0.05840479859144244
2	36	0.019122815729185665
2	37	1.302624280054639
2	38	-2.8261454775448125
2	39	-1.211756668344335
2	40	0.17688339311905155
2	41	-0.405033427925262
2	42	3.0512514509724595
2	43	0.3177694947708037
2	44	2.1118327517370803
2	45	-0.6437073602693837
2	46	2.064885632448345
2	47	-1.021127867991596
2	48	0.2398605165685556
2	49	-4.701290397152345
2	50	0.32022520912090674
2	51	1.7651606338349095
2	52	-0.3461534343401711
2	53	-2.340711598062269
2	54	2.0049415537111344
2	55	-0.9926638450435072
2	56	-1.729055328489858
2	57	-0.6715061600984605
2	58	0.3759649811507417
2	59	0.5875907252257785
2	60	4.107213272937318
2	61	0.33966856807018403
2	62	-1.2683973037399607
2	63	0.32451902723978676
2	64	0.27775707114524173
2	65	-1.0800082466536949
2	66	-0.8223861023345315
2	67	1.8081598898638986
2	68	-1.1375574971146567
2	69	-0.33124569452348956
3	3	NaN
3	4	2.3359705916603466
3	5	-0.8454431694955168
3	6	-3.0591777645683695
3	7	-3.1409099101835305
3	8	-0.8610525721515501
3	9	0.5597240246926016
3	10	-2.927172982533178
3	11	1.892536660075648
3	12	0.18743005645191907
3	13	1.6722405166631862
3	14	-0.5534971876958811
3	15	0.3424361501895665
3	16	-0.5842046236478408
3	17	-1.611983324138227
3	18	0.15165227746635185
3	19	2.2714208588473412
3	20	3.1624675247958076
3	21	1.1526767244220735
3	22	1.4142816903622388
3	23	0.7492023414704067
3	24	-1.482386020473264
3	25	0.1024246297542338
3	26	2.6378706729040213
3	27	-2.9128247935264575
3	28	-1.2464754759602419
3	29	-0.3906662612750849
3	30	-1.127278690328762
3	31	-2.276662298671046
3	32	1.3805444701709635
3	33	-0.29737036095133296
3	34	-2.5007419981916064
3	35	0.498305128627651
3	36	-2.4491075654161083
3	37	1.1306013809891804
3	38	-1.4663416763797912
3	39	4.236795702019291
3	40	-0.28405313096877677
3	41	-0.9495456886484825
3	42	-1.6594136735258442
3	43	0.2812044779939871
3	44	2.365570579410576
3	45	0.7810545616557725
3	46	1.1972655418507265
3	47	0.6179429964573931
3	48	-0.11647383739442067
3	49	-3.333861125008353
3	50	-0.8322023188723568
3	51	4.793526116154444
3	52	-1.2364283591365302
3	53	-1.2814488427948305
3	54	1.4532424543068378
3	55	-1.1793650776314746
3	56	-0.770218007494671
3	57	0.3636437102942144
3	58	-1.9276157585510028
3	59	0.7323292117805955
3	60	4.592963245723199
3	61	1.5498178494700836
3	62	-1.4703840996707824
3	63	-2.2294361867997727
3	64	1.851577293659564
3	65	0.12020613643956447
3	66	-0.27086507053809505
3	67	3.53373084806369
3	68	2.9761566881637633
3	69	0.6953604992734975
4	4	NaN
4	5	-0.46250086742371893
4	6	-0.5275920792977719
4	7	-0.8313031027370515
4	8	-1.1614014510736854
4	9	-2.1520549666059914
4	10	-1.3228980854865953
4	11	-0.5868021062218833
4	12	-1.2311337371802746
4	13	-0.8003302049737846
4	14	-4.089075593446887
4	15	2.6706091195601425
4	16	2.0713662049115116
4	17	-0.7241327663253941
4	18	-1.3388435468570812
4	19	2.4108326072215074
4	20	0.589248472132902
4	21	0.04946519718523561
4	22	-0.2612182166234676
4	23	-1.2977863644823266
4	24	-0.338361120725708
4	25	-1.9418055183591598
4	26	-1.042327833049985
4	27	-1.5330819070420338
4	28	-0.37373174758216005
4	29	-1.7906630299659987
4	30	-3.067640388570314
4	31	0.02418472339935913
4	32	1.3684509439304726
4	33	18.67427545640359
4	34	-1.442099558986874
4	35	0.5280344897132349
4	36	-0.4433439954325669
4	37	-1.0587078875581695
4	38	0.49098805976512555
4	39	-3.3719473033505207
4	40	-2.900545986796813
4	41	-1.2003561576547401
4	42	-0.3282209392821466
4	43	-1.9906074382635788
4	44	-0.9452432558306662
4	45	1.3122227810287515
4	46	-2.1777015279424243
4	47	-0.33813768245124215
4	48	-0.13906524638084988
4	49	0.9749469376192649
4	50	-2.362300005647302
4	51	-0.7665137262917565
4	52	-2.154867537256999
4	53	0.09583137378231155
4	54	-2.4217917703734337
4	55	-1.185353374615839
4	56	0.2673680101717757
4	57	5.704428930321379
4	58	-2.8704725302853804
4	59	1.5757739310454373
4	60	6.618891152863454
4	61	-0.29449779146630034
4	62	-0.670890256357865
4	63	-0.17618346238049043
4	64	-0.7430006342260573
4	65	0.5920695550309486
4	66	-1.0798658593697745
4	67	3.0696529248963733
4	68	-1.6525367581683954
4	69	0.5281872430585848
5	5	NaN
5	6	-2.863962575033981
5	7	-3.2917804850748924
5	8	-3.792708566252098
5	9	0.5915044204059702
5	10	-2.610562639227945
5	11	-2.1003303559946747
5	12	-1.0444829282297499
5	13	1.397074500631485
5	14	-0.8914787493342038
5	15	1.2905536435706686
5	16	-2.579263827581716
5	17	-0.7157923680640211
5	18	-0.8793557837215631
5	19	2.0303449068714854
5	20	-2.500827501889557
5	21	-1.7442954593076794
5	22	-0.6499128838787024
5	23	0.9884670436628386
5	24	-1.1831248879583098
5	25	0.4895048432886309
5	26	1.199064224258942
5	27	-1.3879879469300267
5	28	-0.6444568614126084
5	29	-4.366500808370237
5	30	6.847833506717069
5	31	-0.94217834911452
5	32	-0.2916465724247471
5	33	-1.308586215743891
5	34	32.840685539052615
5	35	-3.9964659981477664
5	36	0.8288689800388606
5	37	-0.41933697122733693
5	38	0.5304105734197849
5	39	0.6712323784276205
5	40	-0.6239847503999773
5	41	-1.8366290739361792
5	42	-5.132599552290459
5	43	-0.0038838995164550603
5	44	2.4864506521822114
5	45	0.43490307325692257
5	46	-0.947560530057916
5	47	0.8131977366550363
5	48	-1.8154031775514687
5	49	-0.8481196359931923
5	50	0.3496460244376928
5	51	-0.36147133984734925
5	52	0.15187599382099112
5	53	-2.99096897547833
5	54	-2.399789144909859
5	55	-0.6841801321281117
5	56	-0.0001955075866328996
5	57	-0.00727559931006801
5	58	-7.903340796423823
5	59	-0.4872431300908539
5	60	-1.3910283599870148
5	61	-3.5030047590460454
5	62	-1.0843366097498295
5	63	0.682684825876501
5	64	-0.021821655317910603
5	65	-0.7751055682209824
5	66	-2.114270277954863
5	67	-1.0328719304513172
5	68	1.8561719198214266
5	69	1.1076920036636901
6	6	NaN
6	7	4.920280016392518
6	8	1.3793184605235915
6	9	4.91850752382571
6	10	1.5782224356603047
6	11	-1.9224769061595623
6	12	-1.9507712804170971
6	13	-1.884176143895626
6	14	-1.7392553665316781
6	15	1.2952613648269866
6	16	1.7326869499735618
6	17	0.8500002186780891
6	18	-0.07411257344841665
6	19	-2.1294220136791395
6	20	3.4144462116780687
6	21	-0.9621462593724355
6	22	0.5607596230986942
6	23	1.3429289443570502
6	24	3.073129172719286
6	25	-2.7403632208997464
6	26	-0.9344892922437649
6	27	5.8584649373938325
6	28	-2.3873249643994106
6	29	-4.030578289226556
6	30	-0.8597372759274297
6	31	5.909857772999226
6	32	-3.3538026129311604
6	33	-1.3661362930737966
6	34	0.8196974560544029
6	35	2.9970816198641006
6	36	-0.310573258177331
6	37	-0.8949531990927811
6	38	3.2984678596651236
6	39	-1.956773739314316
6	40	1.7643969089749867
6	41	-0.0719305636531579
6	42	-1.8481736426516338
6	43	-0.029487362233753943
6	44	-2.111912782033722
6	45	-0.26692488110381846
6	46	-3.5154338880279585
6	47	2.864722119486177
6	48	-1.6336595110448584
6	49	1.8255293687889051
6	50	-3.056104870077017
6	51	-2.6230536316101896
6	52	2.958887808742847
6	53	2.258856364193006
6	54	-1.9830210618919961
6	55	3.127518623570757
6	56	4.316875154061906
6	57	3.0279672677995317
6	58	-0.4496150527879076
6	59	-0.07470885795079121
6	60	-2.890254085155328
6	61	-2.0340159128824866
6	62	-0.74279964465441
6	63	-1.205123885162008
6	64	0.257360216338544
6	65	-1.470470774124824
6	66	-0.08915095916675611
6	67	-1.2108901967461585
6	68	-2.9534443539147777
6	69	-0.5478359984923883
7	7	NaN
7	8	0.5413408582848804
7	9	2.4427545175153487
7	10	1.9933641875113475
7	11	-0.44915155729172423
7	12	-0.14923504046229608
7	13	-0.3074022596834801
7	14	-0.254693288088435
7	15	-0.6200978601861582
7	16	-1.3745695618315665
7	17	-1.4719021147086817
7	18	-0.09136011233891647
7	19	-0.3599618637332452
7	20	0.8810925024099762
7	21	-3.7517882964845715
7	22	-0.7840589977181983
7	23	-1.7493700998533734
7	24	4.251573018470251
7	25	-1.2478922661284177
7	26	-1.0430293270521689
7	27	4.176573972133572
7	28	0.007146174917649838
7	29	-1.1854950029308235
7	30	-0.3298533254132732
7	31	2.5002051463009436
7	32	-1.34982003223257
7	33	-3.5114920214039755
7	34	0.6801037712845027
7	35	3.466772235474487
7	36	7.66606579121204
7	37	-0.011194019989674472
7	38	2.198833082989497
7	39	0.40253976899359395
7	40	2.3949493836952227
7	41	-1.045273509417521
7	42	0.08680224860728408
7	43	0.2664927288709691
7	44	-1.0633327290357077
7	45	-2.4927304271256974
7	46	-2.349057105421128
7	47	2.413369604263854
7	48	-1.7810522843453664
7	49	2.9112103116259673
7	50	-3.1683155549178035
7	51	-2.506724835567492
7	52	3.7039245020633924
7	53	1.654250402721476
7	54	-0.30830488853615273
7	55	1.6783842373121953
7	56	3.526157545245724
7	57	3.479357128963502
7	58	-0.3054052699588049
7	59	-0.04322908859429089
7	60	-0.7787275880466519
7	61	-1.1977319195599438
7	62	-1.434984686015135
7	63	-1.6578357030301547
7	64	-1.2758885024633837
7	65	-3.336580384976983
7	66	-3.5979189893365726
7	67	-1.749879949399754
7	68	-1.7583668944178248
7	69	-0.9733512822717767
8	8	NaN
8	9	2.278960113039111
8	10	-0.9064241049358164
8	11	-1.3768826415675428
8	12	-1.7921537224959079
8	13	-2.4071733075478026
8	14	-1.8467787762241135
8	15	-2.6312306245864376
8	16	0.08937827428108798
8	17	2.187746568417832
8	18	-1.0346627031508913
8	19	-3.553750636692675
8	20	5.537891030725497
8	21	0.7430369612146702
8	22	0.24274780500598428
8	23	-1.4146500010524252
8	24	6.252150947083087
8	25	-2.9190927666891984
8	26	-3.835475435083791
8	27	1.556625695975024
8	28	0.5829462209265797
8	29	-2.4005214847440635
8	30	-2.1594670413949477
8	31	5.023930324919613
8	32	-3.7567097532359366
8	33	-2.567336073682182
8	34	-4.078229110121614
8	35	1.1293024062220374
8	36	-0.11452288181920282
8	37	28.07265820902469
8	38	-1.2204970474472163
8	39	-0.5594597152956923
8	40	0.2563502511939058
8	41	-0.06138084975767618
8	42	0.5794162839175344
8	43	-3.0744164263840847
8	44	0.28361767676721694
8	45	-2.6802702576115056
8	46	-2.237164127865564
8	47	1.0217109963544566
8	48	-2.6181696017951466
8	49	0.5489163942746422
8	50	-0.37055791328168014
8	51	-2.0868412926757807
8	52	1.9224337050153524
8	53	20.38362096090213
8	54	-1.1060610234516424
8	55	2.1623976774653415
8	56	1.4797444181607071
8	57	0.5057285376183649
8	58	-1.9353624065897137
8	59	-0.7560590772284752
8	60	-2.114202166076561
8	61	-1.5280935912828748
8	62	-0.6077320534515566
8	63	-2.480615279085044
8	64	-1.5841529974963595
8	65	-1.0053826819430671
8	66	-0.6246559005706975
8	67	-2.5588690575203694
8	68	-3.0852603309120763
8	69	-1.1395738083069673
9	9	NaN
9	10	0.1448512507793258
9	11	0.762160404115285
9	12	-1.641861566269906
9	13	-1.136930733216668
9	14	-0.12808409414342775
9	15	1.6921241228448363
9	16	-4.048946678424261
9	17	2.3326516216628352
9	18	0.07850750964460436
9	19	-2.511315354113066
9	20	2.2101461301806813
9	21	1.9362558661322335
9	22	-1.4288901635341504
9	23	0.2625291861452621
9	24	3.1823927330082142
9	25	-0.19929478638708537
9	26	-0.38936279033307
9	27	3.312770933648838
9	28	-3.8950694047831647
9	29	-2.0027344768863298
9	30	-2.194291113661358
9	31	2.375321998283307
9	32	2.344929569230365
9	33	-3.0775344413208785
9	34	-2.813577102874281
9	35	2.834339606037076
9	36	2.1654986785319164
9	37	2.6630109917887603
9	38	3.1260780178974708
9	39	-1.9121853962188349
9	40	1.8580425655595287
9	41	-3.0361555688623647
9	42	-4.331221993389254
9	43	-2.9772137475673155
9	44	-2.5830701056556826
9	45	-0.9488351349550661
9	46	-0.9391597067189179
9	47	2.7959575366293654
9	48	2.1971775947208614
9	49	3.583001986497914
9	50	-2.3655452367808483
9	51	-0.1915755151901621
9	52	0.9851694732735407
9	53	1.3536435538578653
9	54	-2.5998446593269975
9	55	4.214403417653086
9	56	4.289340942183143
9	57	0.30888286966337875
9	58	-3.010895995380404
9	59	-0.6550498023067007
9	60	-3.116750503090482
9	61	-1.2843930131577876
9	62	3.6949192938677475
9	63	-3.9843287855865923
9	64	0.06083974252017561
9	65	0.4048098691938296
9	66	3.1170336515268455
9	67	-1.5949608750947288
9	68	-3.336189102278704
9	69	-3.2605348855558005
10	10	NaN
10	11	-2.548461801574076
10	12	-2.0850146643511716
10	13	-0.7452042317890311
10	14	-0.7133862897538233
10	15	-0.17032228946558736
10	16	-1.6710173168805633
10	17	23.166955465065186
10	18	-2.1951109907144315
10	19	-2.0168510232046537
10	20	-0.642284273938438
10	21	-1.8419331911032377
10	22	-1.698000516890462
10	23	-3.3155100455045696
10	24	3.375997086279134
10	25	-0.9783120703882415
10	26	-2.2884340571894057
10	27	0.5592323771236336
10	28	0.47315185498916323
10	29	-2.215144302347603
10	30	-3.7061276322903316
10	31	0.20486513533976128
10	32	-1.7661004384877776
10	33	-1.4269930575453376
10	34	-3.8319105685738233
10	35	0.710949721903
10	36	-0.472157870500787
10	37	12.04284702322573
10	38	4.046938279478132
10	39	7.96094344378469
10	40	0.8687961426440167
10	41	-1.2399815484609547
10	42	-0.844557187513631
10	43	-3.710558936270619
10	44	1.721885095608562
10	45	-1.4615308168892838
10	46	-1.4882506366879973
10	47	-1.230023636354052
10	48	-1.1188383595971718
10	49	-0.25979847686449775
10	50	-1.0374506065246414
10	51	-3.0846128630868113
10	52	3.604209261434202
10	53	0.8468638156505692
10	54	1.4139140664392802
10	55	0.4535671900127721
10	56	2.4109914838948794
10	57	1.1721213775578387
10	58	-0.9405376634349383
10	59	-0.8497938802277443
10	60	-1.1327954441244583
10	61	-2.324356464396358
10	62	-1.031926536440078
10	63	0.4630965500825456
10	64	-1.5403464934923576
10	65	-2.9841506284544264
10	66	0.5867722046768772
10	67	0.5018589588799541
10	68	-1.5693768949482054
10	69	1.0742894014305908
11	11	NaN
11	12	2.4831647193356488
11	13	2.730720225962025
11	14	-5.377586015055058
11	15	1.44061410733585
11	16	1.8046208017867327
11	17	-0.8586012777224628
11	18	0.6216765988832952
11	19	-2.3371722439893277
11	20	-0.7455800919126515
11	21	2.480828516959555
11	22	2.680501491049753
11	23	-1.1585828046049582
11	24	-2.5572870800637224
11	25	0.27837007277532266
11	26	-1.0242743661415392
11	27	-1.9493236656349473
11	28	1.444180484741024
11	29	2.3433518195711587
11	30	-2.1874134070386093
11	31	-1.384003848570927
11	32	0.7170719257771906
11	33	0.5131151539830676
11	34	0.4101071003008377
11	35	-0.3397981276081896
11	36	3.916055431711591
11	37	-1.8716052256453182
11	38	-1.5111880842792138
11	39	-2.51091876161384
11	40	1.1277896147638058
11	41	9.249112999544577
11	42	-0.9782311218484028
11	43	1.1188640754193058
11	44	-1.840534322163685
11	45	-3.877163761022491
11	46	1.0140150477619216
11	47	0.0942165064313147
11	48	0.3376207316512074
11	49	0.5677544776980229
11	50	1.2084760782428858
11	51	-1.271654549527817
11	52	3.0589581341426064
11	53	-3.4607772124426983
11	54	-0.5064343152205159
11	55	1.5900430854883778
11	56	-1.3158092703326512
11	57	-3.6185511058244555
11	58	-2.6047806132438995
11	59	-1.2697868275900803
11	60	-3.1120054620187463
11	61	-0.17426041165138634
11	62	6.871409866227638
11	63	0.44409082305018466
11	64	0.1538886429613725
11	65	3.8663064855159344
11	66	-0.6971072190174372
11	67	0.5295015648994706
11	68	0.9854004392640655
11	69	2.8446154980518448
12	12	NaN
12	13	1.827765074352975
12	14	-1.7113896282833385
12	15	-1.8659063076618274
12	16	-0.35281262070933006
12	17	-0.47450555021924656
12	18	-0.09691764399619499
12	19	-1.7899484196285151
12	20	-4.036792623376379
12	21	-0.909930114736856
12	22	0.44002677880929475
12	23	3.6783258804146755
12	24	-1.881223884439398
12	25	-1.1032210962934883
12	26	0.08873462897823785
12	27	-0.35440071024729103
12	28	2.612567994218004
12	29	-2.4500236679514256
12	30	-1.2732275481172857
12	31	-0.9064943950920183
12	32	-0.5186623604141493
12	33	0.5715383194188567
12	34	-0.40597655951138906
12	35	-1.4732592064926457
12	36	-1.4370102740642072
12	37	-4.987955414225766
12	38	-0.8467135799685815
12	39	49.911386565791176
12	40	-4.0515852899336675
12	41	12.145612383048034
12	42	3.393454743369159
12	43	0.6834376994411263
12	44	-1.0317764835979215
12	45	2.376835112669266
12	46	-1.9000038481642045
12	47	-0.42107381760347284
12	48	-4.565791629597005
12	49	-4.977376043118063
12	50	-0.41712860057781137
12	51	-0.7224561512604205
12	52	-2.010667613024192
12	53	-5.006842578158494
12	54	-0.959233867988873
12	55	-2.4942976130572587
12	56	-1.7216732773514285
12	57	1.4901700838913992
12	58	-1.9847831901617452
12	59	0.1751912568929984
12	60	-0.5682794438365945
12	61	1.1977049328215401
12	62	1.7966235065318703
12	63	-1.6879045397275692
12	64	0.1752958821923222
12	65	2.4497892074909844
12	66	-1.4011815649032413
12	67	0.2775894215501894
12	68	0.8129144918426123
12	69	0.7167064142485844
13	13	NaN
13	14	0.9588138755453001
13	15	-1.2018656089856228
13	16	-0.878668070630359
13	17	-3.671324068437362
13	18	0.987030350189578
13	19	0.958278574341229
13	20	-2.379974562577683
13	21	-3.5971152495058325
13	22	0.6732074406521549
13	23	-1.2685033637902041
13	24	0.23012464945330616
13	25	0.32513876644652656
13	26	-1.6773822623481314
13	27	0.5298745554170622
13	28	-1.988387797828206
13	29	2.8717242032142654
13	30	2.080443905116296
13	31	0.2688455173091062
13	32	-0.6776886623335183
13	33	2.81351092026117
13	34	1.0385876625258694
13	35	0.1849137832268376
13	36	-0.9271476518974736
13	37	1.574344036551709
13	38	-0.36792871027039364
13	39	1.6034323407178672
13	40	-1.1613250853976311
13	41	1.835485882909082
13	42	2.53834416502894
13	43	-0.44345059224817285
13	44	-0.767542155450878
13	45	-1.3969066257333274
13	46	2.965836001705685
13	47	-0.7258804178808279
13	48	-1.3485092470577988
13	49	0.46549521293995205
13	50	0.7640366898740039
13	51	-0.5174513871567067
13	52	2.588360466929626
13	53	-1.1957323643666504
13	54	-1.0112841251866291
13	55	0.09391096254422414
13	56	0.16919517874284168
13	57	-1.75492223436446
13	58	-1.6503241717228094
13	59	1.5541482823490784
13	60	0.8802335520123155
13	61	0.1508613920647202
13	62	-0.017871816205902703
13	63	-0.2541039631848377
13	64	0.8919460814797995
13	65	5.725465801846291
13	66	-3.190020861494078
13	67	-4.3636766820601505
13	68	1.109538986711223
13	69	3.008624900315556
14	14	NaN
14	15	3.58565108770266
14	16	-0.5206309252930938
14	17	-1.8719063374810392
14	18	3.247116108767881
14	19	0.8964209175459553
14	20	-1.3955886080145419
14	21	1.63876717643267
14	22	-2.2466272799777864
14	23	2.0684654716466047
14	24	0.46483553796295063
14	25	0.7528769802545189
14	26	-0.23023913945793564
14	27	-0.6299904091141818
14	28	3.4474431463491495
14	29	0.9914660793487524
14	30	-1.203069677199011
14	31	-1.328712890659414
14	32	-0.8479336224644628
14	33	3.1602631556520584
14	34	-0.3376018650860319
14	35	-2.308130074671022
14	36	-1.3193115273893175
14	37	-1.3793571099869493
14	38	-1.8497215411973733
14	39	-1.5950818706222472
14	40	2.0982494277834554
14	41	-1.5962245534185773
14	42	-0.3459253186802583
14	43	2.7887436138125548
14	44	1.0971703935404258
14	45	1.2349720521884242
14	46	0.009823252210330917
14	47	-1.3827961234916906
14	48	-0.5158736965584032
14	49	-0.5287863242651168
14	50	0.25325795812947266
14	51	-0.18958800608101314
14	52	1.9423630575425053
14	53	16.12160701031125
14	54	-1.1307705717018735
14	55	-1.397975751784394
14	56	-0.7048295409349036
14	57	-1.0437698229754826
14	58	-1.977508278541334
14	59	-0.6181413252866624
14	60	1.7895465480766306
14	61	0.3661166608799943
14	62	-3.608016844206996
14	63	-2.142598820867955
14	64	0.03147062493788236
14	65	-1.753877107591395
14	66	2.499109303441054
14	67	-0.6432951020896454
14	68	-1.0263645314824594
14	69	0.9714031861305199
15	15	NaN
15	16	4.238642102028874
15	17	-2.1403185805314937
15	18	-2.6465457693425973
15	19	6.462254949243708
15	20	1.3582820929095083
15	21	0.2508528075849862
15	22	0.029131562008442444
15	23	5.220087334495936
15	24	-1.9497119805244112
15	25	0.5229940208900551
15	26	-2.276170059356003
15	27	-0.7595985024898532
15	28	-2.3213540325911755
15	29	0.018848444737589756
15	30	-0.2742209146069854
15	31	-1.594072399265338
15	32	0.3844754961000366
15	33	-1.2723117195793614
15	34	-2.0590151281089155
15	35	-1.6524981222710693
15	36	-1.1273216763963678
15	37	-1.3012316683070217
15	38	-2.330928983908531
15	39	-0.7512893425777761
15	40	0.053738369632270126
15	41	-0.411488108614965
15	42	-0.3524913567062797
15	43	1.1409593382167336
15	44	-0.38796073376480344
15	45	-2.1825947929048803
15	46	2.4156272749058605
15	47	-0.2520177314779196
15	48	2.1441966411185724
15	49	0.2131466906363546
15	50	0.836636304392846
15	51	1.3208831541160544
15	52	-0.877620284963182
15	53	-1.5294791404854575
15	54	0.0858011992690835
15	55	-0.2222783330378624
15	56	-2.6367141222944412
15	57	-0.6601915577385865
15	58	0.2233582257020253
15	59	1.1973009785813615
15	60	-3.0060217255813573
15	61	1.350666941611023
15	62	-0.7894770101783684
15	63	1.7472568548078433
15	64	-0.7524801295225381
15	65	2.2606533689509227
15	66	0.8678533425587615
15	67	-1.8417113956074103
15	68	1.7894723521447018
15	69	0.7791683302313873
16	16	NaN
16	17	0.08436439683811887
16	18	-2.516357424910545
16	19	0.5867914326959753
16	20	-3.236727544087723
16	21	2.356966276792964
16	22	-2.7442601228393553
16	23	-2.363958971462259
16	24	-1.462225539192027
16	25	0.018067485311847483
16	26	1.1436628765498449
16	27	1.4379407823603145
16	28	1.815108805193418
16	29	2.459299060835095
16	30	4.386807578412557
16	31	-0.0659689602821966
16	32	3.2849236318065707
16	33	1.5261162514383275
16	34	-2.919133211163525
16	35	-1.8511929905441884
16	36	1.365768038934603
16	37	-3.198747326310044
16	38	-1.0463502009907872
16	39	-3.2904986316087115
16	40	0.741268891319858
16	41	2.5093459786320436
16	42	0.7092115927344054
16	43	-1.9566656637832958
16	44	2.366916196406503
16	45	0.5137293710705721
16	46	-0.168033176051105
16	47	0.09398340354361272
16	48	3.0951750923035526
16	49	-0.644130809039184
16	50	2.6401784917679443
16	51	0.7088963755668789
16	52	-0.22304363892535947
16	53	6.439811553592604
16	54	2.7335661840831404
16	55	-2.897105240498736
16	56	-2.3556487731644666
16	57	-1.6156052446910973
16	58	-2.858257099240239
16	59	-0.6525719344575187
16	60	0.11316683839112333
16	61	0.9928664194978644
16	62	0.6751673055500994
16	63	-0.2105581762257886
16	64	-2.01138399086876
16	65	2.460967288854374
16	66	2.3782364222076873
16	67	-0.1732974892444297
16	68	0.8569293360731004
16	69	-1.1419658964382513
17	17	NaN
17	18	2.689593640724535
17	19	0.227052737757742
17	20	0.40752079511699335
17	21	0.5029058306659702
17	22	-1.3893702369049368
17	23	0.3400763382997318
17	24	1.818992865293406
17	25	-0.2675165856908915
17	26	0.9286795348813353
17	27	0.8219488380006792
17	28	-3.221641262313686
17	29	-1.4510692583061098
17	30	-0.3297140023003928
17	31	0.6353207540815193
17	32	-1.4363875141119984
17	33	-2.8197598296076674
17	34	0.08274054824034639
17	35	3.2269113777035217
17	36	-1.1960105523715248
17	37	-1.874301815544176
17	38	-0.3376904010700709
17	39	-1.587545498712534
17	40	1.9039799458232638
17	41	-1.5507981747515727
17	42	0.1573843182215836
17	43	-2.534544056209408
17	44	-1.7395221308674178
17	45	0.9795751440712044
17	46	0.20943979539361113
17	47	-0.7443303135448038
17	48	-1.9328881190082852
17	49	0.776624993709373
17	50	0.9416923298195699
17	51	2.148189491697863
17	52	2.2349019635224696
17	53	5.6492297671750356
17	54	-0.8563070712103797
17	55	-1.7911788792272862
17	56	0.3193933608964045
17	57	0.27840919479158505
17	58	-0.9642715729221488
17	59	-4.129996184031901
17	60	1.5909174961711088
17	61	-1.4317053188516145
17	62	-2.721249459540489
17	63	-2.151241664717548
17	64	-2.282081553258457
17	65	1.1975732900734068
17	66	-0.35418037755971127
17	67	-0.8234948969864423
17	68	0.3135167241272544
17	69	-3.140292509045208
18	18	NaN
18	19	5.857467602460339
18	20	-4.57869998396264
18	21	3.1944659070850485
18	22	4.072114377278572
18	23	1.1246476866657775
18	24	-2.4892331845848576
18	25	0.5591005652130085
18	26	1.0955773578848742
18	27	-0.5438933571747173
18	28	0.8106573490848589
18	29	0.7259884965555228
18	30	1.6044520062687053
18	31	0.470954167558224
18	32	0.11222818838061464
18	33	1.5938133506053818
18	34	-1.3215259163396715
18	35	-4.493614107208916
18	36	1.934233026119686
18	37	-3.3397256054158198
18	38	0.22747399814659514
18	39	2.7015677733081866
18	40	-1.2604850174307973
18	41	2.703762773601427
18	42	-0.8576778796212534
18	43	2.5629948806338656
18	44	-0.27763398211756807
18	45	3.2462598072499937
18	46	-0.9980850163252097
18	47	-0.27851166062735994
18	48	1.7373331634312041
18	49	-1.747928848101075
18	50	2.864130776120246
18	51	-0.15328610106085575
18	52	-0.9646555585538753
18	53	-0.20477097528484492
18	54	-1.2436876936203733
18	55	-4.029405621778483
18	56	-2.9703073872461188
18	57	-2.231341902718561
18	58	-1.2562281751336661
18	59	-3.1025193074710886
18	60	1.1756847607475422
18	61	-0.55888904339247
18	62	0.5087051009353503
18	63	1.9360400697930087
18	64	1.5877223951247408
18	65	1.677316355678496
18	66	-1.6184373289274059
18	67	6.125386221369372
18	68	1.488966006918411
18	69	-2.03137117244358
19	19	NaN
19	20	2.3296827124614587
19	21	3.426539152333
19	22	-1.4750859880752945
19	23	0.8334207097427825
19	24	-2.7593758815985727
19	25	3.275856503799606
19	26	0.39709722185829566
19	27	0.594384963746382
19	28	0.43817544897028204
19	29	-0.02727699572615344
19	30	-2.4841005428571026
19	31	-4.609958792181578
19	32	2.357200953829059
19	33	1.724633690924535
19	34	0.9873649920480294
19	35	-1.586104461589859
19	36	1.9353937193290167
19	37	-1.7609411094632843
19	38	-0.4819381222127189
19	39	-4.456127040236267
19	40	0.48400356691096347
19	41	-1.6955467700925249
19	42	1.6507200393266348
19	43	-0.27108177200057554
19	44	0.13998210856391038
19	45	-0.9317880694829106
19	46	0.31110163008173525
19	47	-2.042372338565632
19	48	-0.34716720571644333
19	49	-2.6264469723744397
19	50	-0.2946450711823841
19	51	0.9072805628781349
19	52	-2.862992456532817
19	53	-2.3581866375078957
19	54	-0.5654450776884685
19	55	0.8638661974305452
19	56	-2.1898222213494605
19	57	-2.606605964667442
19	58	-2.737980088896337
19	59	1.3391501712394636
19	60	5.286832660019796
19	61	0.244128789395313
19	62	0.6112580079747549
19	63	1.090745125277827
19	64	-2.784777225087649
19	65	4.066020723999588
19	66	0.16413058114529183
19	67	0.8020260729021044
19	68	3.314033049930032
19	69	1.535782126201146
20	20	NaN
20	21	1.0152303497388901
20	22	0.728230108270771
20	23	-2.8801549907129824
20	24	4.559480891711234
20	25	-2.941567508586111
20	26	-1.356519186350736
20	27	2.3919489224722925
20	28	-3.336167049349801
20	29	-0.648498188764432
20	30	0.9642995950459649
20	31	1.583495437045484
20	32	-0.16081408426181734
20	33	-1.6748284197229013
20	34	-0.5770617831874776
20	35	2.2573562607176174
20	36	0.5543367946420006
20	37	1.9524458216410712
20	38	3.1459785033153347
20	39	-1.3065249365605052
20	40	-0.4505317920205909
20	41	-1.6284976251480558
20	42	-0.46686603532847104
20	43	-2.107412878696097
20	44	-1.9670322130124465
20	45	-1.701369289626666
20	46	1.3540610875451276
20	47	4.726782278130564
20	48	-1.1650942264754915
20	49	2.1340729830849896
20	50	-2.7476631615966474
20	51	-1.0563784910147431
20	52	2.022783582822887
20	53	2.386632469180349
20	54	-2.649100158167049
20	55	3.1839375409840667
20	56	2.46499153999568
20	57	1.8987392860555965
20	58	-1.1484957263613584
20	59	0.12821623264498153
20	60	-2.107944685718132
20	61	1.5553041686410392
20	62	-0.39753702247861705
20	63	-5.451112874721593
20	64	-1.3921889058424697
20	65	1.7794331055625878
20	66	0.9373426837962106
20	67	-0.8249406307590225
20	68	-2.048301930050488
20	69	-0.49438319018915444
21	21	NaN
21	22	3.466039902857174
21	23	2.077156297186374
21	24	-3.160151371243579
21	25	-3.5609930072295364
21	26	0.6917409827974657
21	27	-0.8071752299880509
21	28	2.399938409340146
21	29	-1.8990920055591396
21	30	3.5236669559086855
21	31	0.2804046722109637
21	32	1.572425772800238
21	33	0.013094683678689016
21	34	1.4832702950401182
21	35	-2.975915457498516
21	36	1.9930834645587916
21	37	1.049983486142695
21	38	-1.3400359869293061
21	39	-0.6146957007147794
21	40	1.301402455611136
21	41	-0.787227184006376
21	42	0.24909483031800111
21	43	-0.09497633507259065
21	44	-2.266532110427845
21	45	3.526988392823889
21	46	-0.7750966138437628
21	47	-2.975335402880731
21	48	3.8250159683131577
21	49	-3.1097227846599034
21	50	3.3559034968712074
21	51	1.8708883607201907
21	52	-1.2149476465876197
21	53	-1.0074626965558042
21	54	1.6059704755362114
21	55	-0.8147148240342179
21	56	-1.1164966318676834
21	57	-0.9063706030049188
21	58	-5.577523127629187
21	59	-0.6060862110438527
21	60	0.02866130122884259
21	61	-0.15728145428940524
21	62	-0.41911810691051543
21	63	-3.0890508110241774
21	64	3.597913729396944
21	65	1.5020301072818605
21	66	-2.069819083010437
21	67	1.0539979154761268
21	68	-1.4692862552087886
21	69	-1.6718146105909715
22	22	NaN
22	23	3.300658463703592
22	24	-3.09234571777992
22	25	1.5342680716400365
22	26	1.085757312303991
22	27	-0.6390660773492606
22	28	2.4058125388477722
22	29	-1.2137996910443092
22	30	2.191554519973991
22	31	-2.219933404581015
22	32	5.475854496472964
22	33	1.97501213195165
22	34	-1.0283072654874401
22	35	-1.088830366567744
22	36	-1.1355712808711684
22	37	-1.6679300711373983
22	38	-0.2666327176981551
22	39	0.3055769387846091
22	40	-1.7099661258068908
22	41	-0.6266073460783015
22	42	1.404946896532513
22	43	-2.467834308018075
22	44	1.9310499092311328
22	45	0.7951898145747532
22	46	-0.14918218010731643
22	47	-2.3027213532909148
22	48	1.0108453483951885
22	49	0.056579534351738875
22	50	0.5165135003269543
22	51	-1.1713878865826581
22	52	-2.600995305602467
22	53	-4.063327504690598
22	54	1.049853584725452
22	55	-0.7138104719031432
22	56	-2.2465413238878065
22	57	-2.4093001729018204
22	58	-0.5499420538790843
22	59	2.698738178390283
22	60	-4.190000543879077
22	61	-0.20187041307537304
22	62	1.9123063439433823
22	63	0.25537361587404805
22	64	0.33403362267020886
22	65	3.091557448750477
22	66	2.708653865555902
22	67	0.7784498255777799
22	68	2.135147558479951
22	69	-0.16147953923353323
23	23	NaN
23	24	0.4663645702624972
23	25	0.5629653018453236
23	26	1.7018230746614176
23	27	0.17395152951167445
23	28	0.5377282435770869
23	29	2.7483626474320055
23	30	-0.3145791267823248
23	31	0.8497742773545298
23	32	-0.4137933426170736
23	33	1.7626314087827208
23	34	-1.5089800756770895
23	35	1.286897760242606
23	36	1.5614972330439867
23	37	-0.1196076807296297
23	38	-0.7280056340409311
23	39	-2.026644886478528
23	40	-3.5113976224713648
23	41	-1.8362586924713653
23	42	-0.8199940905943406
23	43	2.6815292869393743
23	44	-0.7460558093073257
23	45	-0.49868866865412387
23	46	1.4988708771283592
23	47	0.48709916914526163
23	48	3.31193208260604
23	49	-0.8682144920484814
23	50	-1.054407518089956
23	51	4.145619545023341
23	52	-1.4688965076134726
23	53	-3.110234063978984
23	54	0.9701772416005987
23	55	-0.9743845319536624
23	56	-2.2387055119807524
23	57	-1.4044929419036933
23	58	-2.117432215248007
23	59	-0.023091805042314922
23	60	4.112666750707031
23	61	0.8177159763834128
23	62	1.6287654185288256
23	63	-1.031291606016939
23	64	-1.4199342533296144
23	65	-0.40605654227772264
23	66	-3.5271181074005185
23	67	0.47255509114737543
23	68	2.3142916840239995
23	69	-1.672093232801824
24	24	NaN
24	25	-2.05146438246386
24	26	-1.9435863836902068
24	27	2.1702779672547385
24	28	-1.2436964033992386
24	29	-2.0708867861240474
24	30	-1.7454730858447574
24	31	2.7867258662527696
24	32	-1.60274444246909
24	33	-1.6685648923613925
24	34	-1.5541083308469
24	35	4.723386135455693
24	36	-1.5271422880687389
24	37	4.580047248063471
24	38	2.0465513338329977
24	39	-0.09440444295353402
24	40	1.693375889863095
24	41	-1.2891575916501794
24	42	-0.5329904103157694
24	43	-1.6174577638213676
24	44	0.7272625494601195
24	45	1.8233483158027626
24	46	-3.4885530054764318
24	47	0.1496761707634247
24	48	-3.4183020964772943
24	49	3.8747307039908208
24	50	-1.3370033115642042
24	51	-0.9312595727206869
24	52	3.8937203854885585
24	53	1.7801309443940914
24	54	-0.8679803148999896
24	55	0.18899974503326483
24	56	5.577316041187056
24	57	1.6988318236015227
24	58	-0.8421901656187148
24	59	0.4274827603063481
24	60	-2.9988333363392923
24	61	-2.2331277729926335
24	62	-2.3854940022120146
24	63	0.4998986955750342
24	64	0.6398108071869992
24	65	-1.4105654085549124
24	66	-1.265222141983455
24	67	-2.774739884752681
24	68	-0.4081770323875872
24	69	-1.7938681361947642
25	25	NaN
25	26	3.5669584815857514
25	27	-1.69825796458386
25	28	0.00015379021968690533
25	29	35.91760348324494
25	30	1.50995331628353
25	31	-1.5424817949837588
25	32	0.00017640850029072705
25	33	0.3236644158146777
25	34	-2.5279162031303444
25	35	-1.3420710269528433
25	36	0.800792144933556
25	37	1.9481918750480653
25	38	-0.473341934822484
25	39	-4.764303852115561
25	40	-0.429988362643039
25	41	-2.110011968922789
25	42	-0.6054233966556742
25	43	0.561211705175192
25	44	-4.337281515323662
25	45	-0.7749270050535859
25	46	1.1683899072538309
25	47	-1.0478825150448645
25	48	3.337587292994037
25	49	-2.013338224968487
25	50	-0.7641193398164566
25	51	-0.3043725866073945
25	52	-0.9877576655602094
25	53	1.1982401973066965
25	54	1.1883122761075897
25	55	1.4662986590985028
25	56	-1.3764888288272152
25	57	0.2478152481455883
25	58	-1.7361342042921857
25	59	-1.1632573336643193
25	60	2.3989402336950816
25	61	-1.4788041303670867
25	62	1.032671194960297
25	63	-0.4308787957701303
25	64	-1.270553063929623
25	65	-5.217773505950062
25	66	1.870521567812093
25	67	-2.6172255271061458
25	68	-0.1754093768897295
25	69	0.824482235376869
26	26	NaN
26	27	1.1648710020434343
26	28	-0.7688183992544313
26	29	3.0741495122352256
26	30	38.405173346632736
26	31	-0.8867772505064729
26	32	0.2623165185825812
26	33	-3.737217988477383
26	34	0.5608487016391237
26	35	-2.4853980331853847
26	36	3.191472618228414
26	37	1.877682487397661
26	38	-3.360655949856402
26	39	-2.5314627494031288
26	40	-4.606035619861979
26	41	-3.7845832778439217
26	42	0.6450138725352298
26	43	-1.9837054739153717
26	44	-1.903769875204728
26	45	-2.193246374429954
26	46	1.2998003445643185
26	47	0.6465493659731161
26	48	2.930179193041125
26	49	-2.8771095638899933
26	50	2.232143878128342
26	51	0.3684603155025909
26	52	-3.0974630035057102
26	53	-2.498484693923994
26	54	0.18890872066888942
26	55	-1.731968467682182
26	56	-2.62998311294939
26	57	-1.95488291905955
26	58	1.9053599280985467
26	59	-1.1282667504903319
26	60	-2.566783670334869
26	61	2.315102173017807
26	62	-5.496318550147548
26	63	-1.2795626734615633
26	64	1.0930352921055857
26	65	-0.5200971875982379
26	66	0.905305735156994
26	67	-3.3048364250301936
26	68	2.0587457548855195
26	69	1.9764796482871332
27	27	NaN
27	28	0.9164850963790444
27	29	-2.9974406417078745
27	30	-2.588880482044094
27	31	3.506208447775938
27	32	-1.1492509043393029
27	33	-0.9543987078542451
27	34	-2.274154355480627
27	35	4.6635623536070545
27	36	-0.9838506430493212
27	37	-0.8379591830742251
27	38	3.1389169452198162
27	39	0.03461264315031984
27	40	0.9531953443144296
27	41	-2.3178546968930784
27	42	-0.990434799103283
27	43	-0.18964225662577275
27	44	-0.22140930886848298
27	45	-1.1397540182062849
27	46	-1.4951108706864564
27	47	4.157551141752141
27	48	-1.1598574121981022
27	49	2.499031366420983
27	50	-5.387954111601099
27	51	-2.707724900493395
27	52	1.9601779799342325
27	53	1.2682371929235448
27	54	0.592611913988989
27	55	1.5298022765241313
27	56	4.562463983625323
27	57	4.24614891855896
27	58	-1.802701657790455
27	59	0.783686044487316
27	60	0.6606546012040795
27	61	-2.747516785939649
27	62	-2.413942950116242
27	63	-2.807828182582316
27	64	-1.0235656610044381
27	65	-3.1786264945891953
27	66	-2.6098214896585326
27	67	-1.5098641611619723
27	68	-1.8662343575162819
27	69	-3.4233497134991384
28	28	NaN
28	29	2.4664736060065398
28	30	-0.8642704883002025
28	31	-2.822111517517539
28	32	4.899212062067993
28	33	0.39848463533829553
28	34	-1.8023346218855667
28	35	3.0594990317037065
28	36	0.8077745656296128
28	37	2.1177844342162677
28	38	-0.8745862685336305
28	39	4.626791741837906
28	40	-0.9781427017798435
28	41	6.493756097266402
28	42	0.8060434593718262
28	43	0.9289503994923688
28	44	2.271682959833447
28	45	-1.4791730313697489
28	46	0.9038265063496846
28	47	-0.6900449069084377
28	48	-1.4331191014147253
28	49	-1.7951511719353446
28	50	1.5082563711278905
28	51	-1.1647887865824316
28	52	-0.682453014843551
28	53	-2.649394956153805
28	54	-0.18342205507189144
28	55	-0.12746594729046007
28	56	-1.3354524973295174
28	57	-1.0135665372499651
28	58	-3.170477549794183
28	59	-0.7843972211057273
28	60	4.011166309175142
28	61	0.9072569294252683
28	62	-2.778575919198279
28	63	-1.4746113290166891
28	64	0.1088837996552523
28	65	1.2739068960288582
28	66	-0.295250982024339
28	67	-2.8122399143358567
28	68	0.0072086856726157325
28	69	0.07652462021105377
29	29	NaN
29	30	-2.2775403975541257
29	31	-0.7379603630625047
29	32	1.3646726742291035
29	33	-0.8897903580049874
29	34	-2.696562584171306
29	35	-0.6735651238954787
29	36	0.4813417231429568
29	37	-1.8807140851616595
29	38	-4.518055569860884
29	39	1.103340473815351
29	40	-2.398736042330408
29	41	0.3071384664185826
29	42	-0.7399400820403058
29	43	2.1605851887792475
29	44	1.8219823068300398
29	45	1.7647734158810586
29	46	-1.1389811953059648
29	47	-1.0794923292631522
29	48	-2.2139585799291623
29	49	-4.039330126776087
29	50	-0.05040267281833758
29	51	0.06578342887809495
29	52	-4.223963605417372
29	53	0.33620658869242487
29	54	-0.3058581274350974
29	55	-2.980183145806317
29	56	-2.4752812433781406
29	57	-1.3817113914426262
29	58	-1.9434012406891694
29	59	-0.6709374985640274
29	60	0.25565217079067354
29	61	1.1832398838777949
29	62	2.6554105848375067
29	63	-3.287945969046165
29	64	1.68793396124423
29	65	2.099669540374883
29	66	4.544847245810786
29	67	0.3881531831020624
29	68	-2.4933848910864076
29	69	1.6706902277000306
30	30	NaN
30	31	-0.4797341842779836
30	32	0.4711940396485175
30	33	-0.032518829599680235
30	34	-0.3964069019874828
30	35	-1.6591073293190584
30	36	-2.5649547223285136
30	37	-1.3496230502763698
30	38	-1.4986688149376104
30	39	2.5735994477387343
30	40	-0.9020809091043429
30	41	-1.2207908191492067
30	42	-1.8842063841334555
30	43	-0.7639612148766292
30	44	-0.5848277091014995
30	45	2.5573368143960185
30	46	-0.04233259514341149
30	47	-1.157244215765368
30	48	-5.109821679389518
30	49	-0.04392617279977804
30	50	1.4382901532608252
30	51	1.6240907235102933
30	52	-1.145573076577088
30	53	0.5971662849014646
30	54	-2.279153582617013
30	55	-2.017639913819801
30	56	-1.397474617917918
30	57	-1.4297861050689369
30	58	-2.3161482432729383
30	59	0.33392582155075684
30	60	0.6536536618996518
30	61	-0.472870167022536
30	62	-1.167994541212179
30	63	-1.1793997902355975
30	64	-0.8301959669540067
30	65	-0.08753549780756345
30	66	-0.36980992903193083
30	67	-2.1020176384962665
30	68	-0.7183874165344908
30	69	-0.5954072813073227
31	31	NaN
31	32	0.31071523849617033
31	33	-1.0418798454032072
31	34	-3.356852474182278
31	35	2.5809564993210152
31	36	-1.3281448005675598
31	37	-0.7518205556218092
31	38	1.2053315391127295
31	39	1.3126599042674905
31	40	0.2796503620601278
31	41	1.1310893873542038
31	42	-2.157161734083716
31	43	-2.6978172333030828
31	44	-1.0480329887727349
31	45	-0.3762465151630974
31	46	-3.051628965823798
31	47	1.2001015767159517
31	48	-0.2660265702825682
31	49	2.768343140697895
31	50	-0.603274872958352
31	51	-1.8942373245512951
31	52	3.3310463823591765
31	53	0.4151731815270797
31	54	2.289725936857105
31	55	0.36607200689282376
31	56	4.855415113310147
31	57	2.716037684959908
31	58	-2.0548106185904866
31	59	0.9897455093667598
31	60	-2.6123752526532265
31	61	-1.1024336765334968
31	62	0.6738972748492347
31	63	-1.5714522818566634
31	64	-1.2453862638534643
31	65	-0.2713026558374768
31	66	-0.6167342760535046
31	67	-2.4428458596981146
31	68	-1.8193122399880393
31	69	-2.3396902591798767
32	32	NaN
32	33	2.405941963374804
32	34	0.30427223398440406
32	35	-2.0298678509229804
32	36	1.9618824393346932
32	37	-0.36802573488436696
32	38	-2.5494989574958065
32	39	1.8042972097678076
32	40	-1.5335272941129323
32	41	-0.1885892005238447
32	42	2.9711156088219335
32	43	1.1973090641780648
32	44	-0.25878718027946956
32	45	-0.64784124632012
32	46	0.0017102294806467311
32	47	1.1007054045391729
32	48	3.3037096350156316
32	49	0.3733836500708124
32	50	-0.29709152569372793
32	51	-0.3122243338346
32	52	-2.183496998048189
32	53	0.6009923474298525
32	54	1.9472938522232859
32	55	0.6825543304464702
32	56	-2.8943105470642894
32	57	-1.2368835653196684
32	58	-5.012910455198552
32	59	2.678942874642705
32	60	-0.7700790759762818
32	61	2.3001448495006946
32	62	-1.5158071009446479
32	63	-1.5322372425299298
32	64	-1.8583000485502388
32	65	-1.6094289273120514
32	66	-2.243949503790753
32	67	2.980208693809651
32	68	-4.096499081905024
32	69	0.7791324664560231
33	33	NaN
33	34	7.542534567868742
33	35	-0.0688904294886832
33	36	0.4021651350918269
33	37	-0.73454069456835
33	38	-1.7186847162173833
33	39	-3.8435085859436224
33	40	0.5212090691045635
33	41	0.5546893880114838
33	42	-0.11327443647392253
33	43	1.2203975377462146
33	44	-3.170196801291093
33	45	-0.510151101787315
33	46	2.159022850448546
33	47	0.2490683651696446
33	48	2.09483235955567
33	49	0.07429728578229197
33	50	-0.5745852401703743
33	51	-2.4635299148231735
33	52	-2.301177142264979
33	53	0.2061504017567846
33	54	-0.7732428348863492
33	55	1.5042434802961042
33	56	-2.2782228521922576
33	57	-1.255302285619978
33	58	-3.390938485476948
33	59	0.597673049716318
33	60	-1.3422789305751466
33	61	0.08459920910292178
33	62	-0.8349425028787246
33	63	-0.171392260268405
33	64	0.8540475122496471
33	65	0.9653798722777048
33	66	0.7826275268577324
33	67	2.285232058595417
33	68	-2.9487944114230817
33	69	1.9516928500199393
34	34	NaN
34	35	3.135657770290376
34	36	3.985102795949111
34	37	-2.3582886427780743
34	38	-2.4087472940458996
34	39	0.4332853295938793
34	40	-0.6110786800916356
34	41	-1.1873838994606343
34	42	5.617194793677117
34	43	3.2482985169211007
34	44	0.8839725313689579
34	45	-0.35000170077602716
34	46	-2.069473770560402
34	47	-0.04275922144136236
34	48	1.0369361507465205
34	49	-0.9279229710288729
34	50	-2.5299399395391546
34	51	2.6556947402081317
34	52	-2.612151683390654
34	53	-1.0602372222130825
34	54	-3.108568516027806
34	55	-1.8073155216396828
34	56	-3.04117259439667
34	57	-0.3095156366593534
34	58	-1.5682205386253583
34	59	1.2055821982421793
34	60	-2.3223279683215123
34	61	-0.2623495277755108
34	62	1.069096409294674
34	63	-0.9553354155378686
34	64	4.452936535065817
34	65	-2.332164046553819
34	66	-1.1870888181819197
34	67	0.4018424794601916
34	68	2.1950733061817718
34	69	-0.057206297581025536
35	35	NaN
35	36	-0.8637075494395857
35	37	3.2014006225530762
35	38	2.572568967669806
35	39	-2.8108306749624528
35	40	1.426155650703679
35	41	0.02893499529167009
35	42	-0.9612979871995354
35	43	-2.429834905868137
35	44	-2.1890419873716405
35	45	-1.4658486077931292
35	46	-0.3760422997567362
35	47	1.7672358483048585
35	48	-1.8758845849042454
35	49	3.635979878804337
35	50	-0.059427204110099045
35	51	-1.3935197252769902
35	52	3.329567153936625
35	53	1.0369484624793277
35	54	1.380842019326235
35	55	3.0526838785500847
35	56	5.083286901269334
35	57	2.672864503980574
35	58	-2.4628933718234287
35	59	-1.373599890887077
35	60	-3.0706035668646265
35	61	-2.123956394857463
35	62	-2.4988928195040456
35	63	0.17326890576772538
35	64	-2.316024762026151
35	65	0.036771511706844305
35	66	-4.484425312241082
35	67	-1.8391172165938559
35	68	-3.0715758584935022
35	69	-0.6174394833755107
36	36	NaN
36	37	-1.1432015714722237
36	38	-0.5326694175317689
36	39	-1.8710353122798136
36	40	2.546354056067168
36	41	2.78032409584068
36	42	1.2263894170920913
36	43	-2.165858382587753
36	44	-1.0741526007901174
36	45	1.2629167273479995
36	46	0.5960551593972283
36	47	-3.190129899471583
36	48	-0.8301889791485962
36	49	-2.2075587494209516
36	50	2.4589804072231063
36	51	0.22338469683514156
36	52	-0.4200911478637341
36	53	-3.756672335865283
36	54	-0.014012643326265367
36	55	-0.9332378474734482
36	56	-1.783557625663011
36	57	0.8557521457233325
36	58	-0.1928996294123457
36	59	-2.301007508958686
36	60	-0.157047729380573
36	61	-2.787548852197421
36	62	-3.8284430748496945
36	63	0.07438288976962366
36	64	-1.2120571344641837
36	65	-0.1808554567844805
36	66	1.9796496998187427
36	67	3.3901070167989658
36	68	0.8097231662258207
36	69	-0.19852671012653916
37	37	NaN
37	38	0.8420940457645052
37	39	-2.4763102035779774
37	40	-2.267456305444782
37	41	-1.9886830927235357
37	42	-2.101683377263158
37	43	2.081923858406972
37	44	-2.542698349732868
37	45	-1.4776116007096327
37	46	-0.7915626994405204
37	47	-1.2014383914995708
37	48	0.6903097336016758
37	49	-0.2509822979010155
37	50	1.499918142590584
37	51	1.079475272820959
37	52	-0.7429774108271766
37	53	-2.4688871707530593
37	54	-2.729865557036418
37	55	-1.7726206206311022
37	56	2.340926994529114
37	57	-0.7725724127032064
37	58	-0.5478482478791648
37	59	0.5450022142689569
37	60	-0.20919991761930154
37	61	-2.901751697410892
37	62	-4.244172827237555
37	63	-2.4804396847049217
37	64	-2.5706398499584497
37	65	-3.7008405393958297
37	66	1.2477819173099414
37	67	0.931425829065484
37	68	1.9655259665982128
37	69	-1.8240103170413922
38	38	NaN
38	39	1.0214965101824693
38	40	-0.2577883559406573
38	41	0.0973767780646666
38	42	-2.336223498317023
38	43	7.446269223200883
38	44	-1.3405494146671904
38	45	-1.6392726084001772
38	46	-2.240291693258924
38	47	3.2437267859046366
38	48	-0.3476742647576669
38	49	2.0397789120874794
38	50	0.13359924087665637
38	51	-3.3633435050574487
38	52	2.3146514821905138
38	53	2.1033924970443456
38	54	-0.6227270209114449
38	55	3.997767765921156
38	56	3.641955152482214
38	57	1.9349190781795766
38	58	-2.083470547203615
38	59	-0.7628479767400207
38	60	-1.323346802522596
38	61	0.46987470238972395
38	62	-1.5335516795617037
38	63	0.06791413081523
38	64	-1.1513985579093964
38	65	-0.7666012474321787
38	66	-2.3336871269236332
38	67	-1.606340006880606
38	68	-0.6282044521898548
38	69	-0.8036416841493891
39	39	NaN
39	40	-1.8144097309676324
39	41	1.698770456694194
39	42	2.601506317397616
39	43	-3.6110893344687134
39	44	-2.563447479424815
39	45	-0.13541186315138526
39	46	0.7038756253857883
39	47	1.579702382033892
39	48	-2.8811874657140306
39	49	0.0560424209318246
39	50	0.5045870625577454
39	51	-0.08950411340481959
39	52	-3.0326985634842236
39	53	-2.2273610383140015
39	54	-2.99201141130116
39	55	-0.23823719180258918
39	56	-1.11263004864741
39	57	-4.899008605786984
39	58	-1.9743220194255948
39	59	0.5776634484916593
39	60	-0.30622356082279567
39	61	2.5663025926459877
39	62	0.7192876555830363
39	63	-6.071489335014894
39	64	-3.0382935524799226
39	65	-0.9914811047780581
39	66	0.5479872186724029
39	67	-0.2888466146267405
39	68	2.22912582306483
39	69	0.752412341536965
40	40	NaN
40	41	-2.0056064473927795
40	42	2.6848757449127323
40	43	0.5540341328402477
40	44	13.465877964918507
40	45	1.0611391521775988
40	46	1.8804316028709513
40	47	0.13723662956924004
40	48	-3.9115235111159175
40	49	3.5347913803646303
40	50	2.056206998717796
40	51	0.46982081660415215
40	52	2.3008512690296317
40	53	-0.6505828077664799
40	54	-3.1531541541549593
40	55	0.0034561811500774167
40	56	1.3917550734997013
40	57	-0.1419708036214376
40	58	-0.49927194297026845
40	59	-0.742960712412526
40	60	-2.3956321028371823
40	61	-0.01743687549353742
40	62	-3.5922581088092027
40	63	-2.0039238514134263
40	64	-3.346305556373263
40	65	-2.209697062799395
40	66	-2.5098182419806867
40	67	1.4674162782201476
40	68	-0.7119681355804947
40	69	2.029780923028941
41	41	NaN
41	42	-0.23401096291476145
41	43	3.5414840443680387
41	44	-1.475518370820736
41	45	1.9479819105954863
41	46	-2.403046799554652
41	47	-2.4863421716455507
41	48	1.013694918787623
41	49	-1.5959373400647783
41	50	1.5521554640040105
41	51	-0.5244237561007544
41	52	-1.13454067796881
41	53	-0.3816309267585586
41	54	-0.9797979649051172
41	55	-1.3972112440296065
41	56	0.03413830227833521
41	57	0.14472421095986154
41	58	0.16026789466676034
41	59	0.15597938643474454
41	60	2.3015379821629236
41	61	-1.344313631408326
41	62	-2.4094055185116083
41	63	1.0761657922673817
41	64	0.9030484007765744
41	65	0.901977375699403
41	66	0.3112768263593458
41	67	1.2691697580252779
41	68	0.20247119832643182
41	69	-1.9960466870031064
42	42	NaN
42	43	1.181417919894452
42	44	1.9718440712656802
42	45	0.504296888836576
42	46	-0.1561220954462746
42	47	-4.6585161326475015
42	48	0.5657400981995458
42	49	-1.7515145085556698
42	50	0.30641712956523864
42	51	0.5005369079723792
42	52	-0.7096692363460605
42	53	-3.0736658707607125
42	54	1.0842661960155602
42	55	-2.6280551838283763
42	56	-1.0129529771281012
42	57	-3.0116321473447663
42	58	-3.086441887964801
42	59	0.6381730931165662
42	60	-2.255930284703555
42	61	1.6562380890348631
42	62	1.387430704203823
42	63	1.2592344855797268
42	64	2.386903027062898
42	65	0.1777145036425389
42	66	3.2007534097036516
42	67	2.1729483647740486
42	68	3.6551334482015196
42	69	1.7211298393514602
43	43	NaN
43	44	1.7019726485864466
43	45	0.9131349962137201
43	46	3.4359301990228417
43	47	-3.6167082339330427
43	48	5.293459252421221
43	49	-0.8407723042858001
43	50	0.01645124634997404
43	51	0.845807839897851
43	52	-2.7977275214170185
43	53	-2.40428287660913
43	54	-0.19017427499904604
43	55	-3.33440333402292
43	56	-0.6171887153693646
43	57	-3.0276545661803915
43	58	-2.564871563584359
43	59	-0.5260152963301735
43	60	0.4199402413921953
43	61	1.7070420613623458
43	62	4.034356946891643
43	63	1.7263623571229492
43	64	1.586327725183311
43	65	-0.7693976366955867
43	66	0.8436023123497403
43	67	3.073993183343869
43	68	1.6642982090608651
43	69	0.13049079857088144
44	44	NaN
44	45	0.07358814194354728
44	46	1.7448413180671265
44	47	-1.0660480455553307
44	48	-1.644013019158573
44	49	5.2973258210479965
44	50	5.0005326810633415
44	51	0.06934109057302286
44	52	-0.9346411235694334
44	53	-2.0803151316043715
44	54	-1.496284858766003
44	55	-1.4687301850825734
44	56	-0.8581659120614267
44	57	0.0564903810858793
44	58	1.0938637102639792
44	59	-2.5290288175891806
44	60	-0.5690732759135847
44	61	-1.5669494547760798
44	62	-0.7232108659358367
44	63	-1.3209821449289294
44	64	0.395110884001049
44	65	-1.288610977948483
44	66	-0.14166855953476987
44	67	2.1247161744447016
44	68	2.3282272770764116
44	69	1.3462602233452037
45	45	NaN
45	46	3.569266187798566
45	47	-2.9492158674184883
45	48	3.611385382768591
45	49	-0.20682732775619347
45	50	-0.681812362852629
45	51	0.18186687885869085
45	52	-0.7208677168748947
45	53	-2.1463154007261815
45	54	-0.7470475218085346
45	55	-2.6146783710317965
45	56	-1.1864262303178532
45	57	-0.48909241713865864
45	58	0.3181840905791063
45	59	1.8216332569568994
45	60	3.3193510620963687
45	61	-2.684874596640695
45	62	-2.681500842122228
45	63	-0.942247365772805
45	64	2.127524666126894
45	65	-1.5565551943873017
45	66	3.1549431404744706
45	67	2.5895637765741313
45	68	-0.8837734304405195
45	69	1.6368741984466242
46	46	NaN
46	47	-1.2934460177345106
46	48	6.123282123641834
46	49	-0.24068010076426424
46	50	1.001468425228364
46	51	2.474574792315087
46	52	-1.0915919213987786
46	53	-1.691566338296032
46	54	2.0587616095645034
46	55	-0.005541520617486229
46	56	-0.644853646180975
46	57	-0.8550409664964095
46	58	-3.185657462443831
46	59	-2.407429503544384
46	60	-0.46939908834275823
46	61	0.5422053067692789
46	62	1.0831745450001085
46	63	1.6141820818181452
46	64	2.3789163022513944
46	65	0.6983654066691161
46	66	0.6726119157813756
46	67	0.17255969695449294
46	68	-0.3320979577300654
46	69	2.641781503858553
47	47	NaN
47	48	2.143257593042579
47	49	4.080930595467348
47	50	-3.397167730744702
47	51	-1.6794521220531018
47	52	3.4400871269647397
47	53	1.762002794176139
47	54	0.6718270541943765
47	55	2.3786276849082033
47	56	2.7402555956790082
47	57	1.6395647502870987
47	58	3.8723182298266288
47	59	0.49288856910154016
47	60	-0.04671248975117638
47	61	-1.1288849315605596
47	62	-0.2592419403512157
47	63	4.861072520241756
47	64	-0.16658444987736412
47	65	-2.953096384190237
47	66	-4.618276329288004
47	67	-2.971632407150571
47	68	0.181831464705306
47	69	-1.13182558884457
48	48	NaN
48	49	-1.506147139988455
48	50	0.8467163561469067
48	51	-0.4835300656657336
48	52	-2.8515275502687745
48	53	-1.3422782611079798
48	54	6.367486309076025
48	55	-0.32177998570824334
48	56	-1.2617051956694396
48	57	0.8510936631926731
48	58	0.03494869321769914
48	59	-0.0582214761417344
48	60	0.261395564636693
48	61	0.14939429504983423
48	62	4.604445633744452
48	63	-1.6574848898229637
48	64	0.04329637764778568
48	65	1.4362933147066603
48	66	0.53857602879195
48	67	1.3436835894126349
48	68	0.3939494749155063
48	69	-0.2098754118949329
49	49	NaN
49	50	-2.525059731995876
49	51	-0.4973601960794907
49	52	3.8328915401439274
49	53	2.5093891255435117
49	54	0.8860480216319855
49	55	2.1323237015989878
49	56	4.218778637597771
49	57	2.6932596610048964
49	58	-2.9367649966075446
49	59	-0.8612228650331591
49	60	-2.1055983741693436
49	61	-1.6170506516565968
49	62	-2.337456228108858
49	63	-0.45194307139353385
49	64	-0.10437774023890398
49	65	-1.5657524326485412
49	66	-2.7455236830834973
49	67	-1.021010381876198
49	68	-1.392426116223459
49	69	0.35885055756741463
50	50	NaN
50	51	2.7888216187534858
50	52	0.12514475005156456
50	53	-1.0803722525915698
50	54	0.5673308861141859
50	55	-2.056821098134604
50	56	-1.4793088769183185
50	57	-2.9421352670843715
50	58	-1.1467980534488176
50	59	1.027766327365714
50	60	2.8126668839512794
50	61	3.05268387030094
50	62	-2.515219791313676
50	63	-1.942005884658486
50	64	2.813772566232758
50	65	-1.9555672308627101
50	66	0.48217339983909824
50	67	-0.9262353374794253
50	68	3.573145752564518
50	69	-0.38782564991521085
51	51	NaN
51	52	-1.7134788359441206
51	53	-0.10617486070600124
51	54	3.1163539591540643
51	55	1.3822251452463659
51	56	-2.0341656731583138
51	57	-2.4843135726237264
51	58	0.41642745985972907
51	59	-0.5451748619760375
51	60	-1.6512658019778548
51	61	2.068588287606149
51	62	0.18661771607402752
51	63	-1.924703067734858
51	64	-0.5172379144785502
51	65	2.2659635559371702
51	66	1.8992619112841111
51	67	1.1366072295231249
51	68	2.852385974160487
51	69	3.7152387711784063
52	52	NaN
52	53	2.4491853835513457
52	54	-0.5195932815940327
52	55	1.381017323309591
52	56	4.745179876411458
52	57	2.2412989943955677
52	58	-1.5993831184747624
52	59	1.1062057526135476
52	60	-1.4026279578239753
52	61	-1.7434682590372548
52	62	-1.8653586561735835
52	63	-2.4311531869522174
52	64	-1.7711716013986647
52	65	-1.9138808072840723
52	66	-0.8463778896718839
52	67	-1.6179129099753977
52	68	-0.9614338013191266
52	69	0.5112919476934379
53	53	NaN
53	54	0.31258750953032494
53	55	2.40567038160824
53	56	1.407522064152147
53	57	-0.37659191690180743
53	58	-4.187003666204766
53	59	0.4218957923362558
53	60	-1.6798505089967986
53	61	-2.4489769128378946
53	62	-2.1960877332082385
53	63	-2.3643268813280396
53	64	-2.6468938061760103
53	65	0.062415189038794686
53	66	-1.1111239154382888
53	67	-1.170414854154671
53	68	0.6583140784284683
53	69	-1.5721735276853706
54	54	NaN
54	55	3.6946438020400008
54	56	0.08642199066724492
54	57	1.1046804517077071
54	58	0.9183421340380573
54	59	0.1573402142030925
54	60	0.12005005861557512
54	61	2.209073760691196
54	62	-1.9842100919712766
54	63	-0.2943564952153077
54	64	-1.4927531987979443
54	65	1.2857033125139308
54	66	-2.0059564654349966
54	67	0.6656468272169269
54	68	1.7552886315559757
54	69	1.0878493229054358
55	55	NaN
55	56	2.7795510390038545
55	57	3.4437348471847313
55	58	-2.1735895393554743
55	59	1.9113730372395554
55	60	-1.9234667590801655
55	61	0.233880177760351
55	62	-2.722561648094034
55	63	-2.2586245451936224
55	64	-1.5331869035123546
55	65	0.1222843271025353
55	66	4.071804631299017
55	67	-1.2072783409449706
55	68	-1.2463575480943927
55	69	-2.456946590649245
56	56	NaN
56	57	3.461100325424554
56	58	-2.543461392659985
56	59	0.7989624037671593
56	60	-3.3964705502234516
56	61	-1.47287163127683
56	62	-2.469132437959612
56	63	2.0735195941951154
56	64	-0.23394028901951044
56	65	-0.08225439419556646
56	66	-2.436921243275885
56	67	-4.040001697784921
56	68	-1.762513067418202
56	69	-1.607827844841922
57	57	NaN
57	58	-1.458212335979999
57	59	-0.4222513320375087
57	60	2.8772029085272743
57	61	-1.759686929538384
57	62	-0.8916955443671057
57	63	-2.0362473857200296
57	64	5.253175586875928
57	65	0.3153012480369758
57	66	-2.02511168826601
57	67	-1.751006997502837
57	68	-1.7619136485815297
57	69	0.2016195929384364
58	58	NaN
58	59	-0.38648112576744964
58	60	-0.735091373132531
58	61	-3.5066938731309065
58	62	34.379724128364444
58	63	50.46811319608978
58	64	-0.9919998774057192
58	65	-3.7054399766416894
58	66	0.8244342858804675
58	67	-1.5156261356193712
58	68	0.33942498985849606
58	69	-0.6764031374954155
59	59	NaN
59	60	0.04561800614211017
59	61	0.31198807751861674
59	62	-0.908038887432891
59	63	-2.5810204271417096
59	64	4.154901931710547
59	65	-0.07939163137237218
59	66	2.8323325843393383
59	67	0.9069468321099412
59	68	-1.1006555654014087
59	69	0.7223530670866856
60	60	NaN
60	61	3.7692000395855114
60	62	4.1780023027452415
60	63	1.1936512022018029
60	64	-0.03718527560685005
60	65	-1.4001391536459447
60	66	2.1101708507930543
60	67	4.495424657135861
60	68	2.981009771554689
60	69	-0.7906481818524486
61	61	NaN
61	62	6.631170932048903
61	63	-2.004717995725671
61	64	4.196827039159628
61	65	4.6400731744224775
61	66	3.4883386521156807
61	67	2.3386939937370452
61	68	1.2781962115975098
61	69	0.47645154456189265
62	62	NaN
62	63	4.382067559233873
62	64	-2.4694606107384063
62	65	2.4018235338906235
62	66	4.0747625174707185
62	67	0.604760663374807
62	68	-0.6514078741099644
62	69	1.7860545651235697
63	63	NaN
63	64	-1.3851986683115622
63	65	-0.4439538568725844
63	66	1.2007064085661234
63	67	-1.1968506991612997
63	68	-3.9087448759482415
63	69	1.206430259301866
64	64	NaN
64	65	2.3429435361172914
64	66	1.0961323630003088
64	67	-2.0220065892606454
64	68	2.3434848703252977
64	69	0.5491829165621823
65	65	NaN
65	66	2.1263606040854137
65	67	5.021426349148539
65	68	-1.1487118875978972
65	69	0.3344202980583736
66	66	NaN
66	67	5.193918246052284
66	68	0.4042206667845986
66	69	-2.1284581191759844
67	67	NaN
67	68	2.448990923668514
67	69	-2.9057604046682415
68	68	NaN
68	69	1.1305618842675802
69	69	NaN
