1	1	NaN
1	2	-1.2289581139437666
1	3	0.05222710287797389
1	4	0.7638838979741612
1	5	5.3537572967112
1	6	0.3211983804992367
1	7	2.4217598202625794
1	8	2.0744124472401815
1	9	-0.9486051802804549
1	10	3.5590677492997855
1	11	-3.82612940221534
1	12	0.4758402321233161
1	13	-3.5186364682254716
1	14	-2.6394572749530187
1	15	0.0786788265759264
1	16	-2.2789982031992864
1	17	-0.7575290816713505
1	18	-2.7371159112905055
1	19	-1.8708609432207053
1	20	0.6258978658807353
1	21	-0.36177206130771444
1	22	2.6354856348530884
1	23	-6.231608494536751
1	24	0.41111599334058446
1	25	-0.7087262256800294
1	26	0.8459713124999648
1	27	-1.260947483811091
1	28	-2.1655359081265217
1	29	-0.575514280009521
1	30	-0.2091231018134155
1	31	-0.955396699257095
1	32	0.8803177252518514
1	33	-0.9849404826878618
1	34	1.629920082163334
1	35	0.8345994137916131
1	36	0.003919645028447275
1	37	-3.470135710879936
1	38	-0.11087018810792897
1	39	-1.0452360778587217
1	40	2.064885475943685
1	41	0.09034730547468571
1	42	-0.030926617054110078
1	43	-1.8855376499611576
1	44	0.13412318646332616
1	45	1.5461765963275607
1	46	0.011445153423347327
1	47	5.594862844821787
1	48	-1.5715373427996537
1	49	3.5571886437846745
1	50	-0.36224582911262976
1	51	0.40429483374753183
1	52	1.4609086439682986
1	53	2.5458053170676456
1	54	-0.045800597386637075
1	55	0.20877750562425149
1	56	0.8774665718076072
1	57	-2.1835523290533843
1	58	9.95257920267775
1	59	-0.038239888557917996
1	60	-1.1158580348823588
1	61	0.3281032059182854
1	62	-1.3400780587782866
1	63	2.2272897771338553
1	64	0.6247664413953276
1	65	1.495577257894931
1	66	-3.4356035379868017
1	67	-2.73266734324603
1	68	-1.3701794995350247
1	69	-3.119127916838868
2	2	NaN
2	3	2.4325341600872408
2	4	-1.3216281768792668
2	5	-1.2769918346892037
2	6	-2.9732984804972693
2	7	-0.9992616457062407
2	8	0.18401472666352878
2	9	-1.4121607040364637
2	10	-0.19595512163368187
2	11	2.717897267540469
2	12	2.092310100006426
2	13	1.4462770554848552
2	14	1.3984998841855447
2	15	-0.8773145237745404
2	16	1.9195159378501576
2	17	-1.448018782532499
2	18	3.7635784380681816
2	19	1.0174950779174132
2	20	-0.7478346404089301
2	21	-0.7183402605388677
2	22	1.2805158304375588
2	23	-0.04337454825618001
2	24	-0.432883515698002
2	25	-0.9115253036586738
2	26	-2.393314749270521
2	27	0.3625644010157421
2	28	-0.9726446982436698
2	29	1.793834992718864
2	30	0.5082918623779772
2	31	0.565859990275587
2	32	-0.12243078655936024
2	33	1.1967459723444185
2	34	-1.241432333104039
2	35	-0.4497444021541536
2	36	2.761017480261611
2	37	1.6853093724239296
2	38	0.015872011948612118
2	39	-2.3048460472850967
2	40	-1.6516014610307796
2	41	-1.3393063105986478
2	42	3.144044952187726
2	43	-0.27961898596872187
2	44	1.9975399204043731
2	45	-2.050268985996344
2	46	2.606680245084394
2	47	-2.182288739553828
2	48	1.855118463931244
2	49	-0.4271639509973237
2	50	-0.18428176675703342
2	51	0.5614190535443272
2	52	-2.0917761680813567
2	53	-1.010663544431411
2	54	-1.5272561981299084
2	55	0.360928417671202
2	56	1.3174089817703045
2	57	-2.6654058702321444
2	58	1.46947271704085
2	59	-2.865829004753859
2	60	2.759541750455688
2	61	0.1440752531820779
2	62	-0.8251359057602677
2	63	0.5405556752412856
2	64	-2.0970608633280836
2	65	1.8775652314659488
2	66	-3.713484384344149
2	67	2.0738222759376916
2	68	-0.5526559030435169
2	69	-0.3040791845947715
3	3	NaN
3	4	-1.8563357739644961
3	5	0.7608286223742209
3	6	-1.1720916160511559
3	7	-1.3860836756998682
3	8	-2.7292443099136015
3	9	-0.11813460718853695
3	10	-3.1225077353402204
3	11	-0.37252304549890797
3	12	-1.220231105618599
3	13	-0.9595600895311078
3	14	0.6330558593079075
3	15	-0.2580647476824007
3	16	0.6312071138689267
3	17	-0.7624277953546665
3	18	1.5689508124644231
3	19	1.2747895276324757
3	20	-2.4096737757362234
3	21	-2.2996658477790426
3	22	0.38320219690529195
3	23	2.978557844186961
3	24	0.842904409179153
3	25	-1.4591778382276832
3	26	0.8214917585401972
3	27	1.2289044128172806
3	28	3.914350858378694
3	29	1.7058301971584857
3	30	-1.35210600520173
3	31	3.105060099641429
3	32	-0.004228695310792138
3	33	0.07865841313882843
3	34	3.455575773619177
3	35	-2.7632084925574945
3	36	0.37721961564944845
3	37	-1.1994783144461045
3	38	-1.0653445958343875
3	39	3.441428867241993
3	40	-3.4624542210387372
3	41	0.5074146746059898
3	42	-2.20749331026258
3	43	0.8147118990556266
3	44	-0.20478617927576812
3	45	2.3766722132045874
3	46	-0.273427956171296
3	47	3.9197369685423276
3	48	3.497357905182994
3	49	-1.541179060671262
3	50	0.20051218915120517
3	51	-3.3816711205223817
3	52	-1.9925996102229615
3	53	-1.2972851766241307
3	54	0.9941260995233869
3	55	-1.600831222381558
3	56	1.3004952583682337
3	57	0.7783096956596464
3	58	-2.1247580352441755
3	59	-1.7007432566491814
3	60	1.3367512844806595
3	61	3.2112946786408765
3	62	3.619155512224364
3	63	-0.7987426620647791
3	64	-2.602657565917721
3	65	1.762589945056397
3	66	3.9708517180043166
3	67	-0.23949948271495505
3	68	0.8919507721914387
3	69	-1.0222240998611758
4	4	NaN
4	5	-3.9887828831611296
4	6	4.115106612240822
4	7	2.543164239312487
4	8	1.2332225211520136
4	9	3.5136944435119526
4	10	-0.46628660778810976
4	11	1.2257740351271245
4	12	0.7178064956569973
4	13	0.9761934829915143
4	14	-0.43434341405417615
4	15	-3.5440592442539676
4	16	-2.3917599009179873
4	17	2.949100105972054
4	18	-3.7285261949973343
4	19	-3.7565784080160243
4	20	0.9858331846976869
4	21	-0.6524424434256981
4	22	-1.8100808768783374
4	23	-0.21936672862250606
4	24	-0.08817706165626267
4	25	-1.0674663963673212
4	26	-2.2539935347333944
4	27	-0.4466199857614325
4	28	0.2055205304001229
4	29	0.34243364177260804
4	30	1.843631018337722
4	31	-0.5212866645238082
4	32	0.7619340410769117
4	33	5.356968631689747
4	34	-0.7976518102983401
4	35	3.974190636505075
4	36	-0.37917415921137604
4	37	-1.0983719047679696
4	38	1.483043455640679
4	39	-0.9394434224340059
4	40	3.439433014503747
4	41	-1.4152809223313938
4	42	-1.3175498477120458
4	43	-1.3419421065638186
4	44	0.47848838458711024
4	45	-2.4859331806254876
4	46	-0.07418332950449437
4	47	-2.9215033028380484
4	48	-4.801355671584476
4	49	3.549239786710503
4	50	0.06681241630673239
4	51	-2.740428409877121
4	52	3.601487239172294
4	53	0.05005491753282998
4	54	0.02606918041066026
4	55	1.1439192392025868
4	56	3.1742127200895576
4	57	1.7786384133806317
4	58	0.27908063631736396
4	59	-2.2624666386802867
4	60	-2.7644564039076918
4	61	-1.2168303166819687
4	62	-4.296723156184369
4	63	0.8518902994111021
4	64	2.8605356016767596
4	65	0.7023142158601099
4	66	1.0718865675273488
4	67	-0.2660901989012604
4	68	-2.5951609802942985
4	69	-0.28715881800601645
5	5	NaN
5	6	0.8643987156932282
5	7	-2.0623346202433597
5	8	-2.5327654971045073
5	9	-3.077339588521155
5	10	-2.084487037883025
5	11	-1.8136332708999707
5	12	-4.015680500812486
5	13	-3.112189884473738
5	14	-0.7198189210168718
5	15	0.979215336399106
5	16	-1.182851685748986
5	17	-2.207385440021343
5	18	3.862172732409237
5	19	1.4583041863482362
5	20	-3.5830398648485238
5	21	-0.3707441372132656
5	22	0.9835625705732494
5	23	1.2332780721940533
5	24	-4.324098133990884
5	25	1.878722124822966
5	26	-1.3778398824482887
5	27	-0.9056452900259594
5	28	3.934651816641164
5	29	-2.3810262364708246
5	30	-3.6084168575293103
5	31	2.9794367210109756
5	32	-1.0878699631812536
5	33	-1.394092214395695
5	34	62.27099421411997
5	35	-1.1756177999698076
5	36	10.416813580030572
5	37	-1.4674584257780394
5	38	0.612993094791951
5	39	-0.12144679477514689
5	40	-3.608075355509572
5	41	1.1663240235564338
5	42	-0.7041024028992436
5	43	-1.9959000052270612
5	44	-1.7549845477792747
5	45	-1.3687777154506764
5	46	-2.166658095078278
5	47	-2.3260504092709047
5	48	-3.5551360955666587
5	49	-1.8231074161776357
5	50	-1.5493372741302223
5	51	-1.1225690360531944
5	52	-3.075858052002255
5	53	0.42535231958892755
5	54	2.219984175512065
5	55	-1.2732227291475202
5	56	-2.5388154781312027
5	57	-1.8691979539683286
5	58	-1.6808063411920773
5	59	0.08681910346383012
5	60	0.5640713942357286
5	61	-4.846562047074176
5	62	-0.9764715815544852
5	63	-1.083380734524865
5	64	-3.170600222726945
5	65	-3.1755315780677025
5	66	-2.275881949362562
5	67	-2.0730043765158883
5	68	0.6916100539771703
5	69	-1.5443281197189966
6	6	NaN
6	7	3.716521682017866
6	8	0.22724768109124785
6	9	3.584162861226279
6	10	0.4033305664564602
6	11	-0.1600430457219084
6	12	0.8161881265495642
6	13	0.1731286506306256
6	14	-1.3878121224673041
6	15	-1.882286820615818
6	16	0.26859772954408134
6	17	2.75972237242902
6	18	-3.673722513393473
6	19	-0.03338530090327659
6	20	3.577875543166473
6	21	-2.736231377791509
6	22	-5.2157111130569085
6	23	-1.2552411641168615
6	24	1.5637043556969152
6	25	-1.4259557993800622
6	26	-3.2663663452071927
6	27	-2.203543583009888
6	28	1.4193212631940317
6	29	-2.128800335692816
6	30	0.15276333976910197
6	31	0.5790907440129031
6	32	-2.0143464706086975
6	33	1.3349986497521367
6	34	-3.062436574886358
6	35	2.8373820064529225
6	36	0.4078642285316996
6	37	-1.3697879285323284
6	38	-0.3867085437421394
6	39	0.08462089268482623
6	40	2.2131725290806656
6	41	-2.142017191656257
6	42	-1.9178795463286422
6	43	0.2889829483338105
6	44	1.2785265099575427
6	45	-1.5135811544441327
6	46	-5.030280991801055
6	47	-0.45855582017249746
6	48	-0.16743225382482738
6	49	3.3315687100964166
6	50	-1.0259359672267965
6	51	-2.650322832628335
6	52	1.9366764823577012
6	53	-0.349001998536458
6	54	1.8835595128155664
6	55	0.44970577738906903
6	56	1.7740357769185404
6	57	0.17347936781234338
6	58	-0.27945816132181145
6	59	0.6931155106785272
6	60	-2.203421762597655
6	61	-0.8990112540289057
6	62	-0.18205781275017677
6	63	0.6549404967070279
6	64	1.5872673602535925
6	65	0.32873868508508863
6	66	0.222791825629049
6	67	0.6092560822932608
6	68	-2.227938740865239
6	69	2.816301205397458
7	7	NaN
7	8	2.522158312697975
7	9	2.6212215450127525
7	10	0.9421900678729542
7	11	-1.351071241288605
7	12	-1.0942725944327274
7	13	-1.0998739410196805
7	14	0.5562572984001664
7	15	-2.228389288090292
7	16	-1.5432206714994052
7	17	1.3077467570331485
7	18	1.0172233302736695
7	19	-3.2474390306485814
7	20	2.469028348090835
7	21	-2.0677998488953007
7	22	-1.395840040794205
7	23	-0.007633502605799943
7	24	1.7698640268519934
7	25	-1.684245266192029
7	26	-1.6757146683513955
7	27	-0.05982105343345062
7	28	-0.7392710038071545
7	29	-1.2282534313064957
7	30	-1.614730147960778
7	31	-0.05047706945335464
7	32	-2.192804875278481
7	33	-0.1952213027767203
7	34	-1.5201689663384133
7	35	-0.8098569962763862
7	36	4.089422636819934
7	37	-2.193423246170405
7	38	-1.4309428916505562
7	39	-0.256460561875348
7	40	4.702454744718253
7	41	0.6442172973369662
7	42	-2.3066787878886714
7	43	-2.1823495359963236
7	44	0.6410772814982294
7	45	-0.7002396480297272
7	46	-1.8961808480471838
7	47	0.6638399408983889
7	48	1.8123546848049468
7	49	1.2605110351359026
7	50	-2.5460813131053097
7	51	-1.4203406873295021
7	52	1.481181540495847
7	53	2.709850029617588
7	54	-1.0707011124777774
7	55	1.4437894753896359
7	56	3.6340232153844485
7	57	3.603129223604936
7	58	4.054460815866277
7	59	1.5360748940711413
7	60	-3.3706500411903613
7	61	-2.8048950071250767
7	62	-3.646678576510525
7	63	1.4489525683001774
7	64	1.779846261653211
7	65	-1.4239748710924607
7	66	0.32471541270843574
7	67	-1.5071740086406253
7	68	-1.3115762345931115
7	69	-0.6651755699130996
8	8	NaN
8	9	1.6039179902261562
8	10	1.196138312558065
8	11	-2.2369537912625
8	12	-1.7501676897307559
8	13	-3.248880677567649
8	14	-3.2794248128103716
8	15	-1.3192304253663993
8	16	-1.5590800443739656
8	17	1.6915972647081272
8	18	1.1570177693741577
8	19	-2.364232284496387
8	20	1.780697935342812
8	21	2.845951465968607
8	22	-2.9987301445094543
8	23	-1.0842120558329398
8	24	3.3689431832416603
8	25	-0.5080875780133
8	26	1.7988483582413501
8	27	1.7889358019376924
8	28	-1.6551479615062346
8	29	-2.9859735638619735
8	30	-1.0153711381109978
8	31	-1.9476638317815809
8	32	-2.492033599944352
8	33	0.4137010433810707
8	34	-1.040614762182828
8	35	2.0750382232360414
8	36	-1.6158263934488357
8	37	17.977510955654044
8	38	-0.7485890732353083
8	39	3.6716401605700746
8	40	0.11851382724420884
8	41	-2.5341149724313237
8	42	-2.416871677733279
8	43	-1.9837679673208202
8	44	-0.17109711395827798
8	45	-2.8393001365749715
8	46	-2.1381506590067083
8	47	-1.3532160430102278
8	48	1.6608102898699262
8	49	1.4382305435083722
8	50	-1.5459624177368583
8	51	-0.73730063373788
8	52	-0.112608449124158
8	53	-1.0811362104533075
8	54	-0.11300069677910314
8	55	-0.5881662580715358
8	56	2.938835201207053
8	57	2.394340472741828
8	58	-0.20974159154031283
8	59	3.268767629203334
8	60	-1.2332360028654175
8	61	-2.8897233712385795
8	62	-4.059598770742231
8	63	2.465969882920216
8	64	2.9494278415892903
8	65	-1.3812868646572756
8	66	0.01882755875790755
8	67	-0.37289435435707474
8	68	-1.860031424264742
8	69	2.5284900873278775
9	9	NaN
9	10	4.641199713773207
9	11	-0.4417938864784482
9	12	-0.8427058350940101
9	13	-0.8637576023823766
9	14	0.0225288755997109
9	15	-1.0822186244606333
9	16	0.45586711558898046
9	17	2.7452219775462354
9	18	-1.7122672895057869
9	19	-2.6464927971278347
9	20	1.4895991800011115
9	21	-4.355975253969415
9	22	-2.3408111042698203
9	23	-0.19756763429040952
9	24	1.3716070330340624
9	25	-2.779404981826658
9	26	-0.9213091562394179
9	27	-3.078633955289638
9	28	-2.748449011496723
9	29	-2.315229146323026
9	30	2.0917051190437124
9	31	0.5090378078968996
9	32	-0.8454218156468639
9	33	1.4148971753781392
9	34	-1.896313325501922
9	35	1.035042077691117
9	36	1.1437326781493138
9	37	-0.03558078629034002
9	38	-0.4334833540534727
9	39	0.4489667330303016
9	40	2.07610814443505
9	41	-1.1368387866100282
9	42	-1.6817438867014487
9	43	-2.9308907424735144
9	44	0.293131944057475
9	45	-1.1785738993844885
9	46	-2.2750069934282857
9	47	1.5109941426689124
9	48	-0.33039570732821144
9	49	2.730055436634915
9	50	-1.3596906503792678
9	51	0.7182026094631303
9	52	0.5933089321887947
9	53	1.0219175677883707
9	54	-0.05303349486486372
9	55	5.171889512165558
9	56	0.28801324400641615
9	57	3.558813324568433
9	58	0.17919370929870798
9	59	0.8436402699108738
9	60	-1.5982932475802474
9	61	-2.9975642901111974
9	62	-1.0554305164030535
9	63	-0.5153650329560082
9	64	1.2770241203524095
9	65	-0.7440411551070144
9	66	0.5570803522442251
9	67	-3.0251605019017855
9	68	0.5135971043730868
9	69	-1.0717267427927204
10	10	NaN
10	11	-2.8604394740087007
10	12	0.48006667356502686
10	13	-0.2883117752498437
10	14	-0.8689996605934309
10	15	-2.614989271491911
10	16	-1.1787410520437345
10	17	4.7552578657500275
10	18	4.362795320941598
10	19	-2.045896353728701
10	20	2.7108807769718046
10	21	4.386693311873636
10	22	0.3755922557854567
10	23	0.37117120189068165
10	24	0.23664289878230735
10	25	-1.6856842449611111
10	26	-2.9352342384859225
10	27	-2.792007349147984
10	28	-1.5873779988633607
10	29	-6.133853679895989
10	30	-1.4018983765519548
10	31	0.6876935252174684
10	32	0.16372406926286237
10	33	-2.9440557514809402
10	34	-0.9150711950704887
10	35	1.715752584697417
10	36	0.48509870568341956
10	37	1.5359275106357386
10	38	-2.235648946405947
10	39	-1.0969195582955715
10	40	2.647530084593212
10	41	0.724565918040364
10	42	-1.3185849629822295
10	43	-0.47958110450987346
10	44	-0.5494386918923604
10	45	-1.2050335258321343
10	46	-2.833803216911592
10	47	2.4771077821287335
10	48	1.5399813654993528
10	49	1.8651446770193074
10	50	-2.800212724578811
10	51	-2.9871855947578996
10	52	0.4767302543251763
10	53	2.5309611565956933
10	54	1.296073833458998
10	55	1.9753749214381426
10	56	1.679309478088135
10	57	4.419964049297237
10	58	-2.275691761767676
10	59	3.978498013584315
10	60	0.6587168296965626
10	61	-1.4351135667253838
10	62	-2.772147633566299
10	63	-0.87009093453247
10	64	1.5741702838808003
10	65	-0.6279478576345329
10	66	-0.6549373077919696
10	67	-2.6173707007625917
10	68	-0.8689301663472502
10	69	0.22590138791484723
11	11	NaN
11	12	2.936238631197332
11	13	2.4896143773239814
11	14	0.009523030585578868
11	15	2.129379963821485
11	16	0.5556587652245821
11	17	-0.7122378067546901
11	18	-0.7493398922419716
11	19	-1.3804728116733993
11	20	-2.4416404815268997
11	21	-0.5738944747099155
11	22	-3.3089823581145636
11	23	-0.9322318124777033
11	24	1.905897649167728
11	25	-1.57050629995737
11	26	-2.3868195223113817
11	27	1.90458132463218
11	28	2.336801133824039
11	29	3.394597194039814
11	30	1.5571429465322937
11	31	0.16854668119659325
11	32	2.494196066396803
11	33	-0.8910800645218339
11	34	-0.6536218718411156
11	35	-2.1851098518983894
11	36	-3.3800806768514735
11	37	0.6264874219712671
11	38	-1.3500599904659014
11	39	-2.7917259255763
11	40	0.751305398774931
11	41	7.137193639475892
11	42	-2.042674705094849
11	43	2.303572148974568
11	44	-2.207050016613506
11	45	1.1645070076930193
11	46	-0.4095964088663744
11	47	-0.32813523493984625
11	48	-0.6196672827440872
11	49	-0.9382512503542633
11	50	-2.291758125045431
11	51	-0.3628720879001939
11	52	1.1189574623649383
11	53	2.4956477735683196
11	54	-0.26283998348025445
11	55	-1.745235511949639
11	56	-0.7963929573788161
11	57	-2.732186763505866
11	58	-1.2047163073971443
11	59	3.095055777910429
11	60	0.05133099762737629
11	61	3.881204972513037
11	62	0.6593685307012473
11	63	-0.3974729752932697
11	64	-1.357181530482161
11	65	2.2839721260776096
11	66	-2.0988201255219963
11	67	-0.005814805973193352
11	68	1.7168994490945204
11	69	1.7944035842705452
12	12	NaN
12	13	2.3381308006282135
12	14	-0.1835206618781362
12	15	-1.1213472592142226
12	16	-0.15351443017198205
12	17	-3.9610866560165867
12	18	-0.6894512071167626
12	19	2.3142694970238376
12	20	-1.1610460425447977
12	21	-1.1992404075610128
12	22	-0.5371136698944196
12	23	2.5477723813114284
12	24	-0.6564949464856445
12	25	-0.5191763478711887
12	26	-0.18703267767351783
12	27	1.9378438514197092
12	28	1.8803631825289486
12	29	-0.048643583630204684
12	30	-1.3346041327332057
12	31	1.7665216842735076
12	32	0.7476242413871717
12	33	2.0954902968997926
12	34	-0.744368112202239
12	35	-1.2324801522518656
12	36	-1.9429993330878348
12	37	1.632574359989657
12	38	-1.920782714544418
12	39	7.255077758915713
12	40	-0.7624598530881685
12	41	-0.6618422744231856
12	42	2.6225661308217134
12	43	-0.4937827476098214
12	44	0.7785231483652961
12	45	-1.0065317396865723
12	46	-1.0448637209953937
12	47	-0.4484736628987232
12	48	2.0679656537564766
12	49	-1.7706353012474014
12	50	-1.0703441781936247
12	51	3.047171001920896
12	52	-3.7714741573979502
12	53	1.1913159407229637
12	54	1.3852963559756424
12	55	-4.409114310642507
12	56	-2.4635728514862043
12	57	-0.780754678716107
12	58	0.32896029185447195
12	59	-1.0100657463155285
12	60	-0.11993069859215394
12	61	2.1268710014032277
12	62	-1.3459206154456538
12	63	1.1045845628289028
12	64	-0.4346708294954421
12	65	0.5808421891495683
12	66	-0.664528177918924
12	67	-1.7742186571757883
12	68	2.0812567110829194
12	69	3.739920203846414
13	13	NaN
13	14	-1.3513214488772707
13	15	0.2756956616111415
13	16	-2.0557678715086807
13	17	0.21692938331913017
13	18	3.0293567617217967
13	19	-1.2755207798205024
13	20	-0.4852495729934563
13	21	0.160843613357155
13	22	1.2726979906387221
13	23	-0.7162189550597298
13	24	-0.6023332111501336
13	25	-2.969159191619872
13	26	1.0680378010943372
13	27	0.5254561285813734
13	28	-0.5583288474825033
13	29	-0.3420564339225288
13	30	-2.5416419726611226
13	31	3.236463252449071
13	32	-0.5008739069821408
13	33	-0.7918267405077981
13	34	-2.029722726662204
13	35	-1.092285823377644
13	36	-3.934908789530699
13	37	-0.9060766293778909
13	38	1.0641420427453832
13	39	-2.034030858078628
13	40	-0.9505523880437944
13	41	4.753992669968659
13	42	1.1400448988499012
13	43	-0.5306020306899841
13	44	1.4945099093686902
13	45	-2.482820143590191
13	46	2.102136404617045
13	47	2.1667634964904456
13	48	-0.12128013665681482
13	49	-1.7376634252090186
13	50	0.9201859202402598
13	51	1.1439787033447109
13	52	1.3574399035514746
13	53	-0.04151235439699571
13	54	1.6462447491958216
13	55	0.18194851708508744
13	56	-1.5124379767015512
13	57	-2.4219703010283533
13	58	3.9719047937504928
13	59	0.3511974035930331
13	60	1.3900079139929926
13	61	3.4459080748669355
13	62	3.985170447662901
13	63	1.6622359967167584
13	64	-0.5645563170709621
13	65	0.5694938944312516
13	66	-0.973390475452926
13	67	-1.4480849803122462
13	68	1.4773445207134837
13	69	-1.4684560327704903
14	14	NaN
14	15	2.65585765457804
14	16	-1.9271120727872815
14	17	0.9879761602973524
14	18	-3.563346331512027
14	19	-1.566309222344162
14	20	2.5749556308367163
14	21	1.2328868219933222
14	22	-0.9417821258669806
14	23	-0.25192342761502573
14	24	-0.25951825614175744
14	25	-0.7850967386435296
14	26	-1.9968302112790184
14	27	-0.3772820420303188
14	28	1.117736486868739
14	29	-2.116355125491392
14	30	-0.030310376270259416
14	31	-2.316648352510251
14	32	0.95996385976013
14	33	-2.2223109589417676
14	34	0.17082643988452553
14	35	0.014182657822374666
14	36	0.6771172637130188
14	37	-2.0454075370771703
14	38	-0.38416491453761675
14	39	2.5709873913177996
14	40	-0.7211531632194159
14	41	-0.6549907232860308
14	42	0.5719133645749649
14	43	-3.667150906768096
14	44	0.49957866525278255
14	45	-1.0608049331938219
14	46	-2.6181352851472424
14	47	-2.3290194594603015
14	48	-2.814379909824825
14	49	0.7307073249163262
14	50	2.2975905965356445
14	51	-0.021864158736486068
14	52	-0.03370383424689438
14	53	11.30073866838982
14	54	-2.965208054806147
14	55	4.073711542287529
14	56	3.4428630217295466
14	57	-1.1098293930773349
14	58	1.0981053483368561
14	59	-0.6967994362025698
14	60	3.89589432685633
14	61	1.5653149464886214
14	62	-1.5080638490042482
14	63	-0.10969726052300821
14	64	0.8342417153535939
14	65	0.6870075820918927
14	66	1.8145836498010346
14	67	1.4402176011827237
14	68	0.9608357858563399
14	69	-1.1520220306976097
15	15	NaN
15	16	0.7720463806436563
15	17	-1.4447383593966452
15	18	-1.6768066135879014
15	19	-0.020619219944131066
15	20	0.734953928696381
15	21	1.4615545665174927
15	22	3.0784289275998535
15	23	-0.20438311246157256
15	24	-1.340340668481037
15	25	-1.7595907928745618
15	26	2.903663884939379
15	27	-1.4578720828815979
15	28	0.5005032109750187
15	29	3.701201880114854
15	30	-2.0310086251234374
15	31	-2.70971106123204
15	32	-2.8688693520403814
15	33	-0.3698634299983354
15	34	1.7609249793464208
15	35	0.007066614500628097
15	36	3.0768643975505396
15	37	0.10783638395064213
15	38	2.0929484364061524
15	39	1.1094047613555165
15	40	-1.5373242788165256
15	41	3.1910462490069302
15	42	5.1041469331249205
15	43	-0.04154294368252796
15	44	0.4865759953527742
15	45	0.5933855167001677
15	46	-3.051531513840414
15	47	0.7172309260115897
15	48	0.9534965227601945
15	49	0.48135372764518813
15	50	0.34195748032744444
15	51	-1.4394876719162226
15	52	-0.5949610397038333
15	53	-0.6076404117861244
15	54	-0.7365069978255538
15	55	0.5738006201636575
15	56	-1.2027925251594271
15	57	0.050064930524252094
15	58	4.413857767403342
15	59	2.2833305274885234
15	60	-1.2275262538026988
15	61	0.7487088524137532
15	62	1.530154611750894
15	63	1.509712960754127
15	64	-1.017431165419373
15	65	-2.1463058156372314
15	66	2.600774502866792
15	67	-1.5463928716444366
15	68	2.127364142882505
15	69	-3.160370622502098
16	16	NaN
16	17	-3.2112446870147306
16	18	0.039753875987934506
16	19	4.536222667968796
16	20	-2.3415027100320844
16	21	0.55463549809481
16	22	0.131483499516367
16	23	4.48221201216845
16	24	-0.6141224540835853
16	25	-3.2207409112858256
16	26	2.387559495244856
16	27	-2.6655121944864164
16	28	-0.24792491300672598
16	29	-0.576138420792801
16	30	4.213086380463102
16	31	1.5390705249086938
16	32	0.8886582648306545
16	33	4.154275706313559
16	34	-2.7829845184072193
16	35	-1.2996190063371769
16	36	-0.8005463698281178
16	37	2.7752203346075905
16	38	-0.8375924210429281
16	39	0.6427685640078349
16	40	-3.4940456310940733
16	41	0.3239619358207016
16	42	1.0191406094430489
16	43	1.3830932039896582
16	44	-2.3256534505043462
16	45	6.826866808384889
16	46	3.7412841877307335
16	47	0.16185733940516567
16	48	0.3023328286660223
16	49	0.44378437866373344
16	50	0.6682108410845399
16	51	-0.7085185101999156
16	52	-3.2162380293055794
16	53	-0.7039893933911685
16	54	-1.001918031991476
16	55	-4.750075691964043
16	56	-1.4142650692911891
16	57	-0.6686181524823867
16	58	-0.8015885682682173
16	59	-2.5392168326806517
16	60	3.0784833086751977
16	61	3.6571691387564256
16	62	2.2744189896135945
16	63	-2.3896813403568675
16	64	1.021693104967341
16	65	-2.7769926343193423
16	66	0.4135175880105411
16	67	2.3192413156859155
16	68	-2.2538154778191415
16	69	8.327967939977185
17	17	NaN
17	18	-0.6579762805487624
17	19	-1.5991657867376066
17	20	0.6591111398409445
17	21	-3.686424115154458
17	22	1.7906507418970778
17	23	-1.8213202052848385
17	24	3.479033233646325
17	25	0.21722329885329206
17	26	-1.498451814884619
17	27	-2.502460120826323
17	28	1.3492116422044436
17	29	-0.39157438993607724
17	30	-3.0246309430882077
17	31	-3.0587213164375644
17	32	-0.560384178422145
17	33	0.5445523129439077
17	34	-0.7658853881306886
17	35	1.2067710827696105
17	36	-0.5553033835344513
17	37	-0.12186683676479046
17	38	0.5569734277500604
17	39	-1.2835778386245889
17	40	2.7317352602579623
17	41	-0.19518465928259146
17	42	-3.906509733670693
17	43	0.5419798546444196
17	44	0.43059782502913424
17	45	0.3081315188859615
17	46	1.2604141052582643
17	47	-1.721212734140049
17	48	-3.255779428047683
17	49	2.881111664879365
17	50	2.0172130506326127
17	51	-0.5705141162784662
17	52	2.9974819318778176
17	53	3.6793792477076157
17	54	-0.12761295824465513
17	55	1.3161264008780142
17	56	0.14389719163179765
17	57	2.057699863467411
17	58	-0.9358283455699696
17	59	1.4507514317982344
17	60	-2.8254122465068296
17	61	0.606710465811454
17	62	-2.6420520809216352
17	63	1.6234906142381593
17	64	-0.03631423512063906
17	65	-0.9317064373949683
17	66	-0.2579772708605252
17	67	-0.026439719619648774
17	68	-1.0955204657018283
17	69	-1.9615850750542483
18	18	NaN
18	19	0.9850415733506259
18	20	1.4794366596042507
18	21	0.37287433864716235
18	22	0.5248407782013839
18	23	0.725485097763556
18	24	-1.085005770245613
18	25	-2.68984240815829
18	26	2.6086113157536155
18	27	-2.6765346927000015
18	28	2.5542614172962903
18	29	-0.15217360126587604
18	30	-1.404310443083386
18	31	-0.9325148338806122
18	32	1.4890055327632261
18	33	1.4700639419685124
18	34	-2.095629864153215
18	35	-3.1573428942210717
18	36	-0.8883621601384034
18	37	-2.504481941136336
18	38	-0.87500072728329
18	39	2.925526476296519
18	40	-1.6544247960471758
18	41	1.6267439085994413
18	42	0.19063040601089995
18	43	0.17421276735937546
18	44	-2.456353411735735
18	45	1.0859687436208776
18	46	-0.6108916806284617
18	47	1.8627942825423067
18	48	0.2459821865010973
18	49	-2.7697452110206835
18	50	1.3330339206426776
18	51	1.563584121019576
18	52	-1.447122385650871
18	53	-2.2786898479120232
18	54	-0.5684573651647077
18	55	0.7452566089065887
18	56	-1.6853636745807268
18	57	2.3973821973099274
18	58	-1.9605759931405822
18	59	1.8560591979761403
18	60	1.6348039761081923
18	61	3.0136123383017797
18	62	1.8052995202578987
18	63	0.30638603840618084
18	64	1.0492346316800747
18	65	-0.6421343599244427
18	66	0.5691075672144412
18	67	1.7765320001858633
18	68	1.8826725047907218
18	69	-1.8916702565745365
19	19	NaN
19	20	-0.6374516500579726
19	21	0.07260291232246274
19	22	2.3440885308480226
19	23	-1.8342053279471346
19	24	-1.2344283418096151
19	25	0.8215302652011327
19	26	0.39745792517711537
19	27	-1.5080904960248382
19	28	-1.3551067220164026
19	29	-0.9643047186851801
19	30	-1.548849262217149
19	31	-2.394854448880693
19	32	-0.45883010441060845
19	33	-2.985509365763546
19	34	-0.35828066228462335
19	35	1.6552007159659194
19	36	-0.8048690206404224
19	37	0.7249917436775936
19	38	1.0784258001974172
19	39	0.1882573083124011
19	40	-1.2137031697117455
19	41	0.5159855682938385
19	42	-1.0142590952548536
19	43	1.0780450013079301
19	44	-0.8536790626097186
19	45	1.0228708089798662
19	46	-2.0029762847397015
19	47	1.3334023671742752
19	48	1.4083874222326
19	49	-3.6897313703749695
19	50	-1.5878792113400173
19	51	-3.0317771839860943
19	52	1.2479521854385527
19	53	0.7630153622562512
19	54	1.998806314541837
19	55	0.554017618513983
19	56	-0.9483936576101009
19	57	2.415326080649207
19	58	0.32162122687299055
19	59	-2.5712059302888397
19	60	-1.8710742213057352
19	61	1.0263587575706792
19	62	-1.2383296942993613
19	63	-0.1630850838427167
19	64	-1.8262288585409503
19	65	-0.6631198442491945
19	66	-1.0175703549019444
19	67	-0.2157361387233068
19	68	-0.5732042718406833
19	69	32.20397401288356
20	20	NaN
20	21	0.9173112696216407
20	22	-1.2345641009869792
20	23	-1.9018536338887335
20	24	6.33512417976917
20	25	-1.785507881623711
20	26	-0.532624829209908
20	27	-2.2661366209193528
20	28	-1.2733915653136751
20	29	-0.5186003644827634
20	30	-1.8081947065160557
20	31	-2.3993726471318
20	32	0.8595756548698352
20	33	0.441570980968981
20	34	0.18308927601055627
20	35	1.0930728495557964
20	36	1.1789851766378157
20	37	-1.8305419703821348
20	38	0.11609065300487362
20	39	-3.4223897546663626
20	40	3.119358004519193
20	41	-0.8823779643319025
20	42	0.8943940649084955
20	43	-2.1166991734223215
20	44	-0.008615747723237824
20	45	-0.6766327514744142
20	46	0.32099993608292937
20	47	-0.21821672079548066
20	48	-3.0066939438101996
20	49	1.3538967319099124
20	50	-2.102538915762858
20	51	-0.8886049764034647
20	52	2.3408529562959415
20	53	-0.005065914527420105
20	54	0.6339567473825363
20	55	1.3190534233171067
20	56	0.08417937011175008
20	57	2.6407871833632774
20	58	0.6784552583647853
20	59	1.8065761029996146
20	60	-2.4270336169979694
20	61	-2.942173206200036
20	62	-1.4396768031021783
20	63	1.3960010707868453
20	64	2.9592155867797953
20	65	1.2635545982533976
20	66	-0.5990311003723665
20	67	-3.8706333914066557
20	68	-3.2162010606533658
20	69	2.5697433736991013
21	21	NaN
21	22	0.5877682419814828
21	23	-0.7557787520815117
21	24	2.1447990252254736
21	25	0.23345461980437263
21	26	-1.3607157299501322
21	27	0.9469388625036267
21	28	1.1058014856031675
21	29	0.04294142644316891
21	30	-1.00580189540976
21	31	1.588276159741719
21	32	-3.064196649560755
21	33	-0.724223231044036
21	34	4.221423193174629
21	35	-1.259721079573123
21	36	-0.04095924800104466
21	37	4.916572361378875
21	38	1.3444887910261096
21	39	1.102846195211783
21	40	-1.8619551720571088
21	41	-0.009740017332563423
21	42	4.37315571841974
21	43	2.4846178904596585
21	44	1.5495389895578884
21	45	-0.1464590914854658
21	46	2.42692899081015
21	47	-1.8736743489498533
21	48	0.2945288430919299
21	49	-1.2778714835909122
21	50	2.1683469167509726
21	51	1.8576074377284881
21	52	-1.502278792584137
21	53	-3.755862011319841
21	54	-0.07611645410473396
21	55	-0.4342915543920346
21	56	0.08596254810597628
21	57	-4.144518771059986
21	58	-0.846300870515901
21	59	0.22647461679864564
21	60	1.9733977840392665
21	61	-0.7114055161778007
21	62	1.218078594066275
21	63	0.6818747944394036
21	64	-1.528423921244974
21	65	-1.708887693529628
21	66	-0.22630330156855
21	67	-0.006633182313337429
21	68	0.4706307394972471
21	69	0.07965753261060417
22	22	NaN
22	23	4.713414433916533
22	24	-3.0633359671902882
22	25	0.9028384992448875
22	26	-0.9036212676232313
22	27	-0.11651159606360943
22	28	-1.074344825290238
22	29	-0.9859384931863909
22	30	-1.0945009993255013
22	31	-3.535467702422713
22	32	0.3353745193225203
22	33	-0.7029664450951417
22	34	-3.806349473196107
22	35	-0.8652428210675359
22	36	1.5846242145594691
22	37	3.8048024405004197
22	38	-1.5651357758603066
22	39	0.09558407113142738
22	40	-3.2724861908681144
22	41	1.781570122112299
22	42	3.1081509780509866
22	43	0.9465373592626085
22	44	0.08437873653809787
22	45	3.1030090036865587
22	46	-0.9434016931502363
22	47	4.81779846586932
22	48	1.1091374593790795
22	49	-2.792795066372645
22	50	0.5355629043082193
22	51	0.7519510053829664
22	52	1.3681425516584882
22	53	1.3972339148715875
22	54	-0.8198575612687328
22	55	-2.834678007371071
22	56	-1.6443101955717347
22	57	-0.809646425981958
22	58	3.563591556520667
22	59	0.7743799594673002
22	60	-1.3921736755618124
22	61	-3.805803918173018
22	62	1.263963431280863
22	63	-0.6683182801230123
22	64	0.8869918460437471
22	65	1.2775692415586994
22	66	4.35680563344219
22	67	0.6822489027628029
22	68	3.2470487991087262
22	69	-1.5901939989850509
23	23	NaN
23	24	-1.1088776053088538
23	25	-0.6674864385620202
23	26	1.247243929502492
23	27	5.802252148925717
23	28	3.42863508104501
23	29	0.5185447128883113
23	30	1.4699047126303928
23	31	-5.023805201009125
23	32	3.4791264202731425
23	33	0.3723872129619177
23	34	-0.5763690905834798
23	35	1.093491007572667
23	36	-1.966810643247963
23	37	-1.1591163818778163
23	38	-2.1810372948368943
23	39	-2.1444891742978394
23	40	-0.24963140381217538
23	41	0.4150130598221633
23	42	6.390465334914409
23	43	-0.8220027904550616
23	44	-1.7359223083965707
23	45	1.9728607263580156
23	46	3.052607144851699
23	47	3.672255998149979
23	48	-0.18622896850408846
23	49	-1.055568602151949
23	50	-1.4396161358318496
23	51	-0.3711377233458056
23	52	-2.3215719248898705
23	53	-1.6333981432841236
23	54	-0.7886801020763011
23	55	-1.6297281634152996
23	56	-0.6036516670093891
23	57	0.1290037246056599
23	58	-2.1676363541545025
23	59	-0.8839276853507184
23	60	0.7411476797803151
23	61	-0.9207116711577015
23	62	4.59562252502266
23	63	-3.0341056176240544
23	64	-1.5399636186541712
23	65	0.8959736920345741
23	66	0.9861387535952021
23	67	0.2518665938368378
23	68	0.36362533433310734
23	69	-2.5764690708700946
24	24	NaN
24	25	0.1356636875925866
24	26	-2.7317081555370053
24	27	-1.959418338871447
24	28	-2.5467108099015308
24	29	-3.6744968248372634
24	30	-3.145831314283942
24	31	1.1205646950957056
24	32	-1.648942658719135
24	33	-0.35073989568492225
24	34	-0.7572034850492311
24	35	1.136011015021481
24	36	-0.12762415137101515
24	37	1.6216690965076497
24	38	0.04216952020094217
24	39	-1.8167850696004626
24	40	2.9430202570008728
24	41	0.12281625259150358
24	42	-0.9582345377273126
24	43	-0.08505943286757972
24	44	0.20297498071557288
24	45	-1.9344062575929666
24	46	-2.6626413257457986
24	47	-2.495950514638765
24	48	0.24672793071165197
24	49	0.6552085821733973
24	50	-1.3082560203630609
24	51	-0.500706944118176
24	52	2.644701695523581
24	53	1.1490754636652378
24	54	-0.16972369041608562
24	55	2.994010783656853
24	56	1.5141201164065727
24	57	2.4290608748782896
24	58	-1.8752710767993066
24	59	1.4408464584690186
24	60	-2.7949056336479745
24	61	-3.3771980180733165
24	62	-0.8302312629853631
24	63	0.048958421318962136
24	64	1.5620622034505185
24	65	1.5240262632941217
24	66	3.0992015134877646
24	67	-1.334192212139966
24	68	-2.653329435931914
24	69	1.143607084161751
25	25	NaN
25	26	4.773472911797473
25	27	0.504431052364464
25	28	2.977114736472949
25	29	4.629735900959063
25	30	0.5837833751651468
25	31	1.0775474507758092
25	32	2.178507248818462
25	33	1.974131291294651
25	34	-4.264738086000091
25	35	-0.182793452990529
25	36	0.2569177403130398
25	37	-0.626429753582239
25	38	1.307248446112774
25	39	0.440538489884426
25	40	-1.4475660859166835
25	41	1.435107666258608
25	42	5.90703744300302
25	43	2.893173328847992
25	44	1.8182838972639164
25	45	1.317998072806186
25	46	5.559674833336711
25	47	-2.1256931700798187
25	48	-0.8443735676633443
25	49	1.0579085548457554
25	50	2.806140918710453
25	51	2.2868707607644754
25	52	-4.029881616769868
25	53	0.474439862460157
25	54	0.36608991558448534
25	55	-1.7953953642667946
25	56	-5.6001319132060186
25	57	-0.2773775971222397
25	58	-0.8012326497253981
25	59	0.6335076011975507
25	60	3.468187080931417
25	61	2.362761102473583
25	62	0.42484987532633245
25	63	-1.5985649374883828
25	64	-1.914355439369725
25	65	1.839039112375218
25	66	-0.5198736902484158
25	67	0.6523531900232733
25	68	-2.7829007479922128
25	69	-0.43373242885735735
26	26	NaN
26	27	2.6193993080282545
26	28	-2.3901191364341288
26	29	-1.7977690532112667
26	30	46.78055814615777
26	31	0.1057738011629703
26	32	-2.2016087953729397
26	33	-3.913892496528776
26	34	-3.513256156040593
26	35	-0.9686287796410042
26	36	-2.6010995173241316
26	37	0.256832351550565
26	38	-2.4541797820656632
26	39	1.6270872380717754
26	40	-1.7744883569784053
26	41	0.9776801063215547
26	42	0.9333051296888423
26	43	0.6198747336848961
26	44	0.23956486412692768
26	45	-1.097909411630977
26	46	3.6235962855677313
26	47	1.667395281577218
26	48	-0.5113552918744992
26	49	-1.6293655413364272
26	50	0.012214133789172075
26	51	3.3843461746750707
26	52	0.25833626606586024
26	53	-1.5465136116123046
26	54	-0.3034106844313051
26	55	-2.479506747850098
26	56	-2.214588402374977
26	57	-3.3675378823258098
26	58	-3.486998755914519
26	59	-0.8761015177728942
26	60	0.7980145621975727
26	61	1.64703403070901
26	62	-1.718240621560993
26	63	-2.4060274493578406
26	64	-2.970263782654699
26	65	1.8644066173686198
26	66	-1.4548407663414953
26	67	0.43642241371008283
26	68	-1.4129903277480538
26	69	-1.5577332810835427
27	27	NaN
27	28	1.2027182901694828
27	29	-2.1678111215326537
27	30	0.9338617205535222
27	31	41.889311574207355
27	32	2.8089569030489505
27	33	-0.8572287046538788
27	34	-2.497472118101603
27	35	-0.0071563980340042755
27	36	-2.7341259325204557
27	37	-1.5230994802718119
27	38	0.17500615242591194
27	39	-0.3867238773278779
27	40	0.4852417087035165
27	41	-0.3737855996661304
27	42	-1.2890167567219135
27	43	-0.3057845962522549
27	44	-1.8912550507524453
27	45	-1.2675538094004768
27	46	0.45028485000122587
27	47	-2.5279233823115277
27	48	0.17787206923130772
27	49	-1.4379492458578764
27	50	-0.29949495303148754
27	51	-0.7594252386814977
27	52	-0.8955765407186126
27	53	-3.9622725252778546
27	54	-2.2717521774911575
27	55	-0.5117804307210357
27	56	-2.162579580220301
27	57	-0.7576733664323665
27	58	-0.13473115597811455
27	59	-1.0785613514758057
27	60	1.0339325864738795
27	61	0.12376889666810376
27	62	-1.2264155234747234
27	63	0.4320850274677498
27	64	-1.9665850329522545
27	65	-0.7471181768309483
27	66	-4.135536780825774
27	67	2.4921063105297883
27	68	-2.880155661569241
27	69	-2.340667991505892
28	28	NaN
28	29	1.367925835196547
28	30	1.2966912694803836
28	31	-2.6390968590774735
28	32	-0.9485507771230622
28	33	-1.8834750662852133
28	34	0.8947947434096956
28	35	2.5507235305016196
28	36	0.04386062964979128
28	37	-0.2124041316016675
28	38	0.8169537170040727
28	39	-0.5259684110581965
28	40	-3.466365319362006
28	41	0.3345250789510719
28	42	3.927261170755119
28	43	0.9751260787222368
28	44	0.40359712128011604
28	45	1.4570945694502684
28	46	-0.08145461129963982
28	47	3.627843311267349
28	48	2.9452735257281986
28	49	-1.5178884911407013
28	50	-0.09177435094831272
28	51	-3.8973134148208026
28	52	0.16202572174782306
28	53	0.12345957062160767
28	54	-0.9333283551092505
28	55	1.0511625904097328
28	56	-3.7958764266544525
28	57	-2.0902328513314465
28	58	2.1659703905715046
28	59	-0.07980520041188459
28	60	0.8010314616919022
28	61	-3.410442073589268
28	62	5.097208150743803
28	63	-2.3196138392934684
28	64	0.616514209553941
28	65	-1.2667567786111713
28	66	-0.25846337345156933
28	67	-2.086142165167139
28	68	-3.4253581803850994
28	69	-2.685645623131769
29	29	NaN
29	30	0.41617867458841273
29	31	3.5521257066388388
29	32	3.10146888287735
29	33	-1.9801138343914422
29	34	-2.3496839260511417
29	35	1.5236891432884199
29	36	2.192861800666825
29	37	-0.97918828562793
29	38	1.9697490906771515
29	39	1.1666369219881727
29	40	-2.081480335932441
29	41	2.257002639990972
29	42	1.4394265545485234
29	43	0.5905710293063852
29	44	0.04740297357287873
29	45	-1.033698651839906
29	46	-0.09386688713650357
29	47	-0.6113317216532861
29	48	2.6079564113787246
29	49	-0.2951310507778143
29	50	1.1266644567520079
29	51	-2.4840039768430784
29	52	-2.1185130771515817
29	53	1.171029405793584
29	54	-0.45051809563055634
29	55	0.7091100694129957
29	56	1.6922404836977172
29	57	-1.468369038785422
29	58	1.620927621120354
29	59	-2.8119689107937273
29	60	1.7562683236173866
29	61	-0.7210339296443058
29	62	2.12865642692815
29	63	-0.2422655902251507
29	64	-1.3696013480865872
29	65	1.3089006656379658
29	66	0.7400453442874065
29	67	1.0221630023899368
29	68	1.7497285481062772
29	69	0.014431426602627279
30	30	NaN
30	31	4.2001329769872955
30	32	-0.016173234674753404
30	33	0.4683206010971297
30	34	-1.5828185186964259
30	35	-1.362840880525527
30	36	-2.5981066006438613
30	37	-2.6684942319805285
30	38	-0.47232219995381525
30	39	-1.2404117515826982
30	40	-2.382552967350327
30	41	-2.5965708916893195
30	42	-1.5774648712961683
30	43	1.8862324808833781
30	44	-0.51628165700704
30	45	1.2844329007624096
30	46	4.2225903670292615
30	47	0.9429601774376869
30	48	-1.0811520546605327
30	49	-5.0352189126077604
30	50	1.8415958840401165
30	51	0.6749673724553975
30	52	-2.511360748285917
30	53	-1.2673744682802817
30	54	0.3933194058796657
30	55	-0.8417714362358876
30	56	-2.328113968661493
30	57	-1.3121628473224831
30	58	2.925857535757249
30	59	-1.2781504252469171
30	60	-2.9278360643880657
30	61	0.6245773478434966
30	62	0.44323556404885545
30	63	-3.9478665152032253
30	64	-3.0434677602759215
30	65	-0.7454571794494781
30	66	-0.03656907095778438
30	67	0.5470517358330496
30	68	-0.24503943150966828
30	69	-2.6544362416572547
31	31	NaN
31	32	1.2815626866725518
31	33	-0.972110791438411
31	34	1.7523921168425347
31	35	-3.60286359990888
31	36	-2.861266123294959
31	37	-4.25208302939117
31	38	0.5576702650632754
31	39	0.43817625345322897
31	40	-2.604955946477421
31	41	-1.9398966446889108
31	42	0.6656836928615792
31	43	-0.38959862942452933
31	44	-4.357850277571672
31	45	2.806520397581088
31	46	-2.956541856896842
31	47	-1.5553649531706628
31	48	-2.860673854290506
31	49	2.101540993761384
31	50	-2.4424128091764845
31	51	3.0775006787445056
31	52	-3.2769351444786237
31	53	-3.074293594143578
31	54	0.6970271322537508
31	55	-1.4550154904639454
31	56	-0.45740729446223133
31	57	-2.736813113240531
31	58	-0.0647105157021021
31	59	-0.6747511173320117
31	60	1.4836053681833758
31	61	0.6898589873954764
31	62	0.09216665285540054
31	63	3.463960801911661
31	64	-2.139157614838622
31	65	-0.1246273465630619
31	66	-4.025380207082157
31	67	-1.4922027381180982
31	68	-3.841547924486683
31	69	-1.0870089392473614
32	32	NaN
32	33	4.168595055818133
32	34	1.2326570364224825
32	35	-0.9803548356107682
32	36	-2.4883172416863206
32	37	3.370668008227051
32	38	-0.24392447197961747
32	39	1.02410994020571
32	40	-0.5660008812626878
32	41	1.813610177228166
32	42	-2.1213706033911888
32	43	1.1062895859804158
32	44	1.513379860696429
32	45	-0.3689067125155235
32	46	0.08322712749961331
32	47	-2.9955230162791127
32	48	-1.7246456904028173
32	49	-0.38331320093407506
32	50	0.11244063502019011
32	51	3.545947960729805
32	52	-1.9332441129466593
32	53	-1.5174600073457831
32	54	1.0650956546138317
32	55	-0.8863655035918013
32	56	0.3408886997655107
32	57	-1.8004679000779666
32	58	0.7109753393106701
32	59	-2.3676623565242156
32	60	3.196888342414701
32	61	2.8663476962055405
32	62	1.5439778955175472
32	63	-4.806687764618159
32	64	-1.4102819962172382
32	65	-0.4025392347144896
32	66	0.7611355229346822
32	67	-1.9399642804353288
32	68	3.585635590683531
32	69	-2.6327369577969364
33	33	NaN
33	34	-1.8581865358103196
33	35	-0.45928339508685406
33	36	-1.5472096593472107
33	37	-0.2936802186167843
33	38	0.539285145276152
33	39	0.23936543448174732
33	40	0.959182537456938
33	41	-3.5474687523071924
33	42	-1.7950478679129889
33	43	-1.9769195978854253
33	44	-2.794236263497791
33	45	-0.8384693919778848
33	46	0.7861221521517272
33	47	-0.5258164784187123
33	48	1.1825643302422462
33	49	1.2620545806289754
33	50	-1.085557872618789
33	51	0.9776112474183825
33	52	0.3366335309971597
33	53	0.6722895754551638
33	54	0.5720998636446627
33	55	1.1267690719206782
33	56	2.4354172169413073
33	57	0.22017629207184472
33	58	0.9739421331637034
33	59	-0.7650198677898675
33	60	1.0066466908127996
33	61	-0.4707543057102698
33	62	-1.5597446995686686
33	63	1.1569014884885032
33	64	0.20122909009515683
33	65	1.7078446199974322
33	66	0.1297856734686885
33	67	-3.6147008599865953
33	68	1.9540521075759005
33	69	-0.3336678385942234
34	34	NaN
34	35	0.2594224750816347
34	36	1.820947561618793
34	37	-2.99740621902492
34	38	-2.936679068853613
34	39	0.6616175813778981
34	40	-1.0780584691704653
34	41	-3.0209525954617753
34	42	-1.3349406047178243
34	43	-0.7478734958733622
34	44	0.5458624791867797
34	45	1.399661595034447
34	46	1.4465450835143125
34	47	0.9434734537978442
34	48	-2.3487456303115675
34	49	0.30700273758227803
34	50	-2.089820247394103
34	51	-1.6971828167123346
34	52	-1.1757314262277874
34	53	-2.291564843805726
34	54	-4.013989220407462
34	55	-0.2731727342158529
34	56	-1.152834238057342
34	57	-2.7521653633225336
34	58	-1.3571899121056379
34	59	1.123820369133661
34	60	-0.9580207107606747
34	61	-0.43846765261844567
34	62	-0.02348685597288027
34	63	-0.6715681110133452
34	64	-2.3087293890676297
34	65	-0.9330690764921991
34	66	-3.678226237765823
34	67	0.6056887119472547
34	68	-0.48318357130248324
34	69	-3.027809652294209
35	35	NaN
35	36	0.49623732426947603
35	37	1.766869586593964
35	38	1.0665466037959883
35	39	-2.5174785814323033
35	40	1.9838658587479008
35	41	-0.5714319676214624
35	42	-2.6797444966086825
35	43	1.7078384109730371
35	44	-0.619829545660829
35	45	-3.8440077832469814
35	46	-1.4955425483917326
35	47	-2.0935280980450974
35	48	2.612466791462943
35	49	0.7321570084338594
35	50	-1.36603230400603
35	51	-2.4736181502961676
35	52	1.9392985233006206
35	53	-1.6631973668997087
35	54	0.46598960547133145
35	55	2.946352132416614
35	56	2.810329589959169
35	57	-0.3046366908750685
35	58	-1.1464996061440453
35	59	1.33891719079091
35	60	-0.6469261398570267
35	61	-1.3460171475053122
35	62	-1.0095411781579764
35	63	3.236035471267511
35	64	1.4631961672795695
35	65	-2.038217487442337
35	66	0.732594769508253
35	67	-0.648595982980255
35	68	-0.09939095601056606
35	69	-1.6836709999241903
36	36	NaN
36	37	2.384311331223143
36	38	-0.8457594607738912
36	39	1.2798118867387274
36	40	-1.1853633201585276
36	41	-2.7905256642259495
36	42	1.2581289359226226
36	43	-2.6804532407018353
36	44	-0.9923135541685991
36	45	1.9556999775057435
36	46	0.7479937986005197
36	47	-0.5938970475092035
36	48	-1.3040980411167356
36	49	-1.1209768279015988
36	50	3.62917819355978
36	51	0.36060710588024086
36	52	1.4207835124714292
36	53	-1.7237709647257897
36	54	-1.59408975766955
36	55	0.4219556952775969
36	56	1.9232682810768487
36	57	1.1811424421649237
36	58	1.9754636946723085
36	59	0.5602488397627352
36	60	-0.01942571540616025
36	61	-1.5325664079416244
36	62	-0.8865490117150155
36	63	-0.7420450328476412
36	64	0.0699420525268378
36	65	-0.08599342013582754
36	66	-0.1277917038521666
36	67	-1.1994091602199335
36	68	-1.4763615550900246
36	69	-2.2625808973386996
37	37	NaN
37	38	-0.38264994158437365
37	39	-1.5537289323063435
37	40	2.0174554506718647
37	41	1.585010326500844
37	42	-3.385233443115775
37	43	1.5439499060814772
37	44	-0.8653082311828
37	45	0.3721198329580024
37	46	0.7212546835611198
37	47	-1.112683272927688
37	48	-3.794075973996535
37	49	-0.46580664915124487
37	50	0.01537655609798474
37	51	3.072310478099073
37	52	-3.6003043172676694
37	53	0.11782910685092463
37	54	-1.1998448401017685
37	55	-2.285383165246088
37	56	-1.833791882041948
37	57	-0.7554800236891951
37	58	-0.9107141450996421
37	59	-0.7885478060049271
37	60	3.3416426928161465
37	61	4.509911606943534
37	62	1.5634623623721404
37	63	-1.5914508526986562
37	64	-1.0364745424560713
37	65	-1.7103066749353208
37	66	0.750146703305243
37	67	-0.544583629903244
37	68	0.4252624351876443
37	69	-1.4420410217185773
38	38	NaN
38	39	0.2428107949808873
38	40	-1.060993961142078
38	41	-3.9390584026339575
38	42	2.5463673710691763
38	43	13.77109359134812
38	44	-0.050582882259059304
38	45	-0.018985322294483468
38	46	-1.6427418658606516
38	47	-3.0604527380135984
38	48	4.6822572073394335
38	49	-2.4373936405309817
38	50	1.1272970828119948
38	51	1.8190114936099946
38	52	1.3007681745376123
38	53	0.33435572296194394
38	54	2.2337785881585255
38	55	-0.14610315897106999
38	56	-0.9703185145266359
38	57	-0.6049137539629895
38	58	0.9349242265601018
38	59	-0.9318238115074224
38	60	-2.207798502703263
38	61	0.6147956530888279
38	62	0.7442739989339823
38	63	-0.7863139690886993
38	64	0.6953423954841657
38	65	0.8757762873401503
38	66	-1.698896284652738
38	67	-1.246335068226289
38	68	-1.1548540091680422
38	69	-3.0709789299792596
39	39	NaN
39	40	-0.0375889696478268
39	41	2.311546640529754
39	42	3.913617668791369
39	43	0.29966010398095494
39	44	-1.142015900922489
39	45	-2.205070531742735
39	46	-1.180973864762529
39	47	0.2257194565991335
39	48	1.9120852229169398
39	49	2.211834858672823
39	50	-0.41139860501738906
39	51	1.7981118182785596
39	52	-1.6131101755708144
39	53	-1.6875094140736477
39	54	-1.4192335857828704
39	55	-0.7713511102687011
39	56	-2.333698116523321
39	57	-0.46430675298487395
39	58	-2.553999146274878
39	59	0.019944055137826325
39	60	1.6666271126878194
39	61	-1.350851375632568
39	62	-1.1065161275407456
39	63	0.5679495663292699
39	64	1.9196918324448466
39	65	0.9232476805717208
39	66	-1.1950159277512227
39	67	0.6119366069210542
39	68	1.5669519713326454
39	69	-3.252683832760314
40	40	NaN
40	41	1.9391082879227008
40	42	-0.7742999592668787
40	43	-1.226889978523032
40	44	3.811808736716464
40	45	-1.0996686179630437
40	46	-0.22809648139462044
40	47	-2.3725694553046566
40	48	-3.156077442636722
40	49	3.9294057002434175
40	50	-2.542768112735562
40	51	-1.6874215105206571
40	52	6.4119276448573785
40	53	1.4975637555155676
40	54	-1.5810324190469862
40	55	2.714380210899831
40	56	2.4552935621621867
40	57	4.081109397202223
40	58	-0.7956271199990705
40	59	1.0315677279896296
40	60	-1.860936969221963
40	61	-2.640657058976219
40	62	-1.673442260788515
40	63	0.9144868586021134
40	64	1.7804855458285251
40	65	-0.6933912991763327
40	66	0.6096006786659599
40	67	-1.36412119300723
40	68	-1.6295026630052056
40	69	-0.18326449455598975
41	41	NaN
41	42	7.962087756049317
41	43	-1.101046059133031
41	44	-2.47680846914448
41	45	-1.8361955622528585
41	46	1.5008692454115817
41	47	-0.24792836029803425
41	48	2.944403905762653
41	49	-0.8133259692284234
41	50	2.0010842378621123
41	51	-2.3807607368403425
41	52	1.3980181753848588
41	53	-1.3049071744598955
41	54	-0.8331345241349591
41	55	2.3900054827281263
41	56	-2.1950988863729766
41	57	2.1511103270092904
41	58	-0.12244643526459657
41	59	2.1493385185068132
41	60	-1.8940901439485596
41	61	2.0514392398184405
41	62	-2.5317160962401295
41	63	0.24184659764593405
41	64	-0.492182658298624
41	65	-2.220472766915274
41	66	-0.8956170048428911
41	67	-3.8229705789401343
41	68	-0.24972773667439954
41	69	-1.1430401424243004
42	42	NaN
42	43	0.45974202448977236
42	44	-0.9487874857565042
42	45	0.4987960749110387
42	46	-1.436951696502018
42	47	6.596516327764487
42	48	1.8268041739685341
42	49	-3.6623038064870084
42	50	-2.1557123305814523
42	51	1.373160757224595
42	52	-1.7359065004122414
42	53	-5.47441688496494
42	54	-0.08870033724876246
42	55	-1.7831793302412078
42	56	-3.0528534299620573
42	57	-1.4668829258831566
42	58	1.189124275497552
42	59	-1.4941446727144876
42	60	-0.2425826977495726
42	61	-0.027457227396260712
42	62	1.7116186418758401
42	63	2.396065281046747
42	64	-1.9968336735729448
42	65	-1.0069620691729273
42	66	1.9332865738933163
42	67	-0.9965767251479054
42	68	2.1892111068094384
42	69	-2.8408042167888445
43	43	NaN
43	44	2.8149964859976304
43	45	-0.06253729936645028
43	46	1.033321222880606
43	47	1.7808688886140376
43	48	1.4009883764419901
43	49	-0.16653629124144811
43	50	2.0346790328571003
43	51	-2.243845845400364
43	52	-2.2129019966893364
43	53	-3.173889613015494
43	54	0.05154762357638259
43	55	-2.514140079538156
43	56	-1.5161699064014578
43	57	-1.7521126394577418
43	58	-0.7920169888603401
43	59	-1.6955490338453498
43	60	2.016985528007482
43	61	-0.33686320384299295
43	62	2.3074300170102116
43	63	-1.0176860487017627
43	64	0.4412229714811372
43	65	-2.8714545371104854
43	66	-0.6122826085184105
43	67	1.5538775141140397
43	68	2.7491345682505814
43	69	-1.180365324374564
44	44	NaN
44	45	-2.512463632563879
44	46	1.3179816905024442
44	47	0.3465358488446623
44	48	-0.36955781323171466
44	49	1.3616487131604682
44	50	3.1293661091640312
44	51	-0.03571622181799198
44	52	1.776164862859716
44	53	-1.5818493941986542
44	54	-0.3450312132440244
44	55	-0.18638519739216297
44	56	0.08458194145700983
44	57	-1.281584581658299
44	58	0.9428753605522194
44	59	0.9088628230953263
44	60	0.9741960284464329
44	61	0.6755334785636751
44	62	-0.2847747066419376
44	63	0.6969119181604835
44	64	-0.09956274882024375
44	65	-3.3359683430383997
44	66	-1.4679583625938177
44	67	0.12893969642131126
44	68	2.542571858679639
44	69	-0.7345305257915139
45	45	NaN
45	46	4.194362188321894
45	47	2.1853091102759414
45	48	-0.9732455903971513
45	49	-2.7077602375246506
45	50	0.5919122691881441
45	51	2.361710177806303
45	52	-1.4437939952332506
45	53	1.4098189725315504
45	54	1.8032958057325184
45	55	1.3270777927098754
45	56	-0.4813163226788162
45	57	-0.6694618237590025
45	58	-2.7817505754899035
45	59	-2.6630511010197613
45	60	-1.4679026288009664
45	61	2.4424338851299576
45	62	1.488948576234393
45	63	1.1112436733481053
45	64	2.126091943355314
45	65	5.637076192468825
45	66	-0.8239476507847159
45	67	1.5386904076036034
45	68	3.6558446379595386
45	69	-1.4154508005195274
46	46	NaN
46	47	4.124598305871616
46	48	6.217252186724869
46	49	-2.681939407431368
46	50	0.5969396472573717
46	51	4.7080489709909825
46	52	-1.4165120674650418
46	53	-1.4653483098168874
46	54	-0.6379219531729746
46	55	0.8033116361144759
46	56	-0.46844336953542315
46	57	-0.7733305040486266
46	58	-2.436008752784308
46	59	-0.6650236673107984
46	60	-1.6923674355249965
46	61	1.7600131371107686
46	62	-1.3665895102991525
46	63	-2.6050733751302477
46	64	-0.22839760304620127
46	65	1.2613922873127683
46	66	-0.6974315705608388
46	67	0.7873845069555709
46	68	2.841420567836764
46	69	-1.1455265461845914
47	47	NaN
47	48	3.276890701617182
47	49	-2.04863299611915
47	50	-0.17334894401261933
47	51	-1.27780604092811
47	52	-1.7215117380841205
47	53	-1.261339356460579
47	54	1.445619660995661
47	55	-1.9782877224412356
47	56	0.7189696237814647
47	57	1.0856315740357847
47	58	-0.12711042482250295
47	59	-1.0005991458664985
47	60	1.6836228326276417
47	61	1.641721578204143
47	62	-0.2787340211249835
47	63	-1.963977872947355
47	64	-2.3741046884582295
47	65	-0.08172643771874748
47	66	3.727417274828381
47	67	-0.7122475380443074
47	68	1.4423041200379119
47	69	-1.220047850464176
48	48	NaN
48	49	-2.1677472160597593
48	50	2.2283841711230252
48	51	-2.1450976847689796
48	52	-0.6457094221933022
48	53	-1.7764035521100987
48	54	0.1857379023937569
48	55	1.3351525549761074
48	56	-2.215577785337658
48	57	0.3597563154282011
48	58	-3.88250703452649
48	59	-4.321450336768303
48	60	-0.9791954650563515
48	61	-0.8700258856646437
48	62	0.6136720006936541
48	63	1.44891755546499
48	64	-1.8339515531126847
48	65	7.398235233144128
48	66	-0.7604005998085879
48	67	-0.05138279212917138
48	68	1.3836423356513818
48	69	2.568717383483303
49	49	NaN
49	50	-3.533519836543847
49	51	0.17755138827930345
49	52	4.1032103513901355
49	53	2.087492681882304
49	54	3.1231472653074124
49	55	3.149945206655044
49	56	1.7746920606267564
49	57	0.6543205759043378
49	58	-1.9909929548852985
49	59	0.5679711628815052
49	60	-2.4149298081425474
49	61	-1.7264774209150535
49	62	0.6376448167377575
49	63	0.8643645617756563
49	64	-0.2075087678340611
49	65	0.8434091998843362
49	66	-1.3407298154528098
49	67	-0.12807384645107234
49	68	-1.9589661745722304
49	69	-0.5826258742928606
50	50	NaN
50	51	4.819847549759741
50	52	-0.07950748976083995
50	53	-3.0247468584133936
50	54	-2.2934492519858254
50	55	-4.085337352538964
50	56	-0.7436194304889683
50	57	0.0043439580314016
50	58	0.6545629288099294
50	59	1.146480669984924
50	60	1.0682004291415674
50	61	-0.4145350024803195
50	62	2.344287888608165
50	63	-0.20188253807785408
50	64	-2.3041740144716267
50	65	1.8933647808951584
50	66	3.1881835214166694
50	67	0.16305616400065215
50	68	-0.1723073861263923
50	69	3.0784387820324195
51	51	NaN
51	52	-1.668825772992122
51	53	-0.279116510417291
51	54	0.34145956430090707
51	55	-3.846510503291489
51	56	-3.2920724141735374
51	57	-2.484580784987274
51	58	-2.8783067464813277
51	59	-0.7091256103563895
51	60	1.198552109243378
51	61	0.9966826657527158
51	62	-3.21641331743143
51	63	-2.028904700062358
51	64	-1.1057442710031309
51	65	0.23442009815196255
51	66	2.2317385554482607
51	67	16.058590429607936
51	68	-1.105513135529073
51	69	0.7094545171512958
52	52	NaN
52	53	1.2406351008782868
52	54	1.2042608563410322
52	55	2.0541906684402593
52	56	2.2389601600839497
52	57	1.899075960463786
52	58	-1.324948169215709
52	59	1.4710797437868013
52	60	-2.6148934499011176
52	61	-2.5293325699095957
52	62	-0.9897198394398454
52	63	-0.24405316712972935
52	64	2.986369002127818
52	65	-0.8677601026974698
52	66	0.5507324233699594
52	67	-2.0273142218243483
52	68	-0.4875946484437479
52	69	2.164961656808374
53	53	NaN
53	54	-1.713690067113029
53	55	0.316751882557983
53	56	2.011354296603764
53	57	1.0806425525807046
53	58	-1.8661657682591628
53	59	1.6801357862501807
53	60	-1.356666912165152
53	61	-1.7643074786178181
53	62	0.20514362265967984
53	63	1.0310619146158426
53	64	-0.12067043049214929
53	65	-2.0213045423042137
53	66	-2.0616133651814947
53	67	-0.8994872343671376
53	68	6.774473470494367
53	69	7.712254946051343
54	54	NaN
54	55	1.4629840336715287
54	56	0.529690110652275
54	57	0.46104869014874456
54	58	-1.2985037248276625
54	59	-0.9395466535257752
54	60	-1.5871736827908298
54	61	-0.15905753721829902
54	62	0.9542526971109322
54	63	0.13364997349952282
54	64	-0.22324081099726753
54	65	0.8320790066229995
54	66	-4.470751799299851
54	67	7.23473921558792
54	68	1.2935657599175476
54	69	-3.248421065332522
55	55	NaN
55	56	2.0174781203638865
55	57	1.9227598972935562
55	58	-1.6693944766746365
55	59	1.6263487656343456
55	60	0.11397559430211757
55	61	-1.1447268121087908
55	62	-1.5320443089546172
55	63	-0.819416542035816
55	64	1.8498399516887778
55	65	0.8637164960113002
55	66	1.6707194730999808
55	67	-0.6386818444670131
55	68	-3.065489095196151
55	69	-2.3088185592641497
56	56	NaN
56	57	3.463579311674533
56	58	-0.22636367195826643
56	59	1.0573777400028448
56	60	-0.804144357097247
56	61	-1.100559596519923
56	62	-1.4129968595765097
56	63	-0.44211092082638137
56	64	3.638151590603611
56	65	-2.0844388911445346
56	66	-0.5501598605714839
56	67	0.8770885401233597
56	68	0.8395724843396315
56	69	0.7780762715185202
57	57	NaN
57	58	-1.2107713925189372
57	59	1.1033682492371237
57	60	-2.873475963321449
57	61	-2.186636139468086
57	62	1.9251352779664481
57	63	-0.2281056151634826
57	64	3.9551968462706335
57	65	-1.836540691019734
57	66	1.6110621572212718
57	67	-1.6965776710660958
57	68	-2.3171661476337606
57	69	0.6348427931783591
58	58	NaN
58	59	-0.37253249422534274
58	60	3.392661295618907
58	61	4.148265080419798
58	62	0.9854434635017605
58	63	6.202243639967364
58	64	1.6502542512138605
58	65	-1.6096929458799079
58	66	1.5037201089436083
58	67	1.678069470772894
58	68	-2.944115958380612
58	69	-2.2015331909425537
59	59	NaN
59	60	1.0375642512061243
59	61	-0.6979017154060532
59	62	0.7235742523087985
59	63	-1.9428479355052393
59	64	-0.3146954660600264
59	65	0.4171111934402994
59	66	0.8875084735524501
59	67	-1.4627498545436328
59	68	0.70466263713476
59	69	-1.5855428272342351
60	60	NaN
60	61	5.436619696304953
60	62	-0.2544694272079507
60	63	2.1074026123828493
60	64	-1.6361837589650836
60	65	2.9549053702556956
60	66	0.6867097842793257
60	67	1.542529584483623
60	68	0.6504625613125903
60	69	-1.1267050893395905
61	61	NaN
61	62	2.3400055056336124
61	63	1.1383528584217892
61	64	2.7854198749010655
61	65	-1.820529814954269
61	66	-1.2893482809747727
61	67	-0.8614460201262831
61	68	2.6543413771150264
61	69	-2.5913292274915656
62	62	NaN
62	63	2.0909163354015563
62	64	0.9302942954583789
62	65	-0.6179103772010892
62	66	1.1727410767189541
62	67	-1.7770802254274514
62	68	1.0595984010610453
62	69	1.2515059179423447
63	63	NaN
63	64	-0.3883888502791113
63	65	-0.17123562646587742
63	66	-2.4180755884682337
63	67	0.3202008209173735
63	68	-1.6162656274507785
63	69	-1.5002432765430582
64	64	NaN
64	65	-2.108328748589733
64	66	-0.34592751844044467
64	67	-0.9211106263516925
64	68	-0.6714909135812785
64	69	0.4129386527535133
65	65	NaN
65	66	4.471149829888426
65	67	2.063991753239226
65	68	-1.3922932269675832
65	69	-2.3128499740648625
66	66	NaN
66	67	2.466309103329262
66	68	4.266633809808987
66	69	-1.7771508906085174
67	67	NaN
67	68	3.3352873764145974
67	69	0.3135023387813238
68	68	NaN
68	69	-1.0435863999632007
69	69	NaN
