1	1	NaN
1	2	-1.0675715863145907
1	3	-0.9738090059766885
1	4	-3.3148567299364764
1	5	4.150924974335778
1	6	1.6595939677406673
1	7	2.3281476897351343
1	8	1.3074126544461273
1	9	0.7982938093197437
1	10	-0.5075610586136561
1	11	0.15381286026376637
1	12	-1.5828133454468416
1	13	2.5888399727159674
1	14	-0.7574060737344424
1	15	-1.9981998605184668
1	16	-3.373071235339104
1	17	1.3406342851219113
1	18	-1.7886925157276423
1	19	-2.6458255378001043
1	20	-0.10923986824460177
1	21	1.3784873324920024
1	22	-0.6614774986415
1	23	-0.7597689966517761
1	24	2.868250194816133
1	25	-0.31005505523251475
1	26	-4.368179003905244
1	27	0.37264042344276144
1	28	1.5084564041312793
1	29	0.5538354190358438
1	30	-1.6214028166498233
1	31	-1.7355597191419005
1	32	1.0599216580904594
1	33	-1.2802002295493424
1	34	-2.2534201682014086
1	35	1.057695002002322
1	36	-0.5839599950621568
1	37	0.8643578323740282
1	38	0.7226023121570001
1	39	-0.08909467972803964
1	40	-0.6841309150446816
1	41	3.26388400807502
1	42	-1.5378163602295452
1	43	-2.1012174632540996
1	44	0.38186777487607765
1	45	1.084433119194301
1	46	0.2742509636866755
1	47	2.446688733939358
1	48	-0.083003950346668
1	49	0.3498019737179472
1	50	0.8405530053340162
1	51	-0.8625378330899003
1	52	1.7972947138833095
1	53	0.40903855314177184
1	54	-3.3622095274190857
1	55	2.130856674617256
1	56	2.66714566693651
1	57	0.7053172794154036
1	58	1.930473750788041
1	59	-3.145263014803726
1	60	-1.2892445395364382
1	61	-1.384811607414426
1	62	-2.0920666609426926
1	63	1.32814070205315
1	64	0.18935494779359932
1	65	-1.7661850607830165
1	66	-0.4002485430344962
1	67	-1.7697113421991684
1	68	1.1193530216262082
1	69	2.595040331426874
2	2	NaN
2	3	1.7805215567833348
2	4	0.9700754184119349
2	5	-2.320029518257407
2	6	-1.630431735666432
2	7	1.7236550281904364
2	8	-1.0610170085295185
2	9	1.6160622446342303
2	10	0.630309627278155
2	11	0.8626673969623839
2	12	-2.080244195209058
2	13	1.907918494129819
2	14	3.9065829385941497
2	15	-1.932257168631692
2	16	0.5792656839540938
2	17	-1.1973283966063037
2	18	-2.275996459895504
2	19	1.4770578248845123
2	20	-1.0595369695317935
2	21	-1.0849073813934884
2	22	1.8562141321772
2	23	1.1998550585321233
2	24	-0.9160873145057907
2	25	1.2500845369148592
2	26	-0.7494162722016838
2	27	1.6204107682111493
2	28	0.007191436867974947
2	29	-0.867634692488016
2	30	-0.932245544034078
2	31	-1.8582894991532288
2	32	-1.015616826284177
2	33	-0.9608152988028255
2	34	2.37841123518335
2	35	-3.3885788970929895
2	36	1.6666770186432758
2	37	-0.5614011978658352
2	38	0.7247681789933389
2	39	-1.5103070767538511
2	40	1.198913776959796
2	41	0.4462141991565295
2	42	0.6726753582090725
2	43	-0.19798841005471596
2	44	-0.6647282080201615
2	45	1.7658012552457047
2	46	0.37062883963491405
2	47	-3.6689174945609135
2	48	2.1778133758282268
2	49	-1.0122335874606256
2	50	2.9175045734641554
2	51	-0.607544493692425
2	52	-0.8170417533366559
2	53	-2.328014907609665
2	54	0.6000418649464387
2	55	1.812133598886529
2	56	0.6612985807344868
2	57	0.3485959424880662
2	58	0.062340773801257375
2	59	0.08953895835089874
2	60	1.388955117903576
2	61	0.2763201882648367
2	62	1.0686170848680094
2	63	-0.43764397141721667
2	64	0.5023846907323661
2	65	-1.6033751233320415
2	66	-0.828731064049734
2	67	0.42206389484468154
2	68	-0.21415221642466964
2	69	0.2191013687075736
3	3	NaN
3	4	-1.093066008165062
3	5	-3.8199387690863706
3	6	-0.2942145560251499
3	7	-0.30676990142965377
3	8	-0.17495247328579194
3	9	-0.4914058293006195
3	10	-1.4895332445901046
3	11	1.4349439049875883
3	12	-0.46326727097714443
3	13	-0.6704314329076262
3	14	-2.3365335219887333
3	15	-0.13575741069685696
3	16	-0.41906383345373976
3	17	-0.7893515280440931
3	18	2.409248551262419
3	19	3.5852523145405706
3	20	1.4303658932358652
3	21	-3.2757735764467952
3	22	0.43329191856452964
3	23	1.0078727390260953
3	24	-2.933377089317501
3	25	-2.7590321306999184
3	26	-0.7974236057817273
3	27	-2.742753857584969
3	28	-0.7856895451264303
3	29	-2.3622793484433693
3	30	-4.420680201488706
3	31	-2.713564574660281
3	32	1.9314804897188373
3	33	3.551870963514042
3	34	2.1290517545696455
3	35	1.1005439316257632
3	36	0.8154181926244145
3	37	1.095940057712239
3	38	-0.05822303076531105
3	39	1.665521919569978
3	40	7.251241649876077
3	41	1.5609039199337431
3	42	2.517352806561392
3	43	2.2223658817727476
3	44	-0.36179003094237483
3	45	2.0808900176287373
3	46	-1.713233610629855
3	47	0.7368363433683909
3	48	-2.163702937620346
3	49	0.6902500936100454
3	50	-0.22324707148557146
3	51	-1.7730577907833744
3	52	-0.010503435778154647
3	53	-0.39387759724238064
3	54	-0.7016274320786575
3	55	-0.7379309775425005
3	56	-0.18765146782933326
3	57	0.39060363075066906
3	58	-0.7390584294991133
3	59	-2.8271439370489015
3	60	1.6562814158427805
3	61	-1.7586474486133066
3	62	-0.5831778071035566
3	63	0.15486264239334094
3	64	0.33109380494769625
3	65	-2.7417834628271405
3	66	1.6197299373506255
3	67	3.9368699286575577
3	68	2.0024401438399595
3	69	2.2710021627987715
4	4	NaN
4	5	-2.411904756398225
4	6	-0.32149749328206584
4	7	-0.5213864317483748
4	8	0.6565399863055198
4	9	-0.5367485006446939
4	10	0.8883518825865607
4	11	-2.4547029306492836
4	12	-1.0046028053312943
4	13	-0.07814469200676279
4	14	-2.6879968263254037
4	15	0.6879559266910408
4	16	-1.0346132109325434
4	17	-1.7500454353658088
4	18	-2.8618146868454435
4	19	1.2619986540565722
4	20	0.5548169357446407
4	21	0.36304363074989343
4	22	1.6653581984927182
4	23	-0.07820875837968679
4	24	0.19473474001296814
4	25	0.3327367935327904
4	26	-1.4685227745046714
4	27	1.1228021181422305
4	28	-4.745238724329542
4	29	-0.06509224777555642
4	30	-5.550621463432657
4	31	2.472408883697739
4	32	0.6450300663017551
4	33	12.236229628886036
4	34	-1.4748852427736963
4	35	0.5185510265923693
4	36	-2.1671715073979056
4	37	-2.0291074515685255
4	38	0.8318616729600162
4	39	-1.368735630369291
4	40	-0.4335467430647336
4	41	1.0356229440366018
4	42	-0.8940592001491652
4	43	-0.9677016040384452
4	44	-1.8994332559923504
4	45	-3.4730274218332142
4	46	-2.8237618484563547
4	47	-3.4246221496985543
4	48	0.24531708297641422
4	49	0.3336330155551943
4	50	-0.6079136752211486
4	51	-0.7106991644634943
4	52	-0.3930327302974636
4	53	-2.67598899689181
4	54	-1.1742252518924274
4	55	0.1238548007725454
4	56	-0.5303446971621557
4	57	8.40326332658004
4	58	-2.3446988801507005
4	59	25.770765039828596
4	60	-3.0789860073299464
4	61	1.5501533594100816
4	62	-0.6044380239460985
4	63	0.03927897250317425
4	64	0.11834386947971011
4	65	1.9144108124641452
4	66	-1.6643474605343287
4	67	-1.0268867895948552
4	68	1.414310513769954
4	69	-1.0874872394101083
5	5	NaN
5	6	-0.8880797304672791
5	7	-3.918205403076339
5	8	-6.070029516524663
5	9	-3.967203554720811
5	10	-1.9866687252369006
5	11	-4.0763385559147505
5	12	-6.643178308183989
5	13	-0.36546846449180537
5	14	-3.1211513122593284
5	15	0.10031075153982069
5	16	-2.7570463212731102
5	17	-1.0505063766340685
5	18	-0.7854318289101859
5	19	0.8770564518181443
5	20	-2.289709172105571
5	21	0.7064693899655137
5	22	-1.6033449724457984
5	23	-0.9634702241454495
5	24	-2.046289390987192
5	25	2.8506066144771136
5	26	-2.478787032182557
5	27	-1.8815729725306107
5	28	-1.2138771496362248
5	29	-2.3965311282731943
5	30	-5.003157496894465
5	31	-0.9744768174745703
5	32	0.44162064343257956
5	33	-2.5791083772150416
5	34	30.415876279772213
5	35	-2.9752474407533693
5	36	63.804810127570256
5	37	-3.23637563038025
5	38	-0.010344581244046852
5	39	0.7678890379269826
5	40	0.512486634335885
5	41	-3.7661472980704
5	42	0.2116372602060471
5	43	0.2889298158003951
5	44	1.835073901716006
5	45	2.563669385973726
5	46	-3.1570512665319606
5	47	-1.2316473256286355
5	48	2.206762578346685
5	49	-2.641980807764588
5	50	-1.5475484879450265
5	51	-2.035567932265656
5	52	0.0016850233365004765
5	53	-1.9881588103582541
5	54	-0.43295569839203335
5	55	-4.221685086167364
5	56	-1.619503499388145
5	57	7.734709701064487
5	58	-1.0799256721178028
5	59	-0.6979985051228706
5	60	2.0385517785697336
5	61	-4.2022634783333
5	62	1.8909947609961255
5	63	-1.1668408718421013
5	64	-1.4485853069401644
5	65	-1.4034992586400088
5	66	-1.0809243341520989
5	67	-3.4381519633479907
5	68	-3.5580373874058666
5	69	-1.8897466082246246
6	6	NaN
6	7	2.4751075899162975
6	8	1.5648988201771494
6	9	2.0509496588340923
6	10	0.4235759806684081
6	11	-2.8090545884596625
6	12	-1.7929912946663438
6	13	-0.5063159543214341
6	14	-0.35474471782655775
6	15	-0.5814174604425651
6	16	-0.5869464030326874
6	17	1.5435165560169328
6	18	-0.5364707495811288
6	19	-1.0279540527239115
6	20	1.5919586448394911
6	21	-2.6264666132457313
6	22	-0.6086878445041338
6	23	-1.692112608857671
6	24	3.4709417604462147
6	25	-2.588619981348051
6	26	-1.771660864832568
6	27	-0.053553381175669615
6	28	-0.676291511989955
6	29	-0.7060829055162834
6	30	-2.352330187606031
6	31	0.3601310193742167
6	32	-2.0918076887933066
6	33	-2.8038596580488773
6	34	-2.4970146691441015
6	35	3.8087259382030636
6	36	-0.7833592877695407
6	37	2.080921912409008
6	38	0.5639124200872014
6	39	2.900901906330628
6	40	-0.5844776024062025
6	41	-1.2171338358288064
6	42	-2.5923734248627897
6	43	-2.1731245972933873
6	44	0.0643187037739242
6	45	-1.4527345916010095
6	46	-0.43066883111590265
6	47	0.18050132954292142
6	48	-2.3281680777696754
6	49	2.304556674903962
6	50	0.4826969225342481
6	51	-0.8082620161381143
6	52	3.935366455834624
6	53	4.818400158548723
6	54	-0.11087185749497624
6	55	5.321746973597464
6	56	2.1336909312087826
6	57	1.8895391363625194
6	58	-2.4643678681743224
6	59	-1.0078431785225042
6	60	0.5793373150256945
6	61	-2.664659625876548
6	62	-0.9409645741327248
6	63	-1.441504665298925
6	64	1.001179453753263
6	65	-0.8596435586800254
6	66	3.176155417226518
6	67	-1.3097078258920387
6	68	-2.029878970658366
6	69	0.37103873896586803
7	7	NaN
7	8	2.953904543074128
7	9	3.1973707800550706
7	10	1.6894832030202946
7	11	-2.3845233401717594
7	12	-1.4108630800071549
7	13	0.9070595122097513
7	14	-0.22402224184743239
7	15	-2.405073253062674
7	16	-0.18490675878162233
7	17	2.739405373689009
7	18	-1.231869131537285
7	19	-0.6930491487078781
7	20	2.1817388290756528
7	21	-2.728345550407585
7	22	-0.5684116667238976
7	23	3.098773500134036
7	24	3.8129241777427803
7	25	-0.6524351062834127
7	26	-1.633973301901768
7	27	-3.5556674750940744
7	28	-0.4139277718357353
7	29	-1.678290645459999
7	30	-2.1116276682396062
7	31	-0.4611508868172689
7	32	-3.7925640571256074
7	33	-2.6151889782149293
7	34	-1.0047764252553257
7	35	4.826227577815889
7	36	0.25154590627456686
7	37	1.0767756392160972
7	38	2.251625108114332
7	39	0.3132703483291091
7	40	0.5935373032190232
7	41	4.501151509783928
7	42	-1.2750853020742592
7	43	0.7681400128098591
7	44	0.6028913327628039
7	45	-1.6386640852445413
7	46	-2.3534477221018957
7	47	-0.11288062012649738
7	48	-0.8934013891146324
7	49	1.77316561413756
7	50	2.0868309060834203
7	51	-1.6241480085880977
7	52	2.389409660637897
7	53	0.5173753013154339
7	54	-2.4479434326391534
7	55	1.160915585006175
7	56	2.0855749821470995
7	57	1.86376642488992
7	58	-0.2912262168331361
7	59	1.3402734293423857
7	60	-0.4326507267186776
7	61	-1.9884694081119874
7	62	-2.192100021424677
7	63	-3.1948142940302175
7	64	-2.2107417680826607
7	65	-1.159002044061368
7	66	0.27434745243900244
7	67	-1.623649404606121
7	68	-2.957823396176331
7	69	0.7658765936211558
8	8	NaN
8	9	-0.38960172363234175
8	10	3.2443350222899645
8	11	0.41574745181264977
8	12	-1.750924172515478
8	13	-1.3216241909173665
8	14	0.1645028296296146
8	15	-1.4827879534177781
8	16	-3.1972817799442215
8	17	12.069459681813921
8	18	1.9260124393904277
8	19	-3.0549647280438172
8	20	-0.4604857051215184
8	21	-1.6277226846990451
8	22	-1.1210315180495336
8	23	-0.8942586176511367
8	24	3.949342697219286
8	25	-1.8498203189546059
8	26	-3.362476430302805
8	27	-0.4882708228072719
8	28	1.8108640187245315
8	29	-0.8335802187259387
8	30	-1.179451554255518
8	31	-0.2636165852227984
8	32	-0.08550881981654258
8	33	-2.6400319305287043
8	34	-1.9273700852441873
8	35	1.053388645357886
8	36	-1.5763140314215967
8	37	34.549387966237795
8	38	1.2573455583343074
8	39	-2.649053487463302
8	40	-1.4582282907187247
8	41	-1.4975756263629245
8	42	-2.412091071452191
8	43	-0.5794179510354476
8	44	-1.6951242662924888
8	45	-1.1677395416869158
8	46	-5.888133155161785
8	47	0.09211677981484402
8	48	-3.7206212493496507
8	49	1.277938855490012
8	50	-2.0448731496851256
8	51	-1.7580891082814911
8	52	2.191902373930168
8	53	8.455129014548755
8	54	-0.16749908000895555
8	55	1.3643888638408275
8	56	0.6343183200649051
8	57	-2.237799482280387
8	58	-2.540094344477131
8	59	-1.6826080524061244
8	60	-0.4635855515527684
8	61	-1.4063920758917896
8	62	-3.9043922943300338
8	63	-0.9029127773508885
8	64	-4.032067715967763
8	65	0.4304741009213217
8	66	-1.448554681742173
8	67	-1.9533372076015134
8	68	-2.7116538886982178
8	69	-0.04641181148165206
9	9	NaN
9	10	-0.1519222979436276
9	11	1.3437655614026547
9	12	-2.373330369036771
9	13	1.9123241597224947
9	14	-4.022428858770724
9	15	0.9052645531550402
9	16	1.3926651985522063
9	17	0.4728049499099589
9	18	-1.9373502500852435
9	19	-2.8923665392187896
9	20	1.8414656178389723
9	21	-1.90349077418851
9	22	0.252564726417329
9	23	1.8238066226343408
9	24	2.4694433375473275
9	25	-2.5427843852060863
9	26	-0.8419373598278537
9	27	-1.923407187284983
9	28	-0.08160818412720935
9	29	0.5567477254621231
9	30	-0.12555610200827158
9	31	-2.785022093442028
9	32	-0.1765917716334544
9	33	0.46647415447704127
9	34	-3.5311286771630215
9	35	3.078486680927689
9	36	-1.7492361632536815
9	37	1.1707695074214943
9	38	3.311076919379592
9	39	-1.8745825322654002
9	40	-3.987058971695213
9	41	0.0503959403389925
9	42	-0.9496081775387488
9	43	1.216052623665384
9	44	0.6884489348167788
9	45	1.1519316051162583
9	46	-1.2655945090308438
9	47	2.3226708509061647
9	48	-1.0657712280931386
9	49	1.9743719970902354
9	50	1.7647092151823074
9	51	-2.9855254791223826
9	52	2.331081518337292
9	53	0.16579877386093847
9	54	-0.7348707198348033
9	55	2.9840991105686827
9	56	2.370855815459668
9	57	5.782460033233187
9	58	-2.4045083758354546
9	59	-3.1816734062506136
9	60	0.4669072727737829
9	61	2.8490756943193256
9	62	1.9767001562626982
9	63	-1.434529079521197
9	64	-1.2893209253920679
9	65	-1.9804125262600918
9	66	0.923131228783719
9	67	-2.3662563854986334
9	68	-1.594271680331957
9	69	-2.6159844238836865
10	10	NaN
10	11	0.8762876763255506
10	12	-2.4737619985518338
10	13	-0.3213109208260414
10	14	0.09653477684015367
10	15	2.0204612417793832
10	16	-3.5473109375264182
10	17	18.243229139450875
10	18	-2.850286386960798
10	19	-1.7688484255824186
10	20	1.2965524810740106
10	21	-0.7318598081028095
10	22	-2.482816538038377
10	23	-4.3453204524758124
10	24	2.3919062865651024
10	25	-3.5419091098696334
10	26	-2.677917303232916
10	27	-0.024206429857533327
10	28	-1.2558625915577122
10	29	0.42266766668956884
10	30	-2.978709700160649
10	31	0.48846490966574296
10	32	-0.6784628876928132
10	33	0.07513579404207268
10	34	1.179006356713929
10	35	1.4010779870351002
10	36	-1.9915494564515184
10	37	15.369382909981418
10	38	2.880157606702638
10	39	5.080080118660114
10	40	-1.5376946665642202
10	41	-1.268763267685337
10	42	-0.702231860329328
10	43	-3.527731547240445
10	44	1.3520985226168047
10	45	-3.7872264379214906
10	46	-4.280181710868172
10	47	-0.5484597481269587
10	48	-2.3965825364315116
10	49	0.37904227067846763
10	50	0.5215302525630429
10	51	-2.9941310468010465
10	52	4.417130441969228
10	53	-0.4606006586048401
10	54	-1.6127815679086608
10	55	2.3470291453332512
10	56	3.4196783030078888
10	57	-1.637672794867403
10	58	-4.676626004011127
10	59	0.1813591376347265
10	60	-1.3075300959114555
10	61	-0.8889016826581987
10	62	-0.6163547274407084
10	63	-1.7026704842630427
10	64	-0.035642039226910525
10	65	-2.108663890970061
10	66	-1.526230983642654
10	67	-1.9592631099403863
10	68	-1.0115303099286261
10	69	1.241599473139255
11	11	NaN
11	12	2.8227619757461078
11	13	2.046503133813362
11	14	1.5629564199068544
11	15	-1.6993503332499482
11	16	1.4961923095947627
11	17	-0.04045000226898603
11	18	-0.4018414307619277
11	19	-1.2944219564254467
11	20	0.2265610528620173
11	21	-2.3058503247881523
11	22	2.426048585399905
11	23	-0.5854431933558224
11	24	-0.39746400679599336
11	25	0.2080251451145726
11	26	-1.8611081126814848
11	27	0.9533429094043486
11	28	1.3476067592127776
11	29	-2.7115220801168105
11	30	2.1381630916536314
11	31	-1.9570525995170438
11	32	-1.2545660417068383
11	33	-0.7366836633969902
11	34	0.22790711251018708
11	35	0.7749221522566994
11	36	0.27107973818223813
11	37	-2.036432032172281
11	38	-3.061268140927358
11	39	-0.1843124791442953
11	40	-1.3221592558326456
11	41	10.682009589434278
11	42	-1.3849531761960219
11	43	1.1542328120861998
11	44	-1.6774733359908136
11	45	1.2170195440799008
11	46	-0.15738417816512257
11	47	-0.3731857479256331
11	48	2.4198654407920714
11	49	-1.2341054632328716
11	50	0.8651852667643402
11	51	2.2230967212098145
11	52	4.059483480801761
11	53	-1.7246193922007447
11	54	-0.8412551506474925
11	55	0.17566254799237782
11	56	-0.8479481107398629
11	57	-2.323229881340526
11	58	0.7802732806893822
11	59	-2.106428772101373
11	60	-1.0731515000002063
11	61	1.673057082187828
11	62	-0.26916731712264974
11	63	-1.05445234758754
11	64	1.7863007645967308
11	65	1.9129908065571664
11	66	-2.235016027089738
11	67	1.0249129620414268
11	68	2.318686831949992
11	69	-1.1371478253146792
12	12	NaN
12	13	-0.47215332302916646
12	14	-0.9140821880910427
12	15	1.1729076453946021
12	16	-2.3858148277977334
12	17	-3.219080190199149
12	18	-1.2967974883284459
12	19	1.414735949614358
12	20	-2.2527889944158725
12	21	1.5265671265578438
12	22	1.2321513609583665
12	23	1.2497856251412467
12	24	-0.8839742124814924
12	25	3.2913451431158247
12	26	-2.330515846666652
12	27	4.098389684355274
12	28	0.5898039512406799
12	29	0.6123519969357606
12	30	-0.48911689934179026
12	31	-0.3285113421405882
12	32	-2.2256011933437048
12	33	-1.3628357425824278
12	34	0.03592061529495286
12	35	0.21652920130894202
12	36	-0.7950940098621211
12	37	-3.694291648215059
12	38	-0.7453687369833166
12	39	35.20089545781455
12	40	-3.7500286241864003
12	41	9.969997469666081
12	42	-0.6817456036061769
12	43	-2.0197755062758618
12	44	-0.7901127658489738
12	45	-0.7662821834090997
12	46	1.2340336346139313
12	47	-4.753933491123722
12	48	0.12645968740288333
12	49	0.6532169467615624
12	50	-0.0659066820019243
12	51	0.29934345938428786
12	52	-2.7406196851439293
12	53	-5.23012160926864
12	54	0.1500129692557028
12	55	0.9132144675023509
12	56	1.4292558730780869
12	57	-2.024199402339931
12	58	2.1690961898919343
12	59	-1.5215499195453084
12	60	-0.057336175611548114
12	61	1.7902409554072065
12	62	4.0223203753893095
12	63	1.8651159685673169
12	64	-2.017949314164746
12	65	-2.4885412333750696
12	66	-1.623453471584262
12	67	-1.7750119458411586
12	68	1.1372853911703726
12	69	0.1976641316151639
13	13	NaN
13	14	-0.48863008910397954
13	15	3.1706239114090438
13	16	-0.23357219600400733
13	17	0.4008103186476229
13	18	0.4457882507627511
13	19	1.0855045300936916
13	20	-1.410286184888502
13	21	0.5211782983186993
13	22	-1.064283882418145
13	23	1.1254506525153385
13	24	-0.17480262766563937
13	25	-0.8679464890213031
13	26	3.1341957550197383
13	27	1.1942438664698958
13	28	-0.7463748871051337
13	29	4.131162878981543
13	30	-3.0980338102896505
13	31	-1.8330503921544288
13	32	-1.1505028410622762
13	33	-2.6886588128673754
13	34	-1.1481021373759523
13	35	-0.9088322837207442
13	36	-0.46504541079846323
13	37	-3.6821774098131983
13	38	1.616284325551175
13	39	1.2857665273563752
13	40	0.25027457354189814
13	41	-3.63006246194639
13	42	-1.386475934430956
13	43	-0.513987844380829
13	44	-3.290531796110989
13	45	3.4044252324988378
13	46	-0.12199791084846626
13	47	0.6787188996675025
13	48	2.461129740201953
13	49	-3.4580243162954583
13	50	1.9428890221726294
13	51	0.06555305661574583
13	52	0.26055693059931895
13	53	0.10831833016800738
13	54	-2.8955039870547012
13	55	-0.03544268818594882
13	56	-0.6729037444019174
13	57	1.9802941201115594
13	58	2.935042000414691
13	59	0.09030824993308567
13	60	2.3661435691846635
13	61	-1.1447279670821808
13	62	-0.007253597867305883
13	63	-2.728985591687259
13	64	-1.7087713381887901
13	65	1.0205289190643232
13	66	-2.7763396898528803
13	67	2.824242635049646
13	68	1.172240470838471
13	69	-0.8844812131037755
14	14	NaN
14	15	0.904071977048848
14	16	0.7167134382512028
14	17	-0.09652684898876246
14	18	-0.7865240024909592
14	19	-0.2554594645065182
14	20	0.1200747938878152
14	21	6.639054330636073
14	22	-0.6818957538758039
14	23	-0.7944049973409557
14	24	-0.20024778105308438
14	25	2.0748695435766735
14	26	0.5618132495189668
14	27	0.3357619093034505
14	28	-2.20357625030328
14	29	-2.0690747125635482
14	30	-1.592001589979432
14	31	0.11829507414739111
14	32	1.7143014619728334
14	33	0.8937770062433736
14	34	-0.29155627639658455
14	35	0.14199989301147203
14	36	-3.1216388299303843
14	37	-2.8089690456752034
14	38	-1.269252712098924
14	39	-0.3697658124954814
14	40	0.5984146929055474
14	41	0.26374496573575
14	42	-0.8362503031082997
14	43	-2.2729897001281136
14	44	-1.90699965264643
14	45	-2.08585905406714
14	46	0.32118961480874647
14	47	-0.4354617155658349
14	48	-1.6571065187612382
14	49	1.655956946360077
14	50	-1.5687444368229464
14	51	-1.0474101482661387
14	52	0.726082277239614
14	53	11.334981828566084
14	54	-1.18668996188653
14	55	-1.4413000838707648
14	56	0.6785461117277329
14	57	-2.5024574045347667
14	58	-0.1904730878545322
14	59	0.42790368692265407
14	60	-1.6304262059308212
14	61	1.1881869586659055
14	62	3.0102400332147163
14	63	1.9482259754783193
14	64	1.6872336268045416
14	65	-0.3711093103738825
14	66	0.9023118525523022
14	67	-1.220747829605907
14	68	1.5694554453888503
14	69	3.2765490404419437
15	15	NaN
15	16	3.155117890348941
15	17	1.6023000170815784
15	18	1.5504648052035153
15	19	-0.5972693112836599
15	20	-0.11927013400124402
15	21	1.820713146392711
15	22	-2.4596346638496334
15	23	2.8068339867977334
15	24	-2.6739019788066156
15	25	1.3916782526748728
15	26	1.8617124479391505
15	27	-0.26863978442476505
15	28	1.2129160772298977
15	29	-0.26909525517171723
15	30	-2.27723789330826
15	31	2.158648583078078
15	32	2.008559076375597
15	33	0.08711899521773249
15	34	0.20851406002307085
15	35	-1.1845294984063663
15	36	-2.4486854762357355
15	37	-0.33046046319936123
15	38	-0.8983353295833503
15	39	-2.644602899393452
15	40	0.23532348427282992
15	41	1.5039055995548951
15	42	-4.721668740669399
15	43	2.1441953742046493
15	44	-2.143628483307737
15	45	0.9476520212232042
15	46	-0.5610727200083552
15	47	-0.5052771354109815
15	48	-0.5544737296742605
15	49	0.535303611135228
15	50	-0.8101090569372866
15	51	5.231435086016075
15	52	-2.2187580308102315
15	53	-3.3378329964282982
15	54	1.6190497105610395
15	55	-0.7628083011602181
15	56	0.7954563519890611
15	57	-3.08466295124704
15	58	2.810552399940612
15	59	0.01416703484296405
15	60	0.9819436326797006
15	61	1.9385348045855675
15	62	3.942334200443648
15	63	-2.0345935808516176
15	64	-3.2677647467357236
15	65	1.0283791780144886
15	66	-0.11076006498633637
15	67	1.185098342034603
15	68	0.24317029716143218
15	69	1.0491888778746885
16	16	NaN
16	17	1.4590953966916727
16	18	-2.5844103142854045
16	19	2.464538773048449
16	20	-1.9509957673807297
16	21	-0.930961597703169
16	22	1.417933759977113
16	23	-1.2925345182337122
16	24	-1.855657888997314
16	25	0.10049843157863074
16	26	1.8304780937912815
16	27	1.659979583497201
16	28	0.3795799843867062
16	29	-2.015139755494971
16	30	3.9119624466691176
16	31	-1.1168461947674546
16	32	2.4036981280311505
16	33	-0.598190412700569
16	34	1.3261705675012763
16	35	-0.7626749564485842
16	36	-1.9175223139455089
16	37	-3.7448059387173367
16	38	-1.646700269497395
16	39	0.15033330464284853
16	40	0.22197665080848464
16	41	1.2055834389804672
16	42	-1.5415560917658733
16	43	2.4331622076894366
16	44	-1.1808428480205637
16	45	0.06369111303095566
16	46	7.276743463613175
16	47	-0.6459600875977651
16	48	0.6428367159041367
16	49	-1.3671235982941943
16	50	1.1170088511226401
16	51	1.5191911749001767
16	52	-2.7764296838631006
16	53	9.653288298072994
16	54	3.3369503254911446
16	55	-1.5553386807749852
16	56	-0.8485989800452842
16	57	-1.5577408451438084
16	58	1.4496978627781298
16	59	0.9849539176436055
16	60	1.2612227781230645
16	61	2.8453890011882206
16	62	-0.2536431024394968
16	63	-0.3607582315794868
16	64	0.2892245008079576
16	65	1.303677014279136
16	66	-1.3078702899688384
16	67	-0.7451998947995988
16	68	2.2940996902184905
16	69	-0.2078841664109666
17	17	NaN
17	18	-2.3230862757926527
17	19	-2.0919336817061245
17	20	2.3938086352015007
17	21	-2.249270432788652
17	22	-1.8925953776823037
17	23	-1.533963468128535
17	24	3.244253392296054
17	25	-1.2641917781514789
17	26	-1.7226936618375965
17	27	0.5465606112624524
17	28	-1.0236251797774094
17	29	-2.247576094290567
17	30	-0.652750583762963
17	31	-2.1643249132154914
17	32	-3.976502363673747
17	33	-0.45798695957269603
17	34	0.324251270463623
17	35	2.9753741220092906
17	36	-2.4646929221177007
17	37	-0.3838917876857157
17	38	0.7321288533437441
17	39	0.5274414225092253
17	40	-2.501938278819059
17	41	-1.4695249852134649
17	42	-2.313206664518709
17	43	-2.50495522924726
17	44	-0.98151892179118
17	45	-2.9552153431557926
17	46	-4.67265561641827
17	47	-1.3835531439053033
17	48	-1.189039047798486
17	49	-0.5228466561118176
17	50	-2.020372564202296
17	51	-5.370715523245604
17	52	3.034024412841521
17	53	4.073725322955665
17	54	0.08536036718720716
17	55	2.7555997958653955
17	56	0.28302511268611125
17	57	-1.0718303548245347
17	58	0.4336319084507589
17	59	-0.02258135163863801
17	60	-1.3377082699622571
17	61	-2.1190182612616892
17	62	-2.9059040258445186
17	63	-0.7713376799829561
17	64	0.06252227674263987
17	65	1.2903108578929552
17	66	0.5145249126194921
17	67	0.606041922479037
17	68	1.2196460716990967
17	69	0.021198458972886868
18	18	NaN
18	19	2.518068054663974
18	20	-1.8824106933720193
18	21	1.8774363543788046
18	22	1.6062018683721444
18	23	2.3808066710584916
18	24	-0.8821475182696545
18	25	1.8624497603919845
18	26	-2.0346027325102307
18	27	3.912078520082912
18	28	1.131028368752423
18	29	1.910224092720929
18	30	-2.8158336481383412
18	31	3.1824774118331662
18	32	3.2728155321552235
18	33	0.07890629592097959
18	34	-1.8001319660790356
18	35	-2.6561619115157873
18	36	1.875678058183442
18	37	-2.113343076577276
18	38	0.884376332943089
18	39	1.4402093346704024
18	40	1.72248538322865
18	41	-3.2126542675584737
18	42	4.47978378131721
18	43	0.852288587679033
18	44	-1.957821451483684
18	45	4.247818842932823
18	46	1.3972772650350678
18	47	-1.9515187432385956
18	48	-3.4462059488954484
18	49	-0.7582583067522508
18	50	-1.3713697422880646
18	51	1.3610803205113269
18	52	-1.4759088450749371
18	53	-5.770477741937538
18	54	0.8670292189094507
18	55	-0.9841848780119005
18	56	-2.003624536619769
18	57	0.04200077789532255
18	58	4.583826191122135
18	59	1.8399766686300574
18	60	3.4670250797643067
18	61	-0.3027395595525695
18	62	-2.5073320288870193
18	63	-0.155205906902638
18	64	1.6440686280255987
18	65	0.018771147324857303
18	66	1.6591596111575508
18	67	1.1526679770175863
18	68	0.7381613173450816
18	69	1.6477382427826903
19	19	NaN
19	20	0.48506879914595574
19	21	2.0186924598724665
19	22	1.2198586754355196
19	23	0.920675527842066
19	24	-0.4157517568292481
19	25	2.74495082450568
19	26	-1.345628945279112
19	27	0.027166653825923367
19	28	-0.07296039959347823
19	29	3.9602493557749145
19	30	-2.568314913401594
19	31	1.6121090494788042
19	32	0.5385542023829626
19	33	0.04416213678770116
19	34	-0.15700422330959948
19	35	-1.3893432963891867
19	36	1.821152199755967
19	37	-1.6415595897037598
19	38	-1.1592800372555145
19	39	-2.5650512062392608
19	40	0.9124296912130653
19	41	-3.1630434590378265
19	42	0.31030115402623937
19	43	-0.13311320266545948
19	44	0.81817423107735
19	45	1.012722164747427
19	46	1.0429455659818758
19	47	-0.9837780118339873
19	48	-1.0159245737720197
19	49	-1.5948083644939386
19	50	-2.3094311749307375
19	51	0.026809769621687553
19	52	-0.5311528502404087
19	53	-1.6259147362546058
19	54	2.199350348922209
19	55	-2.588391393320064
19	56	-2.4348704493658704
19	57	-2.269214482460445
19	58	-1.3672119775743643
19	59	-0.3626880027944191
19	60	0.3330575711276593
19	61	2.244792769564957
19	62	0.14366256486725615
19	63	0.022223989247766262
19	64	2.1777626773803815
19	65	1.6934028758241884
19	66	2.722384771395821
19	67	0.6896747107191129
19	68	5.7156183332504975
19	69	-1.963478632249134
20	20	NaN
20	21	-0.11782618336271256
20	22	-0.19334258548110167
20	23	1.9394373973627075
20	24	2.682579327545724
20	25	-2.1718720677609205
20	26	-2.7253262103325158
20	27	-0.9581960273349353
20	28	-0.4722407019014343
20	29	1.918081904455639
20	30	-2.184500293147276
20	31	-1.910833752595939
20	32	-0.9581540665011553
20	33	-2.7650331881088612
20	34	-3.747150256762316
20	35	1.6890119793108131
20	36	-0.32918649003592976
20	37	0.6930157751645256
20	38	1.2978517180484213
20	39	0.44937464678914724
20	40	0.09720558429433898
20	41	-0.27055631914092987
20	42	0.3683073495793115
20	43	-0.9356523971356931
20	44	-0.561227893146963
20	45	-3.3111485497102606
20	46	-1.6245769696434376
20	47	0.46930155029921233
20	48	-1.8846792737518516
20	49	0.3176728708006516
20	50	1.0188806591005497
20	51	0.24063961390894206
20	52	3.251466487409671
20	53	7.00881627387309
20	54	-0.12335282421957085
20	55	2.793852010949401
20	56	1.0345258200482481
20	57	2.209190875768437
20	58	-1.336737464143457
20	59	-1.1916232199267127
20	60	0.055731329524132144
20	61	-1.1057648701985776
20	62	1.2924875382160517
20	63	1.0851302572285484
20	64	-0.006862234246793153
20	65	-0.3206033990497468
20	66	-1.2333797262626345
20	67	-1.259941355504388
20	68	-2.858471915090078
20	69	-0.01210939006106744
21	21	NaN
21	22	1.468149848360567
21	23	2.339315345792936
21	24	-0.7492965900067927
21	25	-1.0389893085457322
21	26	-1.8631746122418438
21	27	0.8428232024547136
21	28	-0.1282003767788019
21	29	-1.7017216954605798
21	30	2.8713874785512328
21	31	-0.43158171232574133
21	32	-1.9643358479388018
21	33	1.6375886004310705
21	34	-0.8324032862869619
21	35	-0.49181477715542965
21	36	1.612159957527405
21	37	0.023537567285992093
21	38	2.7469182869658777
21	39	1.1176521587711494
21	40	0.6771087378352406
21	41	2.7721211321937567
21	42	1.1543760563280878
21	43	-1.1124886820769826
21	44	-1.8174540921737374
21	45	2.0830525166454548
21	46	-0.21223169718425036
21	47	-1.7626368932155079
21	48	-1.5100743315802916
21	49	-1.3850656782490494
21	50	2.05664499077531
21	51	-2.560467352798062
21	52	-0.11974422508019952
21	53	-1.9949041462633657
21	54	-0.04849374480964894
21	55	-2.509318608563953
21	56	0.4252612123435268
21	57	0.5639038062358459
21	58	1.5120162032514448
21	59	0.6798733256954553
21	60	0.04970379047660268
21	61	-0.7380971007862566
21	62	1.323788622076319
21	63	0.7805134081081258
21	64	-1.1610613891765524
21	65	1.395956842002142
21	66	0.7909534435491272
21	67	-1.2619888243697495
21	68	0.049973559443010615
21	69	1.7201828130135457
22	22	NaN
22	23	3.5271527456206124
22	24	-1.7345772614439356
22	25	3.941102075079089
22	26	-0.9528630912242364
22	27	-0.01937003420448759
22	28	2.80139252026044
22	29	0.8702072054477316
22	30	-0.6352816492056985
22	31	2.238482214599588
22	32	1.1193158783545294
22	33	-1.8330111612049138
22	34	-2.1922610909104456
22	35	-2.1920132915374415
22	36	1.0333560984160843
22	37	-1.2830202106104172
22	38	-0.5806880983676505
22	39	0.0190296886858608
22	40	-0.5832267807125502
22	41	2.44693575800408
22	42	3.0900407626753292
22	43	0.4835821827965585
22	44	0.5666816704756237
22	45	-1.1765530802759938
22	46	4.39386529642696
22	47	-1.2992851143879465
22	48	3.151516615680648
22	49	1.546388585155936
22	50	-1.4148264222572842
22	51	-0.40929411982226316
22	52	-2.3515380867143336
22	53	-0.9747065449190845
22	54	-2.45919534823478
22	55	-0.3182292315418713
22	56	-1.983513896327935
22	57	0.6805777392921171
22	58	-0.6994983210780682
22	59	-1.3108739369237392
22	60	-0.3056267888873221
22	61	1.1805253525761197
22	62	2.07375178480122
22	63	-1.6382550336026487
22	64	-2.1074019130943267
22	65	-2.386869378597893
22	66	1.2541908887085775
22	67	2.072510341733266
22	68	-1.843717416854691
22	69	-0.5739179422088437
23	23	NaN
23	24	-2.7222547052461934
23	25	3.670880393668111
23	26	4.119427101258532
23	27	-2.2111968288812984
23	28	0.18907970086702097
23	29	2.642216362930262
23	30	-2.6414403569915046
23	31	3.8777926496476787
23	32	0.87290906676561
23	33	-1.761017043949752
23	34	-0.713954038759488
23	35	-2.75433773530581
23	36	-2.966040746409703
23	37	-0.3417898433385711
23	38	-1.5859466714288408
23	39	1.2006450287576125
23	40	-1.9794093009320652
23	41	-2.8589433464009333
23	42	4.116310418813888
23	43	3.3276867214701724
23	44	0.1467350490027451
23	45	0.8154335848463761
23	46	3.779201380198061
23	47	1.2174965132488982
23	48	-2.42814059840091
23	49	-1.998420304343222
23	50	-1.1749611836382665
23	51	2.4433233022398735
23	52	-3.0129247840451603
23	53	-1.8913950787918812
23	54	0.07628341024886674
23	55	-1.9627260893529532
23	56	-1.831681372713545
23	57	-0.26759445706346113
23	58	3.7529342221675415
23	59	0.23656644791742712
23	60	0.9985716928325657
23	61	-0.13623295684511103
23	62	-2.015857669005277
23	63	0.5828576048016902
23	64	-1.0079770385948368
23	65	-1.01504687033481
23	66	2.29200919269397
23	67	1.7724216492938076
23	68	-3.531067157604271
23	69	1.1027465343432143
24	24	NaN
24	25	-0.5558169626435862
24	26	-3.3810938792387994
24	27	-0.5559319311007673
24	28	-1.271512593210258
24	29	-1.54223423256549
24	30	-1.3805474876861588
24	31	0.3698761345651848
24	32	-1.3613462262070393
24	33	1.0405730421147557
24	34	-0.5903852155193661
24	35	3.952737995329185
24	36	-1.1752409136601494
24	37	0.7478619318276326
24	38	2.1824197784829864
24	39	-2.8973555240007807
24	40	-0.9862673260632001
24	41	-0.8408773195256766
24	42	-3.3213967961438695
24	43	-1.957397672440826
24	44	3.2373307671815734
24	45	-2.1156967156528212
24	46	-0.7540050754875594
24	47	0.3954562278915089
24	48	-2.8275597582212377
24	49	2.905734343148529
24	50	0.447504278362366
24	51	-0.918384411296206
24	52	4.735446038853844
24	53	2.545556684649365
24	54	-0.16873914010026775
24	55	3.4295230649670714
24	56	2.984537258650417
24	57	-0.018377517376589967
24	58	-2.0103028235236304
24	59	-1.4843915560883014
24	60	-2.5642675227698204
24	61	-0.4979555072529951
24	62	-1.4984025641518859
24	63	-0.12556368181002275
24	64	-2.3515407548934775
24	65	-1.487667086102284
24	66	0.7413342121770394
24	67	0.2962828842221414
24	68	-0.033262008622532965
24	69	-0.5001955464544314
25	25	NaN
25	26	1.517012265216296
25	27	2.1764137961330428
25	28	1.1820684514642226
25	29	-0.7120651517035708
25	30	0.18693447841781696
25	31	1.8490831719736776
25	32	0.6809555282008514
25	33	2.161345278628877
25	34	-0.5516646498277562
25	35	-1.3836538064917197
25	36	-0.1114043977203571
25	37	-2.1000639022427476
25	38	-2.253238283211684
25	39	0.40470134975920546
25	40	2.9487079255942863
25	41	-1.7164345580798388
25	42	1.1204617710617517
25	43	1.867271906945558
25	44	-0.02318473069585859
25	45	-3.258345351633995
25	46	1.183867872122476
25	47	0.46573768455654246
25	48	1.4930250149852704
25	49	-0.4497392220117384
25	50	0.7673893110876223
25	51	-0.6247763207688414
25	52	-0.6272299951211815
25	53	-1.7758711346774954
25	54	-3.201608164935535
25	55	-2.1419900245248313
25	56	-1.3659223180818119
25	57	-1.565162090588921
25	58	-1.8696927438102073
25	59	-0.5564520071905507
25	60	-2.6388238302722065
25	61	0.38455520541997984
25	62	1.603742489516512
25	63	-2.8457577506583047
25	64	2.112176062629326
25	65	0.3986754062920544
25	66	1.6972118084956407
25	67	0.8093251917282777
25	68	3.340614182428994
25	69	0.39735229992879545
26	26	NaN
26	27	-1.266097891681301
26	28	-3.1529450867066906
26	29	1.6489088683601714
26	30	95.14848060791344
26	31	-3.111110990293596
26	32	0.6535774211998439
26	33	1.709601167454785
26	34	-0.28028669599251704
26	35	-1.4326910653195444
26	36	-2.8552114107596513
26	37	-2.4919547321080806
26	38	-0.966702013777481
26	39	-2.0765589425394135
26	40	-4.25734200119634
26	41	2.185593508300556
26	42	3.5033894608356313
26	43	1.362450283900231
26	44	-5.5899526819325285
26	45	-1.08025448163376
26	46	-0.8866147586634358
26	47	-4.836412526546258
26	48	2.878959390838043
26	49	-3.4790238346529465
26	50	-3.7292801342499002
26	51	-0.13485458484598062
26	52	-4.004775039436278
26	53	-0.7201076160825786
26	54	-4.705401069519361
26	55	-3.3610594139010117
26	56	-1.760411405021558
26	57	-4.244049990163737
26	58	0.5164799564078553
26	59	-2.6673391634921333
26	60	-0.5843572928782612
26	61	-1.5409959844855912
26	62	0.4225130908626974
26	63	0.18403086805512775
26	64	-2.7361356602194933
26	65	0.02941942219555781
26	66	-0.8368189280355812
26	67	-1.5074280580375925
26	68	-1.0064547866435416
26	69	1.3403926691868933
27	27	NaN
27	28	2.797951114293045
27	29	0.07260519428760376
27	30	-3.189733587917188
27	31	1.6895033718418215
27	32	-0.743777062529243
27	33	-0.055625242441235484
27	34	0.031144617288839594
27	35	4.804563753601116
27	36	-0.14187614534291831
27	37	-1.584115268618
27	38	-1.1660937650440595
27	39	-2.7604098531760983
27	40	0.9640770132380089
27	41	-0.5582029115948569
27	42	1.559670368316366
27	43	-2.120581753091338
27	44	-0.2846997908575586
27	45	-3.128884342046385
27	46	3.655848682140615
27	47	0.716775290770349
27	48	-3.880910818604492
27	49	-0.34428017433974994
27	50	0.12156349480558881
27	51	-0.5487988767593497
27	52	-0.8760537969559586
27	53	-2.0886625389956497
27	54	0.1932828728814426
27	55	1.1392993396534556
27	56	0.40039039315404096
27	57	-3.142748317319632
27	58	0.2663288842448231
27	59	3.1283030125384754
27	60	2.0631492007959147
27	61	1.2089492665160926
27	62	-0.046070178401152795
27	63	2.5674602900219994
27	64	0.3613894213280657
27	65	4.4677996795390875
27	66	-2.4474697474214406
27	67	-0.5455855918551068
27	68	-1.6701478382443182
27	69	0.1948494742813926
28	28	NaN
28	29	1.9902635405032156
28	30	0.790733419781873
28	31	2.941108997273272
28	32	-0.9766240481506873
28	33	0.9280710655118211
28	34	3.7237444080614845
28	35	4.596548720549071
28	36	1.0925430799890579
28	37	-1.0469032741268858
28	38	-4.702745525456163
28	39	-3.8283769451605427
28	40	-3.0652893771266685
28	41	1.6470658350253002
28	42	0.06485288503183488
28	43	0.5005049611268781
28	44	-0.2986690609709142
28	45	4.1692041305208285
28	46	-2.833309687078412
28	47	-2.2323844615228627
28	48	-1.8630840678445415
28	49	1.5818567517517528
28	50	3.8907838962231787
28	51	3.3843169027442888
28	52	-0.5104785303628926
28	53	-1.3958517826399337
28	54	1.2016008723837455
28	55	-4.267110840695462
28	56	-1.7530071462154713
28	57	1.8897407233422525
28	58	1.041076414778306
28	59	-0.8827631139268373
28	60	0.03154548865672695
28	61	0.26806765973385793
28	62	2.1708583394107905
28	63	1.0079594998647357
28	64	1.4386775199032404
28	65	1.7718973203887634
28	66	-2.7589272269229776
28	67	0.6207868269468766
28	68	-4.326669222364398
28	69	-0.7720845775166868
29	29	NaN
29	30	2.314765999785106
29	31	1.9018521163798368
29	32	5.918257294745209
29	33	0.7946241222067104
29	34	-0.39291130606450075
29	35	-2.966082803394453
29	36	0.16120549314862956
29	37	-1.1276753063505396
29	38	-3.098650390070032
29	39	0.7845513548809616
29	40	0.5412385489173691
29	41	2.1806504964368814
29	42	1.4392228948719084
29	43	3.792682191741378
29	44	0.1814657828737598
29	45	0.709406028965153
29	46	-2.8151668704617583
29	47	-2.728381079672092
29	48	4.64767237617186
29	49	-1.310118946511098
29	50	-1.3669788567628216
29	51	-2.234119699314414
29	52	-0.4938028321309114
29	53	-0.011178216996477726
29	54	1.3860486917967498
29	55	0.41346621031268027
29	56	0.8735666670364346
29	57	-1.1134375351807908
29	58	-4.975408161660337
29	59	0.5980635410511712
29	60	1.3240670234342105
29	61	-1.334797193691958
29	62	1.8685425845567274
29	63	0.2501242633910986
29	64	3.2297745721864133
29	65	-1.7086067243914842
29	66	3.589624001058768
29	67	-2.487930325477258
29	68	-2.542553970103356
29	69	0.8241888230213679
30	30	NaN
30	31	-1.5807848530897461
30	32	-1.009414587744418
30	33	-2.1877674768956488
30	34	0.04737374308638606
30	35	-0.6689937338053443
30	36	-3.5312160349932538
30	37	-2.2576589129186724
30	38	-2.3331587078401896
30	39	2.2701348769451446
30	40	-4.876344156277683
30	41	-0.826103034642517
30	42	1.5527984122642375
30	43	2.1689111596235
30	44	-2.8747850942531885
30	45	1.99251825499103
30	46	-3.3714728245872916
30	47	-1.1840189278268238
30	48	-1.276664183606594
30	49	-4.181671288623962
30	50	-0.5638322110458059
30	51	-2.9418393983433773
30	52	-1.3395280992033087
30	53	-2.624736070914552
30	54	-2.8944741530942117
30	55	-0.11354600677070098
30	56	-1.8129099531894077
30	57	-0.8360540099450211
30	58	-2.2611912058637262
30	59	-1.163018607293549
30	60	1.0942503053848642
30	61	1.0178224642444624
30	62	-0.6156438874336502
30	63	-2.3696728473646433
30	64	-1.142090515613334
30	65	1.813843099216118
30	66	-0.30350327797368026
30	67	-1.6442913223796658
30	68	-1.2225488659213006
30	69	0.6421211942448417
31	31	NaN
31	32	4.104317374127907
31	33	0.1564249948904199
31	34	-0.31482488314626395
31	35	4.15994873964735
31	36	0.6295468939199103
31	37	-2.014873273096407
31	38	-3.3563518435132154
31	39	-1.3697360999436303
31	40	-1.3000478202068853
31	41	-0.9593861816784479
31	42	-1.033488076684423
31	43	-2.349176064224239
31	44	-1.8405441975670043
31	45	2.227789121040115
31	46	-0.7875468933923887
31	47	2.715914104466024
31	48	-0.46908705178216964
31	49	0.08482061167321191
31	50	-0.15515617409644597
31	51	-1.5944889250107692
31	52	-0.9165111780573231
31	53	0.008395478999368426
31	54	1.4003361783929857
31	55	-0.26401981821708204
31	56	1.6272019373733984
31	57	2.7167114515732447
31	58	-3.2237848785804673
31	59	-2.1257554864185337
31	60	-0.1612135811212365
31	61	0.6489807355471524
31	62	1.0090247674791322
31	63	2.0696176658290075
31	64	0.916173104639185
31	65	1.504923025642
31	66	-3.112400260990998
31	67	1.1894387072877761
31	68	-0.516999593494586
31	69	2.189006528691801
32	32	NaN
32	33	5.6755530046477105
32	34	-0.9812929569260528
32	35	-1.0340225992659262
32	36	-0.553665390390626
32	37	0.5822676122536068
32	38	0.6427515801851978
32	39	-2.450456482375713
32	40	-6.369934660779654
32	41	-2.238881116810105
32	42	5.433352545473883
32	43	2.693141088169941
32	44	-1.7824810006543854
32	45	-3.0043767711323524
32	46	4.676583208779244
32	47	-0.0831754741620896
32	48	-2.2449743590304485
32	49	-3.1203517909067684
32	50	3.488417602908867
32	51	0.04179988648316829
32	52	-3.2909003506346246
32	53	-1.043902198762897
32	54	2.0409532618134634
32	55	-0.21943473485685983
32	56	-5.096394146037503
32	57	2.866883312576682
32	58	1.2592068968078898
32	59	-0.5157164096376968
32	60	3.1530412612006793
32	61	0.02707398272313326
32	62	3.2395435148559355
32	63	0.675371519190417
32	64	3.6062927674251837
32	65	-0.867092739544115
32	66	0.012937921294980092
32	67	4.19908040053554
32	68	0.15633297166120994
32	69	-2.629072948614758
33	33	NaN
33	34	1.9190732076647639
33	35	-1.007656234023706
33	36	1.8790200284149905
33	37	0.7731163418710608
33	38	1.0246178291905406
33	39	-2.1530800967837544
33	40	0.32670426058098684
33	41	-2.615846764652966
33	42	-0.2417180217037553
33	43	1.3793397227639417
33	44	-0.18723578136798386
33	45	-3.3179717846430345
33	46	3.2075027881258884
33	47	-2.153981837951717
33	48	-0.4280594010211511
33	49	0.8279892620929695
33	50	2.167170219106495
33	51	1.2000350988464343
33	52	-2.273201584891427
33	53	-2.5332218126020516
33	54	0.5995876542724506
33	55	-0.9242961758017395
33	56	-0.6399969569008594
33	57	-4.573323726755637
33	58	-0.3640107960796937
33	59	2.5629261718919842
33	60	-2.1778492918240624
33	61	-1.2609699126507403
33	62	2.728966625730423
33	63	2.8403228610879645
33	64	-3.98262728070806
33	65	2.017282761127097
33	66	2.2315623353986322
33	67	3.8999287401753375
33	68	-0.9489774953204159
33	69	-0.9526923283411447
34	34	NaN
34	35	-0.6432156661850793
34	36	1.943491850896715
34	37	-0.09833475894754898
34	38	-2.5144865243930266
34	39	-3.4551652503465955
34	40	-0.07479653509801124
34	41	-1.2028699344647404
34	42	0.3331014336874647
34	43	0.21551054359230945
34	44	-1.8952592911959565
34	45	1.7633716403911421
34	46	-4.645819082926628
34	47	-3.0994165096640662
34	48	2.0092341044035877
34	49	-2.709356262046837
34	50	-0.3084957006492314
34	51	-1.0662950797552184
34	52	-2.340703567433634
34	53	1.370407634160784
34	54	-1.9295390438793372
34	55	0.041824236958079325
34	56	-1.4561148116924825
34	57	-0.4548875831552962
34	58	-1.1032560351680432
34	59	0.34590189968028656
34	60	-2.3836683349369707
34	61	0.0788533523363944
34	62	0.8609222618992989
34	63	4.24295862352093
34	64	-1.9771453556981053
34	65	0.9340261529843764
34	66	1.6600764661792455
34	67	-0.681364399426546
34	68	3.554871672782793
34	69	0.05321376278010314
35	35	NaN
35	36	-1.7714231385173282
35	37	1.8091341989411
35	38	2.187141677813076
35	39	-0.6701992700194387
35	40	-0.570419818411798
35	41	-0.9386130563896655
35	42	-3.4919265541263784
35	43	-0.940431455267302
35	44	-1.6555555476499402
35	45	-0.1597078949851179
35	46	-0.9099382479479293
35	47	-0.49976986912452154
35	48	-1.0229252406409084
35	49	2.550295732614988
35	50	-1.3763932893998194
35	51	-1.7685954590116069
35	52	3.675692829001335
35	53	0.17794829507678275
35	54	-1.3376196344098554
35	55	2.207958954193004
35	56	1.7498989030540821
35	57	2.3082976892140206
35	58	-2.5174701570209512
35	59	-2.0165673329356237
35	60	-0.17918793146973752
35	61	0.30681624334639035
35	62	-0.5843359779066073
35	63	-3.630005197926127
35	64	-2.8823880765844123
35	65	-2.3901179387181877
35	66	-0.055068961718586565
35	67	-0.9031317624148726
35	68	-0.9962220431002807
35	69	-1.8908694328656985
36	36	NaN
36	37	0.05273377341580403
36	38	-0.2699501693807514
36	39	-1.9885470841829525
36	40	-1.4321861402523666
36	41	-3.7059027728695915
36	42	-2.0287052001639636
36	43	-2.741982123424888
36	44	0.187187629763081
36	45	-2.1329302479314824
36	46	1.8194128571044035
36	47	-1.3181027885391134
36	48	-0.8039658706177747
36	49	-3.7326499857769426
36	50	-1.7205165755879992
36	51	0.12327342982970835
36	52	-0.009677294589190217
36	53	-2.262965973819175
36	54	-3.825030496827302
36	55	-2.110445166819424
36	56	-0.054389653355558495
36	57	-1.7236770239259218
36	58	0.09965114119172917
36	59	0.7605810547887146
36	60	0.01305943104583546
36	61	-1.4824427384327525
36	62	-0.7469848459420998
36	63	-2.0082058069344177
36	64	-2.482751344365282
36	65	-0.679532702714491
36	66	-2.8302346988326836
36	67	1.281052307857351
36	68	-1.2707396514496596
36	69	-0.44174394817703855
37	37	NaN
37	38	1.6608852438197095
37	39	-0.319876300571721
37	40	-3.4863201799933683
37	41	1.7165494974980708
37	42	-1.7009497521476311
37	43	1.5522953630845484
37	44	1.62625536270349
37	45	0.6879063962514498
37	46	-0.502688537231278
37	47	-1.5046517858071857
37	48	-0.678485291638807
37	49	0.9925799955088592
37	50	-1.9892577566476013
37	51	-3.777390701829004
37	52	-0.8956193075312846
37	53	0.04756237882262152
37	54	4.839919769175096
37	55	0.3342010206723745
37	56	-1.4207902596252686
37	57	1.1817646910938928
37	58	-1.0530245379666723
37	59	-0.6608000020602914
37	60	-4.715297550632089
37	61	-1.12168430064966
37	62	-0.507725872399486
37	63	-2.2912399150565053
37	64	-1.2310301548065898
37	65	-1.10692944697385
37	66	1.3059375081068276
37	67	-0.8285402658607981
37	68	-3.531992017564284
37	69	-1.8425613432364265
38	38	NaN
38	39	1.0307538888133934
38	40	-1.628520262898259
38	41	-0.7386698940444703
38	42	-0.062039030277440406
38	43	0.5733840052044294
38	44	0.2874524191476676
38	45	1.377015648700629
38	46	-0.025906821896693487
38	47	0.34323774168069104
38	48	-3.4829016181390213
38	49	2.667186891501173
38	50	-0.5740250831055851
38	51	0.7692380615630703
38	52	2.4991377924213958
38	53	0.6248163513459336
38	54	0.15341624138627954
38	55	2.2427953111383423
38	56	1.0863429037416334
38	57	1.0828856427286935
38	58	-4.826936458266141
38	59	0.01863758311782899
38	60	-2.963215598392105
38	61	-0.007605154685264436
38	62	-2.287112464628489
38	63	-0.9825084316145697
38	64	-0.6718791183191976
38	65	1.303489131803935
38	66	-0.6651228775758005
38	67	0.049163676053436974
38	68	0.02499047623860143
38	69	0.44214778237833585
39	39	NaN
39	40	-1.39414067762868
39	41	0.29617940404884563
39	42	-0.9381891120511561
39	43	-0.5911809822149156
39	44	-3.1844551794022005
39	45	0.19331094147558422
39	46	4.505798940574043
39	47	-4.898507995174281
39	48	1.2818807041322613
39	49	-0.3975180138085075
39	50	-0.8095245596645488
39	51	1.505266947310457
39	52	-3.113362892090469
39	53	-2.2958130136151285
39	54	0.9142077364436333
39	55	-2.1205187613727317
39	56	-3.069748924229151
39	57	-0.9753697739896979
39	58	-3.312476553179278
39	59	-0.6438239543847866
39	60	-1.2545890476414974
39	61	-1.1882537208799866
39	62	1.8094900769299604
39	63	0.08577890369482957
39	64	2.7263145440749668
39	65	-1.2723017951551765
39	66	-2.0804402970650844
39	67	0.7962957204984231
39	68	3.7164757775251
39	69	1.9125617815113582
40	40	NaN
40	41	-1.024923131356542
40	42	-0.8386580348485357
40	43	-4.163802959182264
40	44	39.4087515263703
40	45	-1.0522458630405802
40	46	1.1218289466122418
40	47	-2.3669803342873577
40	48	2.0222459965586785
40	49	-0.005280616590596999
40	50	1.962973207119318
40	51	-0.45593493546855435
40	52	6.431411924920263
40	53	-1.7387308346642605
40	54	-0.6837241680885086
40	55	-2.131543847748276
40	56	-0.9023677749028243
40	57	-2.927373587052327
40	58	-0.2842103118317414
40	59	-1.9783399594643978
40	60	-0.9383769424209938
40	61	-0.9224359272569268
40	62	0.5739363300426406
40	63	1.8301750763298554
40	64	0.5027686947930118
40	65	1.4268221539450319
40	66	-2.919123560594431
40	67	-0.9682418890819049
40	68	-0.09036753543830268
40	69	-0.09389455275564118
41	41	NaN
41	42	1.6550947717704285
41	43	-1.5243921754160021
41	44	-2.9713601584300067
41	45	-2.1311877573234748
41	46	1.6426043462768842
41	47	-0.7366147949515788
41	48	0.3544422680623075
41	49	2.3792422713591272
41	50	-0.4219459061248547
41	51	-2.0904073280240225
41	52	-0.5332023174277734
41	53	0.8647006875705066
41	54	1.5909768757129688
41	55	-1.0694111427461905
41	56	-1.9402403859644974
41	57	-1.7683174157904777
41	58	0.5415300928248286
41	59	-1.1874731192678991
41	60	1.4860878218809093
41	61	-0.5106281478799923
41	62	0.6087231202787953
41	63	0.9578686392628278
41	64	0.06055616630192789
41	65	-3.5462698137135
41	66	0.3628158579811004
41	67	-2.071413300380187
41	68	3.599745179923887
41	69	0.02752697933773175
42	42	NaN
42	43	0.8162046185590115
42	44	1.4391175552466666
42	45	-1.0326958705145097
42	46	0.8593051748449351
42	47	-2.3499163703488706
42	48	1.67419524827742
42	49	-1.5680135363903593
42	50	-0.2878533352277159
42	51	2.4616215909976327
42	52	-0.7950589127383157
42	53	1.1105248854332364
42	54	2.663057224935051
42	55	2.4775651188368792
42	56	-2.2204904497228206
42	57	2.0253223440045565
42	58	-2.92640592269779
42	59	-1.9529168981476372
42	60	0.8334915605679988
42	61	1.089943663922425
42	62	0.7024167231993064
42	63	1.2760316918092038
42	64	1.4236843490019033
42	65	1.7284814182211443
42	66	1.1494527253706959
42	67	-1.9714304398066875
42	68	1.5360037603366559
42	69	1.4472432476088486
43	43	NaN
43	44	-0.8486184925246969
43	45	2.8676839725027006
43	46	1.4958796742952205
43	47	1.350616224941486
43	48	-1.4558132520399625
43	49	-2.527133810119155
43	50	-0.9967716849342023
43	51	5.215118295130241
43	52	-2.0186152334975107
43	53	1.4250849440679108
43	54	-2.7282900590110337
43	55	-2.5966200523391736
43	56	0.7658075403523095
43	57	-1.0338644232390082
43	58	-0.7139202690095868
43	59	1.0912163998457993
43	60	1.8287351914121768
43	61	0.09018926355973587
43	62	-2.0257853925027907
43	63	-0.4710606837974694
43	64	3.221537427529732
43	65	0.03275662755041074
43	66	1.5274733685131476
43	67	2.4027226030727027
43	68	-0.8407922571475639
43	69	1.9368866591120844
44	44	NaN
44	45	-0.2080832286021195
44	46	-0.8247025270547554
44	47	1.0343281627643173
44	48	-0.8370991527225339
44	49	1.3047307616303117
44	50	1.3650130177379096
44	51	-4.2328659624464136
44	52	0.8061837678588991
44	53	-1.1121589844156567
44	54	-2.877602154142313
44	55	-0.49305519529519426
44	56	0.07518691703813951
44	57	-2.4190577517664753
44	58	-1.247902554186837
44	59	2.7588211885199287
44	60	2.108262767544468
44	61	-1.9237044033321482
44	62	-2.0118483414482276
44	63	-0.6565750830160669
44	64	0.5174853470574279
44	65	-2.006158071855585
44	66	0.5398314652053599
44	67	-1.7558545051166192
44	68	-0.42984147195630207
44	69	0.7234111060597089
45	45	NaN
45	46	5.590734683956844
45	47	-1.2572178946940042
45	48	6.344271033253769
45	49	-0.9553120947074151
45	50	-1.010502048001952
45	51	-1.6078544289615204
45	52	-0.7317819577048031
45	53	0.45936609860494515
45	54	-0.2645600264793047
45	55	-2.42491194006243
45	56	0.36975169701768495
45	57	-1.9144219196195598
45	58	-0.954030833096245
45	59	0.29190293388571736
45	60	3.1877826093506076
45	61	1.5823941354642574
45	62	-0.8944872612141723
45	63	1.8453563291210693
45	64	2.2234357879071496
45	65	0.29974411836553566
45	66	1.3112934017277826
45	67	-1.845922115712499
45	68	0.22487154383865798
45	69	-0.31046172908472264
46	46	NaN
46	47	-2.3211734503753187
46	48	2.2565081098422186
46	49	2.624648570882236
46	50	3.487306770500232
46	51	0.09462358009222303
46	52	-1.195361812469916
46	53	-1.0122446000772873
46	54	-0.742810355005138
46	55	-0.7968012037541585
46	56	-2.7322156142665084
46	57	1.183723850118855
46	58	1.3514590663621135
46	59	-2.3952509866224987
46	60	-1.8508414541783462
46	61	4.783006856542414
46	62	3.755029004763458
46	63	1.5117089982613379
46	64	2.604604190406834
46	65	-2.172499682782749
46	66	-0.4538634570485858
46	67	0.9686589958618947
46	68	-0.8850860509711468
46	69	-1.1293519209738738
47	47	NaN
47	48	-0.3444278722299575
47	49	-2.151541910558257
47	50	-0.3068486114077383
47	51	0.13077883042641425
47	52	0.8259936323509981
47	53	0.29278812048137265
47	54	-0.5445281954395597
47	55	1.9732435011878122
47	56	10.03557947281975
47	57	0.4534927733950648
47	58	20.629290572883196
47	59	-2.1330101070211924
47	60	-0.8485926426367381
47	61	0.8838183082570323
47	62	-1.0420833748743106
47	63	7.436836403153995
47	64	-1.40281326074409
47	65	-0.27119454308292695
47	66	-1.0665770134347998
47	67	0.4412778561409011
47	68	1.3186645061237028
47	69	2.469774109045453
48	48	NaN
48	49	3.266798388837653
48	50	3.6920427477779145
48	51	3.2665123572953747
48	52	-0.7119407767097483
48	53	3.7255234421669283
48	54	-1.1740849089282634
48	55	-1.3406581876318981
48	56	-3.0691197309321074
48	57	1.91193602706854
48	58	2.8179738288276748
48	59	2.6027654898526005
48	60	0.43488457324197777
48	61	-2.008611537903445
48	62	0.11891869668620082
48	63	-1.905143919176222
48	64	1.5725155799973485
48	65	-1.197668690359414
48	66	0.9079755539888001
48	67	-0.8074583559058567
48	68	-0.05321249739897244
48	69	1.2595293164622319
49	49	NaN
49	50	1.704289593339851
49	51	2.6555017589124366
49	52	1.014893609218604
49	53	0.09813404959126658
49	54	2.7249737208621294
49	55	1.2555662207588594
49	56	1.8660872303787939
49	57	1.6925719124887
49	58	2.0749350024617947
49	59	-2.4816357704642846
49	60	2.4316954299597238
49	61	-0.16070943681989713
49	62	-0.4398322795799671
49	63	-2.457587409467478
49	64	-1.8310790900895557
49	65	-3.38056069835561
49	66	0.6387736696508471
49	67	-3.368061187374604
49	68	1.218366563820568
49	69	-3.270077331715973
50	50	NaN
50	51	0.8364185728723328
50	52	-0.37786368717281466
50	53	-0.13117189235800225
50	54	0.01653157526936545
50	55	-2.251744098139337
50	56	-2.1628171502868394
50	57	-3.510435367130399
50	58	1.8897565846036712
50	59	1.8343784000190404
50	60	-0.09026067806484919
50	61	-2.064370015376925
50	62	0.19745029663142152
50	63	2.6304862862009397
50	64	-3.5426995295939583
50	65	0.7364553691209833
50	66	0.4941763108754804
50	67	0.434795770828252
50	68	-1.1710042911995941
50	69	-0.43213895903697885
51	51	NaN
51	52	-1.488101315320918
51	53	-0.4808118103839668
51	54	2.6034519983914315
51	55	-2.7003785070319486
51	56	0.9775990919834014
51	57	-0.9775730436786529
51	58	7.270258120911511
51	59	2.9726247696925356
51	60	3.429264231538545
51	61	2.72650447506757
51	62	3.6876360351409754
51	63	1.3125093401430228
51	64	-0.7319882134537214
51	65	0.2729897904751283
51	66	2.7440968775881838
51	67	0.8118188486392653
51	68	0.43926638869463597
51	69	-2.6891875142500337
52	52	NaN
52	53	1.2721755060778381
52	54	-1.1064979681033809
52	55	3.4768055873181565
52	56	3.96294440941946
52	57	0.8192709491630276
52	58	-1.961160965772601
52	59	0.506837731009798
52	60	-2.352876091981351
52	61	-0.6981345956032291
52	62	-3.654990899436274
52	63	-0.5661946978751299
52	64	0.11248853516729844
52	65	-2.3133306410118
52	66	-0.011000227123377636
52	67	-1.7996808695519892
52	68	-0.7933021138377396
52	69	-2.1887579232986516
53	53	NaN
53	54	-0.4907786655584127
53	55	1.786017381341502
53	56	0.10742886163137824
53	57	1.1634097352071358
53	58	-4.0391332913115106
53	59	-0.2928361687314107
53	60	-1.4531151746947786
53	61	-0.3307181816328929
53	62	-1.5059175691959743
53	63	-2.4940946432081352
53	64	-2.447665986969343
53	65	-0.051342416316432826
53	66	0.46767960293354843
53	67	0.07287258504502898
53	68	-3.109005665913913
53	69	-1.6681083258650378
54	54	NaN
54	55	1.1483504241739075
54	56	-0.8248985025950648
54	57	-1.3958178996468515
54	58	2.057015298851282
54	59	-1.8413654241796464
54	60	-0.9555462197541676
54	61	1.3578973896921633
54	62	-0.9285083900137608
54	63	1.89214979722597
54	64	1.0902800241285613
54	65	10.288530966323398
54	66	1.0356566381395464
54	67	0.797597688288334
54	68	3.4967949173874557
54	69	-1.352164486854883
55	55	NaN
55	56	0.143464612158872
55	57	3.5428152535064794
55	58	1.3983420992537998
55	59	0.8185856565225678
55	60	-1.3360496169116411
55	61	-1.441991846301879
55	62	-1.2221962872493655
55	63	-3.169048148031853
55	64	-0.30805793285677563
55	65	-2.431177301415402
55	66	4.235673202977917
55	67	-0.5641683793978591
55	68	-0.21050717895684834
55	69	-0.1322526628408318
56	56	NaN
56	57	-1.9786730497794962
56	58	-2.3526020682722133
56	59	-2.1480134097247237
56	60	-0.21209292650896044
56	61	-0.29951301765480787
56	62	-3.612889621858164
56	63	-1.5262629508503918
56	64	0.552758367646374
56	65	8.607047949510326
56	66	-0.5946923696922116
56	67	-1.3286325363014926
56	68	-0.6347363105179152
56	69	-1.5023243887586917
57	57	NaN
57	58	1.5374954719058411
57	59	0.18458587845773453
57	60	-2.610257004961289
57	61	2.486874777046849
57	62	-0.9852662549708827
57	63	1.8377044606522723
57	64	1.4903387946562425
57	65	-3.371319171054605
57	66	-2.787781958991814
57	67	1.410783414402213
57	68	0.09376077426497408
57	69	-0.8413368543910972
58	58	NaN
58	59	1.6274750445379738
58	60	0.9536807599035324
58	61	-0.7518402368508771
58	62	2.0230491979149994
58	63	-1.1794734755555212
58	64	1.919246760739361
58	65	2.255109530144277
58	66	-4.488843630063404
58	67	0.872053217252686
58	68	0.4068602884732189
58	69	1.3080492397122665
59	59	NaN
59	60	2.5767512534911905
59	61	-1.029087314440524
59	62	-0.8661112767619563
59	63	-1.9706407136789812
59	64	-1.3078480128084768
59	65	-2.8872044381517243
59	66	-0.574518629014329
59	67	-0.9578096959029766
59	68	1.5673745370969796
59	69	-0.34006533284468343
60	60	NaN
60	61	0.32257928530680735
60	62	2.150166921111208
60	63	0.7903209649690309
60	64	0.06931483458427015
60	65	3.0681127310395215
60	66	-0.9568335652832268
60	67	3.1104046685010056
60	68	-1.5901576107245063
60	69	-0.6030863249015234
61	61	NaN
61	62	-2.463591486863977
61	63	2.738792555564156
61	64	0.9288120295046706
61	65	-0.7224794434530467
61	66	3.554144526548547
61	67	-1.5456762050600492
61	68	1.947856654004209
61	69	2.4754707466346124
62	62	NaN
62	63	0.7115179003452629
62	64	4.1608920360688915
62	65	1.4818744305979752
62	66	-3.331183858851286
62	67	1.681730371670448
62	68	-2.167373699630799
62	69	0.4524760004086075
63	63	NaN
63	64	-1.1081684464730341
63	65	1.2246854293383975
63	66	3.0125165374014036
63	67	1.0974256907908801
63	68	-1.9623350013645866
63	69	-0.6392987920214859
64	64	NaN
64	65	2.598835954704062
64	66	-1.5153235712965145
64	67	2.8741570085285
64	68	3.4379279134576826
64	69	0.8292921845740824
65	65	NaN
65	66	-0.2508645054885571
65	67	-0.3740844164392463
65	68	0.4045491298995788
65	69	-0.24404475614448273
66	66	NaN
66	67	1.4808757306571736
66	68	-0.05805312037153977
66	69	-0.3846316744946185
67	67	NaN
67	68	2.423168198495851
67	69	1.6394070408016594
68	68	NaN
68	69	1.7366412299465268
69	69	NaN
