1	1	NaN
1	2	-1.3489026810872995
1	3	2.643992368787561
1	4	-0.042865901254232126
1	5	9.179791369075962
1	6	0.06244658798471556
1	7	8.579932957400317
1	8	0.04385354381407014
1	9	-1.022509960583516
1	10	-0.7649599878114611
1	11	-0.569239154342279
1	12	0.11194041658376452
1	13	-0.11648456160667825
1	14	-0.08115513552793958
1	15	-1.2893263034314961
1	16	-1.5718121894991164
1	17	-0.7378970417823525
1	18	-0.017051858751845703
1	19	0.5310396114789325
1	20	-0.4543636493125936
1	21	0.8352263053395385
1	22	-0.7933713540498873
1	23	-1.305330833875732
1	24	0.28307042795985865
1	25	-2.5678353798265294
1	26	-1.5390967138503997
1	27	-1.6204712147461802
1	28	-1.3319226512595097
1	29	-0.7479199707211381
1	30	-3.1516141545388403
1	31	-0.7371217125223742
1	32	0.2519128396136913
1	33	-0.8347279624762912
1	34	-1.5604062391236322
1	35	-0.28461466751770237
1	36	-2.336468479701367
1	37	-2.0624443782941575
1	38	3.5606348049787013
1	39	0.7350373099372086
1	40	0.2052529838060036
1	41	-0.2061698549710806
1	42	-0.48476239864939186
1	43	0.16832981823806425
1	44	-0.5268677936579134
1	45	-2.365257872694988
1	46	-0.5129901064189597
1	47	-0.3834669544188732
1	48	-0.3086833424864951
1	49	0.10993151588729648
1	50	-0.8691704659070684
1	51	1.1744840689425158
1	52	1.8463079277970584
1	53	-0.3972010308980551
1	54	0.18415429563893668
1	55	-0.35139978454113086
1	56	1.2738341316058415
1	57	0.4066933254084488
1	58	2.369972252337365
1	59	-1.872042272208771
1	60	1.7250500087415754
1	61	0.276241911511911
1	62	0.40972172726837275
1	63	-1.1731693533796588
1	64	-1.3152473876087285
1	65	1.47531862172386
1	66	-0.22050023361995058
1	67	-2.317268849500524
1	68	2.105630178099623
1	69	-1.948367653647175
2	2	NaN
2	3	0.21938076103645138
2	4	1.3538708971421616
2	5	-2.4559631109723696
2	6	-1.23786516390867
2	7	0.2732625312101868
2	8	-0.7401340377445284
2	9	-0.9929274692438355
2	10	-3.1004778089147536
2	11	1.62751409270419
2	12	0.3800049777151912
2	13	-0.5084741447946929
2	14	1.220758065812788
2	15	0.28667272790395437
2	16	-2.1879650827460466
2	17	-1.5666898930938995
2	18	-2.18561878509152
2	19	1.0521888262235248
2	20	-0.19329968151979768
2	21	0.010421616534520672
2	22	0.47876492329316017
2	23	-0.20191533610242993
2	24	-1.3175974556449495
2	25	-1.654537279704164
2	26	2.0676129907675467
2	27	-0.7010200859415154
2	28	4.353228686045628
2	29	-0.7138654686602177
2	30	-1.2384200962524483
2	31	2.7450035338703707
2	32	-0.10816248573603221
2	33	-3.0331031147527545
2	34	-0.6527483551584318
2	35	-0.7788870856116921
2	36	-2.4165285291491325
2	37	1.4142946460890398
2	38	0.7208099312360701
2	39	0.130875961937991
2	40	-4.340538508363925
2	41	1.161461929273869
2	42	2.6840900356501853
2	43	-0.24779336283838355
2	44	1.1960266300890419
2	45	-0.18258433797733645
2	46	1.2156843504205346
2	47	-1.1805176186120074
2	48	-2.23171311825145
2	49	-1.5111446682863814
2	50	1.6731475267328713
2	51	0.397615307114527
2	52	-1.7250339444728344
2	53	-1.2308089970172953
2	54	0.017908118531419236
2	55	-1.5777779252806123
2	56	-3.791195678580121
2	57	-2.2479293303112535
2	58	0.389862861958072
2	59	1.3136054204638155
2	60	-2.207649695149763
2	61	26.53461873160583
2	62	2.6463999256270863
2	63	-0.9289501652483024
2	64	0.763537538207708
2	65	-4.0712629003897804
2	66	1.204319791347214
2	67	-1.675179073107193
2	68	0.3352379536981052
2	69	-2.1842849444300643
3	3	NaN
3	4	-0.5130077215522467
3	5	1.5910523511421766
3	6	0.17370975702978964
3	7	0.17306582386054262
3	8	-1.4690200497494266
3	9	-1.9745295051752914
3	10	-3.917303374564538
3	11	1.637108848483507
3	12	0.6369293116328686
3	13	-1.0443113601447185
3	14	-0.33521806645899566
3	15	-1.3437547535361707
3	16	1.2439625837591501
3	17	-1.8358395028196395
3	18	1.9938767422669614
3	19	-0.6755648907067616
3	20	-0.07215538036548996
3	21	2.254434171224621
3	22	2.179819298827429
3	23	0.019089002690945676
3	24	-1.4496501188074558
3	25	-0.8131127155401507
3	26	1.9488596233696718
3	27	-1.0290719537084774
3	28	0.13948007870159304
3	29	-0.7641165841850681
3	30	-4.197026605620463
3	31	-1.0021094379331152
3	32	1.205007427621994
3	33	-2.378946489981375
3	34	2.137849826347287
3	35	-1.7076391087447627
3	36	-1.8128430953743866
3	37	0.29584845553600775
3	38	-0.9507758642907479
3	39	2.836137710002356
3	40	-0.5166670566571109
3	41	1.813583856298082
3	42	1.4762975107738547
3	43	1.0556908780559762
3	44	1.8527168551337094
3	45	2.0290268641431095
3	46	-1.773608036629251
3	47	-0.537981489253072
3	48	-0.34389334705496805
3	49	-1.4194034224812395
3	50	0.8299792841174133
3	51	1.0308937825365565
3	52	-0.41246665017289413
3	53	-1.0516907317946105
3	54	-0.6808369415261009
3	55	-1.776869983192793
3	56	-2.1954360592020143
3	57	-1.4998656338428777
3	58	-1.1871050107100778
3	59	1.1234572326292582
3	60	3.9349828062568535
3	61	2.203344387548258
3	62	-0.10205718204434026
3	63	0.8679065030222127
3	64	-2.3824965400635256
3	65	-1.6888638632288488
3	66	1.4734434765241309
3	67	3.9550595164109814
3	68	-1.1332933684248876
3	69	0.6804560667425449
4	4	NaN
4	5	-0.019182453599460112
4	6	3.131920312175802
4	7	-2.0467460945131557
4	8	-0.8835179514576472
4	9	0.6837288029884449
4	10	2.338404211579585
4	11	-1.5088070447366289
4	12	-2.6916187000921563
4	13	-0.30714958674587245
4	14	-1.7565551121311394
4	15	0.36154530565013987
4	16	-2.542925647955327
4	17	-1.0334501014088495
4	18	-1.186241492801717
4	19	-1.9825067919745074
4	20	-0.327033497549214
4	21	0.24233580863291004
4	22	-2.7957792919524844
4	23	-2.689621507630337
4	24	-1.0067528329384756
4	25	-2.8714209626187075
4	26	0.9633773086520006
4	27	1.8641938815748416
4	28	1.176364864839257
4	29	0.15217383283946992
4	30	1.6962738930872199
4	31	-3.242614619602393
4	32	0.5282730773827377
4	33	3.9382402848306826
4	34	-0.07089892680919137
4	35	-0.5427668064825967
4	36	0.13671956946452005
4	37	-0.9452302551768151
4	38	-1.2806314867681274
4	39	0.008880389427011599
4	40	-0.6222654134362674
4	41	0.07675436670670495
4	42	-0.8033175903031474
4	43	-1.858574944276892
4	44	-0.6130381870865395
4	45	0.2482710971112177
4	46	4.453716271571674
4	47	2.227057976098341
4	48	-0.9530244828764187
4	49	0.21476461264484584
4	50	0.6938173539019566
4	51	-1.6717354294762061
4	52	1.7474179244425443
4	53	0.6380979582915766
4	54	-0.6197642140201172
4	55	2.880789084344715
4	56	1.6603849590350732
4	57	6.369180752367168
4	58	0.9794810053251163
4	59	8.448674394319463
4	60	-1.0131249559624202
4	61	0.021367476330706753
4	62	1.1363138457827824
4	63	-1.5738757674312367
4	64	-1.1673239588205644
4	65	0.06255594883697935
4	66	-0.0889057846053537
4	67	-1.8000828503978386
4	68	-0.9744920057020492
4	69	-1.3419039751402642
5	5	NaN
5	6	-1.8773432595365556
5	7	0.21228363849225082
5	8	-3.2739408133330343
5	9	-4.585036874468715
5	10	-4.835173155360372
5	11	-1.302135294592158
5	12	-1.9113304510141333
5	13	-0.8292921511200086
5	14	-0.43697874368133705
5	15	0.4702882779218381
5	16	1.5239831131405648
5	17	-3.2803021732291566
5	18	0.22836598428164148
5	19	-2.3542012563203794
5	20	0.46093753561935963
5	21	1.253642361252546
5	22	-2.706820901362299
5	23	-0.16656500893230433
5	24	-2.9052667322079646
5	25	-4.686727589289103
5	26	-3.5725654082298726
5	27	-3.04655283950716
5	28	-0.9239611214442528
5	29	-0.720671459690109
5	30	1.3897561787730768
5	31	-2.3142123057037223
5	32	-3.163982001701385
5	33	-0.5525648821354527
5	34	25.15220729609789
5	35	0.6332705588412142
5	36	50.79473247853561
5	37	-1.3264684494356394
5	38	-1.8027833669666913
5	39	0.8347144470302822
5	40	-2.5139384649528704
5	41	-2.0236312771376683
5	42	-1.2040390374321468
5	43	-1.0085394222731532
5	44	-0.7020365370596423
5	45	-1.866027342636964
5	46	-2.4215765446806614
5	47	-0.7699789595479767
5	48	0.3053674275874949
5	49	-1.3128898419270605
5	50	-0.5939707831433338
5	51	0.9593240880649837
5	52	-4.331364129850418
5	53	-4.239877631882746
5	54	-0.8906361863593035
5	55	-3.0084716005022707
5	56	-2.9311611731270486
5	57	-2.819184624400609
5	58	-2.818200436385951
5	59	-0.683808382599538
5	60	2.4128050805684453
5	61	-1.8075962429684773
5	62	-0.4476792590570478
5	63	1.6638640568145169
5	64	-1.1339038217239839
5	65	-2.7656743528291488
5	66	-0.35795579852378373
5	67	-2.91329999923008
5	68	-1.6007205968488822
5	69	1.945526707726573
6	6	NaN
6	7	-1.9369492617351873
6	8	-1.3995452975416778
6	9	2.0502132040680334
6	10	1.0059799285937063
6	11	0.44191461781156377
6	12	-4.062908987934532
6	13	0.2034432383489845
6	14	1.1601034787960107
6	15	-2.552981905601564
6	16	-0.6494252359555754
6	17	0.572880478211219
6	18	-2.0342132122457404
6	19	-2.669069165292312
6	20	1.3939730255139338
6	21	-1.17939980441085
6	22	-2.6283053775206917
6	23	-0.09807458673033378
6	24	4.451854218360255
6	25	-3.414382049149343
6	26	-4.115493620830636
6	27	2.006324908849537
6	28	-2.0315175273728223
6	29	-2.1027488479172427
6	30	-1.1025149076573335
6	31	-2.911464682208313
6	32	-1.9848383270433383
6	33	3.5402156436374006
6	34	-1.6877174344107475
6	35	5.462148257714347
6	36	-2.512619368874819
6	37	-0.5192682947053836
6	38	2.3440653864880536
6	39	-2.5870104494621464
6	40	5.28834915623883
6	41	-0.8567135862522302
6	42	-2.7601684326984617
6	43	-0.5298019855704769
6	44	0.6095745343211101
6	45	-3.6616149854898814
6	46	-1.9239141233329735
6	47	1.8025730235109636
6	48	-0.04094017803046766
6	49	3.68462946382055
6	50	-2.47810689038865
6	51	-2.956556390155858
6	52	4.694520463238089
6	53	1.0830969778840667
6	54	0.7100623070435411
6	55	2.8761627072784948
6	56	4.883252353358454
6	57	5.905459816452731
6	58	-2.034643627195175
6	59	-2.891164333226308
6	60	1.4233718563070579
6	61	-0.19709639697985223
6	62	-1.3040778340046726
6	63	1.043952101206713
6	64	-1.3131790062862982
6	65	2.971258741647221
6	66	3.26621917813691
6	67	-1.6862805201485196
6	68	-1.8655241611806617
6	69	-0.8760590982356544
7	7	NaN
7	8	-0.2723902640804656
7	9	-1.9872323207842688
7	10	-1.4892823759404077
7	11	-1.3200201319689553
7	12	-1.2626760733201179
7	13	-0.0005725206720759095
7	14	-0.18218714718520435
7	15	3.0844097043301146
7	16	-1.1021363548913172
7	17	-2.1324023140658848
7	18	2.863523448424228
7	19	-1.9054393055159073
7	20	-1.5349833738379994
7	21	-2.1094699026107158
7	22	-2.153987105709412
7	23	-0.9637656481090554
7	24	-1.907328839637111
7	25	0.8769825623701852
7	26	-1.820255823875067
7	27	-0.7879116712034581
7	28	-1.8198023130507401
7	29	0.2519936803475166
7	30	-0.8324985142847989
7	31	-2.077395101709232
7	32	0.6980848096088131
7	33	-1.5653235764031532
7	34	-3.5552393393383235
7	35	-1.3885761680108406
7	36	53.03522073690436
7	37	-3.544395441737004
7	38	0.3967244229826591
7	39	-0.10892562872011087
7	40	-1.110747634511948
7	41	-1.233789121455155
7	42	1.7953434300365643
7	43	0.13601353330557364
7	44	-0.2607988895191321
7	45	-1.1551874317363302
7	46	-0.9237827312464522
7	47	-1.4862442064747743
7	48	-0.23604363015593705
7	49	-0.24724851588196958
7	50	0.5358219220490235
7	51	2.6344430432401884
7	52	-2.336593727153737
7	53	-2.2059540629492203
7	54	-3.157331085001305
7	55	-0.13766262511810062
7	56	-2.554234729943589
7	57	-2.2989263431496396
7	58	0.4536773960545276
7	59	0.8626128247924765
7	60	-2.9710962657886513
7	61	-0.9287406838778951
7	62	0.2562786288481707
7	63	-0.9390220570736223
7	64	-0.6379406362214458
7	65	0.38996814190626883
7	66	-3.5138097197480445
7	67	-1.735806432943339
7	68	0.3444121573931539
7	69	0.3245243178603589
8	8	NaN
8	9	-0.5683412500935042
8	10	1.5850759240243664
8	11	-0.4009185409791896
8	12	-0.774250963658667
8	13	-2.908526658776902
8	14	-0.9058909248233221
8	15	-5.366074127485413
8	16	0.606254338993756
8	17	1.6229543556239767
8	18	-0.03194701878168308
8	19	-1.1802457367444328
8	20	0.20572000804195814
8	21	-4.459283670167867
8	22	0.028701372894893364
8	23	0.2570592360773886
8	24	-0.8680100390256587
8	25	-2.067271203692238
8	26	0.910073421374085
8	27	1.1320261589559524
8	28	0.045011789434909924
8	29	-1.3913715488680214
8	30	1.0663150210219685
8	31	-0.786651828454115
8	32	0.0018157534834112167
8	33	0.21765900491250653
8	34	-3.6897660832423544
8	35	1.2256945307821514
8	36	-0.9642524025074561
8	37	19.05939138560812
8	38	0.019775154681321266
8	39	0.8669761768001967
8	40	0.4707750146767829
8	41	-0.006071051446169265
8	42	0.6403828208919576
8	43	-1.250282345643036
8	44	0.52038889292066
8	45	-3.448379425145937
8	46	-3.0789616274246514
8	47	2.638821319083278
8	48	-2.3664967841517615
8	49	1.060177080930876
8	50	-2.033594965084405
8	51	-3.272007427650184
8	52	1.0678710885875589
8	53	21.77263381741136
8	54	-0.2081445453866358
8	55	2.586416377720012
8	56	1.4117810167943
8	57	-1.0005806706011582
8	58	-0.2682612817164855
8	59	-0.030548819751517287
8	60	-2.101663034935386
8	61	-2.906498418431173
8	62	-0.9960392409722035
8	63	-2.223414360170684
8	64	0.3392445646971021
8	65	1.3775893713984548
8	66	-1.6778584686798783
8	67	-2.0414177160782154
8	68	0.8282379565079846
8	69	-2.8037448745488676
9	9	NaN
9	10	3.3762581578669164
9	11	-0.2362372318121436
9	12	-0.4911869747502752
9	13	-0.5266813809413233
9	14	-0.3243400055173138
9	15	-0.9627635714452291
9	16	1.434329475535846
9	17	0.21484788642645114
9	18	-1.920843588303649
9	19	-1.4276077539781615
9	20	0.6480500237276571
9	21	1.0760649771124018
9	22	0.09106320915366226
9	23	0.2792991876320144
9	24	1.695409441809035
9	25	-4.255456032044113
9	26	-1.1881133062814015
9	27	2.8010578912543838
9	28	-2.2348294375650894
9	29	-2.1646727439784645
9	30	2.9403827077789026
9	31	0.7585596603852834
9	32	-3.976852755060586
9	33	0.3582257312575693
9	34	-1.3862826351096813
9	35	2.685889365854225
9	36	-2.681348157994102
9	37	-2.275814074351775
9	38	3.8196911668747533
9	39	0.6243365538450566
9	40	1.5705436227740515
9	41	0.4812320816116246
9	42	-1.4247377802655867
9	43	1.076948186261858
9	44	1.7728992385257787
9	45	-0.9006008377403623
9	46	-2.5195526806220596
9	47	4.58859910520122
9	48	0.8720936365151807
9	49	1.2099828047647727
9	50	-0.4286237911204513
9	51	-2.845536444558054
9	52	5.173123053855586
9	53	2.001641210112896
9	54	-1.0213990421206884
9	55	3.1651866159656703
9	56	1.5854514155095718
9	57	2.391006158444529
9	58	-0.4014356691624512
9	59	-1.3246053559428095
9	60	0.2414755970414488
9	61	0.39477673132480906
9	62	-1.096985424544708
9	63	-1.7354422119418755
9	64	0.22263638653669798
9	65	0.6635947096365734
9	66	3.583590810283042
9	67	-3.787246218035994
9	68	-4.928270986970553
9	69	0.6041982717846897
10	10	NaN
10	11	1.9719448786482352
10	12	-1.4391574125542212
10	13	0.03351347381652791
10	14	-1.5056210921361768
10	15	-1.2853409330119052
10	16	-1.2314539009404961
10	17	33.56364473791252
10	18	-0.653037364576064
10	19	-0.20960501123242736
10	20	0.4448250943742338
10	21	-2.3601760000747207
10	22	-1.4552014516223752
10	23	1.2559408275161008
10	24	2.558821545543088
10	25	0.9362806747942298
10	26	-3.9979389762494737
10	27	2.4722543161248787
10	28	-1.5615436479542988
10	29	-2.984624711593977
10	30	-4.480507365356325
10	31	-4.642352224112205
10	32	-1.5079565134399724
10	33	1.5359654333732948
10	34	-2.623990545189686
10	35	0.5081494933459368
10	36	-3.393246321458744
10	37	0.5660171896226891
10	38	2.856309053039715
10	39	-0.4475108576284764
10	40	2.335017158778879
10	41	-0.1501489908537601
10	42	-2.518758378923791
10	43	-2.549371705623689
10	44	-0.5522377877637773
10	45	-0.5562946996120081
10	46	-3.1718150324559247
10	47	0.9668281630107449
10	48	1.3103399324757157
10	49	3.2595381799664076
10	50	-1.1563325859104594
10	51	-3.2458965201238623
10	52	2.7613510191781163
10	53	0.3856865101958424
10	54	1.197953346424748
10	55	0.2036273650424676
10	56	3.4618349102406007
10	57	3.0983788211544088
10	58	-3.1255877281157014
10	59	-1.3596021447051396
10	60	-3.3651696501924393
10	61	-3.5892633396836287
10	62	-1.6215328151695747
10	63	-1.1276282329710823
10	64	-1.5927565750377268
10	65	0.5083554505903528
10	66	0.22054465024956826
10	67	-1.875063326217561
10	68	-1.411526765700262
10	69	-0.0687812227877372
11	11	NaN
11	12	0.8230630486575133
11	13	0.11268934150308359
11	14	-0.8766069992355838
11	15	-0.7511373811752446
11	16	-2.986176442032872
11	17	4.547323488371745
11	18	0.6029212204383998
11	19	-1.0277884759303944
11	20	-0.14715017979924822
11	21	0.7224297835344571
11	22	0.0832025670094691
11	23	-2.249386427362808
11	24	0.7950198107449553
11	25	-2.3594108588728178
11	26	-0.900478866683823
11	27	-1.5969161689719875
11	28	0.7638202716922746
11	29	-0.7220949653263625
11	30	-0.5498615409511441
11	31	-1.4822045475056178
11	32	-1.6044474772384878
11	33	1.755451040109374
11	34	0.3857758018759282
11	35	0.3614056015446923
11	36	-2.0663125016791657
11	37	-0.17069894323350146
11	38	1.9747246572991823
11	39	-2.9240336068708555
11	40	1.79869958879014
11	41	0.5294108446325683
11	42	1.8490918460499357
11	43	-1.8461534862664282
11	44	-0.7160857833024556
11	45	1.6244814034448203
11	46	1.1728256443755922
11	47	-0.8293147689913027
11	48	-0.3347900317277839
11	49	1.1671349761901204
11	50	0.229718186881406
11	51	2.4532380849571434
11	52	1.990635893285209
11	53	1.8611992719575803
11	54	0.6940950013318633
11	55	-1.7342008725557867
11	56	0.6042089862715091
11	57	0.5659699444312118
11	58	-2.691284946499552
11	59	0.28644668677447904
11	60	-1.0379325614023007
11	61	-2.9625408242623292
11	62	0.42680252475588093
11	63	-1.0874284811275599
11	64	-1.4581564431655318
11	65	2.264047150609239
11	66	-1.3304147876703774
11	67	0.11953916799002076
11	68	0.048708643306922074
11	69	-0.5253807525968393
12	12	NaN
12	13	2.6478410785447575
12	14	1.1666758151601204
12	15	2.291779493606016
12	16	0.910100764703048
12	17	-2.0085130841225025
12	18	2.6137184680240573
12	19	0.17701541053437575
12	20	0.739252291730966
12	21	0.8696035157209417
12	22	-0.5160929184182427
12	23	0.006255474600513025
12	24	-0.9084599811781147
12	25	6.665386689836155
12	26	0.6912771458308442
12	27	0.30627235386519036
12	28	0.43616945669198104
12	29	0.4935958079564218
12	30	6.4523164286406285
12	31	-1.283932972552246
12	32	0.084152359138636
12	33	-0.18730778220801544
12	34	0.7726529737276028
12	35	-3.6591672777274233
12	36	-1.83757263693664
12	37	-2.129770953423942
12	38	-1.438389914340611
12	39	0.08319273820787663
12	40	-3.8699212321510537
12	41	1.353154479720845
12	42	0.2917028481667866
12	43	0.18965177955335621
12	44	1.1476125320359338
12	45	0.6745774211451504
12	46	0.9425639702096512
12	47	-2.8930246621744096
12	48	1.2349838994395743
12	49	0.12120019194032677
12	50	-1.866286227373374
12	51	2.0160284748485156
12	52	-4.413661171446075
12	53	-2.40114910624233
12	54	-0.0006062329169292248
12	55	-2.0710665052811024
12	56	-1.0714003218943966
12	57	-1.5510098216301966
12	58	0.9052251144536301
12	59	2.0309436719922394
12	60	6.719689016741979
12	61	1.4529739163634976
12	62	1.1331430282281247
12	63	0.2870574227415823
12	64	0.9793557456328329
12	65	0.27666839932275666
12	66	-2.2881322401200577
12	67	2.1862692597537356
12	68	-0.5716076096940186
12	69	-1.4712352619289284
13	13	NaN
13	14	1.5711284930160425
13	15	4.556326599809702
13	16	0.7877121064034226
13	17	-2.565215345103401
13	18	1.2494441330490778
13	19	-1.6600728118331727
13	20	-0.5937242159349808
13	21	1.312108608811311
13	22	5.256717869144291
13	23	0.6934614964915241
13	24	0.6371184028008169
13	25	-0.41502499262136233
13	26	-0.6216434031253102
13	27	-3.372703406975977
13	28	4.0744658325192695
13	29	0.2630289245488159
13	30	-1.735261460313467
13	31	-3.5480804139525284
13	32	-0.15550351862742479
13	33	-0.23642827113380466
13	34	0.15275937112553223
13	35	-2.7912611577325106
13	36	0.526503108151683
13	37	0.019373881944495918
13	38	-2.8281879633242557
13	39	-0.71090987585417
13	40	0.09739558314821899
13	41	1.2495746713387599
13	42	3.3879130254710152
13	43	-2.2930304179266683
13	44	-1.8392335217813256
13	45	0.8448019590237729
13	46	4.922342118015736
13	47	-3.568266499349695
13	48	1.166603550078223
13	49	-2.732382308091413
13	50	0.7002688619718351
13	51	0.7889832660661762
13	52	3.951550085600167
13	53	-3.1645956567949307
13	54	1.5162977474268626
13	55	-1.3533827772738452
13	56	1.033419262412052
13	57	-1.632186401090219
13	58	1.4592004661831912
13	59	-1.0684247094279575
13	60	-0.13267079981644214
13	61	1.0328668893945239
13	62	3.2940989377612317
13	63	-0.007976822285275052
13	64	-0.7384805497480762
13	65	0.13590829949681285
13	66	-3.285378853355603
13	67	-0.41281514318034
13	68	5.276473801477402
13	69	-3.9555919068054552
14	14	NaN
14	15	-0.5279242533045007
14	16	-1.4713972510229598
14	17	-0.7388726653590911
14	18	1.2946817647278994
14	19	-1.1498299701501289
14	20	1.2916588177792863
14	21	-0.7092825746264126
14	22	-0.7348350179334086
14	23	0.4609264229315227
14	24	-0.28945911478369346
14	25	-0.9763686538475296
14	26	-2.740766963860573
14	27	2.0039211990587904
14	28	-0.14161484221348403
14	29	0.3016312076618562
14	30	-0.47950629930533134
14	31	2.0835984203704614
14	32	-4.955795922682941
14	33	-0.551438673624768
14	34	-0.858504601038949
14	35	1.7538457877504858
14	36	-1.8029781262552218
14	37	-1.3554009333464319
14	38	0.7688123700800603
14	39	2.9526274467061806
14	40	0.8016634158898285
14	41	-1.515852879383884
14	42	2.7814827620832103
14	43	-0.8173679366809918
14	44	-0.7962833943090426
14	45	-2.0552672594806745
14	46	-1.0055227135309608
14	47	1.1938497314910697
14	48	-0.00639494350585943
14	49	-0.7700298662182693
14	50	1.713990259431027
14	51	-0.11980150714511695
14	52	1.4943874023885746
14	53	7.0865072943995235
14	54	0.31780368816356336
14	55	0.755075543361658
14	56	0.7359511324905256
14	57	0.40836299587979114
14	58	1.6120769178993333
14	59	-0.313289974492686
14	60	-2.996926318666047
14	61	0.13030988036128088
14	62	-2.4800293533663713
14	63	-1.0582488738421922
14	64	1.2766644850145363
14	65	-0.6382597575484312
14	66	-2.4978856391771074
14	67	1.1515930109529346
14	68	0.18764842963384204
14	69	1.2353456773738407
15	15	NaN
15	16	4.533592768771688
15	17	0.027348073005840915
15	18	-1.280773577025261
15	19	-0.04595547123000462
15	20	1.7923526581744227
15	21	-0.07213537622195762
15	22	2.649383136572468
15	23	-0.7441976695079316
15	24	-0.8948176929674229
15	25	-1.4418703424390416
15	26	1.076895490506753
15	27	-0.038725261680863904
15	28	0.3959028603041608
15	29	-2.8668220652092766
15	30	-2.40826134208711
15	31	1.079290723840631
15	32	0.5207154940029647
15	33	-2.849651683255644
15	34	1.7860598276322088
15	35	-1.0863751792276755
15	36	2.3473769504915833
15	37	-1.5784397882543788
15	38	0.7979262909122832
15	39	1.424710580049271
15	40	-1.0855095859426358
15	41	-1.6778326680704791
15	42	0.7354034031406785
15	43	-1.212292973892161
15	44	0.9483645434691288
15	45	2.472228238757974
15	46	2.507576961801324
15	47	-2.0415686730049023
15	48	2.1563669857936922
15	49	-2.6443093119071643
15	50	1.6653213333462558
15	51	-0.11293002676877524
15	52	-3.5488286456691096
15	53	-1.1772923644021591
15	54	-0.5484044320542001
15	55	-1.7086098485527694
15	56	-1.663019278807167
15	57	-1.572849157650982
15	58	1.8883075390865047
15	59	1.225658884244489
15	60	-1.7791656811050789
15	61	-0.4810010805384357
15	62	3.9286239355654504
15	63	-0.575386152757412
15	64	-0.01716904446259055
15	65	0.7701820840588024
15	66	2.332089452586932
15	67	3.240987748072726
15	68	3.185402133100773
15	69	-0.667433909225773
16	16	NaN
16	17	-0.2853553505027305
16	18	2.226781398272693
16	19	-1.5288139376402663
16	20	1.8565893257174444
16	21	-0.425735644449441
16	22	0.7374778955269292
16	23	0.12358176165405314
16	24	-0.09283514054436895
16	25	3.3552886144760947
16	26	3.2419536862113336
16	27	0.6955985470353918
16	28	-3.4540194683734966
16	29	-1.4782481071287354
16	30	3.144531898669495
16	31	0.5987255741037351
16	32	-2.400951727164549
16	33	-1.7412024076579693
16	34	-1.1852048738168153
16	35	1.5838470191787277
16	36	-2.166167766105522
16	37	0.7986004566941224
16	38	-1.536564272593291
16	39	-0.1527990726361512
16	40	-0.6157987084445034
16	41	1.0019381479519889
16	42	2.4548487565485795
16	43	0.056866563344172956
16	44	-1.1266685312112301
16	45	0.842343340345371
16	46	0.2927386030051844
16	47	-1.6588930345149673
16	48	3.7085644692501254
16	49	-1.9527139340065682
16	50	2.307901385358513
16	51	2.2615491748981436
16	52	-0.16510895997528174
16	53	4.1128270354109295
16	54	-1.4599538477793526
16	55	-0.1541856842732864
16	56	0.23209236642656594
16	57	0.5362708876964334
16	58	0.8412592419092134
16	59	-0.328802007310897
16	60	0.021029647933570126
16	61	0.46735420559657775
16	62	1.1861805441685633
16	63	-3.7279820828472627
16	64	-1.3609968793363014
16	65	-3.206065308751816
16	66	-2.5237083332944694
16	67	-2.754005996292417
16	68	1.0235683395721975
16	69	4.990709451409274
17	17	NaN
17	18	-2.6212328227177735
17	19	-1.6630198308749615
17	20	0.46341146761051766
17	21	0.3676644296096917
17	22	-0.4144845488796265
17	23	-0.7994396270511764
17	24	1.982276911112974
17	25	-1.9955460247335597
17	26	-1.9866803894055527
17	27	2.2950161656743866
17	28	-2.2580544179734083
17	29	-1.7244615018189295
17	30	1.3091680631948892
17	31	-3.235560774902953
17	32	3.052084832224454
17	33	3.8287755186558057
17	34	-1.8257191876121173
17	35	1.0885449573909451
17	36	-3.217070603363807
17	37	-0.6598558252572108
17	38	1.3367059371209622
17	39	-5.008678297976485
17	40	1.3452338592342563
17	41	-1.12351955561283
17	42	-2.143706495076799
17	43	-1.7548115147807448
17	44	-0.8133096405833559
17	45	-0.7035587109512386
17	46	-2.8309825177933696
17	47	1.3295882240174635
17	48	-2.8556420532022764
17	49	1.255601179129177
17	50	-1.1929634247248617
17	51	-2.775810484185455
17	52	0.12725233185246884
17	53	3.526339163494382
17	54	1.0938901277157096
17	55	0.885642843758241
17	56	1.0242302637320728
17	57	0.69922078262063
17	58	-2.71848482863306
17	59	-2.611048481815039
17	60	-0.17157733431310015
17	61	-1.9816757069305846
17	62	-1.4800974849620532
17	63	1.2763666728671363
17	64	1.515505114111913
17	65	-0.6098701043625521
17	66	-0.8398467945111397
17	67	-2.271413173519224
17	68	-2.770688048790878
17	69	-1.5558587794447953
18	18	NaN
18	19	8.57316860307859
18	20	-0.8499758030399543
18	21	0.8595826905937027
18	22	5.162865260180262
18	23	4.092782401470894
18	24	-0.9949317061598325
18	25	-1.9183635003727826
18	26	2.5420144874307082
18	27	-3.02481659650318
18	28	2.063050150438471
18	29	-4.298985317022794
18	30	-1.5202798517101368
18	31	1.0485113467554565
18	32	-3.0132223979402895
18	33	-3.6708827573761753
18	34	-5.534991137194779
18	35	-0.20911506806863486
18	36	-1.3963044430516398
18	37	3.218433337597891
18	38	-0.4533957454649749
18	39	-0.6935107491373577
18	40	-2.0764592459721203
18	41	0.021253632254918504
18	42	-0.415997373467219
18	43	4.315493411923128
18	44	-0.24890481643867962
18	45	-2.25719986717909
18	46	6.665852410936894
18	47	0.7525586883479057
18	48	3.8038957557334836
18	49	-3.332971436688729
18	50	1.96286561508949
18	51	-1.8016430124584872
18	52	-0.16324100355824492
18	53	-0.7055618515227668
18	54	0.3877053255778126
18	55	-1.0930502604904417
18	56	0.18250851270925292
18	57	-1.0982859768674234
18	58	3.356092821649779
18	59	-1.4606873832110965
18	60	1.1220638791476387
18	61	-1.2723823071040044
18	62	2.9102478023460208
18	63	-2.0168585782505932
18	64	-1.3037278466544455
18	65	-0.8639295664498549
18	66	0.021235753163247797
18	67	2.651792384269847
18	68	2.7296312224707164
18	69	-1.2204191719788988
19	19	NaN
19	20	0.17025425780759473
19	21	1.3216233370099604
19	22	2.0366462226200315
19	23	-0.335969939460639
19	24	-4.606851685704771
19	25	-2.3481930774414104
19	26	1.4477751766210643
19	27	-1.643360294568912
19	28	-0.6474658623574533
19	29	-1.796516728081018
19	30	2.2327494808489954
19	31	-0.18056437349428178
19	32	0.8133961536360355
19	33	-2.184826929546894
19	34	-0.6881253922951441
19	35	-3.6447650811220877
19	36	-1.903623606718144
19	37	-0.4701984466329913
19	38	-6.21280183370992
19	39	1.5929674145848944
19	40	-1.2565443752083865
19	41	-0.4215270853276975
19	42	-2.686378814426784
19	43	-1.7502505350890152
19	44	-1.251008847187896
19	45	1.8870680821500596
19	46	0.2238481971000591
19	47	0.7564738451457381
19	48	-0.04783040828460081
19	49	0.41806444057959674
19	50	-1.0929351778899312
19	51	3.291616812302599
19	52	-2.4573788765278155
19	53	-3.2525322438724356
19	54	-0.6435674507659791
19	55	-3.0185664953561213
19	56	1.3107237218981387
19	57	-0.9686925917099755
19	58	0.7224497105356306
19	59	3.062964209038526
19	60	-0.5935807645993842
19	61	1.1377011003124753
19	62	5.091811762205013
19	63	-2.5699233932711136
19	64	1.5886138121005915
19	65	-0.8199150334728804
19	66	-2.885919972705702
19	67	-1.4136883057634666
19	68	-2.0053427322586828
19	69	48.94308128413976
20	20	NaN
20	21	0.10440283839712947
20	22	-0.26178310201794314
20	23	-2.8600128216429237
20	24	2.9708690146975174
20	25	0.6011444696274596
20	26	-1.286593655424464
20	27	3.357623783859705
20	28	-0.19173537187056489
20	29	-2.0229259102655774
20	30	-0.6206015666566559
20	31	-3.3205931311699026
20	32	-0.42117665321984926
20	33	1.8197220343304568
20	34	-0.5665815460133784
20	35	0.7248208623000802
20	36	-2.897774817097489
20	37	-0.31142029158227985
20	38	-0.367181606065499
20	39	-1.9099087435438318
20	40	2.4096837070313746
20	41	-2.0108875383605356
20	42	-0.8149834485527865
20	43	-3.647723984122589
20	44	-1.3084084544137529
20	45	-1.1914619917993083
20	46	-2.0605473216075625
20	47	-0.24157896847880833
20	48	-2.1137032072376845
20	49	2.536502720844902
20	50	-1.2983589266692228
20	51	-0.0988832759133303
20	52	1.2302152140845943
20	53	3.160439145950389
20	54	1.0155317556939536
20	55	2.604697508644692
20	56	-0.15237088880580452
20	57	1.8602227185869722
20	58	-1.4673695453276279
20	59	0.35233751663157314
20	60	-0.6209749099878263
20	61	-1.8782205729016406
20	62	-1.4424124592943817
20	63	-0.6449713919698835
20	64	-0.1007549041833698
20	65	-0.19610194707073128
20	66	0.31505309049007757
20	67	-1.6500072477919554
20	68	-1.4638220444256265
20	69	4.888884840687386
21	21	NaN
21	22	1.0903915246982
21	23	0.0843985135492452
21	24	-1.0422421530536652
21	25	-0.2385787464540677
21	26	1.195761423493138
21	27	-2.5017470771372667
21	28	-0.8871572348482191
21	29	4.4660878770395165
21	30	2.796278201035691
21	31	0.69366130206215
21	32	-2.2246584773363978
21	33	-0.04546769891056314
21	34	-1.2361321865017818
21	35	-1.7535917247804054
21	36	-0.22608681744928172
21	37	0.25940123269288395
21	38	-1.7367739482141482
21	39	1.5096073348265653
21	40	0.2409155834999454
21	41	-1.2506684514522752
21	42	0.2454327098586526
21	43	1.6738610980104496
21	44	0.6242649992972712
21	45	0.4098907234301044
21	46	1.2478423220853203
21	47	-1.3176980264355325
21	48	2.61628909875358
21	49	-1.1763031719358554
21	50	-0.5196587213551483
21	51	0.003740898312631223
21	52	-0.22352431259219122
21	53	-3.194370108006545
21	54	-2.0270272153078213
21	55	-0.6902835451209155
21	56	-2.5049262397434546
21	57	-1.678446331985765
21	58	3.1936857307228053
21	59	-1.8129894691931339
21	60	-0.5149542007633418
21	61	-1.0704357055256462
21	62	0.9879679165817188
21	63	4.202292178366403
21	64	1.520448145925928
21	65	-0.8965277662326802
21	66	3.1145881759541902
21	67	-0.6548257259274765
21	68	1.5659676086406558
21	69	-0.8479970045434753
22	22	NaN
22	23	1.5127728052948985
22	24	2.2552283700736786
22	25	1.184243488374334
22	26	-1.355760724726456
22	27	0.6192247302972229
22	28	2.3988720999656543
22	29	-2.80187287348394
22	30	0.28716439128441174
22	31	-2.1417664439134056
22	32	4.95146686544747
22	33	-0.8576558125859807
22	34	2.9743886048707324
22	35	-0.1754846085924529
22	36	-8.044018022974548
22	37	1.130544784957103
22	38	0.752722619007428
22	39	-0.8335803739230222
22	40	-0.32522777202392805
22	41	1.7436004277213941
22	42	-0.1551394776791526
22	43	4.43585402488578
22	44	-2.8580251834145276
22	45	2.4852045511603107
22	46	-0.2555449849953259
22	47	-0.23437470543116262
22	48	-0.9707422433972953
22	49	-0.9252721514282704
22	50	0.10782903532361698
22	51	1.542299895342316
22	52	-3.097042040836557
22	53	-2.57781267513013
22	54	-1.3988660645293578
22	55	-3.1813320532015017
22	56	-0.8792987706364129
22	57	-4.856737832444261
22	58	3.473092256566419
22	59	2.5791463057998185
22	60	0.45380230073954925
22	61	-0.43949374861678503
22	62	-1.9136405555264755
22	63	-0.9805071973452874
22	64	1.1176166286958809
22	65	-1.7858154217006292
22	66	0.7170417439096992
22	67	1.4184203611363895
22	68	5.767387455845618
22	69	-1.1188905228738473
23	23	NaN
23	24	-1.121353055875548
23	25	0.8512156752415498
23	26	1.4574510113657473
23	27	2.6811156513187786
23	28	0.48372489554401515
23	29	-0.0841459060221255
23	30	-1.1130906801740639
23	31	4.53373344871925
23	32	0.12459920897773162
23	33	-0.7313095928087823
23	34	-0.5321740739658545
23	35	-0.890957239393753
23	36	-3.247515940885116
23	37	2.1551077557698166
23	38	-0.7315009151596912
23	39	-1.6795770198565583
23	40	0.5120730788355021
23	41	-1.4795936581605844
23	42	0.5094314632631679
23	43	-0.18217038589760495
23	44	0.10568995403580773
23	45	-1.0202296838055565
23	46	1.3005831559753747
23	47	-1.4278268610695461
23	48	3.1245674166546755
23	49	1.0460596788380965
23	50	1.0804243599151653
23	51	3.2813658254898552
23	52	-0.08329206756904693
23	53	0.54418764582147
23	54	-0.9055240798832777
23	55	0.6453043560650151
23	56	-2.532370004227857
23	57	-0.6446939000129321
23	58	-0.04960598630580162
23	59	-0.8083698411242901
23	60	0.008147145387180452
23	61	2.9214236263262556
23	62	-0.241014089841269
23	63	-0.5762564517881485
23	64	-1.3517977958770895
23	65	-1.7339096831140246
23	66	-0.49247300363113006
23	67	2.432852759894684
23	68	-0.709002826379456
23	69	-1.4319311173139948
24	24	NaN
24	25	-2.120043526012692
24	26	-2.819589737955406
24	27	2.9547471087424815
24	28	-2.6174654025262254
24	29	-3.839996653112004
24	30	-1.2613603816761982
24	31	0.010504030694118295
24	32	-0.3181078450945224
24	33	2.7169368927592727
24	34	-0.594683996487625
24	35	3.185881633904065
24	36	0.34175167447733684
24	37	0.4022158454315949
24	38	0.6681277606711765
24	39	-2.29614669962659
24	40	2.146521267584487
24	41	0.44210166883664337
24	42	-0.6625564535690476
24	43	-0.8972153219719008
24	44	2.1823368680758533
24	45	-3.3364424083182906
24	46	0.7270373105805197
24	47	3.874742574088309
24	48	1.321186773011517
24	49	2.4474439258580087
24	50	2.3258122272172947
24	51	-1.7813199900541186
24	52	1.4800405031273478
24	53	1.8147354207816602
24	54	3.0893463380590296
24	55	1.3929144195953642
24	56	2.2173530886997668
24	57	0.7463545610152239
24	58	-1.8551984336531426
24	59	-1.8640944962063875
24	60	-0.3794624866786517
24	61	-5.805947422929406
24	62	-1.7861568592406951
24	63	1.0229400942928444
24	64	-2.550249810468831
24	65	0.8393975043699956
24	66	1.6540614816744725
24	67	-3.5512342597623054
24	68	-1.3524682760019107
24	69	0.4150393277311418
25	25	NaN
25	26	4.4420146903332345
25	27	-1.875217461679335
25	28	-3.3653003932172827
25	29	61.2873972729978
25	30	4.134952653374579
25	31	2.30849135204092
25	32	-2.156808267480541
25	33	0.4774665374150415
25	34	-3.151362329594362
25	35	-4.332449987046999
25	36	-0.4778024628994073
25	37	15.20703290560791
25	38	0.06107143880779546
25	39	2.624809554176972
25	40	-1.555993081978234
25	41	-0.8457612766533454
25	42	-3.66673109004636
25	43	2.612493544608916
25	44	-0.9220803930280496
25	45	1.6606363997686606
25	46	1.202837219220701
25	47	-2.5965201278398076
25	48	-1.9284679658115857
25	49	-0.2442883953362414
25	50	-1.5852565371295984
25	51	1.093323962294026
25	52	-4.3837661478286325
25	53	-1.8804811996406072
25	54	-3.803636688674668
25	55	-5.1963648356995575
25	56	-2.1787308476887652
25	57	-1.7504386015751523
25	58	-2.148818473346917
25	59	2.4524405655953063
25	60	-1.1247369957627356
25	61	-4.992097753604684
25	62	-3.275343353552169
25	63	-1.2625382154907299
25	64	-0.8899085731146273
25	65	-2.766055886033313
25	66	1.249274716195359
25	67	-4.591668948346574
25	68	-0.18449962595525354
25	69	0.29895412326704773
26	26	NaN
26	27	-0.22463130312547985
26	28	4.531743831745616
26	29	0.801613064159169
26	30	0.23400431802239538
26	31	6.434826777604196
26	32	4.4014022410420806
26	33	0.24724461632528733
26	34	3.625294215885477
26	35	-2.1273398208608905
26	36	5.681066737374501
26	37	1.0064736341123734
26	38	-1.6226479774397529
26	39	-2.941737275899865
26	40	-2.476255520571824
26	41	-3.2154764804110316
26	42	1.5798530760034424
26	43	1.8017310628299192
26	44	2.5154329234589228
26	45	-1.7167306315451054
26	46	-1.9601081233993134
26	47	-0.8025658233782536
26	48	4.321762651968451
26	49	-0.8159876443922712
26	50	1.9708241661933508
26	51	-0.04472323690397562
26	52	-2.947332493260577
26	53	-1.8658171909498553
26	54	-0.4719826027005494
26	55	0.00552226433319826
26	56	-1.5861035003204054
26	57	-0.8059928143683215
26	58	-2.0590304365216663
26	59	2.599372157040664
26	60	1.403478456805717
26	61	-1.0559919866996847
26	62	3.5067759802547855
26	63	-3.673893033325366
26	64	-1.12599135716472
26	65	-1.61863341704823
26	66	0.31353355674735334
26	67	2.5367934635176077
26	68	-0.9726908461597987
26	69	-0.21848349991067714
27	27	NaN
27	28	0.1322424789225138
27	29	-0.7414065747496109
27	30	-1.733199525779508
27	31	1.7943556170313788
27	32	-2.795893703029582
27	33	2.582059108243919
27	34	-1.4056974510496185
27	35	1.5696619326894503
27	36	-2.8446628244495833
27	37	-2.182583175392263
27	38	0.9391979089364378
27	39	1.7264882060387325
27	40	4.250369206335576
27	41	-0.029247128826898873
27	42	-3.143878474257061
27	43	-0.17425751347183244
27	44	1.6823763726757694
27	45	-1.4432795078891876
27	46	1.0667232615766353
27	47	0.07902271250916194
27	48	-0.2731694183214994
27	49	0.7458228733502689
27	50	-0.08384105917113015
27	51	-1.20560043740103
27	52	1.0994796227319825
27	53	1.6084293409414583
27	54	1.8583921113936113
27	55	1.0323209301315253
27	56	3.9780305819288526
27	57	1.177458730160214
27	58	-1.4399919351637203
27	59	1.281166028966316
27	60	-1.1036644617670017
27	61	-0.3855134586640279
27	62	-1.8148709375036929
27	63	-0.6654651231770018
27	64	-2.5292340387738568
27	65	-0.6886033838907256
27	66	0.14691978255065033
27	67	-2.2892133477823178
27	68	-5.35024096599186
27	69	-2.3383550594700737
28	28	NaN
28	29	-0.5263078187760042
28	30	2.7794270642934107
28	31	-3.01642462102508
28	32	28.23641797957306
28	33	-3.029519743405812
28	34	-2.78984061120692
28	35	-1.41414717942703
28	36	-0.7275353344618675
28	37	1.2398688018154742
28	38	-1.1011445685250065
28	39	1.875662116048764
28	40	-3.3982726518568134
28	41	-4.720243747994699
28	42	2.6573040176875553
28	43	2.3895096424238256
28	44	1.0137438592651709
28	45	0.5131189993514301
28	46	-0.4867669123913922
28	47	-1.7765545912682037
28	48	-0.25849849778648837
28	49	-1.827566213539864
28	50	-0.33186966953661395
28	51	-2.257097179668712
28	52	-0.14098604855511696
28	53	-2.1724047157103334
28	54	-3.5511994924942836
28	55	0.08886490862360537
28	56	-1.7976952838871283
28	57	-0.3046871624606205
28	58	-0.07797102069061854
28	59	3.192114405466906
28	60	-0.6991522585364107
28	61	0.02557557783597651
28	62	-0.9515049224714582
28	63	2.074345284811267
28	64	-1.024254458345438
28	65	2.0398827600257787
28	66	-3.3254392117203144
28	67	1.2306897221174797
28	68	2.3269292587717327
28	69	-2.018304911513913
29	29	NaN
29	30	3.420474500777753
29	31	-0.7892794196280297
29	32	2.8543716779319386
29	33	-2.290467487675208
29	34	0.18278473180007695
29	35	0.46746993530169717
29	36	-1.193339898344519
29	37	2.7561100563866896
29	38	-0.6477375984143843
29	39	-4.840647302175578
29	40	-2.1950855879449946
29	41	2.241029364616008
29	42	0.3216513002175279
29	43	0.9024937572477274
29	44	2.2380122054659948
29	45	-1.9025645067371837
29	46	-0.26712515395862974
29	47	-2.3873802785166176
29	48	-1.8359023558871401
29	49	-2.268695373448179
29	50	1.996347588723051
29	51	0.11595693513518403
29	52	-3.201025695925887
29	53	-2.406441540971094
29	54	-1.3899892262156284
29	55	-3.060985524287989
29	56	-1.643973288135231
29	57	-4.436347928714399
29	58	0.117008996315009
29	59	-0.00019705941848434394
29	60	4.3028649886409855
29	61	0.8854916170932052
29	62	-2.1460162985512072
29	63	1.640903816282934
29	64	-3.658271211602333
29	65	-3.9371508775329107
29	66	-0.5135462157022738
29	67	-1.812768411059104
29	68	0.2611408050018321
29	69	0.08079920451217984
30	30	NaN
30	31	2.2600579540107337
30	32	3.381444927920126
30	33	-4.471012249551637
30	34	2.1982580424097034
30	35	-1.102680744978862
30	36	-1.0550006672489627
30	37	-3.6190535384345854
30	38	-3.2984510944924104
30	39	-2.22742840146386
30	40	-1.0591063562070977
30	41	5.841764979995963
30	42	-3.11985878144415
30	43	0.5626569658088063
30	44	-0.33785590437189444
30	45	1.9278049769366743
30	46	1.9770280814672014
30	47	-0.1642272670857764
30	48	0.9567836082080373
30	49	-1.8888351089530262
30	50	0.8561607476457659
30	51	-3.380699644721638
30	52	-0.11863884422693273
30	53	-2.3409694533408048
30	54	-1.334802962825403
30	55	-1.3187585068429644
30	56	-2.4435769651788832
30	57	-0.6937547951131978
30	58	6.089690165975501
30	59	4.297451743017456
30	60	0.7707050397978292
30	61	-1.488094113813263
30	62	3.313532948103028
30	63	-0.08565492650004071
30	64	1.0079249435786286
30	65	-0.6041604536900952
30	66	-1.9967360488754387
30	67	1.5405441652604825
30	68	1.7075637575400866
30	69	-1.9442767050800576
31	31	NaN
31	32	-0.3097474539574301
31	33	0.11188583990496603
31	34	1.4957388506931153
31	35	-2.917437090815314
31	36	-1.0672083480843686
31	37	3.495887916067688
31	38	-1.1100950601049384
31	39	5.159805981831535
31	40	-1.9749900068414292
31	41	3.8081029690212103
31	42	2.311343582101919
31	43	0.5859979915814497
31	44	0.42808708539555723
31	45	-1.7594927946574321
31	46	1.323874679894582
31	47	-2.1584430289315923
31	48	5.073209907375129
31	49	1.3316422035354711
31	50	0.4987790445882173
31	51	-3.1124510155954015
31	52	-1.978660274263502
31	53	-4.01990619253333
31	54	-4.1252004362487105
31	55	-1.1714438064230837
31	56	-1.9739354732416066
31	57	-1.265448555697804
31	58	-0.4377428884246771
31	59	3.0455856909095163
31	60	3.1599480032902427
31	61	1.3002040143282627
31	62	6.7679445982752755
31	63	1.1825654395343481
31	64	2.0787657812868363
31	65	-0.7190156054692526
31	66	0.9736221825478617
31	67	3.2849353613166303
31	68	1.9709646850250877
31	69	-2.4162334496037463
32	32	NaN
32	33	-3.375661458927738
32	34	-0.9888399575708415
32	35	-1.0074247442981172
32	36	-3.249062427966494
32	37	-1.8387457332015786
32	38	2.3100517157928575
32	39	2.6271604298323417
32	40	-2.1596824018801435
32	41	2.4020094533092875
32	42	-0.12139969987172398
32	43	-4.31640501228115
32	44	-1.3503273143541252
32	45	-1.0313614936298636
32	46	0.7489409594556362
32	47	-2.6534388263384585
32	48	-2.3756808755304255
32	49	-1.2926596581666705
32	50	-0.9326584217827696
32	51	0.933697289158398
32	52	-1.1960197139434892
32	53	-0.9286514925706638
32	54	-3.2856086530313804
32	55	0.8273059921117153
32	56	-3.0580753031911065
32	57	0.48465150420906794
32	58	3.5058853863990893
32	59	1.452308623261379
32	60	1.2452023710521762
32	61	5.132751786899584
32	62	2.7919504964329307
32	63	-1.6067514453646563
32	64	1.771240320209131
32	65	-2.2801538457227486
32	66	1.6593233705841912
32	67	0.5450348895836189
32	68	-2.4740803932622484
32	69	-1.0433553716375255
33	33	NaN
33	34	0.5568751065175838
33	35	3.53700562565175
33	36	-1.6904683027948475
33	37	-0.7149921912172124
33	38	1.4641620445605847
33	39	-2.1981126019825488
33	40	4.110358258474975
33	41	-1.1817955825162785
33	42	-0.13574768300046441
33	43	-2.0332237630335093
33	44	0.5395536695155243
33	45	-3.2694821606042628
33	46	0.32807462149013616
33	47	2.667765240317667
33	48	-2.609581611995081
33	49	4.70568976748517
33	50	-2.6060180847869874
33	51	0.05717485808455028
33	52	3.1469902030792816
33	53	3.305103674991953
33	54	0.28686798685619636
33	55	0.21713237042018502
33	56	1.155166650710852
33	57	0.7725618061412358
33	58	0.4416802242425971
33	59	-1.1518013122778883
33	60	-0.18341577046009488
33	61	0.42936389256630086
33	62	-1.9395306738626543
33	63	1.626357430631949
33	64	-2.4127701350782957
33	65	1.4952781113184903
33	66	0.2687610496350364
33	67	-1.8447769035015293
33	68	-3.838422705410111
33	69	1.4886700839197053
34	34	NaN
34	35	-0.3482023571238766
34	36	5.245855137760544
34	37	-2.656613886549824
34	38	-1.6036855437676294
34	39	1.0871951059127192
34	40	-0.9094570495936711
34	41	1.011298268874155
34	42	1.8446757598467731
34	43	-0.7804694333001144
34	44	-1.1543091828802763
34	45	0.511492320157032
34	46	-0.402956814504766
34	47	0.49028155309534827
34	48	-0.2826008080662081
34	49	-1.6571947420498836
34	50	-0.46100427293749574
34	51	-1.994693355903508
34	52	-1.8093398344890692
34	53	-2.7542412309466493
34	54	0.08933992106198592
34	55	-1.0550091367326957
34	56	0.18709561206780712
34	57	0.7217180312997665
34	58	-0.15167818818285156
34	59	0.92687551496661
34	60	3.1469559101863362
34	61	1.1859534045795133
34	62	-0.1685996577597176
34	63	-0.7797488099417358
34	64	2.4000961260077163
34	65	-0.16800974868525528
34	66	-3.0749418094304173
34	67	2.703656807728512
34	68	1.8412114686283054
34	69	-1.82415347402325
35	35	NaN
35	36	0.4014801471960063
35	37	-1.7830645801187883
35	38	3.920872897069475
35	39	-1.5705549549249949
35	40	4.847809208374369
35	41	-1.1023141327269161
35	42	0.6665901739740624
35	43	-1.1885010116043158
35	44	1.0198783946891086
35	45	-1.241484515614692
35	46	-1.637321815166548
35	47	1.5588411274613945
35	48	-5.555849652679011
35	49	1.6117578877292333
35	50	-0.8606266011065997
35	51	0.3481957059466525
35	52	1.689073618795133
35	53	0.42379705423104985
35	54	0.7221020616746013
35	55	1.1183325037372553
35	56	2.5564702131835797
35	57	4.747349986345932
35	58	-4.361956951172792
35	59	-1.1431835674113127
35	60	-2.697495358186078
35	61	0.41678398561863034
35	62	-2.2110731788534275
35	63	1.782325056347375
35	64	0.6495376771415957
35	65	0.8847719489343221
35	66	3.3507881657024714
35	67	-2.7769851651086195
35	68	-1.3825747818936003
35	69	-0.35847800444107014
36	36	NaN
36	37	-2.5654463732916906
36	38	-0.9026894165515815
36	39	-3.154364654928905
36	40	-2.4129034120433737
36	41	-2.8712400683391914
36	42	0.6566899208742886
36	43	-2.0120514674105365
36	44	-2.73271398524333
36	45	-1.8109593158854747
36	46	1.2678768610700981
36	47	-2.6591614678206015
36	48	-0.33240712105467013
36	49	-4.3863145655730555
36	50	3.4619838061148736
36	51	-0.9569329975014641
36	52	-2.365926542639002
36	53	-1.954926374120092
36	54	0.2953258437482394
36	55	-2.406520001930368
36	56	-1.2454836445724387
36	57	-3.7552607542359793
36	58	0.907800665128998
36	59	-3.3385942728466182
36	60	-2.813672120948075
36	61	-0.35543180126578966
36	62	-0.6828761617640373
36	63	-4.518426927660445
36	64	0.5153225611877401
36	65	-3.0796047551614376
36	66	-3.360548554434732
36	67	-1.9357601846768122
36	68	-1.0867024017940503
36	69	-4.118483321798955
37	37	NaN
37	38	-0.3983481139896474
37	39	-1.208330283440679
37	40	-0.39251744977164327
37	41	-2.441240555362471
37	42	2.2075423418487214
37	43	0.059988834984728893
37	44	-0.8964213399231755
37	45	2.9247304726282666
37	46	-1.4353456671015974
37	47	-2.9064908815222794
37	48	0.4035574973480296
37	49	-0.6443784091989928
37	50	0.2420291645726537
37	51	-0.016270858865144046
37	52	-2.5431924070257423
37	53	-1.3467950335610774
37	54	-0.9882024148051631
37	55	-1.117043849041363
37	56	-2.073830415536736
37	57	-1.7135193545919012
37	58	-2.6220841334579346
37	59	-2.3572576882206384
37	60	1.8418332071575882
37	61	-0.9412083639779629
37	62	-0.1613625248094114
37	63	-2.483026709708926
37	64	-0.7354305059029121
37	65	-0.8292968621256832
37	66	-0.9926068204532514
37	67	0.5543181120930399
37	68	-0.21391139153588598
37	69	0.32989088719293985
38	38	NaN
38	39	0.45777373210000427
38	40	0.9298692891877112
38	41	1.220281518412767
38	42	-1.7755825769789162
38	43	5.164816681720355
38	44	-1.067655704351244
38	45	-1.492466716149734
38	46	-1.3174306565795408
38	47	0.8272539102715856
38	48	-1.1002959809050221
38	49	1.5490778071590938
38	50	-2.0026781256498114
38	51	-0.5759218086627544
38	52	0.24281602519577647
38	53	3.0287446732074423
38	54	2.4821405453301977
38	55	-0.5513416248302927
38	56	2.0561774611006403
38	57	1.6180725089924046
38	58	-1.1962096918096927
38	59	-3.027037846566595
38	60	-3.362707207179455
38	61	-2.9741844629611163
38	62	-0.43184850513194095
38	63	-1.3027671249407453
38	64	-0.9044581417601854
38	65	0.10528269925756534
38	66	-0.2817537048693645
38	67	-3.4284044034385706
38	68	1.3905302701873887
38	69	0.9125823477594492
39	39	NaN
39	40	-0.18296988192878205
39	41	1.1438509669742933
39	42	1.3347528189426099
39	43	10.06985067566512
39	44	-0.17424958396560603
39	45	1.9815853038510678
39	46	-1.330315106594852
39	47	3.3669833314674444
39	48	0.47012857318712775
39	49	-0.21581066080204975
39	50	0.07132155795376405
39	51	-2.338895768118858
39	52	-1.7217413921931801
39	53	0.9149836723085275
39	54	-0.8801367719877038
39	55	1.1139050443839114
39	56	-2.342511167480168
39	57	2.1946614813691454
39	58	-0.5704698642395245
39	59	5.993736424474463
39	60	2.2255273405111975
39	61	-0.5100748708201964
39	62	0.502747641476999
39	63	-1.6635137284782338
39	64	0.038639172689332243
39	65	1.2938006581137782
39	66	-0.20705543598254258
39	67	-3.505695241106175
39	68	0.3022971052686471
39	69	-3.97631265280602
40	40	NaN
40	41	1.5192023913313784
40	42	0.3229858253535755
40	43	-2.100852495645436
40	44	1.307747555282465
40	45	-0.21672139975548765
40	46	-2.002295987138174
40	47	1.1131907127046916
40	48	-0.24654727160999287
40	49	6.063923205612643
40	50	-2.5374067528821835
40	51	-2.801470945255474
40	52	2.774808156947788
40	53	1.0451033740134665
40	54	1.0770837726761535
40	55	1.627927653111062
40	56	4.282010886250562
40	57	1.618268890076825
40	58	-1.5715872453831568
40	59	-3.7446230400341336
40	60	-4.5786719452758575
40	61	-2.613933677749735
40	62	-1.7733100718404917
40	63	0.13546236583572982
40	64	-3.4262204533959393
40	65	1.2434838674333621
40	66	0.617039431590015
40	67	-1.6326111590626289
40	68	0.3607994494975116
40	69	0.5584303301653687
41	41	NaN
41	42	-0.7384905624296103
41	43	-1.977912079262687
41	44	-0.7338407817195077
41	45	4.355206980700627
41	46	-0.4263400677448083
41	47	-0.6008998212307556
41	48	0.6935784024014522
41	49	0.2624882172018176
41	50	-0.9556551582732387
41	51	0.3022227453608987
41	52	1.2469195680343172
41	53	-0.5312971017724554
41	54	0.8156072144277051
41	55	0.9305267418309334
41	56	-0.7777799491767389
41	57	0.0425035119492375
41	58	1.7582689006523253
41	59	-1.0845973839077692
41	60	1.9642630291519578
41	61	5.244300822769004
41	62	1.7473680627480477
41	63	-1.9486214145840914
41	64	1.467174278217525
41	65	1.0858271685611076
41	66	0.7885694635852739
41	67	-1.1238028979583297
41	68	-1.2408858493515493
41	69	-3.7584729713408924
42	42	NaN
42	43	0.48077404487436093
42	44	0.41054467405024564
42	45	3.2525915143395094
42	46	1.1304232833986503
42	47	-1.411030420453583
42	48	5.666674711210704
42	49	-2.330943149273958
42	50	2.1113602225522015
42	51	-0.19575079220366212
42	52	-3.1951002216064213
42	53	-3.3467356203120633
42	54	-0.0781193052010189
42	55	-3.3028402012253646
42	56	-2.0571134782589082
42	57	-2.0769434807487386
42	58	-2.8481063234184982
42	59	3.0800387286225814
42	60	3.7485643986522934
42	61	0.2900541078562318
42	62	-0.15823314010182654
42	63	-0.5761775237960566
42	64	0.689832165191642
42	65	-0.947450918524549
42	66	-0.43850840227111487
42	67	0.2621638423413615
42	68	0.9878972829811211
42	69	0.3286481814152057
43	43	NaN
43	44	-0.4735201729727081
43	45	5.901804466316641
43	46	2.366463099115579
43	47	-0.25268598341571635
43	48	1.755293548611596
43	49	-1.2862473690343792
43	50	3.8873577639132453
43	51	-2.3761882531056973
43	52	-1.9419424496579891
43	53	-3.521674842242292
43	54	-1.9449400427040013
43	55	0.8354430697840501
43	56	0.06270651524143395
43	57	1.2740914992689143
43	58	2.8215091412213598
43	59	-1.3039902074428134
43	60	-2.0158954746074498
43	61	1.389752361984855
43	62	1.9996014279089565
43	63	-1.8369424619894188
43	64	-1.8401038153507878
43	65	2.728776984417126
43	66	-1.561899719636728
43	67	2.818810858951223
43	68	0.10092211467925359
43	69	-2.4634241021819885
44	44	NaN
44	45	-1.2554123069839331
44	46	1.0769473741243072
44	47	-0.9420464477270499
44	48	1.422907395764086
44	49	0.9598081405549247
44	50	1.5269038416715242
44	51	-0.4503024802841201
44	52	0.42039394613572195
44	53	0.37239645524914616
44	54	-0.822897493549841
44	55	0.3267308094544024
44	56	-0.4618446931194602
44	57	0.9199190787021684
44	58	-0.7953785002802614
44	59	-1.5226158390225308
44	60	3.23224665619118
44	61	-1.2316980365274273
44	62	-1.886104233883399
44	63	-0.7984897769872613
44	64	1.1107221150989317
44	65	3.7570218455201254
44	66	-1.2256640461304102
44	67	-0.830771326338196
44	68	-3.3275983632864623
44	69	-2.5423292554794914
45	45	NaN
45	46	1.9544618228401403
45	47	0.15650875095045752
45	48	0.9375233922113989
45	49	-4.02734229780586
45	50	1.6659622871303528
45	51	1.4345751869397705
45	52	-3.0975253254852064
45	53	-2.203559518490553
45	54	-1.873519026252512
45	55	0.5819002818516102
45	56	-1.7598961346367015
45	57	-1.1421493963242535
45	58	2.8521509144088886
45	59	-0.13729445861290038
45	60	0.8110596883010471
45	61	-1.4762280307842979
45	62	6.239949886242706
45	63	2.5882632717015888
45	64	0.4088872803579478
45	65	-0.1627671065502919
45	66	-0.8839853557377819
45	67	1.9389818093718236
45	68	1.8662747880952664
45	69	1.0772592031183614
46	46	NaN
46	47	0.5400244762440459
46	48	-0.019651178786349977
46	49	-1.441577595882508
46	50	-0.47519277234466656
46	51	3.228487416034641
46	52	-1.1888415634012446
46	53	-0.8465762596766035
46	54	0.48508344634668216
46	55	-0.23883515182947868
46	56	-2.8744297880089094
46	57	0.2147685067757289
46	58	1.8585907147042338
46	59	2.2299279254544806
46	60	1.0101009752064447
46	61	-1.8511181496454987
46	62	0.20227808875615041
46	63	-0.768066450280456
46	64	-0.3369853867344791
46	65	-3.4159852247842317
46	66	-1.4489963990917234
46	67	4.108060018370586
46	68	-1.0416886526239817
46	69	-0.7717559984628719
47	47	NaN
47	48	-3.0522588100518693
47	49	0.7133728477786617
47	50	-1.7377093468839486
47	51	-0.9788957217873623
47	52	2.511318666665085
47	53	1.363767065100604
47	54	-0.39482525015175896
47	55	0.2927649963081229
47	56	1.6335184244168182
47	57	0.9567453631615033
47	58	0.840009457957141
47	59	-1.6132884896857773
47	60	-0.38821909336441457
47	61	1.9277008749410105
47	62	0.9298756124236613
47	63	1.8673434035479628
47	64	-2.23059726643044
47	65	2.706302882688789
47	66	2.0406428535791057
47	67	-0.9397429919116657
47	68	0.1534318923077888
47	69	-1.269353745444421
48	48	NaN
48	49	-1.4631502070803213
48	50	4.257873667508225
48	51	4.841147603798611
48	52	-2.011069567301481
48	53	-1.815546057790036
48	54	0.8276693323682811
48	55	0.005245416729646299
48	56	-1.292278222343331
48	57	-3.571638463981383
48	58	2.8588412536751724
48	59	2.6944570359072464
48	60	-0.6988813216739131
48	61	-0.14741840484237165
48	62	-0.34122338137866803
48	63	-1.3155049281706288
48	64	-1.602126477499744
48	65	-1.8660235539914674
48	66	0.7897943042375671
48	67	-5.682471635471058
48	68	2.182821373686774
48	69	-1.1795911482010741
49	49	NaN
49	50	-2.5144951310531285
49	51	-3.0122068050159467
49	52	3.0868534209496294
49	53	2.2295641876905195
49	54	3.952140496769198
49	55	-0.37336044718343586
49	56	2.421323353835588
49	57	3.1679550253445043
49	58	-2.668400129868163
49	59	0.01954865105267283
49	60	0.823244636487704
49	61	-1.6747621143811553
49	62	-0.26550575378311175
49	63	0.7650064930226665
49	64	0.01113999048379477
49	65	3.2110780276656565
49	66	2.331157002958636
49	67	-4.432281287604913
49	68	-1.6139909589434276
49	69	-0.5365277137415185
50	50	NaN
50	51	1.2135731102614276
50	52	-0.22916569976380077
50	53	0.4895859133315608
50	54	-1.435829244958323
50	55	-0.5696289534510774
50	56	-0.6886427117786249
50	57	-0.4170704363841587
50	58	0.18924240050229638
50	59	-2.361299682544614
50	60	-1.6048327824317297
50	61	-1.3645205541152405
50	62	2.1563454096387975
50	63	-0.6075757442620039
50	64	1.1632301936514247
50	65	-0.11632000886853203
50	66	-1.678266296190195
50	67	-1.0288295873176403
50	68	-0.2241126400594662
50	69	0.4514766041373123
51	51	NaN
51	52	-1.6769754216706352
51	53	-1.9903670251544152
51	54	-1.9313409898504277
51	55	0.9085880337435124
51	56	-2.8080433323359824
51	57	-2.5603602059906105
51	58	-3.0052104932470765
51	59	-0.18544928648656056
51	60	2.3770969370329484
51	61	0.23048633329288787
51	62	-2.3557212783535535
51	63	-0.20524039029266108
51	64	-0.6411946913332046
51	65	-0.07481245392740403
51	66	-0.6794624812569275
51	67	26.501903280352995
51	68	1.837155448621129
51	69	-0.3374198749801217
52	52	NaN
52	53	2.2166834814287637
52	54	1.3101181240286015
52	55	3.319823858607703
52	56	2.439006038454458
52	57	2.0499557171161435
52	58	-0.4645193998640404
52	59	-0.9541285254081437
52	60	0.32624708911506967
52	61	1.2320179623744296
52	62	-0.3900584176490154
52	63	1.023624926870755
52	64	-1.416718589758662
52	65	1.3744234969416889
52	66	2.2034944775081584
52	67	-2.3595902218806364
52	68	-2.801167636606911
52	69	1.6745277878121578
53	53	NaN
53	54	1.4175377982702595
53	55	1.9683072709273974
53	56	2.2672591830627806
53	57	0.8993275735216131
53	58	-3.457677173312979
53	59	-2.3693035394649136
53	60	-3.5718831732624037
53	61	-0.15396118575749945
53	62	-2.583294444930303
53	63	-1.2634848543746082
53	64	-1.8276078011585553
53	65	-0.5286385261362232
53	66	-2.2121429894396134
53	67	-1.6988687336022903
53	68	3.0595623354958374
53	69	1.743529049684797
54	54	NaN
54	55	2.1652344412266435
54	56	1.460653065249228
54	57	1.279970907513549
54	58	-4.596638982767946
54	59	-2.5920951995923422
54	60	-1.8919540217197894
54	61	1.966995670795351
54	62	-3.321662912647467
54	63	-1.2157919663561165
54	64	1.1900335644588818
54	65	4.2770697346606585
54	66	0.23520582741455717
54	67	14.026281630357701
54	68	-0.012260317062478786
54	69	-1.959505772309626
55	55	NaN
55	56	1.6322513508538459
55	57	1.7177814200881754
55	58	-1.2267458326979863
55	59	-0.33652848225217813
55	60	2.056557517259466
55	61	-2.907727737332165
55	62	-0.1707777817582616
55	63	-1.8529658771540432
55	64	2.5704409014866583
55	65	2.048385334406572
55	66	3.173085010932534
55	67	0.2550500190432612
55	68	-1.9945191918309586
55	69	-1.3175700609182535
56	56	NaN
56	57	6.1010738554549695
56	58	-2.5096034806399325
56	59	-0.3636600818982383
56	60	-2.5453739074112076
56	61	-1.2641501434168483
56	62	-2.486121921765141
56	63	3.2828319657710865
56	64	-1.2042314758132826
56	65	3.0713783983146308
56	66	2.881103822922499
56	67	-1.9563862461013228
56	68	-0.5449590983127276
56	69	-0.3811370450283587
57	57	NaN
57	58	-1.1238232441615104
57	59	-3.318958972811628
57	60	-0.7305180779489786
57	61	-3.505347975236593
57	62	-2.4224690984849615
57	63	-0.06251924412318925
57	64	1.0286830090972963
57	65	1.8484951025726404
57	66	0.6259643768091374
57	67	-1.8001905502464515
57	68	-1.3810067179144627
57	69	0.12342082574996788
58	58	NaN
58	59	-3.110946354495527
58	60	0.1285531564555275
58	61	0.9708582280854124
58	62	1.3119111209854322
58	63	26.369077106200088
58	64	3.068582415876803
58	65	-2.6325316595899317
58	66	-1.9481359779806289
58	67	-1.6989717678333727
58	68	0.9803880148165003
58	69	-2.603131663322242
59	59	NaN
59	60	-0.3862395302515561
59	61	3.2278184370936205
59	62	2.0340029740333825
59	63	-1.8024008973421375
59	64	7.4136671908584235
59	65	-1.8266869184721561
59	66	-0.6768761088618497
59	67	-0.32583139557607593
59	68	0.7287862476195537
59	69	-2.0098474317236654
60	60	NaN
60	61	-2.3098842601835594
60	62	2.7677923033266962
60	63	-0.0693678647101501
60	64	1.6967412779088251
60	65	-1.0212607435050685
60	66	1.6808056709706474
60	67	0.31734321620854017
60	68	1.359492081321208
60	69	-1.703279348374064
61	61	NaN
61	62	1.8609804130020997
61	63	0.18095349021317042
61	64	1.6318505037222384
61	65	-0.5046872000797985
61	66	0.2490442436123253
61	67	-0.9838321478475216
61	68	0.24193594022310824
61	69	-3.0220024654355764
62	62	NaN
62	63	-0.9730437617384116
62	64	1.9015491150824018
62	65	-1.118625715272691
62	66	-0.7789104560726434
62	67	-2.2217954257579495
62	68	1.4354364344273811
62	69	-2.7774759901217076
63	63	NaN
63	64	0.6908077561115656
63	65	0.7318499468142602
63	66	-1.3831148220126468
63	67	-0.4106606777776225
63	68	0.10820072890310863
63	69	-1.5481770838755355
64	64	NaN
64	65	-0.6972549877147811
64	66	3.8392045244197095
64	67	0.2562526397404102
64	68	2.1676825325605846
64	69	0.10704284190676137
65	65	NaN
65	66	0.16743095131975824
65	67	-0.3802665572655285
65	68	0.41860468454120314
65	69	1.0314115294553057
66	66	NaN
66	67	0.6218048196206274
66	68	0.5398088479709533
66	69	-1.142928719735243
67	67	NaN
67	68	3.3592865244397854
67	69	-0.37745185578134577
68	68	NaN
68	69	0.9467713508749812
69	69	NaN
