1	1	NaN
1	2	0.47292159694112473
1	3	-1.7567520062581186
1	4	-0.3879952874626668
1	5	-1.0709319985543369
1	6	3.0991057042184798
1	7	0.27812465987330964
1	8	2.954087901329812
1	9	4.3698564323189215
1	10	0.5358785288063581
1	11	1.6640953928980589
1	12	-1.1183921088091968
1	13	0.36601345809670466
1	14	-3.1398197806376418
1	15	-2.131530213441616
1	16	-1.3691349023961847
1	17	1.7343506664110504
1	18	1.20712703809259
1	19	-1.9400975070596882
1	20	2.5138745716128352
1	21	-2.3487339265846696
1	22	-1.0830979826852414
1	23	-0.36075347656937085
1	24	1.56391729470542
1	25	1.3647371571924984
1	26	-1.778507934062696
1	27	3.901243065896307
1	28	-2.50198938452942
1	29	1.1740863507874542
1	30	-2.8975748019970187
1	31	-1.9770348950689403
1	32	-3.3962461402154656
1	33	-0.003317470175539826
1	34	0.5525888886645027
1	35	2.233329924085481
1	36	-1.1405349225649095
1	37	-0.2980933157012967
1	38	2.5976632540678573
1	39	0.13630631360907755
1	40	2.2381465200853348
1	41	-2.976539705505239
1	42	-3.328184955325309
1	43	0.9599124502156289
1	44	1.1842647728229407
1	45	1.6003110136608973
1	46	-0.8759890742259763
1	47	2.043579308326027
1	48	-0.32172901649234825
1	49	4.0997304024737415
1	50	-3.1708329571186793
1	51	-1.1442170950493822
1	52	2.1851097383375544
1	53	0.06279525121930295
1	54	-1.8635247119010137
1	55	1.9725841812407492
1	56	4.332627000101198
1	57	1.1063776557411504
1	58	-0.6241405735516042
1	59	0.15291244496660267
1	60	-0.8713490112744688
1	61	-2.7979574574411465
1	62	-0.47787598478001997
1	63	-0.3918484496385836
1	64	0.7304963905642708
1	65	0.5869372106397208
1	66	-1.2190433842730835
1	67	-2.322592902585656
1	68	-2.3844311230937896
1	69	-3.8518410482590872
2	2	NaN
2	3	-1.5128414227422418
2	4	2.0523346332414483
2	5	0.22752839551383858
2	6	-3.94046676395177
2	7	-2.2819335056450774
2	8	-2.538087080616976
2	9	-3.6848439551344727
2	10	-1.9611053025387373
2	11	2.23569828218814
2	12	-2.494873450438282
2	13	0.7020489045358135
2	14	0.159553829995367
2	15	3.6606383432726877
2	16	-0.5269281918330435
2	17	2.0162335540358773
2	18	-0.19141998006553546
2	19	1.528053761971596
2	20	-1.567868392196425
2	21	0.7349255582675137
2	22	0.04789747813827168
2	23	-0.20251352696694527
2	24	-0.23252149923750995
2	25	1.9168968832085143
2	26	2.6927397578084205
2	27	-0.8553041459665403
2	28	4.558420748271611
2	29	1.7377681215852978
2	30	0.060868196959502026
2	31	-1.7728515596047967
2	32	0.14496271937878583
2	33	1.0037234000494948
2	34	0.9398930446805656
2	35	-0.05760693343148373
2	36	0.8114670749245526
2	37	-0.5796602122402824
2	38	-3.5447137412489518
2	39	-4.031036522290888
2	40	-0.20083883970158578
2	41	1.3506757128430036
2	42	1.6694543535069508
2	43	2.107754525195868
2	44	-1.7485642363696268
2	45	-2.240670935515547
2	46	1.0555117394977263
2	47	0.4574788585839293
2	48	-0.8406104245025645
2	49	-1.6414356800066157
2	50	1.9713255958104898
2	51	2.5105331670121522
2	52	-1.1510332096048468
2	53	-2.7686377272637612
2	54	1.4656434814074764
2	55	-1.1904785018275192
2	56	-0.389894394835337
2	57	-1.563732705358912
2	58	-4.144037865095229
2	59	-2.2840993070048174
2	60	0.2311143419833651
2	61	1.8818938498237148
2	62	4.188558220307227
2	63	-2.2352739504760786
2	64	-1.376886019672031
2	65	4.487170039280268
2	66	2.227761079917684
2	67	-0.6313311343921597
2	68	3.3347303256881413
2	69	2.002501677673877
3	3	NaN
3	4	0.9400680687543603
3	5	1.2356343162020555
3	6	-3.578160095526304
3	7	-0.27888590080106795
3	8	-3.0779795621918646
3	9	-0.780555421216373
3	10	-1.469973223047135
3	11	-2.2860063753205155
3	12	1.3960489725461156
3	13	-0.11795320400386733
3	14	-1.955156012810266
3	15	-1.3952774502326424
3	16	1.9899363921207676
3	17	-3.064376512947426
3	18	0.2255061348507443
3	19	-1.5809471772719705
3	20	-2.2654038363557647
3	21	-1.2799152665739237
3	22	-1.7028998261438169
3	23	2.4819385660855384
3	24	-2.009781742533784
3	25	-0.14790358889593413
3	26	0.07938804514220198
3	27	-2.079172290918174
3	28	-1.365011046363077
3	29	1.353036130023362
3	30	4.370170127665149
3	31	1.0844258276371193
3	32	-0.6547445147346284
3	33	2.460000348895738
3	34	-0.481382172878221
3	35	-1.7555962468742012
3	36	0.32476283469693723
3	37	-1.7351497667845803
3	38	-1.9647247788208648
3	39	-0.3336673235247364
3	40	-4.272180095828756
3	41	-1.8470511340002298
3	42	1.4580049295020374
3	43	-3.0929156387757
3	44	-3.3412742196488883
3	45	2.0200079928270127
3	46	1.0598612038828537
3	47	1.351106548130873
3	48	-1.8275811118965586
3	49	-2.5076046198408974
3	50	-1.7103578428055195
3	51	-1.806976641963483
3	52	-4.199203140481298
3	53	-4.897772929459028
3	54	3.1985929284173453
3	55	-1.8020540609647855
3	56	-1.48235477440319
3	57	0.6564796073898227
3	58	-0.2489574757945053
3	59	1.3588342235090607
3	60	66.37094357416699
3	61	1.9928179158552286
3	62	0.0500652250326084
3	63	-0.1687382365577987
3	64	-1.042620035729133
3	65	-5.332872512299412
3	66	-0.08082206166454707
3	67	-1.885262112702849
3	68	-1.3428480631889554
3	69	-3.5336794851906457
4	4	NaN
4	5	2.298697907788114
4	6	-0.12105826951073137
4	7	0.15293871690516614
4	8	-0.38298844414851435
4	9	1.2769933263198947
4	10	-1.9484164097596903
4	11	-3.6233433045115704
4	12	-2.074045072335519
4	13	1.4049231814620582
4	14	-1.301115833026157
4	15	-1.3242695222462493
4	16	0.1755949549638474
4	17	-3.104284507286725
4	18	3.479450940142799
4	19	2.3398507192910785
4	20	-0.7566625205271527
4	21	1.7093715457848095
4	22	-0.2409038406875673
4	23	2.061631374271036
4	24	-0.33390044609160363
4	25	0.24983858849653676
4	26	0.3369971386459813
4	27	-1.6573402743669805
4	28	-2.9662129457406077
4	29	0.5270460030474322
4	30	-1.0347555452723052
4	31	-0.3786683733189194
4	32	0.20246826361934298
4	33	1.1173394216718178
4	34	0.6096692279563577
4	35	-0.11249905391053987
4	36	-2.0949895659502715
4	37	-2.5482244301932195
4	38	-0.54673225349496
4	39	-4.41741357181603
4	40	-0.429199967698417
4	41	-2.0219075466658927
4	42	-0.6589647580632602
4	43	0.8712885170020036
4	44	-0.5083399427563307
4	45	0.5350046233196775
4	46	1.6001679798874426
4	47	-1.466705687274104
4	48	-1.8119524209210465
4	49	-1.7225635566826651
4	50	0.9809721101295126
4	51	0.33002231423114053
4	52	1.0480750296470196
4	53	-1.4882663333499029
4	54	0.2697240111932505
4	55	-0.913629644386891
4	56	-1.501063078850085
4	57	3.8390128232051857
4	58	3.156358719296959
4	59	1.2302300310112806
4	60	-1.310169156320992
4	61	0.46794530564619324
4	62	-0.22259034548902182
4	63	2.447735649077415
4	64	2.230651835650677
4	65	-1.7835515230823977
4	66	0.15464705353550579
4	67	2.87902568420003
4	68	0.5598745154967896
4	69	2.684365101249634
5	5	NaN
5	6	-0.4350236971619197
5	7	-1.119966491593461
5	8	-1.3704654742110276
5	9	-2.1705622478106905
5	10	-1.2942889057264972
5	11	0.8308601882939649
5	12	-0.1404904136925325
5	13	-2.906811584847059
5	14	2.4019122449504837
5	15	4.777600548677001
5	16	-0.6857837398222281
5	17	-0.17942598333217114
5	18	-1.1353899284890816
5	19	2.8724853000677295
5	20	-2.240014933467853
5	21	-0.7683987510177974
5	22	-1.4465628972910833
5	23	-1.8912700350985199
5	24	-2.2004371329462593
5	25	-0.7354926463358564
5	26	-2.377087482381973
5	27	-0.05869650982461786
5	28	0.37118551847134557
5	29	2.9850420478712034
5	30	-4.188780752004493
5	31	-0.9633368104261261
5	32	3.521200488471537
5	33	1.7907749437699467
5	34	5.672545586202664
5	35	-0.5134015909524307
5	36	10.067031276870757
5	37	-0.2071009795070745
5	38	-0.23030186599002955
5	39	-1.8308039902469522
5	40	-1.0738566107658247
5	41	2.383133751988809
5	42	-0.2706631839775506
5	43	1.4098913303158087
5	44	-2.2414304242417327
5	45	0.8287931098505146
5	46	-0.255781334953781
5	47	0.613167291115125
5	48	1.3947916595521317
5	49	-3.115531925719642
5	50	1.1706903541054565
5	51	0.17169410481872036
5	52	-1.1397643744936405
5	53	-0.7236432217361299
5	54	1.0187250129730814
5	55	-2.082432626766826
5	56	-1.7714606935407324
5	57	1.8440139662187611
5	58	-2.8823229844664744
5	59	0.71695597129853
5	60	0.041751188380541676
5	61	1.7580422728021239
5	62	-2.022250976833967
5	63	1.4217645102008887
5	64	-2.0542137971326144
5	65	0.773312972023988
5	66	2.956993005456432
5	67	-0.6269780520246596
5	68	-1.4755967520896873
5	69	0.37717118052272
6	6	NaN
6	7	-0.7425642563319138
6	8	3.0700810621384496
6	9	5.726236940075274
6	10	-0.8917019615533881
6	11	-0.0707966002446043
6	12	-1.261663842576932
6	13	-2.305873165244909
6	14	-0.7564283355129182
6	15	-0.09165275784145603
6	16	1.5593054966135715
6	17	-1.8526162876863448
6	18	-0.6179759263512203
6	19	0.7527272397074056
6	20	1.2722446408497048
6	21	-0.7827015126675135
6	22	-0.12517081110047332
6	23	-1.2316710201932217
6	24	8.734193371208015
6	25	-0.6237326937060967
6	26	-1.3057096816054492
6	27	1.2661111273947296
6	28	-3.286923354603086
6	29	-2.390843202369067
6	30	-4.66641070183335
6	31	1.7608368492407578
6	32	2.4417947661326123
6	33	-1.6992396078120628
6	34	-0.9121492411654997
6	35	3.117597658039936
6	36	-4.051070663913111
6	37	-3.134459031281286
6	38	2.8052958191071866
6	39	0.07243756881376145
6	40	1.9657924208596096
6	41	0.4501042474162357
6	42	-1.887020332977049
6	43	-3.5674742481321853
6	44	1.537238618072028
6	45	-1.5726692629274572
6	46	-3.361385982835845
6	47	-2.432027625632685
6	48	1.8018120847035117
6	49	4.4323329110836776
6	50	-0.30259760008411274
6	51	-1.1247495657086253
6	52	0.054296313768586
6	53	1.4110126258036
6	54	-0.26884663321848434
6	55	1.3961129038073115
6	56	1.9779343201632913
6	57	3.939734594074555
6	58	-0.916408941923301
6	59	-0.7270066083131024
6	60	-0.2601162928672832
6	61	-0.4839583591352342
6	62	-1.4483231593598749
6	63	3.1576147183942815
6	64	-1.4278394829760879
6	65	1.6778482832442279
6	66	0.5281823954498183
6	67	-2.782103073218895
6	68	-0.33442345703956605
6	69	-1.242910690910193
7	7	NaN
7	8	-2.194408775468246
7	9	-0.8936989713662028
7	10	-1.2391176959273034
7	11	0.5952313454917462
7	12	-3.519137951532057
7	13	-0.03922764582974479
7	14	-2.9741249848886504
7	15	-3.8939660600127675
7	16	-1.5323891791026518
7	17	-2.5335268159879516
7	18	-2.934857277212408
7	19	-0.3624995467422754
7	20	-2.317102747444606
7	21	-1.3327764675076466
7	22	1.6615501573800204
7	23	0.8342342222379104
7	24	7.862154630771952
7	25	1.54766915730357
7	26	2.799955268647741
7	27	-3.354870502546658
7	28	2.906029588875265
7	29	-1.3128446657671258
7	30	0.41320586586249614
7	31	-1.6947787421281955
7	32	-0.33484413420956755
7	33	-0.9803929694127298
7	34	-1.08475890691609
7	35	-2.0575033377510725
7	36	50.661209852984186
7	37	17.520603555324566
7	38	-1.8920535210644494
7	39	-4.5938166660155515
7	40	-5.518300475332957
7	41	1.0651082122812787
7	42	-1.5092989598290358
7	43	-3.0217434035680246
7	44	-3.39548603073825
7	45	3.752482286394693
7	46	-1.0696662002132833
7	47	1.818953695222828
7	48	0.49367324246792615
7	49	-2.2394320380986175
7	50	-0.7798605668747842
7	51	-3.4037304097517462
7	52	-2.513367272253285
7	53	-4.517027395150346
7	54	0.04272549742932969
7	55	-1.4269076753080425
7	56	-3.227597308274829
7	57	-1.4974820255029582
7	58	0.30671044755564353
7	59	-1.6869182108461234
7	60	-2.4699303309586518
7	61	2.3314153914542404
7	62	-3.9334069676498844
7	63	-1.3404838065020601
7	64	-0.6282359704171112
7	65	2.6229105240015373
7	66	-4.346502206385505
7	67	1.925804432767255
7	68	2.960982822162193
7	69	-1.4568999891574164
8	8	NaN
8	9	3.390565771662465
8	10	2.8665464885633503
8	11	-0.4741172346046531
8	12	-2.1919523778826018
8	13	-4.09700511338254
8	14	-0.6782644766122837
8	15	-1.6601870786100796
8	16	-2.8557150056149716
8	17	1.4465517884821149
8	18	-2.7233117553178516
8	19	-0.9981926107209373
8	20	3.553062265562368
8	21	0.49370562512865
8	22	-1.9002305205862968
8	23	-0.2926797111668106
8	24	3.7071921827749588
8	25	-2.144853120827604
8	26	-2.5622242360450667
8	27	3.760244024434277
8	28	-0.01630436658561636
8	29	-3.2266644375723996
8	30	-3.143701488322213
8	31	-0.2029274854696836
8	32	-2.7906367036391684
8	33	-1.9636734965361824
8	34	-1.4462180376000644
8	35	3.3509280869628686
8	36	-3.3452920588747768
8	37	11.524770149551564
8	38	4.506912967749497
8	39	-4.219910352122901
8	40	6.5307208199204965
8	41	-2.185360471704461
8	42	-2.101774641828147
8	43	-1.1720624572838851
8	44	4.199908317959195
8	45	-1.9946588338614606
8	46	-2.7392832959553144
8	47	-2.2144343505817177
8	48	-1.5201999742879533
8	49	4.676846506168896
8	50	-2.7523899573980253
8	51	-2.358727690281505
8	52	5.119600895110848
8	53	2.5564263490935364
8	54	-1.0856293198793339
8	55	2.9874522111928226
8	56	4.078598126368955
8	57	2.9431717529571073
8	58	-3.651478116102316
8	59	0.014982037467765144
8	60	-1.6433156937460238
8	61	-2.3104946212331123
8	62	-2.1662159724449417
8	63	4.174082711426957
8	64	3.2787266088502007
8	65	-2.1037184700263816
8	66	-1.8342473542929352
8	67	-1.0542843673778473
8	68	-0.9234014398924355
8	69	-1.7857661413526198
9	9	NaN
9	10	0.011657240953662886
9	11	2.081038794209811
9	12	-3.2071460150942612
9	13	-3.707252133974755
9	14	-3.6207343687932796
9	15	-1.0277425541363496
9	16	-0.4567871510793326
9	17	-0.15853597751061477
9	18	-2.472464735334764
9	19	-0.7300203090813748
9	20	3.0511376453428816
9	21	-2.1517158433401895
9	22	-0.019995019554883635
9	23	-2.094439206237142
9	24	1.35263988587692
9	25	-0.540803265380356
9	26	1.299096890697724
9	27	0.37198757723583703
9	28	-0.35051040243295056
9	29	-3.5577453090279154
9	30	-0.9053743850878501
9	31	3.269554664427579
9	32	1.1900715075021715
9	33	-0.9046650283624007
9	34	-0.42155218162928076
9	35	1.7766765409482692
9	36	-0.5897448907805335
9	37	0.9310126417760114
9	38	1.5825067514344016
9	39	-3.688922014347749
9	40	5.54776685971286
9	41	-2.9379663072047406
9	42	-1.9999752112408824
9	43	0.2851292285106279
9	44	7.714481611167858
9	45	-3.1350372888342584
9	46	0.6520254363279661
9	47	-2.5348553975861496
9	48	-3.2353032512579003
9	49	2.3737121510163646
9	50	-1.408267131702875
9	51	0.008618490808427349
9	52	0.11762518450522748
9	53	0.09049143032330455
9	54	-5.133181568358422
9	55	1.6150455240552373
9	56	2.9666349164081947
9	57	6.880523224208054
9	58	0.5103186306167248
9	59	0.3808693212189812
9	60	-2.137109974019547
9	61	-0.7405730818655444
9	62	0.3792493740577491
9	63	0.23157587305715419
9	64	0.011416980924525331
9	65	-3.116710982878928
9	66	-0.26391697216483756
9	67	-0.022083218114458767
9	68	-1.4411743669650763
9	69	-0.14151386156580034
10	10	NaN
10	11	-2.4408824306249035
10	12	-0.4521839782158813
10	13	-2.528741484225934
10	14	-0.011327508834691871
10	15	-1.7374665520948163
10	16	0.17957609269791014
10	17	22.428032451137113
10	18	-0.5359156613871197
10	19	-1.5580618629592744
10	20	-0.5130115055983111
10	21	-1.6500498672996342
10	22	1.7341776126004864
10	23	0.5023920963805194
10	24	0.956316083909157
10	25	-1.9195841897883756
10	26	-1.9768719913219113
10	27	-0.42084143677128416
10	28	-0.9538807776806225
10	29	-2.416567670649965
10	30	-2.043173778671383
10	31	-2.7281331040476764
10	32	-1.5350741845895968
10	33	-0.09968559147574586
10	34	-0.36662612872946
10	35	-0.028404730184898808
10	36	1.7807237043085007
10	37	2.8678074156258297
10	38	3.3159806716433633
10	39	7.4999755721944945
10	40	1.3057317005969682
10	41	0.8029017755058169
10	42	0.4019347556039182
10	43	-2.7747491905646107
10	44	0.7454292529390233
10	45	-0.3600855061409299
10	46	-3.417172835668243
10	47	-6.885877838757646
10	48	1.101781125460487
10	49	1.0117262581879993
10	50	-1.9391146471077374
10	51	-0.9014355397962439
10	52	8.317576685879102
10	53	0.33903933504447237
10	54	-3.9187173423675716
10	55	-0.18192812465626995
10	56	0.785640341846662
10	57	-0.1062512426061658
10	58	-2.7462859110296747
10	59	2.0411072856851615
10	60	0.7023124786605648
10	61	-0.7458249739908794
10	62	-1.9428126373487253
10	63	2.1840752967603283
10	64	-1.1286539644244284
10	65	-0.6279320230467509
10	66	-0.5413228430052571
10	67	0.6312343736120304
10	68	-3.4907270872166314
10	69	-1.3545871983222848
11	11	NaN
11	12	2.2793600586626095
11	13	-2.791706703467419
11	14	-0.4412164804252159
11	15	-0.3285858985312813
11	16	-1.4323757915225488
11	17	-0.6543743701187855
11	18	0.3616264431268583
11	19	0.8529775938807302
11	20	-2.957561833107156
11	21	0.8795239541944888
11	22	-0.5224641336568566
11	23	0.2087711986166213
11	24	-3.8141038919841974
11	25	0.8000843097395655
11	26	1.6511045275502871
11	27	-2.9794843903824804
11	28	2.382484799744446
11	29	-0.1943737120286245
11	30	2.1689584846720673
11	31	1.7373683827424458
11	32	-0.6066597716843181
11	33	-2.6019691157449043
11	34	-0.5468503709535402
11	35	-2.7238866359065654
11	36	-4.752650176992244
11	37	-1.349799680066982
11	38	-2.3282361898049913
11	39	-1.3280864534425227
11	40	-2.923990748397405
11	41	19.383177896937486
11	42	-0.4251572417397401
11	43	1.1615855072378203
11	44	-1.8523065574020208
11	45	0.9925250940015715
11	46	1.408338803679738
11	47	0.1887330540837894
11	48	4.313315212363069
11	49	-0.1858471116630433
11	50	0.3844129958586998
11	51	-2.563285343597027
11	52	15.28749802463747
11	53	1.2826851247638837
11	54	1.3857639990127424
11	55	-3.281221634376184
11	56	-1.8349148099212231
11	57	-2.9613493553070356
11	58	-1.6064534516607918
11	59	-3.092472751411704
11	60	0.05624929238480041
11	61	1.6792938364098657
11	62	-0.5246447474315179
11	63	-1.4385766656118915
11	64	-2.0742619987763096
11	65	-0.3922902913337356
11	66	-0.0003833826324476637
11	67	1.9138003011214864
11	68	-1.1668805124785389
11	69	2.37072374465952
12	12	NaN
12	13	4.972051442247016
12	14	-0.39388512078670607
12	15	1.1647571909310863
12	16	0.40020967853432143
12	17	-0.9609956884103185
12	18	-0.9471202206121137
12	19	1.3754477447283107
12	20	-2.926258465218969
12	21	0.5965355924620147
12	22	1.1657475723637796
12	23	0.696129885440152
12	24	-0.8886784304272873
12	25	-1.8515363333074768
12	26	-0.4298137138010992
12	27	-3.668066157583338
12	28	-4.17069680351924
12	29	0.39205150340133493
12	30	-0.03863580097795858
12	31	-1.4394186857037308
12	32	-0.41877140800433477
12	33	0.244580375262524
12	34	1.4382354614896489
12	35	-1.6159230661042676
12	36	-2.7566676247404356
12	37	-4.042757187472534
12	38	-2.0537039715514975
12	39	44.85630453564393
12	40	-1.7611859073544296
12	41	18.215386714330123
12	42	0.349882019097183
12	43	0.629628200119287
12	44	-2.183449420359698
12	45	-1.461889308456143
12	46	-3.2720295137152013
12	47	-3.886605209145264
12	48	3.6352188986841556
12	49	-0.6765024982319645
12	50	1.8852902352501808
12	51	3.354693059808711
12	52	-1.7562965152326384
12	53	-2.4765432373914877
12	54	-1.7906902388187482
12	55	-2.0712194513915207
12	56	1.9675055084954782
12	57	-4.109274195284366
12	58	-1.3674531864921087
12	59	0.630282429907769
12	60	-6.012235938475893
12	61	0.5334794881104722
12	62	-1.6839019714041221
12	63	-2.0429855653443196
12	64	-2.6240962153624054
12	65	2.422611952197743
12	66	-1.4827057191950177
12	67	0.6492398112098651
12	68	-1.4662816549999942
12	69	-0.08545703515926543
13	13	NaN
13	14	0.6357342942988724
13	15	4.515346509002067
13	16	1.8908818655959403
13	17	0.8404388652989843
13	18	-2.9984470683059423
13	19	1.0037595506349575
13	20	-0.5599052751553539
13	21	-1.0086721882936174
13	22	-0.8231390860355732
13	23	-2.183907351463552
13	24	-0.4243322961069493
13	25	3.844454015857968
13	26	1.8254086570107178
13	27	-0.4198557154930917
13	28	-2.457527117630608
13	29	0.8422050144469013
13	30	3.1989021360860956
13	31	-1.0692351093886268
13	32	2.246421374304648
13	33	1.7391519022845854
13	34	2.624895363805851
13	35	-2.403344915178783
13	36	1.6600907726948186
13	37	-1.5258936224247828
13	38	-1.6449105044573695
13	39	4.389236498262898
13	40	-5.113273502477688
13	41	-2.8066261278763367
13	42	-0.170743376996534
13	43	0.9981788776605578
13	44	-0.3133759851815065
13	45	0.4996934804742228
13	46	1.4422466995263692
13	47	1.5861063015638484
13	48	-0.0399712979389768
13	49	-1.1880925580712327
13	50	3.8059104377770514
13	51	-0.988104357489484
13	52	-3.121751656324738
13	53	0.7551472995737164
13	54	-0.5621380184887872
13	55	-1.378962275913484
13	56	0.6189131162488125
13	57	-2.5959042269839223
13	58	6.56937538119595
13	59	1.135954715974644
13	60	0.4920874299295138
13	61	4.956539596403637
13	62	-1.128523778001478
13	63	-2.203869251693895
13	64	1.0943598084705146
13	65	1.9087092791564622
13	66	3.343160934423919
13	67	-1.837052868917294
13	68	3.0500689911447885
13	69	0.7088936153416746
14	14	NaN
14	15	0.4637653262453158
14	16	1.923875832670898
14	17	0.19814016122350056
14	18	-0.012642086219014342
14	19	0.7933337300767644
14	20	-2.1194763486921406
14	21	1.7061995078706989
14	22	0.17054730707731475
14	23	-0.9985122958126527
14	24	-2.5131991670261455
14	25	-2.573497594776192
14	26	-0.7880171735965784
14	27	0.12459342814514503
14	28	0.7297958339616782
14	29	-1.99857144333264
14	30	0.04002684174480543
14	31	-0.1930962355448014
14	32	-1.8376739276207505
14	33	0.5771026809132778
14	34	1.861711333701339
14	35	-1.4241651331733243
14	36	-2.7550356305034933
14	37	-1.7074353236203246
14	38	-2.625922641201515
14	39	-1.0909195355878663
14	40	0.8230674985059916
14	41	-1.0856522264915767
14	42	1.7621723287472462
14	43	-1.6561385025788666
14	44	0.023207533776547547
14	45	0.7389936409203605
14	46	-2.06582044280538
14	47	2.2735672674915057
14	48	-0.9185560207892661
14	49	-1.340813749435187
14	50	0.2456930742476346
14	51	1.2530156577189744
14	52	4.159873517001569
14	53	18.7414531547381
14	54	1.0463532506770956
14	55	-0.22743830178299318
14	56	-3.071760709519641
14	57	0.5405481532076046
14	58	-0.06393191647568162
14	59	0.08162714594513817
14	60	3.332727209666799
14	61	1.1939993409177174
14	62	-0.6228714234356609
14	63	-1.6101102414525332
14	64	0.9441703851005601
14	65	-4.260673600948528
14	66	-0.5827685087179375
14	67	2.4266211050871584
14	68	0.6639928322497308
14	69	0.3317158196277388
15	15	NaN
15	16	0.9715380137515941
15	17	-1.144552633926003
15	18	2.032825164549058
15	19	-1.6669745841441694
15	20	1.9209531215855427
15	21	-2.371628874438432
15	22	1.7698574611621465
15	23	0.6835248810796085
15	24	-0.6611140007076322
15	25	1.7287631277557005
15	26	3.102492240482141
15	27	-2.809624258373913
15	28	1.042994625467864
15	29	0.9689068324332076
15	30	1.9755588501116135
15	31	-2.7695072015989877
15	32	1.455656955620451
15	33	-1.543299541618889
15	34	-1.0731306536545973
15	35	-2.769428065877694
15	36	-1.0390789336887918
15	37	-3.9210354010122312
15	38	4.265902324742638
15	39	-0.6448614019564674
15	40	-2.434685620397387
15	41	3.2521161730516117
15	42	1.7901757082625285
15	43	-1.3905127088576084
15	44	-2.3321109126602755
15	45	3.075299112530178
15	46	3.8397710067185935
15	47	1.111372949825982
15	48	1.492080068805616
15	49	-0.2855800935576038
15	50	-1.1442591182640756
15	51	-0.9389477167498479
15	52	-0.5192720075021933
15	53	-2.6471394544812092
15	54	0.8860529822255333
15	55	2.0036867783316543
15	56	-1.4024992594508694
15	57	-2.0404214970723826
15	58	3.3232256692339965
15	59	-1.1671888057517232
15	60	0.9465934847769131
15	61	1.6793337835385047
15	62	3.1946422681923523
15	63	-1.0217848250290256
15	64	-0.14852614175358964
15	65	-1.9505146617129931
15	66	-1.8756824367800742
15	67	1.6199920881511023
15	68	-0.24562656625310786
15	69	-1.1942004132019985
16	16	NaN
16	17	0.07639944938916064
16	18	-0.26809222640180225
16	19	4.974106120950087
16	20	-1.6119993245121584
16	21	2.1904786936370932
16	22	0.12023056600992733
16	23	1.0061957758392004
16	24	-1.3723069390650915
16	25	7.915387276608787
16	26	2.2446722359646043
16	27	-2.622055283922763
16	28	0.07797674745425454
16	29	-0.12112933044364683
16	30	0.08568633255493299
16	31	-1.3138387296605742
16	32	3.2710267665176866
16	33	0.16495926073537157
16	34	3.977703483426958
16	35	-2.587202970207582
16	36	0.44437857205610987
16	37	1.574037929638515
16	38	-3.753202951687713
16	39	-2.0895553847462742
16	40	-3.218615532800663
16	41	0.06244743320676789
16	42	1.4385738474302285
16	43	-1.5590567152278438
16	44	-2.6659679256605755
16	45	0.49118187601558455
16	46	0.4509800085071891
16	47	-2.6720353842696767
16	48	1.969381194633683
16	49	0.12187683764259494
16	50	-0.21734629478393558
16	51	4.1280830681066805
16	52	-3.4095823683923663
16	53	6.376503803414838
16	54	-1.9172458787255748
16	55	-3.16072697704671
16	56	-1.707239478492191
16	57	-1.1365392598250368
16	58	0.45043326154672464
16	59	-1.9571926776612414
16	60	0.14204625500349746
16	61	-1.9264943060265354
16	62	-3.1934661658822696
16	63	-2.104104205463172
16	64	2.1690653823273154
16	65	1.8581879509543757
16	66	3.9404231350386247
16	67	-0.5076126364031679
16	68	4.483228421483371
16	69	-0.17579015438646267
17	17	NaN
17	18	1.475819139650494
17	19	-0.9974858747158852
17	20	-1.5741839608346635
17	21	-0.3473542849194579
17	22	0.3951362334392121
17	23	-2.628267096564539
17	24	1.5381142089087356
17	25	-3.226208310363459
17	26	-0.9019468792191427
17	27	2.3252805971906425
17	28	0.24197010936359056
17	29	-3.48656950705105
17	30	-3.019599157240427
17	31	-1.5626518776288532
17	32	-1.6334593612634523
17	33	-0.18539083377754595
17	34	0.8524878928706184
17	35	1.0102075015559018
17	36	-3.682285439128833
17	37	-0.3875685526928035
17	38	-1.1237546665843348
17	39	-1.228425376664616
17	40	2.7857735421498107
17	41	-1.1450860852199043
17	42	-1.396596082966959
17	43	-0.6491687182297451
17	44	1.9682633847727273
17	45	0.3311917945743162
17	46	-1.517116988942981
17	47	-0.998529679229135
17	48	3.54659469410215
17	49	1.3687651332789907
17	50	1.037364879523683
17	51	-1.020091014792855
17	52	2.9308196027933633
17	53	4.669909325033998
17	54	-2.1885929227749945
17	55	0.8809208499282598
17	56	-1.270911807285676
17	57	1.8028709835504528
17	58	-0.6738713168614104
17	59	-0.1910230177347088
17	60	-3.2520957971831908
17	61	-2.1302666173514826
17	62	0.654913435242963
17	63	-1.3634181314499012
17	64	0.6112573047437027
17	65	0.9717018257308453
17	66	-2.290439290288586
17	67	1.096077528146537
17	68	-1.264201001014233
17	69	-3.922092281851616
18	18	NaN
18	19	3.5096429703474223
18	20	-1.5709600999216473
18	21	0.7917447977832213
18	22	4.3986652355893705
18	23	0.39939664589972856
18	24	-1.8622950860321739
18	25	0.6934082630042497
18	26	-0.6924110548950531
18	27	-2.884713839514653
18	28	2.500172488950728
18	29	0.4142881226389405
18	30	0.3541487757204287
18	31	0.5076613194194612
18	32	2.1955262347337667
18	33	1.003135990054772
18	34	-1.8205863355740906
18	35	-3.025081472431734
18	36	5.482061687353235
18	37	-0.5385932547622285
18	38	0.7203878515337475
18	39	4.489119063852315
18	40	-0.4977556926344057
18	41	-0.5908236219208542
18	42	4.510232699146088
18	43	3.651692272411515
18	44	-2.7745375030567607
18	45	-4.994047466427214
18	46	-0.46141013371065803
18	47	4.047673808945661
18	48	-0.12169919747577711
18	49	-0.74821950857263
18	50	5.77626763227279
18	51	-1.3164128759509688
18	52	-0.5659626204643581
18	53	-0.8833047277219448
18	54	3.8552368414285247
18	55	-2.4923657401747468
18	56	-0.20316311558368833
18	57	-2.4343978256875087
18	58	-1.3653779127229269
18	59	-0.5927030451437797
18	60	-1.7108771017248183
18	61	-3.232968881731609
18	62	2.4395561047324597
18	63	-0.7820470992952525
18	64	-2.7795594447945637
18	65	2.4154118091446524
18	66	-0.3024107569154311
18	67	-0.652140198585262
18	68	2.880263010747568
18	69	0.029979767208705092
19	19	NaN
19	20	-1.0509158363904878
19	21	1.1117706041328692
19	22	-0.6055732727409943
19	23	2.973619376365407
19	24	-0.935130986575313
19	25	1.208742051357909
19	26	-2.777115293671524
19	27	-0.3413199920842354
19	28	1.1005108321678385
19	29	-2.462050027804258
19	30	-0.46569137027990604
19	31	-0.44117832918341454
19	32	-1.5631001726991485
19	33	0.31012819292950133
19	34	0.8217259550582173
19	35	-0.966071660591803
19	36	0.024136548150862268
19	37	-0.26018442642265605
19	38	-0.758484852007314
19	39	-0.9287287138036336
19	40	-1.9086088487660047
19	41	0.9416134137320777
19	42	-0.960200328026706
19	43	1.960669330561289
19	44	-1.2292230560590813
19	45	1.2044821778834265
19	46	2.8638007668845256
19	47	-0.5232036975223241
19	48	1.5598482417117638
19	49	-0.5148914226298648
19	50	1.3625908982981063
19	51	1.607101468929602
19	52	0.48203037087340944
19	53	-0.547756120782142
19	54	-1.0208560331015706
19	55	-2.064413656858252
19	56	-2.3627044639708714
19	57	-0.163442113308756
19	58	-2.3284040013482525
19	59	4.717781941921527
19	60	-2.4878662946953454
19	61	0.4426460019188615
19	62	-2.464413479777582
19	63	-0.38776964792256596
19	64	-0.1919753307447271
19	65	2.3582810116581374
19	66	2.4422994464232906
19	67	-3.1136379397682608
19	68	-1.0295653357783645
19	69	0.5177487952673832
20	20	NaN
20	21	-2.970496472803774
20	22	-0.5753610315312317
20	23	-2.8024180877066542
20	24	4.423751790735504
20	25	-1.1461064003934547
20	26	-2.7282190467421423
20	27	1.6188984484543296
20	28	-0.14476948840653972
20	29	2.0283399261107298
20	30	-2.499049158918539
20	31	-2.130901465528788
20	32	0.6720135777219624
20	33	-1.5090287995383442
20	34	-2.0954043755497924
20	35	3.193252702453147
20	36	0.5010700617685429
20	37	-0.29829407306975886
20	38	2.158629434001397
20	39	-1.5913709697944232
20	40	3.053410089225672
20	41	-2.203333246213139
20	42	1.7048589782236296
20	43	2.6308280990508774
20	44	1.1586763356766019
20	45	-1.15504483736315
20	46	0.3236781468788239
20	47	1.8201053329456998
20	48	-1.240948858977245
20	49	1.3595656924283617
20	50	-1.6523480435561115
20	51	1.4660006769403522
20	52	1.1383064803506662
20	53	4.2196694361547396
20	54	-1.4145991673701481
20	55	3.4020427350508906
20	56	1.8510843550214222
20	57	3.2321113022655346
20	58	-3.572410128630269
20	59	-2.0577690856626014
20	60	-1.5007623137815704
20	61	2.047084597180288
20	62	-0.8766073468012101
20	63	0.35254718320305345
20	64	-0.7491150631253063
20	65	-2.417660147765379
20	66	1.1895699467498417
20	67	0.31219800332018555
20	68	1.4894716463984081
20	69	-0.1262452269847156
21	21	NaN
21	22	0.43309659580743226
21	23	4.5439832711766925
21	24	-1.1096137238471524
21	25	0.2910804543571441
21	26	2.32127268969527
21	27	0.6643446664859605
21	28	-0.01882079128425195
21	29	0.9625852879433745
21	30	3.2089510480635424
21	31	0.326928005671585
21	32	1.849663528099138
21	33	-0.18116096144502838
21	34	3.6083167342631244
21	35	-0.4207767405217348
21	36	-0.27287537629150965
21	37	-1.7340914860818242
21	38	-2.0705287796135834
21	39	-1.6603783436013153
21	40	-2.530332745590611
21	41	-2.496467700319082
21	42	1.852223774880518
21	43	0.490688009308485
21	44	-0.8222998180906937
21	45	3.2215599216472564
21	46	3.1769708677432726
21	47	1.078721944190761
21	48	-0.3831404778589673
21	49	-2.3839251355630897
21	50	-0.9098047135077119
21	51	1.713007902997832
21	52	-0.18517000279043042
21	53	-3.0968404712009865
21	54	1.0050385664659158
21	55	-1.792402272574598
21	56	-1.86823986636092
21	57	1.2064589417128386
21	58	-1.8074710697843726
21	59	-0.3197376463072765
21	60	-3.8388558753946964
21	61	3.3120465832238297
21	62	-1.2792529505513843
21	63	-0.20505962243575734
21	64	1.325100379208229
21	65	-3.0781251917235974
21	66	4.658072077787781
21	67	0.4889779256427552
21	68	3.2520091195165715
21	69	-0.033263552107060626
22	22	NaN
22	23	-0.11460616027424059
22	24	1.5380673269372036
22	25	4.615113815485545
22	26	3.277402873054349
22	27	-1.404887991894444
22	28	0.9388751931897413
22	29	-0.7819646626831088
22	30	1.0953501973470237
22	31	-0.693117956319803
22	32	4.964078733266629
22	33	2.1924959184847275
22	34	3.6870325216628337
22	35	0.13228182634048727
22	36	0.3011473214666172
22	37	-0.9165608198377074
22	38	-1.6830719728647832
22	39	-1.4343842510234994
22	40	-4.039239133887267
22	41	-0.9039686268264416
22	42	-2.4985292325008728
22	43	-0.405141370959713
22	44	-2.178714244976987
22	45	2.0285892256009617
22	46	0.607037086219457
22	47	0.4023429821402171
22	48	4.454362248471666
22	49	-0.2701651429864561
22	50	1.7752273977589432
22	51	4.362502703426541
22	52	-0.8867656605503409
22	53	-2.466253692146564
22	54	2.1794443851870793
22	55	-2.6334912575197653
22	56	-2.8003289817644346
22	57	-0.4613495460177544
22	58	-1.0173570789950943
22	59	-3.6673387825696806
22	60	-3.629909184864161
22	61	-0.0460045488525741
22	62	1.8297433884542302
22	63	-1.5050353092999746
22	64	-0.6680183082838901
22	65	-3.422050188653314
22	66	0.7588164470312969
22	67	1.824765818181565
22	68	1.8517995824399653
22	69	-0.5127435256497946
23	23	NaN
23	24	-0.6105926606005614
23	25	-0.023330443846534998
23	26	0.7191216287558363
23	27	-1.384941479278677
23	28	-0.9895023566097354
23	29	1.6731433476639357
23	30	2.4832441499485083
23	31	0.625948638875448
23	32	-2.007945974040239
23	33	0.3255987274679227
23	34	-1.6499620610151156
23	35	-1.9329506035932404
23	36	-0.6855342665729771
23	37	1.4439287495008883
23	38	-1.2108729783153913
23	39	-0.33369124856193955
23	40	-1.6141017424027175
23	41	2.2922016664312332
23	42	3.6452990252713664
23	43	0.9603176381018927
23	44	-1.5766141879527755
23	45	-2.340191754529341
23	46	4.484373028469161
23	47	-1.7111283098129637
23	48	0.8306551626588871
23	49	-1.0091334621533021
23	50	-1.2736186725462264
23	51	1.901807275831741
23	52	-1.9915182058484442
23	53	-2.931818946375906
23	54	0.932867732786299
23	55	0.7813167318263057
23	56	0.4488571733424712
23	57	-0.7576496324574078
23	58	0.4566304800325206
23	59	-0.30928014228272627
23	60	-0.11728298423985034
23	61	0.42734262699741055
23	62	-1.3671008424358582
23	63	1.3216496904140642
23	64	-2.8541611061561554
23	65	-0.6714066549223622
23	66	0.2595557980508489
23	67	0.6486037399231724
23	68	1.031551848779963
23	69	4.967151375496009
24	24	NaN
24	25	-2.835070167014142
24	26	-3.341112206824527
24	27	0.2956731568449322
24	28	-2.7429177743415054
24	29	-0.23625096717253985
24	30	-0.6940237785764912
24	31	1.4706769249348952
24	32	-3.1699512757961936
24	33	-1.076921467563081
24	34	-2.1297940873191603
24	35	5.091630222523062
24	36	-1.0113179742401717
24	37	1.033554976146439
24	38	5.228798014823867
24	39	-0.8170807645734801
24	40	2.981641680942929
24	41	-0.3310520831336593
24	42	-2.48621609049676
24	43	-0.914019880489446
24	44	2.3828252415747877
24	45	-2.141019154457503
24	46	0.7867748447168406
24	47	-2.0219831982971734
24	48	-1.1242258909136573
24	49	1.699141777290671
24	50	-1.9009559117034482
24	51	-3.5064077714213786
24	52	2.92702072519248
24	53	1.3060981191967975
24	54	-1.8728455623025655
24	55	6.4132906216276035
24	56	1.4438241795208864
24	57	1.4743297116996377
24	58	-2.8337735189310496
24	59	-0.8901704734755185
24	60	-2.8014449922992344
24	61	-2.191276948631204
24	62	-2.6367697280608358
24	63	-0.13135770535235378
24	64	1.5083646707441514
24	65	-1.8492584018342038
24	66	-1.5687103926940507
24	67	1.44834768032227
24	68	-3.0468059811530814
24	69	-3.2117141784359062
25	25	NaN
25	26	7.131078328125639
25	27	0.2581026095923168
25	28	-1.3066536975199614
25	29	2.7032541950361644
25	30	0.631518960034877
25	31	1.1071758591849648
25	32	0.6394486176182512
25	33	-2.528547349384078
25	34	-0.9068819376403654
25	35	-2.756345358725314
25	36	0.5680136179441602
25	37	-2.174565476761331
25	38	-1.1398021602647102
25	39	-2.033323927458686
25	40	-3.058232157228858
25	41	-1.253758071514768
25	42	-2.42291549313055
25	43	2.8294698245144985
25	44	-1.9751532232080722
25	45	-0.48969335724458896
25	46	0.7056345470448724
25	47	6.10133063050028
25	48	-3.058714214904344
25	49	-1.4794421017386437
25	50	3.360502064119248
25	51	2.660334609067487
25	52	-2.7074729618342053
25	53	-2.6074193569926107
25	54	2.352357665500283
25	55	-2.9676765738885766
25	56	-1.2013362781053694
25	57	-1.8653065590537816
25	58	4.880576229869509
25	59	2.8458178746468823
25	60	-1.7151512971969833
25	61	0.6648538722578415
25	62	-0.8225238783982002
25	63	-3.2124676743010876
25	64	0.5042879124479894
25	65	-3.196274087714944
25	66	5.493673578603957
25	67	1.32938932874059
25	68	-0.034831166933290005
25	69	-1.8284100020677745
26	26	NaN
26	27	0.3388653730805856
26	28	-1.0079374590501817
26	29	2.609695007670112
26	30	1.6092144314107333
26	31	2.978171744286792
26	32	0.2683589829896402
26	33	3.341689804459674
26	34	0.09340406302301622
26	35	0.7417849503017585
26	36	-1.911773903123328
26	37	3.7632804483139606
26	38	-0.0806256281598617
26	39	-1.0387286038847832
26	40	-3.8961610034366627
26	41	1.7876909634257763
26	42	-1.032569149186463
26	43	0.11818945906021956
26	44	-3.133703630023023
26	45	1.3483723674177677
26	46	3.8703663247649
26	47	-0.8623899660450446
26	48	-3.226104921985388
26	49	0.054092284033647825
26	50	1.817595797762329
26	51	-1.440082447895729
26	52	-1.1721999660434543
26	53	-1.2442658934655728
26	54	1.4396226231533447
26	55	-1.6499135803600267
26	56	-1.8888602516086004
26	57	1.2622578860744085
26	58	0.04778533651000038
26	59	-1.4599543217817599
26	60	2.564843591754918
26	61	2.0524636346313554
26	62	-1.7788349514352084
26	63	-5.139326543127891
26	64	1.9339046863967766
26	65	-2.2891111467080276
26	66	-0.5074365528070359
26	67	-0.13563212667590185
26	68	2.79673230438754
26	69	-0.7030244085733515
27	27	NaN
27	28	2.263973040054018
27	29	-0.4077231219792132
27	30	-1.4665744829098106
27	31	-0.5579053234405394
27	32	-1.915433490138598
27	33	-2.590241230606179
27	34	0.8897137399884306
27	35	3.8507022537304865
27	36	-1.932682220273368
27	37	3.603211904546118
27	38	1.6644673974286348
27	39	-0.04754838594701245
27	40	1.6744000043460472
27	41	0.9409818470980458
27	42	-2.1126119531944387
27	43	-0.04313733488661164
27	44	2.947222133127105
27	45	0.8354169701851887
27	46	-0.6636341036662269
27	47	-0.5658626509192637
27	48	-1.9420968644179328
27	49	2.145348420302817
27	50	0.13181517651044597
27	51	2.192672912891396
27	52	1.46974688984364
27	53	1.799231646669938
27	54	0.18886320383021568
27	55	1.6864458877109234
27	56	1.8141987362394647
27	57	3.918311566522689
27	58	-2.92781712549423
27	59	0.0009679146730967535
27	60	-1.5589257850007043
27	61	-0.7566821429437967
27	62	-3.2533538633133414
27	63	1.6773581049475252
27	64	0.4287249043057944
27	65	-0.6791648038423885
27	66	-1.8555551824061733
27	67	-2.261453812992232
27	68	-1.930588946236718
27	69	0.5382334699373464
28	28	NaN
28	29	5.422312562993222
28	30	-0.32945997003195754
28	31	-0.21130136143492773
28	32	1.0551758879360356
28	33	3.3132087303784266
28	34	-3.158022015580968
28	35	4.073409107244646
28	36	-1.6035937579498956
28	37	-3.1432816860157846
28	38	-2.438089566954129
28	39	-0.3277142405781662
28	40	-2.031617813771297
28	41	0.4726406094921933
28	42	1.9452076758565637
28	43	-1.2027844771057934
28	44	0.018232216949597733
28	45	0.2581520591789639
28	46	-0.736556490270041
28	47	-0.12357068361762856
28	48	1.1116432254123647
28	49	-1.7751085304552157
28	50	-0.20959947910537974
28	51	-2.274919790049643
28	52	0.3015191963339273
28	53	-2.678054506219548
28	54	1.591732934945581
28	55	-2.3104039796134326
28	56	-1.517979540146397
28	57	-2.133355136041002
28	58	2.3040906596794772
28	59	1.5643537989456808
28	60	-0.8161848895372769
28	61	-0.1610110301706104
28	62	1.6533418672847757
28	63	1.0349454134395415
28	64	2.2605122347841817
28	65	4.119546298201268
28	66	-0.3780283247565671
28	67	0.8558786264472804
28	68	-1.240541772509004
28	69	0.8170400848986151
29	29	NaN
29	30	5.266665010543761
29	31	-1.3937974264342572
29	32	0.7712228824252613
29	33	0.34468503835185443
29	34	4.955934811073355
29	35	-2.1255808256757356
29	36	-1.975647443070286
29	37	-0.24004398406673091
29	38	-0.32827484078883945
29	39	0.41377449066707706
29	40	-4.522042910309582
29	41	-0.7119618072399645
29	42	5.651409602313101
29	43	-2.4353898644185628
29	44	-4.311355635201678
29	45	-0.0010937893405046403
29	46	1.8432945355471184
29	47	1.1284097088600291
29	48	-0.9203512905818733
29	49	-2.53356049797376
29	50	2.9797333069320224
29	51	-0.43395360305709113
29	52	-3.42758293868603
29	53	-1.9499115148041097
29	54	-1.882752271222067
29	55	-0.36786034675777796
29	56	-0.8581659106254252
29	57	-1.0841642739495398
29	58	0.7083950272337425
29	59	1.5876587713312227
29	60	0.7630160161439216
29	61	0.32030480436426123
29	62	-1.3417261860187453
29	63	-0.2939308032418735
29	64	-0.4709822384252108
29	65	3.9506421020840663
29	66	2.1099780815612452
29	67	-0.26360501592113844
29	68	4.556739073945022
29	69	2.8050000548371097
30	30	NaN
30	31	0.6695730947016344
30	32	-1.6319046603157727
30	33	0.7405082534153316
30	34	-3.1676159899413396
30	35	1.664029842896196
30	36	0.9169604202051651
30	37	-1.9761428504485814
30	38	-2.943988725505256
30	39	2.30689892288102
30	40	-2.3087158595823247
30	41	0.3286678718697102
30	42	1.9316535872039455
30	43	1.2139290297861138
30	44	-3.9538441142485916
30	45	-1.192886168343955
30	46	4.952647644858287
30	47	-0.4533962032507666
30	48	2.162850947801566
30	49	0.24290477887936104
30	50	1.896247359184153
30	51	1.3532395984789025
30	52	-1.5017458911169652
30	53	-0.25677087841667806
30	54	0.7531951112335592
30	55	-1.3281677880332121
30	56	1.2437593169084677
30	57	-2.0135298608392316
30	58	3.4298977963284645
30	59	0.5022627115475758
30	60	2.366954216421214
30	61	-0.39735752300136057
30	62	-1.3636266899091567
30	63	-2.783186106245122
30	64	-2.1397307654809814
30	65	0.961697017386371
30	66	1.8512426991893338
30	67	-1.4506121086851775
30	68	6.402281597796643
30	69	1.8700144316300755
31	31	NaN
31	32	-0.049572374709062596
31	33	1.7069509121077933
31	34	3.4290006153250485
31	35	-0.05883559835761174
31	36	-1.5431170155805423
31	37	-2.734693249615012
31	38	-0.8920327188078494
31	39	-0.99653603494029
31	40	-0.41528450715678217
31	41	-3.1295273639063206
31	42	-2.432938855467439
31	43	1.6963622044381639
31	44	-0.883665324615157
31	45	3.816273309108759
31	46	1.810589225121384
31	47	3.234563613549398
31	48	0.5837547453703427
31	49	1.2076702286041519
31	50	-1.347766568673263
31	51	-0.2923630234667724
31	52	0.06523984843655314
31	53	1.481464228460572
31	54	1.1935357785298593
31	55	1.27191583446342
31	56	2.3604057708050656
31	57	1.1233241546747619
31	58	1.5710519553497748
31	59	2.797328560978566
31	60	3.2626136404670434
31	61	-1.1905549524546348
31	62	-0.04807615991158815
31	63	-0.7052304948369174
31	64	-1.1396650560145642
31	65	1.260646391020246
31	66	-4.479197819713701
31	67	0.49967828224132194
31	68	-2.477460506700979
31	69	-1.5412041245925188
32	32	NaN
32	33	0.7515896970772588
32	34	-1.4601471066400107
32	35	-1.3914806925217016
32	36	-0.22470042232844115
32	37	-0.9159551503723921
32	38	-2.24855131076386
32	39	0.19367491321162797
32	40	-0.8640828046942389
32	41	-2.233301027729738
32	42	2.6527348818638012
32	43	0.5596492981070019
32	44	-3.6832243096237094
32	45	1.6944405117020624
32	46	3.183742325946345
32	47	3.960438551511268
32	48	-0.6874106912374475
32	49	-1.5261827799899346
32	50	1.0891894804713091
32	51	2.2362572596229833
32	52	-0.7359751141563466
32	53	-3.4599586126314468
32	54	0.7904878459239352
32	55	0.8550378948379989
32	56	-1.1612124035862967
32	57	-2.1699659110714906
32	58	-0.1705190365171925
32	59	-1.880616736364086
32	60	-0.13222300426167566
32	61	-2.5152223931290734
32	62	-0.5306372959557796
32	63	-0.6889365642834476
32	64	0.5199014374049777
32	65	4.431041094544941
32	66	-0.3019440274514288
32	67	1.7708925485355975
32	68	2.2730020301490637
32	69	2.6647338081797622
33	33	NaN
33	34	3.908500755624461
33	35	-2.74358848776994
33	36	0.5375736154917671
33	37	1.0958947017662741
33	38	0.6495891559360031
33	39	0.3885305444517649
33	40	-1.3887427374922452
33	41	2.4804239203836254
33	42	1.4791343768844187
33	43	0.17633013587415566
33	44	-0.7452582417040394
33	45	-1.0673552851828987
33	46	-0.24059238566645968
33	47	1.0845812408410114
33	48	1.561612090765318
33	49	-2.557296091140082
33	50	1.7639677474263635
33	51	1.1160664459213712
33	52	0.3269950683289837
33	53	-1.2623322845617877
33	54	0.33097733581625494
33	55	-3.01981714988417
33	56	-1.7070690292667614
33	57	-1.9939102873001215
33	58	-4.359725076020109
33	59	-1.886175912076347
33	60	0.49316005638165117
33	61	2.497198602549957
33	62	0.5807779380858559
33	63	-0.35953813915103
33	64	-2.5713800875810815
33	65	-0.017259007156320727
33	66	3.4003362192937394
33	67	0.6540471896935623
33	68	-0.561152218793983
33	69	-0.8566300032094856
34	34	NaN
34	35	0.1633346619198466
34	36	0.07723295179287182
34	37	2.5023715582696173
34	38	-0.12240920525202813
34	39	-3.056784258229152
34	40	-1.2024894285424563
34	41	0.2086716986080127
34	42	-2.6999849298728544
34	43	1.9469949540001648
34	44	-2.8183333897448675
34	45	0.742552481873738
34	46	-2.270536962637884
34	47	-2.0907747985226504
34	48	0.6220818220806297
34	49	-1.0700709074467496
34	50	-1.5093519668510678
34	51	1.9735588750217525
34	52	-0.38086514551717837
34	53	-4.441485171237285
34	54	0.32194350228760193
34	55	-0.6002776810097159
34	56	-0.8404032700761301
34	57	-4.329955696946971
34	58	0.13634811813749964
34	59	2.086975253610427
34	60	-0.7625656406767446
34	61	-0.9299824558899633
34	62	1.809011824276566
34	63	-0.7543443881250479
34	64	-0.6041648812806122
34	65	-0.5896503838471423
34	66	2.6507895651336173
34	67	1.5186195495766468
34	68	-2.5827811561237732
34	69	3.245784177850022
35	35	NaN
35	36	-0.601800109150761
35	37	2.2976075489448227
35	38	4.466349489726379
35	39	-2.898537632764221
35	40	2.1698100946645953
35	41	1.0860515956761012
35	42	-1.5770418728381677
35	43	1.0806303632964709
35	44	3.1361438330147706
35	45	-2.4110306972486164
35	46	-4.413171347997297
35	47	-2.1687944581004697
35	48	-2.0456260207705927
35	49	3.5812916313643024
35	50	-4.018900699656353
35	51	-3.5638625660736905
35	52	1.8265168449096636
35	53	2.897703544127222
35	54	-0.5095905242384398
35	55	2.26292265246861
35	56	3.9045330488079966
35	57	2.6212483675690055
35	58	-1.558622923052622
35	59	2.3210158391774036
35	60	-1.9790542387777295
35	61	-0.16383084086036884
35	62	-3.7636766746848065
35	63	1.7161819850512117
35	64	0.9663307962846799
35	65	-1.372969132978611
35	66	-1.2043226899997155
35	67	-2.0005819307734853
35	68	-1.3597086700093481
35	69	-0.29729807103145234
36	36	NaN
36	37	3.138098990001399
36	38	-3.1349715827507167
36	39	-0.19615772983249136
36	40	-3.1702412851177444
36	41	-2.0249497715802085
36	42	-0.1619896889708371
36	43	-1.9652642748556282
36	44	-1.8162310661706749
36	45	-0.11468323264678083
36	46	-1.048918622179245
36	47	1.4876483929772804
36	48	1.4499988012108274
36	49	-3.579877226759513
36	50	-0.043948980309130393
36	51	1.2038595853679273
36	52	-1.522692970171989
36	53	-2.70943147929057
36	54	-1.4180193547533944
36	55	0.7053007144707049
36	56	-2.8417733849708995
36	57	-0.24030833409878655
36	58	-0.6528305103453167
36	59	-1.453237530776697
36	60	1.1005183292059455
36	61	-1.9503974164780469
36	62	-2.724062816076351
36	63	-1.1089598899729576
36	64	-1.2458612225652568
36	65	-1.1771247417591444
36	66	-2.1225368870542414
36	67	-0.19271670825510212
36	68	1.3275690620859915
36	69	-2.597727500340316
37	37	NaN
37	38	1.9309149025569785
37	39	3.26260246951684
37	40	0.7458836717836794
37	41	-2.7426086258074958
37	42	0.41614078338790217
37	43	1.1448385481244538
37	44	0.5128985440957886
37	45	1.593262576830204
37	46	-0.11070621680716322
37	47	-3.4733007096134476
37	48	-1.2294084080158563
37	49	0.2861850317043856
37	50	-1.0013246225514152
37	51	-1.73333735694358
37	52	-2.013021622659587
37	53	0.6845576194323411
37	54	-2.009290496167864
37	55	-0.17244954420137973
37	56	-0.7403965391442766
37	57	-0.5790517598070899
37	58	1.060580433141072
37	59	-2.3353493173134954
37	60	-4.002263560808333
37	61	-1.6848750235189784
37	62	-4.156133662140753
37	63	0.6146871279507442
37	64	0.11884879841572137
37	65	0.18166180699461093
37	66	-2.6244047977981064
37	67	1.0585451317239147
37	68	-1.1019786020854907
37	69	1.056114372725915
38	38	NaN
38	39	-2.412278867110138
38	40	1.7705643780194096
38	41	0.4843079497313547
38	42	-2.475485175512493
38	43	0.29298422931054324
38	44	2.3448111133117
38	45	-1.5782162861924334
38	46	-1.7608120160772764
38	47	-0.9752848493993083
38	48	0.5317335036423204
38	49	1.7712102947087183
38	50	-2.4598853518840076
38	51	0.598408676890215
38	52	1.4499612966729698
38	53	0.7268038758957913
38	54	-1.0592589571103561
38	55	4.222223841677801
38	56	2.8733062463373584
38	57	0.488427931399022
38	58	-1.6785493142981838
38	59	1.19696700117859
38	60	-0.26205631311385064
38	61	-1.0801549272854107
38	62	-1.4562039365546762
38	63	2.293414095843541
38	64	-0.7284642882434944
38	65	-1.1389437372696458
38	66	-0.9328026840627458
38	67	-3.139832389556954
38	68	-1.7457848099652313
38	69	0.9130852805750156
39	39	NaN
39	40	-4.7492968239679225
39	41	-1.1579149817875563
39	42	1.7039512159128904
39	43	0.9726733901608852
39	44	-3.806479670714636
39	45	3.683347220401174
39	46	-2.7471795577774705
39	47	2.402102025366272
39	48	0.46625701524752705
39	49	0.6640429893723804
39	50	-0.40387969186373324
39	51	1.1223216346200093
39	52	-2.6220778731238608
39	53	0.08993241366323207
39	54	0.5130946141711218
39	55	0.3161794846269715
39	56	0.3908366262270546
39	57	-0.6482471807289915
39	58	1.328332533375005
39	59	-1.625714107468818
39	60	-3.7510910364863115
39	61	0.5963782768807373
39	62	-0.06354407812274844
39	63	-2.301686081652934
39	64	-2.473195692102082
39	65	-1.0195471486973282
39	66	-0.1045959082017651
39	67	1.018576693292696
39	68	-0.958610401670949
39	69	4.246019906690954
40	40	NaN
40	41	-3.113323133408753
40	42	-2.296031068980054
40	43	-2.5602065949248165
40	44	56.44788342501432
40	45	-1.0318154133406585
40	46	-1.5166593826487438
40	47	-3.251421768491501
40	48	-1.8165401405007089
40	49	4.4090399610357665
40	50	-2.6377260797245405
40	51	-3.939886200244127
40	52	4.600744991315509
40	53	1.9273935104729445
40	54	-1.6707266309424151
40	55	2.300370580174188
40	56	1.4507146767450279
40	57	5.32372631612013
40	58	-4.326255162834779
40	59	0.10131713523774964
40	60	-1.7288476743391985
40	61	-1.9758771622275642
40	62	-1.8040536010178394
40	63	2.9054689806264036
40	64	1.1097440136032242
40	65	-2.1559862646383645
40	66	-4.053261822729
40	67	-1.6641046869655332
40	68	-1.9043656225563215
40	69	-3.92391730685109
41	41	NaN
41	42	4.988008272066719
41	43	-0.1254138313861703
41	44	-3.0444360757700073
41	45	-1.3331939216891513
41	46	-2.6322630207695226
41	47	0.3516657178018714
41	48	-1.1402010082363607
41	49	-2.8800107377880506
41	50	1.0602200968359214
41	51	-1.26325051806759
41	52	-2.287588032246729
41	53	-1.0915262666004943
41	54	1.0255310243034197
41	55	-0.3455404661191845
41	56	-1.529957330326631
41	57	-2.72697207576235
41	58	-1.6921474781975425
41	59	-1.0170837113531004
41	60	-0.3135619825424046
41	61	1.8941925619313134
41	62	-1.0625557130065497
41	63	-0.2678215888496919
41	64	-3.2432977435322057
41	65	2.762953571535297
41	66	-1.4824234300730017
41	67	1.5180494011547843
41	68	-0.5822480682489415
41	69	2.337175247995885
42	42	NaN
42	43	2.699073775904928
42	44	-1.3801086910398284
42	45	-1.0236320830802002
42	46	1.214983483281768
42	47	2.131723457597021
42	48	-0.9179961894956905
42	49	-1.5838078418111978
42	50	0.4242824353916923
42	51	-0.7536197928235413
42	52	-1.991856982962418
42	53	-3.776808284668049
42	54	1.390568393672785
42	55	0.8401734605357009
42	56	0.16996000014750098
42	57	1.583137305599125
42	58	3.059079777011267
42	59	-0.15064239569588103
42	60	-1.6285526668052381
42	61	-1.5031800843888907
42	62	2.1233180695903076
42	63	-0.4036825648081682
42	64	-2.4792037300211036
42	65	0.4179288005175267
42	66	2.4175789331389446
42	67	-2.3599132383441552
42	68	-1.1712597647067693
42	69	0.06132445449101558
43	43	NaN
43	44	-2.146400111356666
43	45	3.648023861154302
43	46	3.742493309069151
43	47	4.026346422068504
43	48	-0.511464324612422
43	49	-3.4733322860725955
43	50	0.8100222508979152
43	51	-1.5200589298476286
43	52	-1.592657283546948
43	53	-0.7058665271608269
43	54	-3.8037907247724556
43	55	-0.31514622001096815
43	56	-2.98006013857659
43	57	0.4273584350809975
43	58	-1.4748865816915688
43	59	0.7084424609724512
43	60	2.1066121804250866
43	61	1.3800069409858873
43	62	-1.9807604107823835
43	63	2.0834853071036976
43	64	2.3102185069449495
43	65	-3.227245794420063
43	66	-0.60613250553861
43	67	1.2345861407963685
43	68	-0.9432516814864009
43	69	0.7664268475359878
44	44	NaN
44	45	-2.7804664418899514
44	46	-2.1941811858127136
44	47	-4.427482010757164
44	48	-2.044816153178149
44	49	4.807910989872278
44	50	-2.643921101579895
44	51	-4.4063609091015605
44	52	2.4638834583451454
44	53	3.388935307240612
44	54	-1.0431734331030373
44	55	3.171283677434374
44	56	2.760405463213893
44	57	1.7525999100096112
44	58	-1.622581450458239
44	59	-0.10791635239716371
44	60	-2.310907571318405
44	61	-2.184584714287599
44	62	-0.8171161439525382
44	63	3.449973954367426
44	64	-1.207154325745532
44	65	-3.8582472960236585
44	66	-1.591752915281979
44	67	-2.26946428444191
44	68	-3.88540506567733
44	69	-2.644204018658915
45	45	NaN
45	46	2.935852542687934
45	47	1.8750352310105587
45	48	-1.7568957020154954
45	49	0.1875679582568134
45	50	-1.8007927803732608
45	51	0.58174211808767
45	52	-0.6105403563066638
45	53	-2.190745435454507
45	54	3.0720723632894247
45	55	-2.7928328471198585
45	56	-1.2197616513363894
45	57	-2.6757643813275473
45	58	0.5693616846758125
45	59	-3.677164121709236
45	60	-0.877034614730139
45	61	-1.4109475792868371
45	62	0.9990260019828322
45	63	1.0192165647872264
45	64	3.0622372845794903
45	65	-1.0419366474582938
45	66	0.6031906884673249
45	67	1.6634651778693834
45	68	-0.611050518081247
45	69	0.2602973932510377
46	46	NaN
46	47	1.486296769871523
46	48	-0.02946434535163164
46	49	-2.084919228972394
46	50	3.551214399252631
46	51	0.3458062002126089
46	52	-1.5879053276729265
46	53	0.2214672149938696
46	54	-2.2781860175812483
46	55	-0.5370670717331159
46	56	0.37001961203161887
46	57	-1.2366100086338347
46	58	1.980267305322141
46	59	-2.4277409952301747
46	60	1.3007355347281553
46	61	-3.7855566990920266
46	62	-0.7638504875500126
46	63	-0.30616649865353823
46	64	-1.9660158431029373
46	65	3.5731368722404606
46	66	-0.2871716726065363
46	67	4.153226455103968
46	68	-0.8301924299389368
46	69	-0.01912882906989661
47	47	NaN
47	48	2.4199442008488115
47	49	-2.6853249389790594
47	50	2.0233725929452375
47	51	1.8349081395889026
47	52	-2.490506849284643
47	53	-2.5723836247662657
47	54	-1.558809682268916
47	55	-4.977447804955326
47	56	0.7066949589622815
47	57	-0.6769818311059415
47	58	4.403726633190092
47	59	1.0771307649508364
47	60	-3.0596245305968983
47	61	2.4620053028115993
47	62	1.2553658237883158
47	63	-0.3067431914304027
47	64	-1.1654120552813867
47	65	7.623226002218894
47	66	1.5551279643620768
47	67	-1.9115806540345903
47	68	2.0356004586412038
47	69	1.43487924335882
48	48	NaN
48	49	-1.643065334766457
48	50	0.6514268532518698
48	51	-2.7698587576642875
48	52	-0.5215559958207249
48	53	-0.21181809340420008
48	54	1.1797018771747398
48	55	-0.031463020715047946
48	56	-2.9986650327466036
48	57	-1.4202312687694485
48	58	0.5649698744748881
48	59	1.5971009334032071
48	60	1.2448240611987402
48	61	-3.0155538609255013
48	62	2.439542673642903
48	63	-1.2364717590525602
48	64	0.08282338879392527
48	65	0.8625307162141413
48	66	-2.1802840060975357
48	67	2.1851688474237236
48	68	0.29189895902240776
48	69	0.8661290720972493
49	49	NaN
49	50	-2.185090445982149
49	51	-2.3055598204219074
49	52	3.1220600459628836
49	53	1.5090129476352554
49	54	-1.7014855928123165
49	55	2.3569991875850436
49	56	3.5146878407339956
49	57	3.3785526966224566
49	58	-3.9074675888633563
49	59	1.1208784331790862
49	60	0.27665856347909323
49	61	0.04174056967957702
49	62	-0.5868013293374099
49	63	0.9180510734359444
49	64	0.3895792478148466
49	65	-0.5555986131345998
49	66	2.366700020073827
49	67	-2.1011191453079094
49	68	-2.050081735615245
49	69	-0.5444559029845261
50	50	NaN
50	51	4.184471320102094
50	52	-2.098995352142558
50	53	-0.11434797958541715
50	54	0.49999150617319443
50	55	-3.8743598248413234
50	56	-2.1466869303343046
50	57	-4.743839905433662
50	58	-1.965189546501231
50	59	1.5949026956197818
50	60	0.21557622008358668
50	61	5.641515257684023
50	62	-0.2424965928832957
50	63	-0.4450826676760896
50	64	-1.5832345112051784
50	65	-2.262323170096555
50	66	0.036135850475413796
50	67	3.5110560419989585
50	68	1.2144075930521967
50	69	0.7448503442701886
51	51	NaN
51	52	-1.0399662692385647
51	53	-1.2516486376064588
51	54	-0.4409500122589136
51	55	-1.3929615768919514
51	56	-1.5579278897498063
51	57	0.3349380823832466
51	58	4.23157502956042
51	59	-0.12673660923868774
51	60	-2.6722161784241156
51	61	3.3236901322040207
51	62	2.1099098129244784
51	63	-2.7171090446221977
51	64	0.4738683088143832
51	65	4.208370270561995
51	66	-0.06621434845722804
51	67	-1.2528375127349394
51	68	2.8020887653374493
51	69	3.6555954778098148
52	52	NaN
52	53	2.434503681317232
52	54	0.09831895002898951
52	55	2.521121564386757
52	56	1.9192901098165098
52	57	-0.06183723472423737
52	58	-4.061671457037536
52	59	-0.27162760279501397
52	60	-2.174103155774188
52	61	-0.575700773783582
52	62	-3.292035451171809
52	63	2.0136082614096775
52	64	-1.8670032643070482
52	65	-1.4150369431459178
52	66	-1.2491428217761864
52	67	-0.05582882382603426
52	68	-1.4156747777201104
52	69	-3.2117715497715214
53	53	NaN
53	54	1.5887444506160222
53	55	2.4327350159987593
53	56	1.2289104596855556
53	57	0.2627558499760491
53	58	-1.0645912772375044
53	59	2.4454377479952605
53	60	0.31036586588230447
53	61	-0.8437205770318446
53	62	-0.6805901165225383
53	63	-0.8897311122229511
53	64	-0.6398445555523979
53	65	-1.43931640120769
53	66	-2.0348403385952722
53	67	-0.20539503967618628
53	68	-2.5199713010388196
53	69	-0.6730110245634303
54	54	NaN
54	55	4.783590885376857
54	56	0.4043926672513514
54	57	0.3549352606656491
54	58	-1.2854856871332347
54	59	0.1968023774792588
54	60	0.7686888737763804
54	61	0.45199735326803697
54	62	-1.3878005686836763
54	63	-0.03467315320660546
54	64	0.9889005088280399
54	65	-1.5995173095278512
54	66	-0.23098163855276496
54	67	2.2676074408507993
54	68	0.8767187468001508
54	69	0.6335009224860149
55	55	NaN
55	56	4.708013525766386
55	57	2.727633042170691
55	58	-1.8215465793646077
55	59	0.6881218809964901
55	60	-1.0606260020829361
55	61	-2.2908795964001194
55	62	-1.727863742468603
55	63	-0.285966154390883
55	64	-0.45205625995775633
55	65	0.36282764960496444
55	66	1.6799067878541944
55	67	-2.7932942369436033
55	68	-1.7568342511532402
55	69	-1.2708514518587921
56	56	NaN
56	57	2.9108211121668632
56	58	-2.3069860863226497
56	59	2.1232219206758027
56	60	-2.2249390876681607
56	61	-2.2650075875417777
56	62	-0.6313686964991627
56	63	-0.0035055474931269363
56	64	1.9173196835935133
56	65	-0.22727317258105362
56	66	1.0689932062566114
56	67	0.56066104341511
56	68	-3.401501172483718
56	69	-3.1932643490854487
57	57	NaN
57	58	-1.8930659467380915
57	59	-1.0113707569437884
57	60	-3.2809124864055845
57	61	-1.8456310083398038
57	62	0.4911244845430998
57	63	1.676086246410238
57	64	1.4266219679889487
57	65	-2.606213940613413
57	66	-0.32985299588067535
57	67	-2.2435705346049684
57	68	-0.95336783131401
57	69	-1.3278772006093218
58	58	NaN
58	59	2.283829889213871
58	60	-0.07600000735695304
58	61	-3.9064671149136383
58	62	31.66079654255297
58	63	2.08015098573951
58	64	6.405521176703186
58	65	2.00121842723257
58	66	-0.11030742912117301
58	67	-3.1357273555966025
58	68	-1.109055494895911
58	69	0.12404058097821348
59	59	NaN
59	60	-0.41978941710917966
59	61	-3.582032952001274
59	62	-0.678583050821676
59	63	1.4910496577520587
59	64	1.131339837665384
59	65	-0.061317770169752726
59	66	-2.455304837326243
59	67	-0.5323043771346448
59	68	0.8716445196690633
59	69	0.3371335827460057
60	60	NaN
60	61	3.138777951970324
60	62	-0.5682359991769312
60	63	-1.6773330119803669
60	64	-2.2698378216811506
60	65	-2.5530865166276717
60	66	-0.7192297211285011
60	67	-0.495482050212235
60	68	0.4587774288884523
60	69	-2.069207264948695
61	61	NaN
61	62	5.967885201090237
61	63	2.1671361091644923
61	64	0.37903775023652597
61	65	1.2623577118363702
61	66	1.1883511579857595
61	67	-1.9192895274923754
61	68	1.526181232131979
61	69	1.4532548746657283
62	62	NaN
62	63	-0.5090180638726484
62	64	3.00451818852438
62	65	0.8161516330182809
62	66	-0.6174102206739552
62	67	-0.049732499322958104
62	68	0.7090870269936553
62	69	2.2746655814003263
63	63	NaN
63	64	1.6450286451630294
63	65	-0.3833154551002999
63	66	-1.2134983620697446
63	67	-0.967112351957101
63	68	0.40423516657800324
63	69	-1.65335723441938
64	64	NaN
64	65	1.0110985505849914
64	66	-0.610567240806716
64	67	0.3112692691371103
64	68	-0.8670662276197698
64	69	0.10939405416539
65	65	NaN
65	66	1.6281916883589247
65	67	1.054108010820332
65	68	3.7867974772274846
65	69	1.2584868544276986
66	66	NaN
66	67	2.8855552990920104
66	68	-1.2303284308943085
66	69	-0.35847158354082875
67	67	NaN
67	68	1.0786672460855193
67	69	0.7672967989386622
68	68	NaN
68	69	4.776367405771416
69	69	NaN
