1	1	NaN
1	2	-0.5849607403291069
1	3	1.0691578194577271
1	4	-2.3082157420940455
1	5	1.595689426351847
1	6	1.7651859557376612
1	7	3.2188287442822414
1	8	0.7122233207678011
1	9	3.4064192842384475
1	10	0.1972207083821529
1	11	0.20189273888377943
1	12	-1.0931683251035431
1	13	-1.169205418947393
1	14	0.14719685958780618
1	15	-2.083848100453666
1	16	0.26635740142931197
1	17	0.5505863841752221
1	18	1.1550438202384339
1	19	-2.1163421689106583
1	20	-0.3007129937274779
1	21	0.9329174122302268
1	22	1.3000752154677098
1	23	0.6039518262734932
1	24	1.2314026141569336
1	25	-1.4382562989317085
1	26	-2.3429951870885226
1	27	-1.50820129221213
1	28	2.4639085164534187
1	29	-0.24204987857664
1	30	-4.498047526872135
1	31	-1.2822848291556583
1	32	-0.5418795267085467
1	33	0.1384024094286168
1	34	-0.5448079927741009
1	35	0.676092906948888
1	36	0.45396184324555366
1	37	-1.2415625220908442
1	38	2.4177065856123385
1	39	-1.1572181030418165
1	40	0.9473698738506947
1	41	0.5630460920875918
1	42	-3.2692547984390807
1	43	-2.273094617027996
1	44	-1.3532169653903452
1	45	0.3355055519989321
1	46	0.5093891184733751
1	47	0.6978780838086263
1	48	-0.8618222813758358
1	49	-0.07707478974838901
1	50	0.22501944369390983
1	51	0.4481336678035971
1	52	2.208251498805295
1	53	2.2171480729469235
1	54	0.11363521361806841
1	55	1.4469132084785674
1	56	2.947419574717083
1	57	-1.1128641564269814
1	58	1.9343745818478877
1	59	0.13277697139606087
1	60	-1.5176106054640162
1	61	-2.4525469522835706
1	62	-3.5510062513377902
1	63	1.7648144088628364
1	64	0.34111348447236683
1	65	-0.5702491944253649
1	66	-0.2608258694820644
1	67	-0.6302498718877109
1	68	-1.029049620134238
1	69	-2.3930968885379515
2	2	NaN
2	3	0.0312216346670444
2	4	1.4880726480596949
2	5	1.6300702620456198
2	6	-2.189371221989015
2	7	-2.074120169105519
2	8	-1.61622603182342
2	9	-0.43594943579681666
2	10	-0.35211678032272226
2	11	-1.7558383972229932
2	12	2.2422737291093506
2	13	0.16249651600589846
2	14	0.3694066902903663
2	15	1.0662421875354737
2	16	-1.3593546328471178
2	17	0.09479234332965644
2	18	-1.8347952283524542
2	19	-0.10127951964755505
2	20	0.3598696940208558
2	21	-2.529590921193915
2	22	-1.3127406566149393
2	23	0.1869980739585618
2	24	0.4905961521279561
2	25	0.7957704138279805
2	26	-3.3447196599830997
2	27	-0.7297332421611252
2	28	-0.1510366556842929
2	29	2.0415728685854906
2	30	-1.057412647051094
2	31	-0.2042003693181982
2	32	1.8606889130433293
2	33	0.46486527794323634
2	34	-0.6455608270821022
2	35	-0.08828796015043205
2	36	-0.5419298703406544
2	37	-0.45072344051065555
2	38	0.30274794287756474
2	39	-1.7684284458663149
2	40	-1.0835510447014545
2	41	-1.167646449949285
2	42	1.139409446508647
2	43	-0.6454491390085713
2	44	-0.5578230582724516
2	45	-0.7661803461040894
2	46	-1.2575072935553173
2	47	0.732793139333285
2	48	-0.15434659134552797
2	49	-0.13832317115468842
2	50	-0.3855535946023942
2	51	1.8697012947303093
2	52	-0.7326433863676775
2	53	0.04201188712106213
2	54	0.6258145668088441
2	55	-0.112307162108788
2	56	-0.13172356884573866
2	57	-2.4656127075781686
2	58	8.30081020812028
2	59	-4.162050743534472
2	60	2.6755768088419276
2	61	4.778372764219013
2	62	-2.00348033885639
2	63	-0.456315373020043
2	64	1.8563391319761702
2	65	2.399380610694292
2	66	0.5726857904828768
2	67	0.22250665821455987
2	68	-0.6768490683853686
2	69	1.4019479631581928
3	3	NaN
3	4	3.134394212846316
3	5	-0.6484615565127159
3	6	-0.026424494984192373
3	7	2.0087832656817577
3	8	-0.8484029136793516
3	9	-0.9622012336869691
3	10	0.7664795196578897
3	11	2.7141162777297168
3	12	-1.058604689458613
3	13	-0.9737135614550994
3	14	1.2488071128212856
3	15	3.233920929859389
3	16	2.895974486925188
3	17	-2.1549535139479796
3	18	2.543778930687094
3	19	-1.7667107549127
3	20	-3.024927278907361
3	21	-0.9655990774945259
3	22	3.2748107124699843
3	23	-2.4681577151553453
3	24	-0.3592816703232985
3	25	1.4418111175590613
3	26	-0.9321081467064414
3	27	0.3518749865180589
3	28	-0.9520192706994518
3	29	1.643406730368812
3	30	-2.678209121566951
3	31	1.2972307815384094
3	32	-1.2258747861664079
3	33	-1.7782826517572194
3	34	-0.9392715696546997
3	35	1.2660805811008042
3	36	2.9096163022273207
3	37	2.382949938101712
3	38	0.9617996691838333
3	39	0.9584939622470907
3	40	-1.793287450505625
3	41	-0.0437026652957676
3	42	0.8071217476562974
3	43	-0.5012889613292815
3	44	-1.6822668268693386
3	45	-1.0416014593471776
3	46	1.5381367025060475
3	47	-2.4883764097327306
3	48	4.785761005275071
3	49	-1.0398896223593177
3	50	-1.6694607855938093
3	51	0.9480209164159706
3	52	-2.112729719787826
3	53	-1.4506395496136661
3	54	-1.7225690764216026
3	55	-2.1911791893629546
3	56	-1.831607226169241
3	57	1.1313745938533555
3	58	0.38342289681224223
3	59	-1.3568822974141683
3	60	0.5780586220542283
3	61	-1.850734961378432
3	62	2.8596082617945178
3	63	-1.6450518979073914
3	64	0.8441709270877528
3	65	-1.9572834724521369
3	66	2.632212372636426
3	67	2.297899784532899
3	68	2.0015045789260086
3	69	-1.132348761370488
4	4	NaN
4	5	2.0847316010846204
4	6	-0.5264142699595245
4	7	1.6252273517272593
4	8	0.2135501318404989
4	9	-1.046888051464173
4	10	-2.377514631880926
4	11	-1.3525547462338838
4	12	1.3848480450963367
4	13	-1.14676005257352
4	14	-0.6038355492642461
4	15	1.142868863710946
4	16	-1.5096896766825574
4	17	-0.0849148169247309
4	18	-0.729846906850378
4	19	0.2706502856440375
4	20	-1.1972336106775625
4	21	-1.1949594865507769
4	22	0.012735406888725936
4	23	-2.094992274999065
4	24	0.8531207431011103
4	25	-2.337534545098173
4	26	-1.831046725294457
4	27	0.49552218737638254
4	28	-0.9911329598673029
4	29	0.5384054574711556
4	30	0.25845298185800714
4	31	-3.2538396941646694
4	32	0.6398614754319605
4	33	1.9913483772188418
4	34	-4.207559463420086
4	35	-2.171667924127106
4	36	0.19986417237967952
4	37	-0.9936918264757821
4	38	-3.341742849692912
4	39	-1.48483596585591
4	40	-1.9533072154688986
4	41	1.9190480755157038
4	42	0.6466150092920105
4	43	4.39511927296942
4	44	-0.47669430622677544
4	45	-0.552266594703818
4	46	-0.020124558822918085
4	47	-1.0542353257224903
4	48	1.762389210117553
4	49	-2.3623281407299666
4	50	-0.2937260357615017
4	51	0.9388496765621125
4	52	-0.46852190867214044
4	53	-0.9697562007464696
4	54	-0.05353078066365322
4	55	-1.806569365232758
4	56	-3.9614598675349417
4	57	-3.6039649071106847
4	58	1.1556677234431092
4	59	25.453718972609924
4	60	0.609865413066905
4	61	6.5655521770520195
4	62	-0.0961550408778916
4	63	1.778451365996877
4	64	-0.9210723759879362
4	65	-0.4622295481027254
4	66	-2.1852058640083607
4	67	-0.3168139318154169
4	68	0.26380220743091826
4	69	-0.6211660841895454
5	5	NaN
5	6	-3.359549869946122
5	7	-0.1350044094676864
5	8	-3.9483128106591923
5	9	-2.1282784853021246
5	10	-0.22766395933284128
5	11	-1.3987941303479254
5	12	2.5253377648222135
5	13	-0.001893275426550638
5	14	-2.594552106334981
5	15	2.3346637314483396
5	16	-1.6893829215703677
5	17	-0.2262713298195095
5	18	-1.3901208992117784
5	19	2.49051935043643
5	20	-1.3599478407182342
5	21	2.9856347031542394
5	22	1.7670726859942654
5	23	2.2635094379443017
5	24	-3.9152825317142526
5	25	1.787132644494621
5	26	-1.134324450948355
5	27	-2.24723728565758
5	28	-0.9751072238709766
5	29	1.7499976103930874
5	30	-2.2322420242841505
5	31	-0.18487191839723285
5	32	0.6404101176362239
5	33	0.819183982127426
5	34	12.15375708001456
5	35	-1.1889221187735461
5	36	-0.9053283521463978
5	37	3.3619833299129778
5	38	-0.3325616894506589
5	39	-0.6289280352953537
5	40	-1.5849811432095458
5	41	1.368938905814423
5	42	0.9415339909910901
5	43	1.1347334948868137
5	44	0.9661197050239066
5	45	2.3855213234173016
5	46	-0.38335389333841824
5	47	-1.1428148783731926
5	48	-0.7788553595205389
5	49	1.6785100890571294
5	50	1.7259072566353046
5	51	-2.149637526920676
5	52	-2.2192906036711912
5	53	-0.02487545113071353
5	54	-1.8428046224290413
5	55	-1.547254451496717
5	56	-1.447339608600416
5	57	-0.037510437959285374
5	58	-0.01560156026991283
5	59	-0.5686846927980683
5	60	-1.478352427668926
5	61	2.8255374719857826
5	62	-1.3270252897979398
5	63	-3.4777541418611198
5	64	-0.9776422954115334
5	65	1.1731652843673117
5	66	0.711295599849407
5	67	0.9034601887486426
5	68	0.7867783363325667
5	69	0.21909791955028787
6	6	NaN
6	7	0.2145787876804836
6	8	2.8491238492031274
6	9	1.5360240983584617
6	10	3.8744418015668654
6	11	-1.456569831799853
6	12	-2.203267715772689
6	13	-0.8294650539042294
6	14	-1.6614111414892059
6	15	-2.743911269469864
6	16	0.2610977528108274
6	17	0.0709763380818867
6	18	-1.9670389886244046
6	19	0.44873185523331366
6	20	2.4004540452011414
6	21	-3.2972993762742107
6	22	-0.011656549084623623
6	23	0.7589252279578457
6	24	3.3750099662828874
6	25	-2.440005491997683
6	26	0.021216235080753938
6	27	0.011151048862598698
6	28	3.0461226470933696
6	29	-1.4240280309500566
6	30	-1.207047380238611
6	31	-1.9794155436819083
6	32	-2.3032568447002477
6	33	2.662447266027936
6	34	-0.3658394164926786
6	35	3.8488833085862617
6	36	0.3400632433965806
6	37	-1.4398743550975082
6	38	2.5015425096495094
6	39	-2.659608436836737
6	40	2.7063212933429774
6	41	0.9827952662925405
6	42	-1.3219615073811128
6	43	-1.9331313793138918
6	44	-0.678293161584154
6	45	0.08664353530573145
6	46	0.12826229545848092
6	47	2.496062303171124
6	48	-3.7331544454393706
6	49	1.9969390818491484
6	50	-3.2326796326703633
6	51	-2.372225985678005
6	52	2.337684598214443
6	53	2.234839086054112
6	54	2.599758287089712
6	55	5.071242256063225
6	56	4.5423941874372264
6	57	1.7909799416674161
6	58	0.901442319124511
6	59	0.10823752787831686
6	60	-1.8527854817303113
6	61	-3.0255468381604937
6	62	-2.927253062657644
6	63	0.4267163616435124
6	64	-2.364446264102689
6	65	-1.4835209189409264
6	66	1.4905047885234362
6	67	-3.9873020922745264
6	68	-3.678114844729067
6	69	3.054334554565218
7	7	NaN
7	8	0.13183132146501908
7	9	-1.9343026481880083
7	10	-0.9739498662554052
7	11	-1.3560333594281595
7	12	1.4547560371066588
7	13	2.015173434777173
7	14	-3.2389687914828333
7	15	-0.2515875115958054
7	16	0.5536460442367876
7	17	1.875178200430919
7	18	2.751187510214674
7	19	-1.0496666824087628
7	20	0.20101697887415984
7	21	2.1086574347540425
7	22	0.04214866438393327
7	23	1.0839627070368574
7	24	0.3599654805354278
7	25	1.7906614732684922
7	26	-1.398402427392891
7	27	0.0769369185518864
7	28	-0.018560072966683657
7	29	4.062764606699278
7	30	-1.7552549137368065
7	31	-2.764850968284161
7	32	3.31955272342221
7	33	-1.5856612920302962
7	34	1.7722916646403724
7	35	-2.1325472295855965
7	36	1.1562714314507099
7	37	0.5586574544895859
7	38	2.590936651957466
7	39	-0.9914711960120435
7	40	-0.8735521418709049
7	41	0.33527971334489576
7	42	-0.6406043851400189
7	43	0.8065162300162396
7	44	2.5562198318953198
7	45	0.11034283982169212
7	46	-1.3418964979601404
7	47	-1.4714996414747956
7	48	-2.2623673355587726
7	49	-2.2037815089369617
7	50	-1.742422728883156
7	51	4.805977117080201
7	52	-2.8034276715617747
7	53	-0.8211529861757286
7	54	-1.232644563687369
7	55	-3.0446748649331496
7	56	0.3516809829956259
7	57	0.5092627124892645
7	58	-0.45273795366096764
7	59	0.23003836909107872
7	60	1.6043055159834045
7	61	-0.2684721359089467
7	62	-0.4091870347881118
7	63	-0.26089415058023124
7	64	-0.9642247767883778
7	65	0.9429930525439347
7	66	0.5949844919062602
7	67	-1.303770513938879
7	68	-1.3958382521940065
7	69	0.7767343228674473
8	8	NaN
8	9	3.210389559980756
8	10	1.6131864329092638
8	11	0.6739280426524187
8	12	-1.637815119444986
8	13	3.6761765719074986
8	14	-1.480892472528626
8	15	-1.5696443355447265
8	16	-3.587893693894714
8	17	-1.2679634300813123
8	18	-1.2811101040996304
8	19	-2.9297882968065543
8	20	-0.22922457284896608
8	21	5.477095171643629
8	22	-0.6217668197644602
8	23	-3.264046390618497
8	24	0.2750332938523961
8	25	-2.9491267466370084
8	26	-2.523352417656761
8	27	-1.7906464160550704
8	28	3.7717339799318372
8	29	-1.7639852637324296
8	30	-2.6825706224279937
8	31	1.5732557032123147
8	32	0.5520553303447842
8	33	0.915610133919909
8	34	0.652977393536755
8	35	0.020132482873351197
8	36	-0.21745984259745627
8	37	18.390236379039347
8	38	1.4836574181573288
8	39	-3.127902310567271
8	40	2.322219713751572
8	41	-1.7563758497442443
8	42	1.3035324798659362
8	43	-2.997131237587647
8	44	-0.5865669580182468
8	45	-1.9025487356911945
8	46	0.13439610182836503
8	47	1.055351934415268
8	48	-1.0740735115871016
8	49	1.7473823664166483
8	50	-0.03229472778416444
8	51	-0.06401839916059815
8	52	1.6578897724493973
8	53	1.1722648733537704
8	54	2.5202842222805484
8	55	2.2605138992706233
8	56	1.1271546059414546
8	57	0.24566123186818326
8	58	-4.1134465305332455
8	59	0.6729390695353342
8	60	-3.5563598261746843
8	61	-2.4897795402931253
8	62	-1.8336129342215612
8	63	1.937047350677161
8	64	-1.8566484941799504
8	65	-2.4728407569560593
8	66	-0.7648720968243345
8	67	-2.2656189277511647
8	68	-1.621451145870267
8	69	0.3077438841110346
9	9	NaN
9	10	2.5671588639470726
9	11	-1.4872315779360015
9	12	-0.9573377105814843
9	13	2.57966933295845
9	14	-2.042243923824246
9	15	-3.3799571740001806
9	16	-3.3469269089937392
9	17	1.927864813065009
9	18	-0.1542253582643605
9	19	-0.27413891224769216
9	20	2.8266146758829973
9	21	1.2003701370826922
9	22	-3.557689135052268
9	23	0.15831341308904417
9	24	1.3465070231402063
9	25	0.12043729583665896
9	26	-2.697617368900867
9	27	-1.3388831691261853
9	28	1.8143762525490932
9	29	-3.797890515225277
9	30	-1.4202208646543655
9	31	-0.6643166870232958
9	32	-1.2159176235165177
9	33	2.649316000818313
9	34	-1.097180224361638
9	35	2.091863586085997
9	36	-1.840191213154984
9	37	-1.6140940706331453
9	38	1.156539103159727
9	39	-0.6677230942542708
9	40	3.732107352842533
9	41	0.4572739261674399
9	42	-1.6838890033650238
9	43	-1.5839292715431976
9	44	2.3189852731111804
9	45	-0.7323269783350822
9	46	-0.655105929516984
9	47	2.483361097874842
9	48	-0.3331535960224636
9	49	1.3612072530114943
9	50	-0.9077098972956726
9	51	0.9967113773619846
9	52	5.44913923958928
9	53	0.7241943500320891
9	54	-0.5154811991083557
9	55	1.9041612573333033
9	56	1.2704828324427713
9	57	-2.5146655315200253
9	58	-0.4739901122609446
9	59	1.267507249532227
9	60	-2.695836619120774
9	61	-0.18480093610896264
9	62	-0.19488054411784878
9	63	2.004506112266005
9	64	-2.541572142833845
9	65	3.2566521202216263
9	66	-1.5387966557324144
9	67	-3.780441196458557
9	68	-2.4692447624906184
9	69	1.1689531127534063
10	10	NaN
10	11	1.2019051578186206
10	12	-2.7328937487790546
10	13	-0.2596229079078993
10	14	0.0926847450292336
10	15	-0.5184161869195402
10	16	-0.9382620940417344
10	17	5.655569480431827
10	18	0.35504607732572124
10	19	0.11514252670876547
10	20	1.4168559247765349
10	21	-0.20738138323941088
10	22	-0.9550409706444491
10	23	0.1406397474715764
10	24	2.645274252438191
10	25	-2.4083877239183606
10	26	-3.6706299581622086
10	27	-2.275886065884586
10	28	2.7861103625287775
10	29	0.8683094017089633
10	30	-4.261921104470156
10	31	-3.296372051450983
10	32	-2.5050426482805754
10	33	1.6839632833621017
10	34	1.4015185453270314
10	35	2.267914231411136
10	36	-1.444763664366108
10	37	10.652583967536357
10	38	0.9321993093802772
10	39	4.693859483730439
10	40	1.8384659083538373
10	41	-1.6618078316904512
10	42	-1.3365824536117825
10	43	-3.36317713827321
10	44	0.09202626212346568
10	45	-2.4547935874359923
10	46	-1.8227466848267446
10	47	2.4723704609402355
10	48	-3.624171821737728
10	49	0.20119760488218813
10	50	-0.9329890096260622
10	51	0.7120288831422303
10	52	1.4978680155481576
10	53	1.503678115280808
10	54	0.06506370063292796
10	55	2.2193135824812678
10	56	3.434361760745827
10	57	-2.1733367303779016
10	58	-2.1861523295152607
10	59	-0.7110489398480739
10	60	-3.503626542776338
10	61	-1.7568530833726073
10	62	-1.0457437548731843
10	63	-0.5078170374961691
10	64	-1.0654510227899665
10	65	-0.5745647258427656
10	66	0.15506745218550919
10	67	-0.9476091283538064
10	68	-1.4231453243558583
10	69	-1.5554730144158815
11	11	NaN
11	12	3.005347127519295
11	13	-1.5709029898820726
11	14	-1.0078328738031959
11	15	0.17911420658769683
11	16	-1.2681183973611303
11	17	-0.989409630996038
11	18	0.30991914781733526
11	19	-0.44578688004971284
11	20	-0.11704313653706361
11	21	-0.559081855432542
11	22	-1.0225054260365758
11	23	-1.9821896729202715
11	24	-0.21162873694726067
11	25	1.464560400622709
11	26	-1.9886655781084956
11	27	-0.6702427585736631
11	28	-0.35069704777521443
11	29	2.6195917843478633
11	30	0.20983966388164135
11	31	-1.7472024820362433
11	32	0.23050610876133235
11	33	2.005407293031448
11	34	0.9920264565577638
11	35	-1.2969152200413288
11	36	0.29105188364834433
11	37	-1.207695392798888
11	38	2.947108749964438
11	39	-1.6744116085386116
11	40	3.3399691854040263
11	41	4.13623589147947
11	42	-2.859807513995559
11	43	-1.9577755496528424
11	44	1.2617539150189456
11	45	0.21860495349298345
11	46	-0.6147206052418861
11	47	1.7623058215775949
11	48	1.9023347552600514
11	49	-0.7486342883161249
11	50	0.1779601611771563
11	51	2.14237553350094
11	52	0.5581154093572375
11	53	-0.791645726539644
11	54	-1.786246514876363
11	55	-0.13385737218338506
11	56	-0.6032830610603402
11	57	0.34233454813873243
11	58	-2.2983206518686656
11	59	0.24294886337917082
11	60	2.312270606779805
11	61	-0.39755175577969276
11	62	-0.9056029185124244
11	63	-0.04069788670427969
11	64	0.7064439489029036
11	65	0.07292131307535157
11	66	-3.7429026690869627
11	67	1.380559014006013
11	68	0.654444347000629
11	69	0.8484213875323897
12	12	NaN
12	13	1.40846153978489
12	14	1.4027582552618956
12	15	3.417651396898067
12	16	-2.3866715228789483
12	17	-2.414163206559187
12	18	5.035109344186465
12	19	-1.1472167972511693
12	20	0.06619243052371951
12	21	2.402346208233638
12	22	-0.3217419063718223
12	23	0.49647931493485065
12	24	-3.469847586333393
12	25	-1.0884422305725328
12	26	0.7531603786070779
12	27	4.17300334680173
12	28	-2.121031191754853
12	29	-2.5509048762661735
12	30	1.2783544913453913
12	31	1.549633856748135
12	32	-1.5677857468794791
12	33	-1.1364427624970557
12	34	0.4558464270045893
12	35	-0.6963367717647615
12	36	1.681788307350181
12	37	-0.5088724572785832
12	38	-1.4066024285450123
12	39	0.145864447537738
12	40	-2.071030992804809
12	41	1.627324559040102
12	42	1.0444761899393569
12	43	2.404480775193713
12	44	0.09919666026085709
12	45	2.962829130648683
12	46	4.117470093649343
12	47	-1.7464712171767725
12	48	2.1748832683135304
12	49	-2.412543513587423
12	50	-0.08892651635174124
12	51	-0.7018881451452637
12	52	0.9879224034281671
12	53	0.3906834597489276
12	54	-0.7480565840615057
12	55	-5.022566260902037
12	56	-3.4246411232625267
12	57	-0.780642534477838
12	58	0.1979531535831147
12	59	0.6273085814845344
12	60	0.9988157437449322
12	61	1.2501313927903184
12	62	-0.6767911616751794
12	63	-1.3322874902307815
12	64	-0.7980071317626245
12	65	-0.6404148838322147
12	66	3.66134720254789
12	67	-0.5800683687270365
12	68	0.4225504614051889
12	69	1.005840878632675
13	13	NaN
13	14	2.02720233215518
13	15	-0.04423788844580209
13	16	0.16920106204294563
13	17	2.093431386980583
13	18	0.35969901220891737
13	19	-1.146667945516863
13	20	0.5541786017227731
13	21	1.2361971038337505
13	22	-1.5125191021213304
13	23	-2.132593343547545
13	24	1.15477185829737
13	25	0.18100742989914512
13	26	-1.2921346729445158
13	27	-1.4582478308499454
13	28	2.1010631648653133
13	29	-1.27276916490948
13	30	-3.9481374192795617
13	31	-2.663610182638237
13	32	-0.5026372233349227
13	33	0.7540236194876109
13	34	-1.09161488966041
13	35	-0.5460512596047747
13	36	2.2328024009598377
13	37	-2.439080946279076
13	38	-0.050278227018885464
13	39	0.2530554718277883
13	40	2.437840662232636
13	41	-2.131790127812956
13	42	1.849894198778493
13	43	0.1394408491318134
13	44	0.3859690274344257
13	45	1.324178667337962
13	46	0.15156621939524864
13	47	1.2674637020095485
13	48	-0.2446692584664561
13	49	0.6442596259898804
13	50	-0.468885155022339
13	51	2.713159991446885
13	52	1.8730157574070536
13	53	-2.510625508715552
13	54	-0.12636514935942722
13	55	1.480440591968723
13	56	1.75777602276701
13	57	-1.3510731582058566
13	58	-2.4163524622862713
13	59	-0.9780681458972178
13	60	-1.309892735151489
13	61	-0.6469704913604284
13	62	-3.0228034647763615
13	63	0.41831399836436556
13	64	0.9011780415414309
13	65	-1.6300432217618857
13	66	0.4614835788618887
13	67	-0.14568456812017927
13	68	0.5340831316395127
13	69	-1.4716903509260357
14	14	NaN
14	15	2.51587625081948
14	16	2.788660237732438
14	17	-1.6758732248564894
14	18	-0.4503147848396054
14	19	3.373367326544043
14	20	1.0286951221909302
14	21	-2.231142665663985
14	22	-1.9851486540677898
14	23	0.9489968168706464
14	24	0.10644292980762021
14	25	0.2508819483579654
14	26	-2.139673589017697
14	27	1.5983437987369093
14	28	-0.20916542938596538
14	29	3.806405654499248
14	30	0.36285343922877067
14	31	0.14601592685552253
14	32	-1.8464589583907014
14	33	-1.2348835548890418
14	34	-1.0830303206642484
14	35	1.0472987749744198
14	36	2.2015704167192176
14	37	0.6031297361666127
14	38	1.4553177927951153
14	39	-1.330398971761901
14	40	0.828115914694938
14	41	0.01214943273144085
14	42	1.603870141562996
14	43	-0.6324125405317795
14	44	1.4328028767349004
14	45	1.837927617784873
14	46	-2.8503057878397144
14	47	0.8874235946271842
14	48	-1.776364466419074
14	49	-0.5021801030888301
14	50	0.21756629063728594
14	51	0.12660591823299283
14	52	1.30151519266616
14	53	10.779074046494085
14	54	-2.8774747191451335
14	55	0.5820756497047763
14	56	-1.6332172140379844
14	57	-0.31130998950704347
14	58	-1.9064944384987672
14	59	0.08382705997689856
14	60	0.14432083851422675
14	61	-0.6575520187085347
14	62	-0.84244868583273
14	63	-1.2139479109871278
14	64	1.6161262907369522
14	65	-2.693679423122299
14	66	-2.0128229654265724
14	67	0.13814827217607764
14	68	-1.3237833232923013
14	69	-1.9243105940817162
15	15	NaN
15	16	8.373808778815658
15	17	3.4188778378365123
15	18	-0.7569485170155529
15	19	0.6167006750860945
15	20	-3.170295261789302
15	21	0.024420708301628683
15	22	1.4215649492560105
15	23	-1.7143591328215422
15	24	-2.1494409671058556
15	25	1.5845246492417917
15	26	-2.7328482159633025
15	27	1.584427321487681
15	28	-0.7440688192390617
15	29	1.6043293465522015
15	30	3.613665784656928
15	31	3.089707645022133
15	32	2.385342967103263
15	33	-4.244449338786855
15	34	-1.739939124586113
15	35	-2.200050686824257
15	36	1.2980172349391614
15	37	-3.2968885909478756
15	38	0.14350916691470464
15	39	0.15394456179150462
15	40	-4.993782616892274
15	41	-0.3906908692816539
15	42	2.552629542738124
15	43	1.4885972056872483
15	44	0.7147579010719458
15	45	1.480468555069904
15	46	0.5775434946862504
15	47	-3.3510883673078515
15	48	2.681006902510376
15	49	-1.1746656752503295
15	50	1.3446207635735243
15	51	-0.8627692545992736
15	52	-2.7304695303875812
15	53	-2.260184319368897
15	54	-0.9008324071232325
15	55	-1.9273865076790957
15	56	-1.9188933139521296
15	57	-0.3709053369868902
15	58	-0.5283479071634324
15	59	0.06378177044191397
15	60	1.1290601562067586
15	61	0.9631155760446903
15	62	1.6280752757646118
15	63	-0.5523970778793806
15	64	-0.6921738799379359
15	65	-0.43827508837474305
15	66	-0.27305522622013945
15	67	-0.45305149834209646
15	68	2.111043397588948
15	69	0.24078448319774948
16	16	NaN
16	17	-2.890346446714265
16	18	0.6411103527757892
16	19	-1.0318202104218166
16	20	-1.0827404263605196
16	21	1.358210528232031
16	22	-0.9740095889851735
16	23	0.2495356909234825
16	24	-2.342918463064085
16	25	-2.223114042612431
16	26	-2.0278580672735877
16	27	0.6184719465321226
16	28	-4.298926106959569
16	29	2.118121893673039
16	30	-2.255996884708487
16	31	2.0242660267291983
16	32	-3.342875433468502
16	33	-0.48748870682797096
16	34	0.2903953483823254
16	35	-4.758578794155865
16	36	2.62366413291846
16	37	4.131033275221418
16	38	-0.998319910663166
16	39	2.145698019959359
16	40	-1.6364991768830597
16	41	1.5327145202072376
16	42	1.497866232744842
16	43	2.3004563802974274
16	44	1.022760996710213
16	45	1.8602316455433818
16	46	4.469207279048939
16	47	-0.8089581785799382
16	48	1.3280066400165493
16	49	-0.7067758121177762
16	50	-0.1264574683728751
16	51	-1.2760725912065056
16	52	-3.2706486097944976
16	53	6.201234155697449
16	54	3.3166898912987546
16	55	-0.8096420711610263
16	56	-1.1417663648086116
16	57	-1.3288161441395054
16	58	1.970604009395329
16	59	-2.211686156844451
16	60	1.1190751351792854
16	61	2.694062552458211
16	62	-0.36520670373443853
16	63	-0.7204111403911326
16	64	0.39617223042637734
16	65	0.5342601830889089
16	66	0.5730086402850355
16	67	-1.1071208586717505
16	68	1.1841959101564439
16	69	0.8537402853333356
17	17	NaN
17	18	-2.677966238744097
17	19	0.6070082538226281
17	20	-0.08459790449689315
17	21	1.5083484627753028
17	22	-2.2948652457794974
17	23	0.47413895573085146
17	24	0.7598944626319015
17	25	-0.9565403210542378
17	26	-3.4168496485565663
17	27	-2.4463870309310427
17	28	0.8342865999230139
17	29	1.4217670055013314
17	30	-2.5892767994553556
17	31	1.8360976018433448
17	32	0.5601309938200815
17	33	1.1264902921537552
17	34	-0.3858178467855622
17	35	1.397829549144851
17	36	-1.5367572767531137
17	37	0.056930448739253584
17	38	-1.2033653188177311
17	39	1.0631645953936852
17	40	2.754426623701395
17	41	-1.2966022596355442
17	42	2.5253387279613815
17	43	-0.5857570141275673
17	44	-1.8038504167265266
17	45	0.2039706192091121
17	46	-3.2124015085450264
17	47	1.4323657525908688
17	48	-1.239166413699946
17	49	-0.656026024883858
17	50	0.7159289084451771
17	51	-1.6957930758921735
17	52	2.694218078279918
17	53	5.969681437059232
17	54	-1.9741048445487774
17	55	2.831068277220992
17	56	1.2576941587642791
17	57	-1.3536640357029277
17	58	0.8035027744364494
17	59	-2.298928266121311
17	60	0.3432542501935734
17	61	-0.040051099659275786
17	62	-0.9067671851209845
17	63	1.2540065425016778
17	64	-2.8335250758790953
17	65	-2.116711062011513
17	66	0.9099557691845678
17	67	-1.809385124905219
17	68	-2.2939574553641697
17	69	-0.2601154698440007
18	18	NaN
18	19	-0.34638384337122635
18	20	-1.4006177097400943
18	21	-0.5435332029758723
18	22	2.4308486172090134
18	23	-1.685073413115179
18	24	-1.9714059023392343
18	25	0.4669184616970739
18	26	-0.050891811788936404
18	27	4.454445906017366
18	28	0.34308271043724087
18	29	-0.34688737569921657
18	30	3.508549572494561
18	31	2.4495981973676098
18	32	3.3952815440453645
18	33	-2.3727778212269124
18	34	1.6492373178032127
18	35	-2.1326842166933893
18	36	-0.9803350354103385
18	37	2.5532673875034586
18	38	-1.841314599803621
18	39	2.8711658976770407
18	40	-1.2459801397428858
18	41	-1.098032795292148
18	42	0.910547422818449
18	43	3.0022784327572998
18	44	3.7772818074133254
18	45	6.2454485074559924
18	46	2.087064314775779
18	47	-2.356098912390665
18	48	1.732977265493815
18	49	-0.6499480982146457
18	50	-2.3454080294056734
18	51	-0.7873792685841415
18	52	-5.240942582728922
18	53	-1.428412533918598
18	54	-1.3399155754471401
18	55	-3.564925625620543
18	56	-1.9750646605266213
18	57	0.312436061583004
18	58	-0.5140649354120961
18	59	-4.346276723755027
18	60	2.1837645694776993
18	61	1.0368630915186745
18	62	-3.2184156965817543
18	63	0.21716286817871894
18	64	1.4238869067714939
18	65	1.6255957118032294
18	66	0.6358829693737607
18	67	-0.7040477716789062
18	68	0.38099914488188646
18	69	0.4219803223901544
19	19	NaN
19	20	0.13368790374077105
19	21	2.0230219800765514
19	22	0.8965508914614427
19	23	3.464088492233945
19	24	-1.0895129133862334
19	25	-2.705635246991309
19	26	0.15211143124615334
19	27	-0.0037611427326492944
19	28	-0.552602028167615
19	29	-1.3002004044578785
19	30	-0.8583531041013056
19	31	0.4069003249823754
19	32	0.9167954350061924
19	33	-2.0073017418784125
19	34	1.4020733377367316
19	35	-2.133250731122789
19	36	3.0409298405064655
19	37	1.535632251617368
19	38	-1.353806161737496
19	39	3.0626916978491354
19	40	-0.5375941771603036
19	41	0.9364081921386326
19	42	0.19027066664393857
19	43	-0.20404525690366623
19	44	-0.7565892878349655
19	45	1.1047294592537715
19	46	0.6342541289385851
19	47	-0.06857824347327143
19	48	0.7824625713897048
19	49	-0.08179232011566105
19	50	0.37590633529328066
19	51	-0.058379708909213075
19	52	-0.14676490015345445
19	53	-2.908106169830061
19	54	-0.4293707569303734
19	55	-2.7666557789187416
19	56	-0.46230202217284405
19	57	0.6134266986549984
19	58	-2.0469943899967493
19	59	-0.37294698427006356
19	60	-0.2450953281988349
19	61	-1.448060662766208
19	62	-1.9917632322134848
19	63	-1.4753560289682939
19	64	-1.0754793241008174
19	65	-2.357303295236778
19	66	-1.5737426295657395
19	67	0.6498068561256052
19	68	-1.5735771092709623
19	69	15.589333326959192
20	20	NaN
20	21	0.786364231900908
20	22	-1.874609934265467
20	23	2.732027982164361
20	24	2.487534940439701
20	25	-0.28921639981252406
20	26	-3.1500784489274
20	27	-0.609520730750706
20	28	1.5797524031890637
20	29	-2.740072916855246
20	30	-2.0259053590975618
20	31	-1.3321242305396734
20	32	-2.4533371789210676
20	33	0.7531265131467276
20	34	-0.3342633247647199
20	35	1.0544471226171248
20	36	-3.439464985730659
20	37	-1.612153414606681
20	38	0.3628886230255944
20	39	-0.31359916804088545
20	40	1.350085169565089
20	41	0.2479758316920043
20	42	-1.2486102768099274
20	43	-3.155242798709415
20	44	-1.155495138362261
20	45	1.544883734974717
20	46	0.0781340749468568
20	47	2.3298365880190337
20	48	-0.8759073948375571
20	49	0.21872692565247048
20	50	-2.0519554217116296
20	51	2.633845309702138
20	52	3.212999341357092
20	53	3.6175995623556303
20	54	-0.5929039630862216
20	55	2.1206750406356987
20	56	2.2912135923554375
20	57	-0.8881429761558383
20	58	-1.1132407963501483
20	59	-0.38534558862807305
20	60	0.23289968288428997
20	61	-2.4464410030741828
20	62	-1.2480102566068143
20	63	3.542814091770736
20	64	-1.672713226503132
20	65	1.1940742490130505
20	66	2.2555339271543438
20	67	-0.701935503459474
20	68	-0.05646905342240501
20	69	1.0269570504072834
21	21	NaN
21	22	2.0451567101387913
21	23	-1.145138909220565
21	24	1.2058005932737708
21	25	-0.22847049421080864
21	26	-0.754486838985052
21	27	2.5453362353402866
21	28	-3.505712672678333
21	29	1.9859437170696113
21	30	-0.8690012570999556
21	31	2.935355949704262
21	32	0.7145445000841447
21	33	0.02102409518212996
21	34	-0.8159990868168883
21	35	3.9784161839206447
21	36	-1.2968368037941662
21	37	0.19426110123952797
21	38	-1.8166982048690494
21	39	-2.2105169476797206
21	40	-1.2143654937797528
21	41	0.08801028020583662
21	42	-0.7601911396058133
21	43	-1.9306050468746783
21	44	-4.341684060178426
21	45	3.8271954291220807
21	46	-0.4944420770190267
21	47	-1.301019997666847
21	48	1.627142509774475
21	49	-1.6666387168886692
21	50	3.7671333451603544
21	51	0.5378361968098037
21	52	-3.8540095293805834
21	53	-0.8164031641162716
21	54	-3.193044068563551
21	55	-0.4682308002075192
21	56	-0.6957360281840737
21	57	0.9095299266121442
21	58	-0.7643434862606098
21	59	0.6487217357350124
21	60	-0.924015821096847
21	61	-1.7336579272786508
21	62	0.46929473563307195
21	63	0.8638547790009974
21	64	-0.8692002758760543
21	65	1.7074412336058946
21	66	2.425680117428572
21	67	-1.1909978820207658
21	68	0.7794607886520976
21	69	-1.7016406199606244
22	22	NaN
22	23	-0.32133556006868363
22	24	-0.5847292543425637
22	25	2.351350637637309
22	26	-2.150267773169247
22	27	-0.0401017904265792
22	28	-1.7847031237802604
22	29	0.3481187567503188
22	30	-2.217269839511011
22	31	0.9687467136947688
22	32	3.6994472197911685
22	33	-1.6165053691064712
22	34	0.6890737114740204
22	35	-1.1158265610438196
22	36	-0.5789998908035501
22	37	0.587123681497254
22	38	0.1373754499653217
22	39	1.2718776495134643
22	40	-1.4582394795416658
22	41	2.929406390259476
22	42	1.6037909979899938
22	43	-1.3677533545330887
22	44	1.9276130271982108
22	45	2.0352750900361922
22	46	-0.5029583660640138
22	47	-2.222880098201756
22	48	1.9795092333042246
22	49	1.0159736145497833
22	50	-0.6237750158166638
22	51	-0.5645028327900892
22	52	-1.4285360007418375
22	53	-0.4686933493198331
22	54	-1.3685133147281745
22	55	-0.08431579396206365
22	56	-1.5643869625417712
22	57	-1.879005957722718
22	58	-0.5044886988242216
22	59	2.3836146953117563
22	60	-1.1580215115602888
22	61	2.666912646580096
22	62	0.605213983570154
22	63	-0.9515928419938853
22	64	-1.320637288896703
22	65	-1.2403901690758787
22	66	2.000773825030428
22	67	0.6532703978439639
22	68	4.146738295819456
22	69	2.2102145598568086
23	23	NaN
23	24	1.0908026124403956
23	25	1.0080966772624045
23	26	-5.025118012622608
23	27	3.0882532174117516
23	28	0.9004151196957013
23	29	-0.8192242077402667
23	30	-0.8898133439139502
23	31	-2.0502404731430435
23	32	2.1139955181121994
23	33	-0.1391943268062852
23	34	-1.3598870690551303
23	35	-2.3399503100053702
23	36	0.7457827275736298
23	37	-1.367461007146089
23	38	-1.4438417639402168
23	39	-0.8820771951505683
23	40	1.4278177593012191
23	41	-3.357495560454524
23	42	0.18038989942888844
23	43	-0.24976914384141768
23	44	0.35874530976234903
23	45	-1.3306374879388458
23	46	3.5858331959442884
23	47	0.768682790800795
23	48	-0.5935586701710321
23	49	1.4874383279752448
23	50	-0.9307956260265533
23	51	1.2548891062786545
23	52	1.1762157265350641
23	53	0.9099082692122114
23	54	-1.1062193125111934
23	55	1.687250603239974
23	56	-0.8785543212191572
23	57	-0.12317247306271965
23	58	0.16988092118097964
23	59	-1.0137613619890444
23	60	1.507587436768414
23	61	1.8004917021711973
23	62	0.12564895530312586
23	63	-0.750110637329671
23	64	0.8864140299091003
23	65	0.05754371025668722
23	66	-0.9915748234397926
23	67	1.4549423037461184
23	68	-1.0322193367403407
23	69	3.4966956899485413
24	24	NaN
24	25	-1.27380468680233
24	26	0.3581515129827911
24	27	-4.576630085165756
24	28	2.633700123040677
24	29	-2.3575729341278695
24	30	0.03816853758734943
24	31	-1.248080350398914
24	32	0.1991256565374675
24	33	2.5282800006865704
24	34	0.15379484244826397
24	35	3.082878226692409
24	36	-0.0037351783976769842
24	37	-1.562216779354693
24	38	0.7112080006674806
24	39	0.23697572547283124
24	40	3.125308380192246
24	41	1.9860619342241308
24	42	-0.3148404712012815
24	43	0.5689085707198681
24	44	-2.8733456890671287
24	45	-3.4858544727250895
24	46	-1.891520419147479
24	47	3.279480062885049
24	48	-0.7168060659626431
24	49	0.5584662956909741
24	50	-0.8128199869159605
24	51	-1.4965597583042993
24	52	2.3329555680758234
24	53	0.21172772770039078
24	54	1.0919511224217284
24	55	4.623603776643574
24	56	2.3777079129754584
24	57	-3.618923192997425
24	58	-1.1930438267864845
24	59	-1.2885986818876571
24	60	-0.9535324202063253
24	61	-0.8676900144585346
24	62	-1.7615936757355488
24	63	2.3552260699250134
24	64	-2.5106658204682195
24	65	0.034134435553197055
24	66	0.6573185511697297
24	67	-2.9759908363725036
24	68	-1.4972015609454812
24	69	-0.26162482611095733
25	25	NaN
25	26	-0.339175851540331
25	27	6.63690725183239
25	28	-0.17242737580295575
25	29	1.3921609123025769
25	30	-1.2469459172132855
25	31	-1.1110896626101125
25	32	1.8529374838403851
25	33	-0.9160257796222591
25	34	0.4531940445588841
25	35	8.52514966267274
25	36	0.502178904671398
25	37	-1.0855370946626033
25	38	0.09956192272021781
25	39	-0.5515551228243517
25	40	0.1527580963810349
25	41	2.142120984390503
25	42	2.4847556762153262
25	43	0.7376393715950776
25	44	-1.0143235671349713
25	45	-0.4696596168052597
25	46	2.292363876833281
25	47	-2.923767491358326
25	48	0.3847217686047926
25	49	-3.3849850303587328
25	50	-1.9157122920480594
25	51	2.8995506718954545
25	52	-1.0653680617298873
25	53	1.6202119438886686
25	54	2.989980171626633
25	55	-0.12050409395619353
25	56	-0.6920625702911629
25	57	-2.689557803432927
25	58	-5.888927026115622
25	59	-1.1591244568248382
25	60	5.883486085182855
25	61	0.23232391656556362
25	62	-3.225404991225997
25	63	2.255886566571765
25	64	0.08616407738481811
25	65	-0.32284524409054377
25	66	-1.9106803416438773
25	67	0.3762611646765399
25	68	1.4846969683574878
25	69	-1.749550879838861
26	26	NaN
26	27	2.7973745677795825
26	28	-1.4502126763242738
26	29	-0.26768641504430085
26	30	76.78268188949791
26	31	1.0925794417822958
26	32	0.09006730037146202
26	33	-0.5358331695428425
26	34	-2.9409221029408057
26	35	-1.044407896654452
26	36	-1.064283816781873
26	37	-2.5983083725782468
26	38	-2.36336756710081
26	39	-0.7357273204299208
26	40	-1.751450832018293
26	41	-0.20545164671797692
26	42	-1.030714748800137
26	43	-1.9225647246143416
26	44	1.9829337296171614
26	45	0.9940974899227071
26	46	1.3426085892866153
26	47	-0.8113476389440947
26	48	1.0478776632636857
26	49	-1.0323886598021623
26	50	-1.1226769867292488
26	51	0.4493217376482503
26	52	0.29670548636188887
26	53	-1.9162147735097859
26	54	-1.7771337749044511
26	55	-1.5454564875862384
26	56	-1.936096094709476
26	57	-0.41011801838619183
26	58	0.07316691717211136
26	59	0.7721824410486773
26	60	-0.9071787368223525
26	61	-0.8537201034794953
26	62	-0.04383358591373948
26	63	-1.0964007571158616
26	64	-0.9160430760697443
26	65	0.6117012968091327
26	66	-3.0184956575161053
26	67	2.3393629056184175
26	68	-5.027703200942895
26	69	1.3871551464808183
27	27	NaN
27	28	-2.763982722744989
27	29	0.9725858718964885
27	30	1.2248730586472298
27	31	-1.6634846445496834
27	32	4.089315218866945
27	33	-2.88746050155579
27	34	0.346457832400166
27	35	-0.696372638849677
27	36	-0.6322296503348892
27	37	-3.991003755859251
27	38	-1.7871156004486948
27	39	2.5410879262837462
27	40	-0.37918453619118375
27	41	1.1298717553701028
27	42	3.2580006091252423
27	43	3.7179750391356152
27	44	-0.8302464753256367
27	45	-0.013467793458682332
27	46	1.049427427153734
27	47	-1.7098097008611242
27	48	4.0483674787732165
27	49	0.004077392153338847
27	50	-4.1654218610913425
27	51	-1.344049536776258
27	52	-0.7531296249122447
27	53	-3.3184718897588454
27	54	-0.6338619669389342
27	55	-1.3302304358456294
27	56	2.2482691199961713
27	57	-1.51447617752928
27	58	0.1582368440335514
27	59	-3.026506868682046
27	60	1.3349175027312408
27	61	2.2667837173609238
27	62	-0.6197048525756969
27	63	-0.47622411097762785
27	64	0.8402333581635524
27	65	0.17506702653277756
27	66	1.537716062702564
27	67	0.3606157858613575
27	68	3.2179412110509267
27	69	-0.15815190722906433
28	28	NaN
28	29	-0.6258566851462694
28	30	-0.45956407845319786
28	31	-1.7359230285338831
28	32	-2.8751457326006435
28	33	2.7957456732224917
28	34	2.0917931675771166
28	35	9.220549863882862
28	36	-0.7204882632630456
28	37	-2.6834743196166766
28	38	1.6579543415427478
28	39	-1.809802272244809
28	40	1.0975255634599004
28	41	-1.051755708615431
28	42	-1.9933555951701074
28	43	0.03580270525586519
28	44	-1.593816063942093
28	45	-1.9240929236606061
28	46	-1.3207724305927215
28	47	2.537209660598087
28	48	-2.120098809814859
28	49	1.3675696482800688
28	50	-1.7269274958050882
28	51	-1.611624229082146
28	52	2.180964174843623
28	53	0.3343016977201827
28	54	0.9893296070580906
28	55	4.113366918784441
28	56	2.2039066277839403
28	57	-0.4091178078182621
28	58	-1.9256753118818308
28	59	0.06789601459386549
28	60	-1.846982320519394
28	61	-1.2522683931352896
28	62	-0.5739968159165648
28	63	1.3596866803588075
28	64	-2.484954470790567
28	65	-1.057512829125594
28	66	0.11020709521483828
28	67	-1.4268922088631486
28	68	-5.094833521060903
28	69	0.9426747770544156
29	29	NaN
29	30	1.566178855843647
29	31	2.381561088090494
29	32	-0.13796395923404442
29	33	-1.2889205176508831
29	34	2.179472196278453
29	35	-1.2500926720925742
29	36	-2.0172201577824365
29	37	3.472879732717373
29	38	-1.8387726615605742
29	39	-0.6153351057614883
29	40	-1.1768471629704804
29	41	2.0001281399698514
29	42	0.2906325890842229
29	43	0.4047291962060478
29	44	0.34587688388610194
29	45	-1.452454395096583
29	46	0.1950273067814131
29	47	-0.9507328927637235
29	48	-0.6544723059771802
29	49	-0.24340466543732456
29	50	-2.175447006676672
29	51	0.46504411764781434
29	52	-0.5046937051537883
29	53	-0.2017083426860304
29	54	-1.5828056397929426
29	55	-1.4648276857558509
29	56	-1.8510209896055208
29	57	-0.7841716083791764
29	58	-1.9311063282561964
29	59	-3.2658726202232873
29	60	-0.6328031546724416
29	61	-0.029119590375652506
29	62	0.0043042491391059355
29	63	-1.00565397748391
29	64	1.0898657110122558
29	65	0.9388976188159864
29	66	3.0502454976465914
29	67	1.399910160831506
29	68	-1.3135826189549884
29	69	2.310381334157269
30	30	NaN
30	31	0.5669024715321773
30	32	0.9185675451519483
30	33	-1.837736790407355
30	34	0.0757152627634189
30	35	-2.4240405179971636
30	36	-0.4998904741563889
30	37	-1.558150674648978
30	38	-0.8093055629960504
30	39	-1.6862721253829873
30	40	-0.30150962581015595
30	41	0.9248294874289712
30	42	-1.4165883295465316
30	43	-2.130344701646302
30	44	-3.456345327395065
30	45	1.9923376580576262
30	46	0.5168990498753052
30	47	-3.583693441694618
30	48	-0.5988598886190635
30	49	-1.6435276125160185
30	50	1.9617386039680418
30	51	-0.9213125137573037
30	52	-2.541313088465607
30	53	-4.277197540002734
30	54	-3.491182306384185
30	55	-2.3089430606865027
30	56	-2.431745704848904
30	57	0.20326193485239574
30	58	3.154172965557684
30	59	-0.7688959271892505
30	60	2.4695654850323843
30	61	-3.318980768966647
30	62	-1.0187590678519889
30	63	-3.042514541238708
30	64	-1.5608892481630907
30	65	-3.0689444092845113
30	66	-0.38737796078651904
30	67	3.4431027215727106
30	68	-2.829475900347065
30	69	-1.0544270111991716
31	31	NaN
31	32	6.177209478558931
31	33	0.144026494302061
31	34	-0.3102013664878193
31	35	-1.6895718546356848
31	36	1.588320115784173
31	37	0.535069234845296
31	38	0.18535336819177314
31	39	5.971398889730339
31	40	-2.132119957090392
31	41	1.9087169148581173
31	42	-0.12639629559014293
31	43	-3.0371501489162918
31	44	0.7930609807143326
31	45	-0.20068625661505957
31	46	0.7188646246488393
31	47	-1.041986548192512
31	48	-0.11536282079972746
31	49	0.6435118096906733
31	50	-0.9149407974051263
31	51	-0.9409996396176923
31	52	-2.1336491853998263
31	53	-1.261997901138715
31	54	-1.7113949402708601
31	55	-1.6534792639685036
31	56	-1.6718682913279113
31	57	-1.7638683239624806
31	58	0.7058464086548467
31	59	-1.4018417692056566
31	60	3.236191823303864
31	61	2.4235694834019474
31	62	3.497747280230431
31	63	4.055776853381493
31	64	-1.5600063761416294
31	65	-0.03786155063510446
31	66	1.0272674337214283
31	67	-0.593088725642524
31	68	2.1577267248543266
31	69	-0.9434027786805026
32	32	NaN
32	33	-3.2015278940660012
32	34	-0.5155524040026787
32	35	-1.7124813296150823
32	36	3.987031324207309
32	37	1.7362347035439945
32	38	0.4499052343331811
32	39	-1.4788778927941473
32	40	-1.1895410769137977
32	41	2.81813719329063
32	42	1.2119964382018293
32	43	1.8233514582212658
32	44	0.32178956317601964
32	45	0.8682408472819368
32	46	4.07884881909506
32	47	-1.716593134250269
32	48	2.296891460057514
32	49	0.12377626609593544
32	50	2.149834224842585
32	51	-2.107948516352478
32	52	-0.6973617334807607
32	53	-3.02476656483875
32	54	-1.7289665246994637
32	55	-2.83684139159388
32	56	-4.704624018402793
32	57	-0.9161497788608368
32	58	-0.5660752641715712
32	59	-1.7757316853276006
32	60	3.2393633503493096
32	61	0.6746036221980185
32	62	-1.176890289198308
32	63	-1.5602023489708212
32	64	-2.266709898471365
32	65	0.007595524169681242
32	66	0.47020593570514785
32	67	-0.4021998368264879
32	68	0.19977012790658635
32	69	1.7139907420736593
33	33	NaN
33	34	-0.05355039269023224
33	35	1.490000298140246
33	36	1.0822497280670607
33	37	0.9060708461671998
33	38	3.213792523240273
33	39	-1.8672563904718746
33	40	2.044434689007448
33	41	-2.34301282131895
33	42	-0.19595804519636867
33	43	-0.04745627746821467
33	44	-0.5480672303913363
33	45	-3.8458231585833964
33	46	0.6884151376845071
33	47	3.916601482636877
33	48	0.1705512521824644
33	49	1.4970621432096343
33	50	-3.469842113025068
33	51	0.10462036988185329
33	52	2.381703437445205
33	53	1.264605640661041
33	54	-1.8978099061527405
33	55	3.4969799791141565
33	56	3.78832489664691
33	57	-1.276976454870359
33	58	-1.4240571927639514
33	59	-0.9762568980773014
33	60	-1.4024788435258142
33	61	0.5029701410934012
33	62	-0.01820118686060258
33	63	-1.035140891097177
33	64	-1.9679810268548734
33	65	0.8518734245335274
33	66	0.557049042972539
33	67	-1.4903013130365634
33	68	-2.8658643002665456
33	69	-0.5197140082985314
34	34	NaN
34	35	0.8571832055166305
34	36	0.7336160738256691
34	37	0.5766484988268811
34	38	-0.8511271555122812
34	39	-0.23299275337526673
34	40	1.52435942909741
34	41	-2.955955958924826
34	42	-0.1757610572413856
34	43	-1.61845460660835
34	44	-0.38723583048502963
34	45	1.230955883863412
34	46	0.663240647194406
34	47	0.9322064601890789
34	48	2.798016879119665
34	49	0.13368173431554015
34	50	2.293384574271432
34	51	-1.7197573648063298
34	52	0.6923219833658595
34	53	-1.597740721041138
34	54	-2.5132269066277297
34	55	-0.3779781645721004
34	56	-0.3953778396825358
34	57	-0.9663864636737961
34	58	-0.3138231160543115
34	59	-0.7578641048050774
34	60	-0.25389971962901264
34	61	0.8150879104026046
34	62	0.6552320938671725
34	63	-0.9702337936933595
34	64	-3.3141343451424037
34	65	0.49491203482041013
34	66	-2.4593743587458095
34	67	-1.2233548061313542
34	68	-0.6152675078381389
34	69	0.5064946661996671
35	35	NaN
35	36	1.2861205972481793
35	37	-1.533553329578931
35	38	2.048071241902029
35	39	-0.8131911815483698
35	40	2.4582640986108486
35	41	2.2198351741682916
35	42	-3.9030408057946113
35	43	-1.5374120539923293
35	44	-1.6182977065144009
35	45	-2.3276446633362515
35	46	-1.9052993745575086
35	47	3.3755804964124105
35	48	0.3188475712648502
35	49	0.8028132302058165
35	50	-3.525917846043448
35	51	-4.61048122560871
35	52	1.9324670069206558
35	53	1.3346125609185673
35	54	-0.4602531099786321
35	55	0.32084968132839103
35	56	2.4130404368198817
35	57	2.276847876386923
35	58	-0.7287369679498658
35	59	-0.20236729845834603
35	60	-2.3056931902402917
35	61	-4.335936490734064
35	62	-0.5959797884986061
35	63	0.9114586357175012
35	64	-1.1205729154979251
35	65	-1.0215418825571496
35	66	0.8006645366383003
35	67	-0.8097504536539691
35	68	0.13702471935630273
35	69	-1.4473016548947937
36	36	NaN
36	37	5.063522072347214
36	38	-1.6683602803167312
36	39	-1.1801103262722437
36	40	-5.597522331960403
36	41	-1.2880803705182635
36	42	0.501593838324595
36	43	-2.145148058573266
36	44	2.317979446857116
36	45	-0.5065939375304843
36	46	-2.5688777363243145
36	47	-0.5329673488666915
36	48	-1.016222821228666
36	49	0.1963466700755666
36	50	1.7701776885103717
36	51	0.8940583102638024
36	52	-2.266889653672841
36	53	-2.6662512331155863
36	54	-0.18047940796566245
36	55	-0.8735235411851452
36	56	-2.4781568329173145
36	57	0.6618656204792536
36	58	-2.629234392650071
36	59	0.44193074887051276
36	60	0.7624515151986694
36	61	2.7801723307142354
36	62	4.939296813729996
36	63	-1.4988043651930103
36	64	-1.7979835209264872
36	65	-0.3660962100164914
36	66	0.21752579953607976
36	67	0.1882431260396496
36	68	2.1012571889695395
36	69	-0.03916896177500747
37	37	NaN
37	38	-2.1649587134211186
37	39	-0.899882118763387
37	40	-1.6874310116859808
37	41	-1.5560128945218736
37	42	0.9613295307017246
37	43	-0.39519195731356394
37	44	-2.0948677404349274
37	45	-3.0976526868935546
37	46	-1.209502034905497
37	47	-0.058384622414810274
37	48	0.7487389314561111
37	49	-0.6493376410991291
37	50	3.3398884309456074
37	51	0.5175312218873362
37	52	-2.309607466848383
37	53	-2.8187184197085213
37	54	-1.2114371314653904
37	55	-2.0934207797827398
37	56	-2.898970813012256
37	57	0.3840828924767554
37	58	0.032040479604608485
37	59	-2.3322464454367933
37	60	2.108317840398892
37	61	-0.0427441065925313
37	62	-2.406307864888644
37	63	-2.5346032843835253
37	64	-1.335027093529875
37	65	0.9887162675344303
37	66	-0.3141361078179249
37	67	-0.9184952643853074
37	68	3.5316725069429293
37	69	-1.5936785383016583
38	38	NaN
38	39	0.11816527722520433
38	40	2.157434688224662
38	41	0.9060082330736395
38	42	-2.681203256593579
38	43	-0.40346790273134814
38	44	-0.7465327168289436
38	45	0.23901974185872304
38	46	-1.6642452492972306
38	47	2.649633114279232
38	48	-0.5195127149313928
38	49	-1.0500015355428955
38	50	-0.8354862579420279
38	51	1.5870851667085202
38	52	0.6259585560390719
38	53	-0.06559353836092498
38	54	0.6383877361192343
38	55	2.5125340985723734
38	56	2.936542541008116
38	57	-0.4826232420737211
38	58	-4.2852327308194305
38	59	-0.913000932049558
38	60	-1.1041352796369694
38	61	-1.4520906049733182
38	62	-2.424900948909334
38	63	1.2953342036836288
38	64	-0.31902281122568293
38	65	2.3079453121985845
38	66	-2.4351841017354983
38	67	-0.44771767882719926
38	68	-1.9974779368381188
38	69	0.9333667450002296
39	39	NaN
39	40	0.05894640413467114
39	41	0.7532805934691841
39	42	-0.5992763959825246
39	43	31.031280873856094
39	44	-1.6562172902376346
39	45	-3.5906997125353346
39	46	2.391564846904449
39	47	-1.485288635120563
39	48	-0.7365693057778595
39	49	-0.13162316529628984
39	50	-0.2877510198255496
39	51	-1.3830170137072673
39	52	0.356452069347388
39	53	0.44764147162626644
39	54	-1.907304067445596
39	55	-1.4511272874582548
39	56	-1.5118632091525146
39	57	0.24122338712401864
39	58	-3.009980565410685
39	59	-2.8611974831425164
39	60	1.747226924136691
39	61	3.086171074152251
39	62	-2.248463958075604
39	63	-1.243759617821581
39	64	-0.641407987251279
39	65	-0.8917947115662993
39	66	1.3235482910850298
39	67	1.3633985273956712
39	68	-0.2046481728307429
39	69	-1.7296009208828482
40	40	NaN
40	41	2.711847769515465
40	42	-2.821528467043338
40	43	-1.2230817700011227
40	44	-2.8477186931183636
40	45	-3.1013167889161775
40	46	0.4332966303407978
40	47	4.099996028286361
40	48	0.13520794206536524
40	49	1.3492021850423093
40	50	0.6010345251200906
40	51	-2.048832572653574
40	52	1.4676734657426092
40	53	0.26314389500798413
40	54	1.0015074097033771
40	55	2.3503463135641978
40	56	2.090359430993721
40	57	-1.845112489982782
40	58	-2.3660763778640357
40	59	-1.3402141339753848
40	60	-2.3909686834365727
40	61	-0.7026265572681476
40	62	0.16192635156655882
40	63	-0.1638788506688729
40	64	-1.1037228501582346
40	65	0.32213415256653877
40	66	1.011796031544094
40	67	0.38836983027807753
40	68	-3.8349987611008833
40	69	-0.012060989866889756
41	41	NaN
41	42	-0.1585640987154618
41	43	1.4767172082595565
41	44	-2.715378112543741
41	45	0.4861801895939556
41	46	-0.3387615428126368
41	47	1.0025156059004252
41	48	0.8003143341088957
41	49	-2.45648049148912
41	50	0.30756749461821253
41	51	-0.1021255953847865
41	52	1.549295932782839
41	53	0.38544067437000024
41	54	-0.4414507282080795
41	55	1.3631029887153192
41	56	-0.7363449488811542
41	57	-3.1512054618637992
41	58	-0.006202260854759044
41	59	0.01597272751529941
41	60	0.2848007015710376
41	61	1.2018745484466729
41	62	-0.14341456632713614
41	63	-1.6245878985034028
41	64	-4.98186258401338
41	65	-1.4930766141020884
41	66	-3.1180182929392934
41	67	-0.9803428744185204
41	68	1.035636478040929
41	69	0.6611557781323681
42	42	NaN
42	43	4.289994047986854
42	44	0.17637506671749675
42	45	3.6287806562444165
42	46	-0.033171325924724666
42	47	-1.503052844560444
42	48	-2.430817489042813
42	49	4.2400255131786855
42	50	2.888298182733808
42	51	8.13765202749198
42	52	-1.9098848033913296
42	53	-3.1145238179518833
42	54	-2.3783958271739767
42	55	0.2721018218572042
42	56	-2.683229136897097
42	57	1.6121809620967413
42	58	1.9688511394024382
42	59	-0.8786631031044655
42	60	-3.9398383225006604
42	61	-0.32007186395764015
42	62	0.7801911350568992
42	63	-0.6399041587399691
42	64	1.4719184792670437
42	65	-0.3591586000869317
42	66	0.7951220049529147
42	67	-0.19732276735115054
42	68	2.5948088022865186
42	69	-1.1319701150057955
43	43	NaN
43	44	0.1269386067926968
43	45	-1.2664654028397009
43	46	-0.7024139415243296
43	47	-1.1326438042525644
43	48	-1.3400120457439222
43	49	-1.4150141020812763
43	50	1.227492497623455
43	51	1.4420511366930617
43	52	0.9586479738599687
43	53	0.9398524294035673
43	54	-0.9872642519129317
43	55	0.4626876235907474
43	56	-2.0301197036490866
43	57	-1.7512076498312101
43	58	-2.0316279932832564
43	59	1.1074659901149555
43	60	-0.9557209394962116
43	61	0.4094256295171649
43	62	-2.721302201307244
43	63	-1.0028115132653415
43	64	-2.151182130459734
43	65	-0.6826586152912634
43	66	-0.3009674339118493
43	67	-1.6916678625700203
43	68	1.7337378457644999
43	69	-2.4752875357054345
44	44	NaN
44	45	0.4489064929951877
44	46	2.2540698169000737
44	47	0.9484556642963284
44	48	0.6478792592237412
44	49	7.4209721507782636
44	50	2.7307731402707907
44	51	2.2705997725201237
44	52	0.09612868262968322
44	53	0.534269543188407
44	54	-0.9710091326818553
44	55	-1.2059787051477908
44	56	-1.239494160612202
44	57	1.704982652190556
44	58	-0.4319696351066322
44	59	-1.2634158206409107
44	60	2.3688349324836357
44	61	-0.3473464248461071
44	62	-2.4298326304732965
44	63	-0.4317647426669005
44	64	-1.0327365805995987
44	65	-1.6151414893836646
44	66	-1.504971098126246
44	67	0.5491824307069166
44	68	3.6989782345755584
44	69	-1.780635638189694
45	45	NaN
45	46	5.294791817052834
45	47	-1.2169594474438896
45	48	2.9274119911025305
45	49	1.25249048178093
45	50	1.2258579261255285
45	51	3.8875349427198547
45	52	-1.5424868089842398
45	53	0.2029106058290831
45	54	0.7793063151452949
45	55	-2.30639193594462
45	56	-1.998052055830628
45	57	-3.5213717318696633
45	58	-1.6233333243604195
45	59	1.7160684255006746
45	60	-0.8706937240604585
45	61	-1.5240411172634423
45	62	-2.6902725087816255
45	63	-1.8777618596460166
45	64	0.3730324486306967
45	65	0.4166409922708284
45	66	-2.68545901659048
45	67	2.079000659401685
45	68	3.2193423575603295
45	69	0.55108979241593
46	46	NaN
46	47	-3.191027160671249
46	48	4.16905346500983
46	49	-0.4910558829547242
46	50	0.5273783036806224
46	51	0.02406446276769759
46	52	-2.3251613580925707
46	53	-3.567873508307328
46	54	0.16339603891856352
46	55	-2.5501462552629333
46	56	-0.8085801920710437
46	57	-1.172305196950246
46	58	3.1433721199401106
46	59	1.2456897719702205
46	60	1.6816383961312305
46	61	-0.9134704061671116
46	62	0.23972391450896896
46	63	0.4080670556821578
46	64	-2.1137750444626784
46	65	2.5584528426850297
46	66	-0.30215315718411706
46	67	-2.016123392965524
46	68	1.3443073514343995
46	69	-2.1890125195755723
47	47	NaN
47	48	-1.5527742112670886
47	49	0.08129414347023538
47	50	-0.09213174700880031
47	51	-1.7009709961646902
47	52	2.003434956741732
47	53	2.9484205915513213
47	54	1.8766295035108778
47	55	2.0812229367671136
47	56	3.564060021462859
47	57	-0.9436214132495507
47	58	2.3715068606254888
47	59	-1.8748153949211979
47	60	-2.0418048691930646
47	61	-1.4093840372904702
47	62	-3.427554631268144
47	63	-0.10637393417838052
47	64	-1.2318733743825607
47	65	0.8399597804958384
47	66	-2.4361798627526356
47	67	-2.347918770097389
47	68	-3.3672677685536407
47	69	0.22011492415483602
48	48	NaN
48	49	-1.8632293018606325
48	50	1.8575953662382187
48	51	2.492436311455263
48	52	-2.706243207436729
48	53	-2.915613011952145
48	54	0.017656341403517788
48	55	1.9117854629307842
48	56	-3.296419449906392
48	57	-1.4276520976048697
48	58	-3.1041665749938727
48	59	-0.1318800179112021
48	60	1.1315141774880586
48	61	4.655158164068447
48	62	1.2548599800222457
48	63	-2.2605376134580526
48	64	0.7893917995427213
48	65	1.6094549515630916
48	66	0.622047747824743
48	67	0.9954103862774528
48	68	-1.1466211280001755
48	69	-0.9562712695282101
49	49	NaN
49	50	-0.3292120925543194
49	51	-2.3643822023410963
49	52	3.283120265318546
49	53	-0.9484849031745067
49	54	6.05454327226997
49	55	0.744995718960663
49	56	2.807316761802065
49	57	-0.4739875677142099
49	58	-2.2309744446954918
49	59	0.5933181569634177
49	60	-2.717537123457038
49	61	-2.868662990304051
49	62	-1.7334325178663395
49	63	2.1603440150185507
49	64	-1.3035451553762334
49	65	0.2750924700429083
49	66	-1.4193783916887315
49	67	-1.5532717339253872
49	68	-1.1091218313620657
49	69	-1.0985909880030493
50	50	NaN
50	51	3.577300531627585
50	52	-2.001515595236277
50	53	-1.9076306475102172
50	54	-3.1190366032309225
50	55	-2.191467075442365
50	56	1.0577343071840826
50	57	0.7246976110520724
50	58	0.2739295929147902
50	59	2.580594352771594
50	60	-2.0355547908458402
50	61	1.2633163917715202
50	62	0.7247451394450386
50	63	0.0840184167910798
50	64	3.5400127048282366
50	65	1.9953063697816524
50	66	-1.3576774545173174
50	67	0.26216698924112203
50	68	-0.5433397771849251
50	69	2.6492242114714863
51	51	NaN
51	52	-0.6704061655829756
51	53	-0.8539978807226632
51	54	1.348716369741994
51	55	-3.9824845820970807
51	56	-2.0329772441476934
51	57	-1.0486865364734814
51	58	0.34554340506244374
51	59	-0.9034367744124815
51	60	-0.45779716590003633
51	61	-4.286228995294226
51	62	-1.028781582131473
51	63	-0.8486094216108631
51	64	-0.02598918892528254
51	65	-1.0137781903648349
51	66	0.027633101735285135
51	67	2.109619459589303
51	68	0.8825416431028663
51	69	-1.9712916298095964
52	52	NaN
52	53	3.898928615015483
52	54	0.07795442059090575
52	55	2.957654638015914
52	56	3.410050208539213
52	57	-0.3715646815566365
52	58	-1.0478855244431282
52	59	-0.7252750024632629
52	60	-4.288246152069679
52	61	-0.4689405638284122
52	62	-2.2396023955739723
52	63	3.3535973597920936
52	64	-3.8643057145838515
52	65	-0.16674862108802938
52	66	0.3263528336053447
52	67	-1.9966454716390087
52	68	-0.7519278728354803
52	69	1.1660117693222223
53	53	NaN
53	54	2.4828298050117237
53	55	1.5349615730281507
53	56	1.9230532413761288
53	57	-2.213736253777298
53	58	-0.8919442100176281
53	59	0.36417249017752884
53	60	-1.0468392680084073
53	61	0.02860893167861686
53	62	-3.086446177409764
53	63	0.07656015091652571
53	64	-3.21485902556024
53	65	0.27622026697235186
53	66	-1.6852652488403397
53	67	-1.5265989855012718
53	68	4.61302188861591
53	69	-0.2875918261287848
54	54	NaN
54	55	0.8266657173061055
54	56	3.900426826470343
54	57	-3.376793525683042
54	58	-3.9390937545899325
54	59	2.389705016949411
54	60	-1.2728547014302578
54	61	-1.1257671741918007
54	62	-3.5831490470669523
54	63	1.658781912551416
54	64	0.6720773616170989
54	65	0.22865228316857533
54	66	0.4426165502309659
54	67	19.422784129924963
54	68	0.373079410485318
54	69	-2.0413078108827727
55	55	NaN
55	56	4.349696021203722
55	57	-3.131238706213523
55	58	0.72431680364008
55	59	-1.602333570257293
55	60	-2.71080102084108
55	61	-1.7110315705597228
55	62	0.19749613435450072
55	63	0.6740844607313894
55	64	-1.603425229904504
55	65	2.4255877511760304
55	66	1.2402339718640771
55	67	-1.2298517269212734
55	68	-1.2019213082107487
55	69	-0.4232193082538263
56	56	NaN
56	57	1.0637270889110217
56	58	-1.1001211125710735
56	59	0.04266254096534654
56	60	-1.2438465254768267
56	61	-2.240563596497299
56	62	0.3763132637844825
56	63	3.5059299472674734
56	64	-0.7069473128999628
56	65	-0.052898352469174514
56	66	-2.2297097131596124
56	67	-1.448032276435843
56	68	-0.45765646678248695
56	69	-1.328203159027874
57	57	NaN
57	58	-1.8529240202669872
57	59	-2.1136331055265005
57	60	4.6700226750345255
57	61	-0.5375377453708609
57	62	-0.4972184084128476
57	63	-0.40950790019340405
57	64	53.396251682588236
57	65	-1.7859825565540761
57	66	-4.1321677361405245
57	67	0.13221827745220305
57	68	1.6492216285358245
57	69	-1.4666832606445082
58	58	NaN
58	59	2.2579423366013662
58	60	3.046080780080062
58	61	-0.6417478970805298
58	62	47.88184006807281
58	63	-1.2026263522086091
58	64	1.0402702970636941
58	65	-1.5510094393484721
58	66	-2.331628005533194
58	67	-2.4620618632840845
58	68	-0.049529957511746714
58	69	-0.647410987833211
59	59	NaN
59	60	1.989714322135591
59	61	-1.41498809536096
59	62	-1.6984361206241323
59	63	-0.8415702090297011
59	64	2.1867684961824088
59	65	-0.41756325476055417
59	66	0.47403201064898687
59	67	0.15863059765479076
59	68	0.2873560367124914
59	69	-0.9291940505346913
60	60	NaN
60	61	4.602763244112457
60	62	1.0694086261646092
60	63	-1.206400396041567
60	64	-0.14774632882127903
60	65	-1.2540335702723655
60	66	1.2478628310310382
60	67	0.2323383716899885
60	68	0.7639150538806513
60	69	1.3626397151338365
61	61	NaN
61	62	5.388042724409025
61	63	-1.1066205350006793
61	64	-1.6643828176924886
61	65	-2.812206541758475
61	66	1.5154762317242534
61	67	3.370948370810989
61	68	2.5018228739424897
61	69	1.4182337198294912
62	62	NaN
62	63	-1.5019975206571141
62	64	-0.40267740162298654
62	65	0.839607059043481
62	66	0.9009750450208078
62	67	0.11465539581558273
62	68	3.2903796133896788
62	69	-1.7576347123982372
63	63	NaN
63	64	-0.8629612983553029
63	65	2.7933769814113614
63	66	2.259213717269141
63	67	-1.3170817425637515
63	68	-0.4086706019032096
63	69	-0.5054127452945568
64	64	NaN
64	65	0.8987051090675802
64	66	2.9682912429542982
64	67	0.06735489699657214
64	68	-1.441642740019003
64	69	-1.430272942328062
65	65	NaN
65	66	3.726139620996442
65	67	0.2955650252370425
65	68	-0.5306500322186721
65	69	-1.1110771869321425
66	66	NaN
66	67	1.5268148678363436
66	68	3.596313689075726
66	69	-3.2394136837806533
67	67	NaN
67	68	2.7951729741558773
67	69	-0.7872003924942951
68	68	NaN
68	69	-0.0017258865866694897
69	69	NaN
