1	1	NaN
1	2	0.694298273936124
1	3	1.3117763981953603
1	4	1.9705941949563701
1	5	8.18770267922807
1	6	-0.4573428241067894
1	7	6.642504957511602
1	8	0.027669175122807886
1	9	-0.5088810931708113
1	10	0.1953915368160414
1	11	-0.21566230164462466
1	12	-1.031101622324129
1	13	0.5846305337083789
1	14	-0.4486929030864866
1	15	-0.7497098409995867
1	16	-0.16999272721134906
1	17	1.8751342926465204
1	18	-0.9086900334551677
1	19	1.1700607659013267
1	20	1.9687693031104627
1	21	0.5053840272026296
1	22	-0.37137648271377316
1	23	1.493576853770736
1	24	-0.16560262080530241
1	25	-0.2724039864661559
1	26	-2.432561422856428
1	27	-0.7824134422621347
1	28	-0.9704738828769439
1	29	1.5763279094400824
1	30	-1.2533201580606934
1	31	-2.3883087384279653
1	32	2.2649942090747177
1	33	-2.1478235823943463
1	34	0.6978488760895905
1	35	0.728009067888172
1	36	-0.6172097257815312
1	37	-1.746283431765853
1	38	0.638639106781616
1	39	0.26728483366850236
1	40	1.2012354973972041
1	41	-2.040892700833068
1	42	1.1148778554517869
1	43	-2.192245955612599
1	44	-0.22437545486957972
1	45	0.8953920039488706
1	46	-1.1924859843826123
1	47	0.35890024495435474
1	48	-2.048269909358452
1	49	-1.6943930581142037
1	50	-1.2948625875695066
1	51	-2.5121178852697583
1	52	0.6601008629402247
1	53	-0.49230371925844324
1	54	-0.3874869799790286
1	55	1.3722717470137702
1	56	-0.23767974738955258
1	57	0.5974152921435639
1	58	1.8379211928097337
1	59	1.0940820513018792
1	60	-2.3188388375055533
1	61	0.11357772187001342
1	62	0.12675927847236101
1	63	-1.6219778975870818
1	64	0.3343409950224078
1	65	-1.9379671857293583
1	66	-3.0612298238917512
1	67	-3.083153073656691
1	68	0.22806732632644466
1	69	-1.5637425696002787
2	2	NaN
2	3	3.852278775706745
2	4	-0.7393149788077975
2	5	-3.368607294037607
2	6	-1.8418551638388827
2	7	-1.9296281460515086
2	8	-4.194477231257184
2	9	-2.936049125595295
2	10	-0.005779462336349887
2	11	1.3754629026983698
2	12	1.6853510061555295
2	13	2.0823408462654527
2	14	-0.5151017583661454
2	15	0.8146916365415159
2	16	-0.6873891120489493
2	17	-0.5288957196204515
2	18	2.113531203138893
2	19	-1.6731054187426595
2	20	-1.6217369544875633
2	21	0.8202051630130026
2	22	0.8549862939945977
2	23	3.0335976321072886
2	24	-1.1635454015083788
2	25	0.8113524228028177
2	26	0.9467700912548928
2	27	-3.7215691394856063
2	28	-0.5232427651848544
2	29	-0.35069419868697077
2	30	-2.4938946243791915
2	31	1.1142648424231247
2	32	1.1949338433376846
2	33	1.197561113760447
2	34	1.6365815760397158
2	35	-1.0961729501941044
2	36	-1.8725255977486348
2	37	-3.4687115485012896
2	38	-0.3343325580857951
2	39	-2.706223100962655
2	40	-1.7886562878145373
2	41	2.2437620604861452
2	42	-0.669482420048953
2	43	1.9688160955904181
2	44	1.5264775984350758
2	45	-2.712027476333134
2	46	0.7488882351514293
2	47	-2.8045506669089697
2	48	2.690629925877308
2	49	-2.1115831827559743
2	50	-1.1930969576039832
2	51	-1.546432233789689
2	52	-3.063449585129431
2	53	-0.7999183414488437
2	54	0.6578092154144124
2	55	-2.97001270966775
2	56	-1.1574511040072897
2	57	-1.6142628217735195
2	58	0.35361392147908133
2	59	-1.6003223442942751
2	60	0.3624352562703009
2	61	26.851065195803688
2	62	-2.0320804679092466
2	63	-0.6889624579621563
2	64	-0.5143199926017682
2	65	1.1085127108659554
2	66	1.148923925783043
2	67	-0.47566535202672383
2	68	1.7007833994589827
2	69	1.892659394762003
3	3	NaN
3	4	-2.1258330835342796
3	5	-0.21796299906975378
3	6	-1.9620516828137453
3	7	-0.592590582291135
3	8	-0.5943153850567489
3	9	-3.314228655034008
3	10	-2.4306243175838205
3	11	2.867057444983739
3	12	1.5897929632600727
3	13	-1.705257556288712
3	14	-0.610612176052135
3	15	-0.6141385780812555
3	16	2.8501634619532576
3	17	2.1792763448241934
3	18	3.46249337396647
3	19	-1.453626831025326
3	20	-4.247196100354199
3	21	-0.18311415240418333
3	22	0.6203709150129318
3	23	2.446698627721313
3	24	-4.366063821824359
3	25	1.5687223446657474
3	26	2.37823831010073
3	27	-1.2477948260175056
3	28	0.38197786200275013
3	29	-0.0648981127320243
3	30	-1.213102635733165
3	31	5.103613933716491
3	32	-0.04966591936147476
3	33	0.7776534017281644
3	34	22.798181250153355
3	35	-1.4914756218525174
3	36	-3.041613888990529
3	37	3.467655679991113
3	38	-2.597778778287724
3	39	-3.5016228422039855
3	40	-2.0234255539751005
3	41	-2.1569245505301025
3	42	2.081401878941087
3	43	-1.1073906343677629
3	44	-0.9598087145089452
3	45	2.729104121829317
3	46	2.6410188079724803
3	47	-2.402133643850809
3	48	5.539848751953708
3	49	0.4307926629590189
3	50	0.6759180947829071
3	51	-1.6781655119013175
3	52	-2.988023799905583
3	53	-4.127644111187728
3	54	1.2989013420093913
3	55	-0.22132633962513223
3	56	-3.4856145355973065
3	57	-3.882364912399207
3	58	-3.7522150861656822
3	59	-0.13158984034429613
3	60	-1.5430273268281627
3	61	1.2134017665696433
3	62	2.4038342344982944
3	63	1.023873679535867
3	64	-0.7896881187670475
3	65	-1.8330734438528735
3	66	1.1446495211796504
3	67	0.7906470145184279
3	68	1.0509569255302604
3	69	-1.6269745446357047
4	4	NaN
4	5	-1.531812630327758
4	6	2.5626589805478197
4	7	-0.2824550760085138
4	8	0.16261167904137652
4	9	1.3544838030307307
4	10	2.4335398043268675
4	11	0.13316613238195305
4	12	-3.484490240476104
4	13	1.609205841780148
4	14	0.21867276150745132
4	15	-1.9117844894661302
4	16	-0.49871443220753103
4	17	1.3290511151411009
4	18	-3.2668074821155546
4	19	-0.5012762213941035
4	20	1.9047296172333152
4	21	-0.30454986656905203
4	22	-2.685289548747503
4	23	-1.6239619567407377
4	24	1.8026075632390524
4	25	-0.8535077193865686
4	26	-0.4837450190788495
4	27	1.5146875941880453
4	28	-0.6285862275316029
4	29	2.0737312193489
4	30	-1.0520988464471404
4	31	0.2802278999236987
4	32	-0.5073085788149938
4	33	6.151672919480797
4	34	0.7895636894250205
4	35	1.998268704335411
4	36	-4.080606379603702
4	37	-1.6350084529081719
4	38	0.4987944843472992
4	39	0.44340889704353126
4	40	2.711235129153066
4	41	-1.0346278088566914
4	42	-2.115097878228908
4	43	-2.711845154458176
4	44	2.5120331661943847
4	45	-3.2397189033337246
4	46	-1.7449019934315642
4	47	-1.179194435500789
4	48	-1.183880115680244
4	49	-0.21651016988098565
4	50	-1.477954768225475
4	51	-1.6428553052369028
4	52	2.0449025412081454
4	53	2.434845963351673
4	54	1.1927345392162962
4	55	2.929662157964497
4	56	1.4010779005256202
4	57	3.141239803993729
4	58	-3.0779077433673514
4	59	0.32259121234463795
4	60	-1.7082716241369638
4	61	-2.431350996530903
4	62	-2.236622656129107
4	63	-0.8306417927510569
4	64	1.565079773845231
4	65	1.0170184060883833
4	66	1.440262820667465
4	67	-0.6750337089531269
4	68	-0.32005127194060473
4	69	-0.6215959505558974
5	5	NaN
5	6	-2.2669564831427493
5	7	-0.894738058957542
5	8	-3.836040059719115
5	9	-2.2803589861083537
5	10	-0.043047233625962245
5	11	0.6384527745407491
5	12	-1.5573313789312309
5	13	0.01700507364537614
5	14	2.1718641707435697
5	15	-0.4217278748888594
5	16	1.6568414043680737
5	17	-3.9168861362373857
5	18	-0.021491416522143734
5	19	-1.5486149493223946
5	20	-3.3595989664260855
5	21	-0.7713946383545409
5	22	0.7484244383028535
5	23	1.193887342342045
5	24	-0.1273921472807829
5	25	-0.24206062608849999
5	26	-3.8707510423943674
5	27	0.33840593809558994
5	28	-2.1976275505470073
5	29	-0.6208113503686231
5	30	1.272931639838857
5	31	1.38258417554189
5	32	0.1902428264642037
5	33	2.996029661504084
5	34	38.15123407057664
5	35	-4.050099026119807
5	36	36.77447897986294
5	37	-3.3183549608752236
5	38	-0.8150726758823664
5	39	-4.591328009078372
5	40	-0.20092241791784085
5	41	0.5493629946461231
5	42	0.7101788337538869
5	43	0.6217221188293813
5	44	-0.29801015443022416
5	45	1.0305431416906041
5	46	0.42461588327113586
5	47	-4.045840845809266
5	48	0.048442212458224915
5	49	-2.5784924976495978
5	50	2.2197527891090134
5	51	-3.1138599518241117
5	52	-2.6717615028257935
5	53	-3.2332726009039026
5	54	-3.8526592894755174
5	55	-2.717720839861932
5	56	-2.3557736633116133
5	57	-0.601451212063757
5	58	-1.75264470013358
5	59	-3.9559398952010403
5	60	-5.132759687943194
5	61	-3.6848033383452714
5	62	-3.524272646328717
5	63	1.886497731739571
5	64	-0.744941962495057
5	65	-3.2645968937966683
5	66	-1.3346646372902975
5	67	-2.7104014943410517
5	68	-2.3627852277617767
5	69	-1.8431837564214029
6	6	NaN
6	7	-0.3511939090776391
6	8	2.016497347367985
6	9	2.3236129614030396
6	10	3.8731986428498604
6	11	1.264990662384945
6	12	-0.29014466837105146
6	13	-0.18946376817515223
6	14	-1.0780336202055494
6	15	-1.7536221292258418
6	16	-2.944027073716435
6	17	0.7289671192166552
6	18	-4.7835786683978085
6	19	-2.2522680310381045
6	20	2.0084548511590863
6	21	-1.5270123904603812
6	22	0.07963917399707905
6	23	-2.075772957392004
6	24	2.79849622233612
6	25	-1.787674892473925
6	26	-1.6652650157740718
6	27	2.8061502232067896
6	28	-0.6745626022687278
6	29	-1.959039912915918
6	30	-1.6445799527768536
6	31	-2.174386846936977
6	32	-1.5397635320391228
6	33	3.0661725402015243
6	34	-3.7653159325157115
6	35	4.044064971854038
6	36	0.8726913599988445
6	37	-0.49938193753296645
6	38	2.392372857379492
6	39	4.482488085516508
6	40	1.380601970377638
6	41	-0.4994588283063739
6	42	-0.5343910476843619
6	43	-2.1576648202516404
6	44	0.6301870717380896
6	45	-1.5311464459247075
6	46	-0.9968046833145939
6	47	0.8665962750756315
6	48	-2.446943983513075
6	49	1.9258276783223243
6	50	-2.1138812650510737
6	51	-2.4647812820113257
6	52	1.8294417230916562
6	53	1.4659759505445344
6	54	-0.3569993177180011
6	55	3.489921753588463
6	56	1.7206955871174472
6	57	1.6454732445291154
6	58	-4.398698159758414
6	59	4.374085126377759
6	60	-0.4309738345341427
6	61	-1.127349195454882
6	62	-0.3595717973816092
6	63	-1.1424827031261775
6	64	2.451797618882806
6	65	1.2595112883681305
6	66	-0.45284598593333014
6	67	-0.9633852441117285
6	68	-0.652763514913626
6	69	-0.27438531520250375
7	7	NaN
7	8	-2.5988600872500935
7	9	-1.8596172336498977
7	10	-0.2716239130948541
7	11	-1.3270257368783331
7	12	-0.7041338540298278
7	13	0.976191780297704
7	14	0.22744524736503588
7	15	-0.5730710413065639
7	16	2.0299966786968335
7	17	-1.083186447770933
7	18	2.549440772520995
7	19	0.37664229248801234
7	20	0.45134442273450465
7	21	0.9995830938085822
7	22	0.23957963558492923
7	23	-0.27445735576104957
7	24	-3.3475737489546615
7	25	-0.08186792713455421
7	26	1.2457628734231223
7	27	-2.7960461958797436
7	28	-0.13098402513759042
7	29	-1.6608145517944386
7	30	0.17551558827780428
7	31	-2.837981250664736
7	32	-2.0251266763910722
7	33	2.3714869513574044
7	34	-1.862349376798366
7	35	-2.371597817899474
7	36	29.635301180106612
7	37	4.622825194994538
7	38	3.123397041505822
7	39	1.9025843093468753
7	40	-2.666521821808142
7	41	2.403895576689129
7	42	-2.0748691611903634
7	43	0.5427662901541332
7	44	0.4595501635042099
7	45	0.0036589460120089057
7	46	2.8378851825378164
7	47	-1.1620953753491898
7	48	1.21046405309083
7	49	-3.5274981136015353
7	50	2.572315167183277
7	51	-1.1067588359948117
7	52	-3.6429688085182077
7	53	-3.275487327321898
7	54	0.6862654526542654
7	55	-1.997483714149577
7	56	-1.6309606911425603
7	57	-2.7680411050138036
7	58	-0.545451836213051
7	59	-0.9730004724245963
7	60	0.21969238675464267
7	61	2.1728322000408125
7	62	-2.695768383677118
7	63	-2.2739416337577842
7	64	-2.4778478187141766
7	65	-1.9511716514503121
7	66	-0.8100141647155514
7	67	-2.3553731055912124
7	68	1.6721706391272944
7	69	0.22593213794141137
8	8	NaN
8	9	3.471895683384772
8	10	0.49545811933805095
8	11	-0.8800458354539696
8	12	-1.521737854699691
8	13	0.8659019938014408
8	14	-0.770715601859697
8	15	0.6704521558877227
8	16	0.5335637961488902
8	17	-0.12278690641068475
8	18	-1.5593352891408185
8	19	-3.3559162321407605
8	20	2.6611928935167515
8	21	1.1952813332509469
8	22	-1.6188405170942812
8	23	-4.205380138929829
8	24	3.1223555230466875
8	25	-1.325191882821064
8	26	-1.4162642514616737
8	27	1.267085914099329
8	28	-1.6301884115995589
8	29	-0.9373519620781696
8	30	-1.3814385305847041
8	31	2.225324824108188
8	32	0.344763959875283
8	33	-1.573605142032793
8	34	-2.380996646266966
8	35	-0.28080291273203617
8	36	-1.8021403651542027
8	37	12.435176784879072
8	38	0.7572441283022091
8	39	-2.1968277450574276
8	40	1.2119101276745712
8	41	-0.4839773405553832
8	42	-2.7734771704624204
8	43	-0.9213786934556386
8	44	-1.3068307167057314
8	45	-1.3765619474610509
8	46	-4.688576223570922
8	47	0.561800585327403
8	48	-0.811585052310501
8	49	0.3203073683151671
8	50	-0.46079693602717275
8	51	-4.635456652674839
8	52	2.2382673114044804
8	53	23.551684037238502
8	54	-2.3954121593226323
8	55	1.4313349943038653
8	56	1.8965998411670986
8	57	0.780105156076074
8	58	-3.125711481824824
8	59	0.675271974255266
8	60	-1.1873724396284813
8	61	-2.14421537653831
8	62	0.373235238190208
8	63	-1.8798280804851342
8	64	2.2545861088579344
8	65	-0.31330886728403595
8	66	-0.5552083203930495
8	67	2.3924353540569103
8	68	-3.063379278856227
8	69	0.8123207846679784
9	9	NaN
9	10	1.5129977508473342
9	11	-0.8004065036903716
9	12	-1.6261691241248513
9	13	3.1514752719137458
9	14	0.9041344565500322
9	15	-2.2640023624313446
9	16	-0.38618640021899026
9	17	0.19568733389053622
9	18	0.8126773839888783
9	19	-2.8944872315017354
9	20	3.423479321573553
9	21	-2.8340252150516676
9	22	2.2411693692694286
9	23	-2.1296284227165763
9	24	1.0275957404104317
9	25	-2.0084872932886872
9	26	-0.627594528149088
9	27	1.9852168778572103
9	28	-0.13509858417944373
9	29	0.42985473564323795
9	30	-2.322368924203829
9	31	-0.8148462536021236
9	32	-0.6361077269900879
9	33	-1.4435599455995498
9	34	-2.3324412098464515
9	35	2.3388306810594504
9	36	0.01499804389015025
9	37	-2.8345400446894415
9	38	5.7782705111510495
9	39	-0.8942722620219531
9	40	1.6809365647667462
9	41	-1.508583389103853
9	42	-3.9593418948976673
9	43	0.12339288657657248
9	44	1.8021071475516302
9	45	-1.7432512426382076
9	46	-0.28374100841965494
9	47	4.072370068396312
9	48	-1.6017672175775721
9	49	3.4232772750573663
9	50	-1.695796470714336
9	51	-1.9226405125196715
9	52	2.618909248742108
9	53	2.462089226246062
9	54	1.478797156726995
9	55	1.4923179695727602
9	56	1.7914058889508824
9	57	4.0745324948642105
9	58	-0.7988646249873373
9	59	1.7812000757586555
9	60	-0.27600027395629245
9	61	-1.834617331006731
9	62	-2.5086076307823135
9	63	-0.4568569700206367
9	64	1.081261462513882
9	65	-0.4674070114244581
9	66	-2.7607486626574422
9	67	-1.5091217836511661
9	68	1.2566039465042131
9	69	-1.1184889906684587
10	10	NaN
10	11	1.3634854302972694
10	12	-1.1468570560268898
10	13	-0.05700436521137213
10	14	-0.659253129854891
10	15	-3.3748274534657794
10	16	-0.763691708751525
10	17	20.717901537827377
10	18	-2.3090851309238367
10	19	-0.34002972999010295
10	20	-0.9114459608038041
10	21	-2.216097048656706
10	22	-0.968160153050778
10	23	-1.6513333033135122
10	24	0.5509642635383767
10	25	-2.444760164852344
10	26	1.5660647928245675
10	27	-0.01707256661253946
10	28	1.17637907937257
10	29	-2.688950885572199
10	30	-0.9911358399750247
10	31	-2.8883354503368524
10	32	-1.8296864292048138
10	33	1.453324279792623
10	34	-3.112675040193059
10	35	-0.22837728250451542
10	36	-2.433941380213684
10	37	11.86261455210319
10	38	4.831506975333539
10	39	5.4710720093131116
10	40	0.20679653944897608
10	41	-4.134803507706439
10	42	-2.3530048080998127
10	43	0.2113426066154083
10	44	0.7153459728608899
10	45	-3.3906559407577594
10	46	-3.3620469248232334
10	47	-1.0065826182082573
10	48	-3.679898786060998
10	49	0.5615360536309968
10	50	-0.16563307599455623
10	51	-1.1495487692024686
10	52	3.9378293982631245
10	53	-0.1691582223553654
10	54	0.2117285558386222
10	55	0.27452751699708866
10	56	1.6870264135190012
10	57	0.9364887860106463
10	58	-5.3862614948134695
10	59	-0.290119991377092
10	60	-3.754648778603836
10	61	-2.3282147900960593
10	62	-4.001363350536994
10	63	-2.9857406876246606
10	64	1.2193244715131837
10	65	1.6644334061466264
10	66	-1.1462901637603717
10	67	-1.296872479612596
10	68	-1.7636317846503762
10	69	0.8648898198978993
11	11	NaN
11	12	2.1070431816044217
11	13	-0.5954853046702145
11	14	-2.304462074947661
11	15	0.3454318883243612
11	16	-1.8725860957621112
11	17	-0.34657933236887184
11	18	3.4508965278902197
11	19	-1.1209782345706119
11	20	0.17033077968812
11	21	1.4044506038430227
11	22	-0.391713235871218
11	23	-0.6623322052452973
11	24	-1.649568049450374
11	25	-0.9382005739669232
11	26	2.38453866549596
11	27	-3.1734931339438157
11	28	5.983658002909372
11	29	0.5896096701297703
11	30	-0.6458496583572505
11	31	0.01294960463285132
11	32	2.0514698811312497
11	33	-0.7782964471195379
11	34	0.13817632116248352
11	35	-2.7418271498638123
11	36	0.9937196154083767
11	37	-3.7351637545561576
11	38	-0.5768589429806825
11	39	3.4494152303883228
11	40	4.295341084144753
11	41	-0.24942832935728293
11	42	-3.852589005224183
11	43	0.6113420326778674
11	44	0.5933481235221225
11	45	-0.32346331897161784
11	46	0.5867408758684622
11	47	-1.6430883125544307
11	48	-2.847786887268687
11	49	-1.1280317840270453
11	50	3.8537104350352234
11	51	-1.8315532164626496
11	52	0.04447089778869725
11	53	-2.5393873063147656
11	54	-0.7191136883446908
11	55	-1.0111091659281766
11	56	2.4466726272730313
11	57	-0.09731037847504616
11	58	-0.4455763691898858
11	59	-1.3867915192319435
11	60	-1.934284367508811
11	61	-2.048909657713611
11	62	2.2396595255455876
11	63	-1.815733844831926
11	64	-0.43719049841059865
11	65	2.1019629270721016
11	66	-0.07146829585512306
11	67	0.8742613625655061
11	68	-2.1497897553817205
11	69	-1.3184783514991218
12	12	NaN
12	13	-2.094679515756835
12	14	-0.5755436842420069
12	15	0.04202188915570593
12	16	-0.8540823300810366
12	17	-1.1333177969619617
12	18	-1.0672443817525754
12	19	0.50207411447501
12	20	-1.1768676319435847
12	21	0.13028532986579341
12	22	0.14362753664678615
12	23	2.185567911320995
12	24	-1.6735670584709927
12	25	0.8524179212309086
12	26	3.368430648257608
12	27	-0.8178528049028329
12	28	2.4485484439290306
12	29	-0.5775087663181118
12	30	0.5317620346732385
12	31	-0.28233213624006187
12	32	-0.7158281307831003
12	33	-0.009045247508635128
12	34	2.5647264409600896
12	35	-2.6511411312582296
12	36	0.5907248971683521
12	37	1.5462097034632432
12	38	-0.3099023604010756
12	39	12.57531220448327
12	40	0.4483510376824388
12	41	0.41425495076253144
12	42	-0.4006423660381903
12	43	0.10996742818349932
12	44	-0.20192646404813125
12	45	3.257503875161011
12	46	2.094722807474356
12	47	0.12370990791795518
12	48	-2.2381644289286404
12	49	0.4599666686497375
12	50	-0.8486479729871886
12	51	2.136655570162703
12	52	2.6322476105683785
12	53	-2.097878895739269
12	54	0.5169955054099131
12	55	-1.1821208741047031
12	56	-1.5074935709922372
12	57	-1.8005114667149753
12	58	-0.6097748932416701
12	59	-0.43035586316724267
12	60	0.6769902006624249
12	61	1.323486891950717
12	62	-0.5086103131628947
12	63	-3.3828895685203593
12	64	-0.8232798864474687
12	65	-0.2830452690118985
12	66	-0.30170892141456884
12	67	-1.0664769405804486
12	68	0.6209931073255366
12	69	-0.057197565935221836
13	13	NaN
13	14	-0.6743321222293188
13	15	3.5798947059611965
13	16	0.04826396903129826
13	17	-1.0089301753999889
13	18	-0.5770101432994206
13	19	-2.245171210611054
13	20	-0.2180127561837284
13	21	-1.2175090517329068
13	22	1.2218898214396545
13	23	-2.6065598278232627
13	24	-0.304099839813995
13	25	3.0463522798662477
13	26	-1.8533688192284732
13	27	0.2537900220992534
13	28	-0.9229056915353012
13	29	1.4360355312449686
13	30	-0.7375900435973085
13	31	-0.5712882504716965
13	32	0.055701367409893766
13	33	-1.256158288709392
13	34	0.3630486178178907
13	35	4.227576575775582
13	36	1.1248505229373567
13	37	-0.001129069086820578
13	38	-0.5922682615344735
13	39	1.389847046319525
13	40	6.246050836976974
13	41	4.1771864573783795
13	42	-0.058907401913448974
13	43	-2.348222266599311
13	44	-1.7296350423602533
13	45	-2.255375342648803
13	46	-2.112439300278469
13	47	1.9459517296832185
13	48	1.2059505162121067
13	49	0.4447918843714748
13	50	-1.0414757969450823
13	51	1.2518354491313695
13	52	-0.25443126856061143
13	53	-2.2469575949364864
13	54	-0.31019647829730873
13	55	4.117610654514822
13	56	-0.5145813103815028
13	57	1.0422726916894325
13	58	-0.9718122260336107
13	59	1.7250878558727867
13	60	-0.6073017976607396
13	61	-2.407609472989322
13	62	-3.3656466412130643
13	63	-1.6133063047467109
13	64	0.15334787533372318
13	65	-0.7768625349909798
13	66	-2.8724383350006244
13	67	-1.6531710436863165
13	68	-0.4891586488810259
13	69	-1.6038916062557995
14	14	NaN
14	15	4.415158387779128
14	16	0.7694507734586487
14	17	0.5200459968897261
14	18	-0.6521079287497019
14	19	-0.6957410261409168
14	20	0.2925259991410081
14	21	1.0682738948387627
14	22	0.27626658049677105
14	23	0.8284989441807384
14	24	1.570353376622015
14	25	0.5479719793950241
14	26	-1.2831683565319374
14	27	-1.2881609387313946
14	28	1.219789443232746
14	29	-1.462515590862278
14	30	-1.00066869559189
14	31	1.5232778074021678
14	32	2.5143611429898547
14	33	-0.21221619280325152
14	34	-2.3556175376596595
14	35	-0.8033204301869052
14	36	-0.450904810822375
14	37	-0.4368870218963102
14	38	-1.3305363924187503
14	39	-2.7793897992118333
14	40	1.042733263791467
14	41	0.3437038486018642
14	42	1.3860377559234238
14	43	-3.4359121403760886
14	44	-2.124033245888684
14	45	-1.8922992292304084
14	46	-1.3175180939797269
14	47	-0.32534259832877
14	48	-2.0318047655540843
14	49	-1.3516555361605267
14	50	1.970239569163345
14	51	2.3809546351827864
14	52	1.5397770220942695
14	53	12.758811302943949
14	54	-0.9503764180172455
14	55	0.18875157657509126
14	56	-0.8413894584057403
14	57	1.9065745791547157
14	58	-1.3235172651995708
14	59	-0.7260428756421927
14	60	-0.11517151600571113
14	61	-2.1478464120988243
14	62	-2.284454692483028
14	63	0.6280938716644011
14	64	0.4720146857667433
14	65	1.0457125751697998
14	66	-1.0762403242841583
14	67	2.044036201290753
14	68	-1.4656448754813887
14	69	-1.5853508363094564
15	15	NaN
15	16	7.823843613006973
15	17	0.7662131172961382
15	18	0.2898499009342485
15	19	3.0711678956984296
15	20	0.8048510329571301
15	21	2.5058459603135823
15	22	0.6030096494833482
15	23	1.4941823102596805
15	24	1.934836956052828
15	25	0.3101304915505774
15	26	-1.0844862917834097
15	27	-3.617077178560107
15	28	-0.16094025114652658
15	29	0.47115456730000754
15	30	3.581359227228899
15	31	2.508914357878138
15	32	-0.05169304436286936
15	33	0.04894939598056479
15	34	-2.2402538881479717
15	35	-1.5027917946533602
15	36	-0.5286812105257025
15	37	0.1970201358997594
15	38	-0.26920887388611753
15	39	1.022826760290194
15	40	-1.8898940960775226
15	41	1.348393045371349
15	42	4.082064835749385
15	43	1.9208735389644989
15	44	0.13980620764865168
15	45	1.6187236309823116
15	46	0.2039532887315997
15	47	-1.1203194942313317
15	48	-2.3170557467746566
15	49	2.1213846396743716
15	50	0.6572967440811911
15	51	-1.193783411707384
15	52	-3.039025318168636
15	53	-0.3257395508340357
15	54	-2.916181944348593
15	55	-2.133616346980249
15	56	-0.3941781900365235
15	57	-3.7542311472477716
15	58	-2.4216290801565084
15	59	-1.6250929050907723
15	60	0.5896801664115843
15	61	2.4957385511652883
15	62	-0.6563318535370385
15	63	-0.6471404537461551
15	64	-1.3126468247583538
15	65	-1.8548711820986281
15	66	1.8100203340730612
15	67	1.5666828556817838
15	68	-1.0323765544805321
15	69	0.5966581312613528
16	16	NaN
16	17	0.9393604503599194
16	18	4.287412971380578
16	19	0.6723341982292922
16	20	0.34302466711298524
16	21	-0.7466513103579449
16	22	1.4408007933420532
16	23	0.3015263346367774
16	24	-0.3074377623339253
16	25	-2.464997280102524
16	26	2.226255360807081
16	27	0.13482256938502665
16	28	2.4166772576023106
16	29	4.243605776591721
16	30	4.4160282275989315
16	31	-0.006879329690051136
16	32	-1.9366245680265728
16	33	1.9713966340976818
16	34	-4.316430308090751
16	35	-0.3667286464863158
16	36	1.531124828686047
16	37	-0.3022824202720039
16	38	-1.6231741720568977
16	39	-1.4453105396293608
16	40	-2.905560402580038
16	41	-1.7616764985278384
16	42	-1.3531730866958473
16	43	3.068436936734895
16	44	-2.899153960755647
16	45	-3.0695845537822377
16	46	-0.8788034962424595
16	47	0.3315889289342231
16	48	0.7293443795525344
16	49	-1.4315864257717292
16	50	0.34188810097132144
16	51	-0.29444612186139524
16	52	-1.5144548465300094
16	53	6.574997322281851
16	54	-1.4818760240062345
16	55	-1.7878934591284692
16	56	-0.776547124871549
16	57	-3.4581385988159195
16	58	-0.8349073420974145
16	59	-1.330141412921819
16	60	-0.0025054257653006596
16	61	-0.31842612201309545
16	62	-0.8773127950123074
16	63	-2.1276466514024293
16	64	0.9153240096662385
16	65	-2.8831412184774248
16	66	0.6128635283971836
16	67	-3.2136964271868718
16	68	0.47678723529994266
16	69	6.202546340751902
17	17	NaN
17	18	0.6636238653867738
17	19	0.7642686758223777
17	20	0.8111708592791598
17	21	-2.4064569526960407
17	22	-2.2070350193627926
17	23	-1.8174889483339647
17	24	-0.46925622247458576
17	25	1.2232979497358702
17	26	0.3357477627436993
17	27	0.04509561327588299
17	28	0.22482820633542955
17	29	-1.2972690376200422
17	30	-0.44929174414367146
17	31	-0.6529930190365942
17	32	-2.369009556607841
17	33	-1.2044997588519268
17	34	-0.9033031515380289
17	35	-1.0795852707686762
17	36	-2.867425609188961
17	37	-2.3677508141371253
17	38	-0.2966844450882524
17	39	1.1530903038272426
17	40	0.7432353295375167
17	41	-1.3001695874477601
17	42	-0.9506870305946711
17	43	-0.4224583699000444
17	44	-0.8410854594911497
17	45	-4.239007236729408
17	46	-3.781328648321734
17	47	-1.0877325013796022
17	48	0.2860159166227745
17	49	2.007351301897052
17	50	-0.21349830642490542
17	51	-1.785949706927022
17	52	0.35941710194742893
17	53	7.6098449331552285
17	54	0.3368992180523636
17	55	0.5404183465607622
17	56	2.28882772344869
17	57	1.890857266381737
17	58	-3.518883471670856
17	59	-2.2239725661991834
17	60	-0.576134950762456
17	61	-2.595080392290466
17	62	-2.044357979909979
17	63	-0.9212622284763292
17	64	2.288752273271725
17	65	0.4174892341640776
17	66	-1.3140016858813186
17	67	-2.471811941268326
17	68	0.7670480138935052
17	69	-0.536318880176282
18	18	NaN
18	19	1.647745969603326
18	20	0.2509012218267031
18	21	2.046338949972511
18	22	3.42500336624003
18	23	1.717520674647143
18	24	-1.1259902586430655
18	25	0.049722277614546506
18	26	-4.657121887812865
18	27	0.3891029816631152
18	28	-1.5146713108071082
18	29	2.4381209692961567
18	30	1.2688217829085289
18	31	0.1046506105642683
18	32	0.7561352524503724
18	33	2.071223460628941
18	34	0.41883717354427663
18	35	-4.689463804870832
18	36	-1.332737615684915
18	37	0.9604318575414216
18	38	0.13579019639322534
18	39	1.7139220907324777
18	40	-2.2259102761580123
18	41	-0.7786015450062245
18	42	2.34237122685239
18	43	3.0608676649871978
18	44	0.23753978058200426
18	45	2.756114355113755
18	46	0.5013851051677584
18	47	-3.312712531868241
18	48	-3.2435922882950927
18	49	-0.6790957133957733
18	50	2.71876052759436
18	51	-1.197306640207913
18	52	-1.6904435872335535
18	53	-2.1659412903898296
18	54	0.19363589343803947
18	55	0.6285714898771732
18	56	-2.338515629415088
18	57	0.011231284195151067
18	58	-1.0688972515663362
18	59	-1.0945396516215238
18	60	1.518166251458247
18	61	1.3992647927539281
18	62	-0.6965374923204659
18	63	0.7205710705662203
18	64	0.1318150614120965
18	65	0.5640719214307368
18	66	3.6165580284717027
18	67	-1.2365166123782865
18	68	1.4284300428299814
18	69	-0.3464829255897408
19	19	NaN
19	20	-1.3593910988736846
19	21	1.0078219045583077
19	22	-0.3756159749546306
19	23	-1.597684456603335
19	24	-0.7393616164564593
19	25	2.645811787094033
19	26	0.4032063988529632
19	27	-1.950796810494193
19	28	1.418109540888644
19	29	-1.1934289612743587
19	30	-0.9366312762965409
19	31	-0.3060563470142346
19	32	-1.7899184576555893
19	33	1.1408447088756395
19	34	-1.1748915423530617
19	35	-3.0822107672441112
19	36	-1.749550658733103
19	37	-0.3980193490711402
19	38	-1.629501600953401
19	39	-0.24366137564174215
19	40	-0.4072368935720307
19	41	1.760411358737744
19	42	2.1295938668286483
19	43	-3.2397228881240006
19	44	-1.1735167783348732
19	45	0.31950902023444355
19	46	0.9371234944059184
19	47	0.8720577699110136
19	48	-0.8464991353067677
19	49	0.5521759535235099
19	50	0.17371210682523747
19	51	0.30836466731717294
19	52	-3.5241547563107503
19	53	-1.1570922855152284
19	54	-3.2128653393476183
19	55	-2.0216140783219743
19	56	0.5154324887219406
19	57	-1.6658237209528401
19	58	1.4076151202753482
19	59	-5.19666965652664
19	60	0.37893091273821616
19	61	-0.1180849203815625
19	62	2.124685666454419
19	63	-0.6470902894382912
19	64	-1.0933117119138827
19	65	-1.8054791475409253
19	66	0.3253793934825738
19	67	-1.542153196869067
19	68	0.950529115546985
19	69	43.5247614646064
20	20	NaN
20	21	-1.2619901048287152
20	22	-0.8069345440334473
20	23	-2.3250763643283996
20	24	0.9321827068414189
20	25	-3.343372308785098
20	26	-1.108155112776029
20	27	1.888561166204753
20	28	-1.5663291138090532
20	29	-3.304166259540137
20	30	-0.024183338475530076
20	31	-1.8719022025983838
20	32	-0.3019521063758682
20	33	-0.8014149539767796
20	34	-0.3922201468208225
20	35	1.537839906859749
20	36	-2.5384140599226415
20	37	-0.6884895722993087
20	38	0.41908647919184067
20	39	2.166903234773999
20	40	0.8167058855076912
20	41	-2.848902432405439
20	42	-2.557481805108291
20	43	-0.5938055121507337
20	44	0.5507087115075717
20	45	-3.6071678247153063
20	46	-1.042041971381342
20	47	2.6541846840253407
20	48	-1.9807986555786494
20	49	3.0481010656090857
20	50	-1.3232176950096934
20	51	-0.866018568972196
20	52	4.249671003665459
20	53	2.772551488471893
20	54	0.7766992859515848
20	55	3.8404805995230635
20	56	3.2173734511188417
20	57	2.100412286490599
20	58	-4.314534151594139
20	59	0.832352016109442
20	60	-1.7532393340951973
20	61	-2.043839862471668
20	62	-3.1271256789737736
20	63	2.1184852923596815
20	64	3.9926381014620604
20	65	0.2709927065246439
20	66	-0.41467823810005383
20	67	0.09892198676470387
20	68	-1.4400656349322078
20	69	5.207451143745928
21	21	NaN
21	22	1.2413217679133963
21	23	4.3225963290256875
21	24	-0.6511375296669666
21	25	0.7053829381255458
21	26	1.4077572321008707
21	27	-0.6412770046056487
21	28	1.5397996177704287
21	29	0.03427931595070121
21	30	-0.632755342484861
21	31	1.6314960553173758
21	32	-0.04346550165733354
21	33	2.1983896540522374
21	34	-0.8020724897680519
21	35	0.04719890749200104
21	36	1.9013834315557738
21	37	-0.032422619941546306
21	38	-1.3874887443782824
21	39	-2.287125256629955
21	40	-1.8564807307584874
21	41	4.278242187102855
21	42	2.8112919710239943
21	43	1.4029204561452608
21	44	2.782212855820065
21	45	1.2379230544543847
21	46	-2.859815020093058
21	47	-1.1773202990763056
21	48	-0.20961754727623322
21	49	-3.9905082504023857
21	50	-2.0359140078688993
21	51	1.416829350372765
21	52	0.1413796002454267
21	53	-2.995870811702155
21	54	-2.5613709963417777
21	55	-2.011720277416362
21	56	-2.7788555817013263
21	57	-3.2174671711131904
21	58	3.058456742127267
21	59	-0.485171772458575
21	60	2.677617005364974
21	61	-0.26560741718073705
21	62	2.1384217622620203
21	63	-0.8660152718209722
21	64	-1.4565949519289016
21	65	2.1987790001006786
21	66	-2.033294725743898
21	67	0.8470372665915483
21	68	0.6670141613542817
21	69	1.5435235782815107
22	22	NaN
22	23	-0.36642424824051867
22	24	0.14059784596118152
22	25	2.063920942344308
22	26	-1.2460077538656333
22	27	-1.7808272616321505
22	28	2.6381961876887163
22	29	0.5923782461022168
22	30	-1.2197966617673834
22	31	0.5897893144241204
22	32	1.3751638895258462
22	33	-0.8662813401627963
22	34	2.1245573966093176
22	35	-3.721819517800611
22	36	-1.6217261994964884
22	37	-0.7144784350623579
22	38	-2.2754073786323152
22	39	-0.8157083449068453
22	40	-1.6541048231064421
22	41	3.568374290110336
22	42	0.7187178779984605
22	43	2.058281967216079
22	44	-0.2652968154781481
22	45	-0.6668240336963568
22	46	1.0727202506276683
22	47	-0.11604734608463062
22	48	0.6480019182577997
22	49	1.1690751269703574
22	50	3.0114313850655097
22	51	0.7927207250104028
22	52	-0.8164519949697635
22	53	-2.3781706302096506
22	54	1.6634156028154716
22	55	0.08485183914072861
22	56	-0.8681025150706935
22	57	-1.7677259297969172
22	58	5.331241490955494
22	59	-2.6986996523364115
22	60	1.1751045872593604
22	61	-0.7091833958842382
22	62	-1.4118940034891878
22	63	-1.85959260318465
22	64	-3.5996960108540104
22	65	2.4629616573964657
22	66	0.6620827089730539
22	67	0.533574939466363
22	68	-0.013565386972781387
22	69	-0.8173300591412208
23	23	NaN
23	24	-1.129476748944553
23	25	2.8885966633288573
23	26	2.1802373122448993
23	27	8.397563536764222
23	28	2.60551838146241
23	29	1.554118103371345
23	30	1.210409464616963
23	31	-0.9639251947802501
23	32	-0.00927935599815966
23	33	-3.5805920894957133
23	34	0.07703390062452112
23	35	1.6174774146071622
23	36	-0.0047832674959783685
23	37	0.2868900716301919
23	38	-1.2040449142450855
23	39	1.277470426056799
23	40	-3.18266932401394
23	41	-2.0530669840835754
23	42	-1.0460701009365796
23	43	2.226945934060236
23	44	-0.6379190682531329
23	45	-0.37550674307715626
23	46	-0.226196250168666
23	47	-1.131856094869777
23	48	2.407780238025247
23	49	2.148362883001196
23	50	-1.942694429623336
23	51	2.043832606371001
23	52	-2.041050825069924
23	53	-0.7134447933185722
23	54	-0.05949431008580549
23	55	-3.5179052572189113
23	56	-1.3616362543048945
23	57	-3.1850258961950306
23	58	1.234955463970341
23	59	-0.05573541663652627
23	60	4.125954868159362
23	61	4.07948428273392
23	62	3.0208988784689854
23	63	-1.477795084196308
23	64	-3.032614521525518
23	65	-0.1896774907670029
23	66	2.7085237098357196
23	67	-3.2031186008602344
23	68	0.1323211418840129
23	69	-0.855736119915429
24	24	NaN
24	25	-1.3390730635429287
24	26	-1.949905217367035
24	27	3.710315027900495
24	28	0.9982586549437401
24	29	-2.0909301036296624
24	30	-0.7017381717493603
24	31	0.1490754279941789
24	32	0.22017002929700402
24	33	-0.3802560362624964
24	34	0.12276624107105463
24	35	1.0294044053513118
24	36	-2.0207534904759914
24	37	-4.864803446337186
24	38	1.2102051539052172
24	39	-0.418146585765754
24	40	1.4047452125593658
24	41	-2.6030451193298765
24	42	-1.9991645713835675
24	43	-0.7164970433266905
24	44	-0.21564434528823556
24	45	-0.00036385419675863314
24	46	-1.8162890771118139
24	47	-0.2608073737723896
24	48	-0.3215663165050193
24	49	2.8907883122765052
24	50	-0.29880154433765943
24	51	-2.0294481520965717
24	52	0.7558367871038657
24	53	2.9067369886404286
24	54	2.536147009324683
24	55	4.097240614354252
24	56	3.7555140801662334
24	57	2.828997677226959
24	58	-1.1833973129036346
24	59	1.4055576624172035
24	60	-3.8062790804916977
24	61	-0.8068035958232772
24	62	-4.00947958022757
24	63	0.1570075284855529
24	64	1.749356451596941
24	65	0.6599280607093495
24	66	-0.4044296938874308
24	67	0.3434046306282902
24	68	0.8564121867094227
24	69	0.5307870638740706
25	25	NaN
25	26	5.0648707265181985
25	27	-0.6396541760214277
25	28	-1.6141410325730348
25	29	0.47697287020503504
25	30	-0.07822010425398154
25	31	-1.9829142191994118
25	32	2.4114130857662786
25	33	1.0734305634858412
25	34	0.6594253395083112
25	35	-1.1528379434089906
25	36	2.769281147652015
25	37	-0.6853862903623511
25	38	-2.604696778429564
25	39	1.079188499934844
25	40	-1.0394471189691576
25	41	-1.3866615469646395
25	42	4.5317395215025345
25	43	1.177530752760148
25	44	-0.09392463732176007
25	45	1.6509092900012308
25	46	0.16247668972919152
25	47	0.8562904166905357
25	48	1.987770819252834
25	49	-1.827538678998318
25	50	0.6695227356667043
25	51	-0.45868806582127475
25	52	-0.17095541935067965
25	53	-1.9006680935954579
25	54	2.8231274232190593
25	55	-0.8051941360129815
25	56	-0.8034176251139661
25	57	-0.02258537611989707
25	58	2.7625697169341477
25	59	-1.20284580900132
25	60	-0.5645669504806956
25	61	2.643220371356186
25	62	-0.051229930121025564
25	63	2.5486877158359906
25	64	-1.9194671118139524
25	65	-2.980176573876429
25	66	1.1896789130209464
25	67	-2.131427706158402
25	68	2.346570412946315
25	69	-3.6921535849576705
26	26	NaN
26	27	1.1770487715217468
26	28	-0.804871863767785
26	29	-0.26324216184459576
26	30	23.011312951596448
26	31	-4.538406231492586
26	32	2.6037289202400316
26	33	2.080963854424681
26	34	-2.076734943898184
26	35	-2.568354149921857
26	36	-0.6721601445269407
26	37	-0.9099812351891361
26	38	-3.5942912616104628
26	39	0.6995980217913338
26	40	-2.4711199341890175
26	41	-0.5602705231888643
26	42	2.3119949796377353
26	43	-1.420863475152912
26	44	-0.7615661024954705
26	45	2.83978136665362
26	46	-0.08419090234696934
26	47	-2.13062289374348
26	48	0.705137169695935
26	49	-2.7465593485381867
26	50	0.562819742134563
26	51	0.4669864459507818
26	52	-1.3509920670498512
26	53	1.025274731791481
26	54	-2.116857801949675
26	55	-1.0527752531332653
26	56	-0.2979666873298021
26	57	-0.2973513659277672
26	58	-0.3641695355789412
26	59	1.0265801618284771
26	60	3.04490587611192
26	61	-1.9990632532884622
26	62	-1.3736504439688642
26	63	-0.6194462012593465
26	64	-0.8128898650503366
26	65	-0.09211206947065609
26	66	-0.6718642357740521
26	67	-2.6159280188308895
26	68	1.6577519111579593
26	69	-1.014031007570467
27	27	NaN
27	28	-2.2985573446006895
27	29	-0.7057152888606777
27	30	-0.5985404736788329
27	31	12.50138469523902
27	32	0.9489587142833242
27	33	-2.008468009621097
27	34	1.5090515860264198
27	35	-0.33118033518105766
27	36	-1.2674673532707585
27	37	-1.4884561342367832
27	38	1.2978265463483798
27	39	0.7502528804829872
27	40	-0.23539204506944772
27	41	-0.4749327023499798
27	42	1.991623785150111
27	43	-2.975641111791292
27	44	-3.5326213442857846
27	45	-0.15722742624693367
27	46	0.9234068425417858
27	47	0.016459412575497434
27	48	2.1255280510302486
27	49	0.06868569805224749
27	50	-0.04595572195744732
27	51	-4.832912571078676
27	52	1.3854643823708754
27	53	-0.8375102287010548
27	54	0.42978110618064636
27	55	2.340450119311994
27	56	0.2490096213287667
27	57	3.3199207841197773
27	58	-2.4922581535680504
27	59	-1.1518529029203841
27	60	-0.7622675616342668
27	61	-0.8733713236462148
27	62	-0.6555798903219338
27	63	1.426955574115619
27	64	-0.45821801726175365
27	65	-0.5243096976522342
27	66	-3.726618510518086
27	67	-1.2987677116820755
27	68	0.14119913752952826
27	69	-0.9701538775510782
28	28	NaN
28	29	3.1150177219801134
28	30	-0.2604031260151347
28	31	0.5052872426527593
28	32	0.2940089425529004
28	33	2.298158948366712
28	34	-4.4465191717391335
28	35	-0.6726150818629543
28	36	-2.435628131113158
28	37	-0.658794479839859
28	38	-2.8272313269993314
28	39	-1.2838632090307167
28	40	-2.029715536534584
28	41	5.269183669026803
28	42	-0.3055925010908575
28	43	1.7151310978100243
28	44	1.3323475668004947
28	45	-0.6750095532815791
28	46	0.30293054809825065
28	47	-1.0591062641674271
28	48	0.1472776464864143
28	49	0.12452707298123945
28	50	0.5783059356435388
28	51	-0.4907394624873555
28	52	-0.7628518205391542
28	53	-3.011961667476
28	54	0.19918285286637716
28	55	-0.6635094093207635
28	56	-1.003574329795422
28	57	0.3278951504548971
28	58	-0.8174256601049983
28	59	-1.854174761102893
28	60	-1.232208325070524
28	61	0.38686348687216204
28	62	2.672595234043662
28	63	-1.8948956349135018
28	64	-1.4372612700847107
28	65	0.9120250397951503
28	66	0.8293964723081736
28	67	0.45923389303641554
28	68	1.3760608116183852
28	69	-0.8756910328705533
29	29	NaN
29	30	3.7681218849439406
29	31	1.6913587927788092
29	32	1.2152289692922618
29	33	2.0456383100874374
29	34	-1.8855795623244074
29	35	0.49605483948776186
29	36	1.5135080994909282
29	37	0.047075556935236754
29	38	-1.4364773727776254
29	39	1.2960277418871962
29	40	-0.18432350635622705
29	41	1.049109420117442
29	42	1.7106827221699255
29	43	1.6073090368271612
29	44	-1.7083817431878825
29	45	0.6429486490482027
29	46	0.6070717264587523
29	47	1.9081610089854553
29	48	-1.1552036043991059
29	49	-1.7758391118837253
29	50	0.3626863686095444
29	51	-1.7050915081758575
29	52	1.254845218340905
29	53	-2.36075137669928
29	54	-0.30051922219542676
29	55	-3.656535516508465
29	56	-3.4996378474378638
29	57	0.42949393988753265
29	58	3.3577469321541353
29	59	-0.18247953060331498
29	60	1.250387219340418
29	61	1.274195737183214
29	62	2.6391644354747235
29	63	-2.518678648272633
29	64	0.18157444759630054
29	65	-0.5129142513590204
29	66	-0.9804969934598401
29	67	-1.3309430177516768
29	68	2.247376098186311
29	69	-0.8432780426835873
30	30	NaN
30	31	1.3366344315373235
30	32	3.1823739156894817
30	33	-0.2913948515011381
30	34	-1.1245929426126644
30	35	0.4424351895961985
30	36	-1.06720297179806
30	37	3.494606103619906
30	38	-1.2704155927298109
30	39	-1.666295567541153
30	40	-1.46204933673602
30	41	-2.889523893297087
30	42	4.37911174693134
30	43	-0.28105369171127725
30	44	-0.19864389579081304
30	45	-4.335364559347575
30	46	-1.259493703857071
30	47	-2.121684588169316
30	48	2.688890668351655
30	49	-2.8859366384398752
30	50	-1.0134513692741873
30	51	-0.4865275370803075
30	52	0.1081447712018567
30	53	-4.216390596043303
30	54	-1.1303390200379555
30	55	0.08684308414528247
30	56	-2.8839844564501838
30	57	-0.6479040130980641
30	58	-0.7837584055920135
30	59	0.741755231259677
30	60	0.4131315269690274
30	61	1.295963079672248
30	62	4.234913905193857
30	63	-1.6378451767638624
30	64	-2.2216227562576645
30	65	-0.10063354580692915
30	66	-0.33502682327601585
30	67	1.5193162450412772
30	68	-1.5847474557222228
30	69	0.32458121522737143
31	31	NaN
31	32	-1.093537869943247
31	33	1.736251215532827
31	34	-1.4406851246741725
31	35	8.760313257695243
31	36	-1.2009062127102323
31	37	-2.2885392737531856
31	38	1.2663087309643084
31	39	-1.6738971233623354
31	40	-0.40217673810232324
31	41	0.6572686291511827
31	42	-0.30044116949706007
31	43	-3.2344346087998157
31	44	1.5803885670164806
31	45	0.011257727013089603
31	46	-0.34459697534813144
31	47	0.5951452128572798
31	48	-2.5210610180228166
31	49	-1.3394641714889302
31	50	3.1201046381711643
31	51	0.24486523562096063
31	52	-3.1113734109451396
31	53	-1.8109579648738467
31	54	0.3335039961027514
31	55	-1.789842742320983
31	56	0.3925193370418826
31	57	-0.6036773952837451
31	58	-1.7648830801564763
31	59	-2.513502874970705
31	60	0.2096154985188401
31	61	1.0583968583504773
31	62	2.214472091071002
31	63	0.6549156137277203
31	64	0.45211511885513783
31	65	-0.4951831173477555
31	66	-0.7941285988831654
31	67	-0.4322986494471957
31	68	-2.3694417381841197
31	69	-2.662270936950186
32	32	NaN
32	33	0.40769217306418465
32	34	0.21210101973123835
32	35	-1.136974048418705
32	36	-2.302829099920402
32	37	3.7615967710121354
32	38	-1.7600986005275807
32	39	-0.7065349459639295
32	40	-2.695278060067853
32	41	-3.366704815269196
32	42	-1.5594302837352854
32	43	1.9317425343199797
32	44	-1.3593844473728995
32	45	2.7966999070224685
32	46	6.994591607986681
32	47	-1.7761376397566742
32	48	1.165730158106582
32	49	-1.8444731289535938
32	50	-1.5083891954662179
32	51	1.7992317513214613
32	52	0.680077757042978
32	53	1.291326421404409
32	54	-1.7040948093208936
32	55	-1.6752771595820468
32	56	-0.06803920752937632
32	57	-1.8803600286491269
32	58	-1.9728430296673773
32	59	0.3019957066325257
32	60	1.536972982653041
32	61	-1.0940889469274317
32	62	1.9954698694570685
32	63	0.4019518295412218
32	64	-0.9522167955254698
32	65	0.6015579398411964
32	66	-0.12963592560954176
32	67	0.303744969142937
32	68	2.5555949149125987
32	69	-1.237998070581651
33	33	NaN
33	34	-1.0996546564004865
33	35	-3.445364810808385
33	36	0.159001315521222
33	37	-0.20559685798542338
33	38	-1.1045098443139931
33	39	0.8231468399628621
33	40	-1.1772200602801834
33	41	-1.393475908004689
33	42	1.5566738180300286
33	43	1.2420184472537397
33	44	0.4640772069212669
33	45	0.2153310986037903
33	46	-0.7744732535827289
33	47	-1.1398685761816896
33	48	0.6124690328841516
33	49	-0.4343717755386061
33	50	2.997092454166396
33	51	1.3774687040374036
33	52	-0.5719165302308528
33	53	-1.0886171914168083
33	54	-2.1877813762907294
33	55	-1.1303756447960582
33	56	-1.6037125293496028
33	57	-1.9631831579542809
33	58	-1.4717661461883504
33	59	-1.8877514629510634
33	60	-2.0456291586178397
33	61	-0.9119713683729392
33	62	-0.7910637720579825
33	63	1.5466515219964239
33	64	0.49429189324170386
33	65	0.07325431749944128
33	66	-0.5507059839914198
33	67	-2.318457487652701
33	68	-1.3004994589785717
33	69	-2.4750074736821595
34	34	NaN
34	35	1.7116676840686664
34	36	2.1389002649685653
34	37	-0.8057840404190132
34	38	-0.9931345872157797
34	39	-4.5409437388070835
34	40	-3.590969066988707
34	41	2.702087601279196
34	42	-1.2453740152077661
34	43	-3.29511863793952
34	44	-2.5473667742540274
34	45	-0.45494494556177517
34	46	0.6547134881889032
34	47	0.4559260883438246
34	48	-1.4030721634566858
34	49	1.1057454795842494
34	50	-2.6741539836903305
34	51	-0.7316675875984364
34	52	0.3463903705821897
34	53	-2.6922699825467222
34	54	-2.296218000035954
34	55	-2.751979158839809
34	56	-1.65186722866351
34	57	-1.1526955811020374
34	58	-0.8845736375529472
34	59	-1.9167624775507968
34	60	1.8562848009431507
34	61	1.1098081837687965
34	62	-1.647550710062525
34	63	3.059671513693276
34	64	-2.439661652455534
34	65	-1.5435291325096951
34	66	2.509945136789902
34	67	-1.711614750508407
34	68	0.7175639668830827
34	69	-2.8585565930265178
35	35	NaN
35	36	-0.5634963901332625
35	37	1.6337624777950872
35	38	2.3446879465099184
35	39	-0.7392653961568153
35	40	2.0065532287970886
35	41	-0.27701289965690895
35	42	-2.3430192071391702
35	43	0.56398349095549
35	44	-0.20090821586254126
35	45	3.9580088289839592
35	46	-2.377649616342813
35	47	1.4685167345140044
35	48	-0.7845441625873034
35	49	1.5027884660834558
35	50	-1.349049079123831
35	51	-0.6704717630685055
35	52	2.380527937054592
35	53	-1.556846824690706
35	54	1.8064192566529353
35	55	3.4127834144674365
35	56	0.4716760222223524
35	57	2.777170630835388
35	58	1.1753732213379275
35	59	1.1886349489910313
35	60	-0.8689536886456959
35	61	-0.08703567480042439
35	62	-3.451327675368962
35	63	1.943864704405842
35	64	2.6714188373974777
35	65	-0.839697982882711
35	66	-0.39394116088824244
35	67	-0.40656992733358877
35	68	-3.7446818744396446
35	69	-1.9353898554684377
36	36	NaN
36	37	-0.8044174874345656
36	38	-2.4900909018687143
36	39	-2.6663220585263825
36	40	-3.434247497523332
36	41	0.48808858598312316
36	42	-0.8043695211382036
36	43	-1.7187215594172889
36	44	-2.1007750374725513
36	45	0.7896521374606201
36	46	2.1277586064970384
36	47	0.5980275341753764
36	48	-1.5290624285464915
36	49	-1.5723468249037078
36	50	-4.180572724708862
36	51	0.29829106412613693
36	52	-3.7487970807975453
36	53	-4.67539797964275
36	54	-1.955579025010415
36	55	-2.9309646520910033
36	56	0.0024235227252794645
36	57	-2.1027868805845333
36	58	-2.136691104673164
36	59	-0.16249383766638445
36	60	2.7347537376413054
36	61	-1.8929835364642875
36	62	1.2997067385438157
36	63	1.4280998056856409
36	64	-1.179061294336221
36	65	-1.237148172419715
36	66	1.033950847777023
36	67	2.4169601671029337
36	68	-3.7896565578569614
36	69	-4.2283016661404655
37	37	NaN
37	38	-0.027178752755640235
37	39	2.1152298538013876
37	40	0.654269511759333
37	41	0.2884836980695317
37	42	-0.03395952926206596
37	43	1.3252183458299582
37	44	0.7998594963022575
37	45	1.4351731636136937
37	46	-1.6760981450193366
37	47	-0.7551971779154527
37	48	-0.7061488445205395
37	49	-0.736637054315922
37	50	-0.3914037108748811
37	51	0.012362713165669177
37	52	-3.699251299822901
37	53	-1.4807795214795076
37	54	-0.39098460851157674
37	55	-2.122512569544041
37	56	1.2584097652124955
37	57	-3.1075319240195824
37	58	0.47814457781060427
37	59	1.165424423239998
37	60	5.824521319420898
37	61	-1.0205562694840198
37	62	-2.622624250242449
37	63	0.5262067959350822
37	64	-1.7914707850435625
37	65	-0.45718488944869135
37	66	0.26461251433334126
37	67	-1.9917914478673728
37	68	-1.4626192257005806
37	69	-0.7176841978040132
38	38	NaN
38	39	3.412771888230325
38	40	2.794546111624722
38	41	1.1721376729890631
38	42	1.1033467250313804
38	43	4.729475120294025
38	44	1.369669136538031
38	45	-2.6007155035027902
38	46	-3.338962929308928
38	47	-0.5763158556233458
38	48	-2.5264675264942587
38	49	1.1947596905304847
38	50	-2.156433550795176
38	51	-3.337125707971371
38	52	0.7836867801898539
38	53	0.3486677981792516
38	54	0.6041603815304797
38	55	0.7856129600135329
38	56	1.328678108034702
38	57	1.098467597217375
38	58	-1.4664232324325486
38	59	1.1351955939133322
38	60	-1.8059727799305028
38	61	-2.315184385062214
38	62	-2.4797290685399234
38	63	0.9519462323577468
38	64	1.702319516959736
38	65	3.5574601916456148
38	66	-0.5764296532661041
38	67	0.1427995123515754
38	68	-1.640281002788703
38	69	0.2348358893473404
39	39	NaN
39	40	1.1499137679746745
39	41	2.0837155077146585
39	42	-0.6145865457425588
39	43	-3.339819771355224
39	44	-3.164580250260758
39	45	-3.659844345203758
39	46	-2.7654674769962315
39	47	-0.2836117737701971
39	48	3.7814606807993747
39	49	1.6060311216128291
39	50	-0.5087890419640396
39	51	-1.4387260528277839
39	52	0.5290734250719981
39	53	-2.248083233524433
39	54	-0.5720547108174932
39	55	-0.8669522461322596
39	56	-0.5746922330519093
39	57	0.46749264211520053
39	58	1.608283637781167
39	59	-1.2597013859585486
39	60	2.969240956909981
39	61	0.510023054426962
39	62	0.7290556088962946
39	63	0.8322638713617998
39	64	-1.2669370258465946
39	65	0.6424388417156595
39	66	0.40453375694242005
39	67	-3.9908923095153686
39	68	0.5861651291576354
39	69	-0.8837017501023752
40	40	NaN
40	41	1.839420935410066
40	42	-0.7156496396763878
40	43	-3.410829058419159
40	44	1.8174334440584714
40	45	-0.22181085497925157
40	46	-2.577993776442809
40	47	-0.8524494679804892
40	48	-2.597770160143874
40	49	2.398408124370057
40	50	-1.3415472022874855
40	51	-3.484724402068101
40	52	5.063097277127665
40	53	2.55237478060956
40	54	1.5241260321892782
40	55	3.759006195619367
40	56	1.679458471413028
40	57	2.7320749143146865
40	58	-1.076654866950543
40	59	1.0431950740357372
40	60	-1.5370449234619834
40	61	-1.4451118022127407
40	62	-0.4455201435606445
40	63	-1.3296099391023293
40	64	1.801312994071318
40	65	2.917176838015309
40	66	-0.8441351148404347
40	67	0.20728789800597283
40	68	-2.808818746492348
40	69	0.44485140961230024
41	41	NaN
41	42	5.313670505171599
41	43	-0.4246317961565299
41	44	-1.3464330935977107
41	45	2.0555810771791636
41	46	2.21511577679046
41	47	-1.2778271897316626
41	48	3.3414791174300316
41	49	-3.4199167597446
41	50	-0.11444849797227818
41	51	-2.037922852204147
41	52	0.6610530944065609
41	53	-1.8716516677515234
41	54	-0.8438993803351187
41	55	-0.11094819940375412
41	56	-1.248082407465868
41	57	-0.7250067909650888
41	58	-1.8299905023235052
41	59	0.6735971791189282
41	60	3.291465918547542
41	61	1.7056022672845847
41	62	2.7003513230786322
41	63	1.9792901157003633
41	64	-2.19942215996329
41	65	0.8528008489515153
41	66	-0.4090334340892359
41	67	0.08008798063640167
41	68	-0.8916185477263691
41	69	-2.112512115136007
42	42	NaN
42	43	1.1885729525440318
42	44	-0.08029583932854051
42	45	1.335213760971504
42	46	4.196363853959991
42	47	-0.7621288985740255
42	48	6.796455998520115
42	49	-1.2362580560297327
42	50	3.4564221556131276
42	51	0.6126091775556495
42	52	-2.5016530503661683
42	53	-3.8236741049255114
42	54	-2.459217500073209
42	55	-4.731424633174403
42	56	-3.080831479689001
42	57	-1.2421141778098637
42	58	-0.7980308170611692
42	59	3.398255452641865
42	60	1.6394063825248135
42	61	-0.03936662304999856
42	62	5.300881829167899
42	63	0.6915870633642335
42	64	-2.186942817438659
42	65	-0.9250868029724043
42	66	0.35251737594274446
42	67	-2.8019879520296045
42	68	-1.5412377259326202
42	69	-0.5398222272790805
43	43	NaN
43	44	-0.6671982321472413
43	45	3.3327951666183977
43	46	2.725261827449671
43	47	-1.8698336451379058
43	48	4.817911095343256
43	49	-1.099044477342194
43	50	-0.15040909172625425
43	51	5.0352330319781835
43	52	-1.712833065480504
43	53	-1.327029314537546
43	54	0.5485389740290617
43	55	-2.4796934369779047
43	56	-0.8565733678467107
43	57	-0.7769005602907976
43	58	-0.5637125646844908
43	59	1.559802310022395
43	60	-2.521387125638054
43	61	3.516285945179049
43	62	-0.17312668396254918
43	63	-1.0297952802681738
43	64	-1.3168698818021476
43	65	-1.2508870827953935
43	66	-0.8087623013000907
43	67	3.5582620652670562
43	68	0.05521026075267312
43	69	-2.470020872458613
44	44	NaN
44	45	0.6626447306213246
44	46	1.2441574194406704
44	47	2.1080073722701687
44	48	0.9453836091520107
44	49	2.5257774160079354
44	50	3.8398696574603575
44	51	-0.5165978384049579
44	52	2.685300901001455
44	53	0.22434407066378992
44	54	-0.1436584824694571
44	55	1.1293897633194916
44	56	-0.9292251471172438
44	57	1.649155360072586
44	58	-0.5056916339307495
44	59	-1.8799557223402326
44	60	0.2890731773416594
44	61	0.33076311613048137
44	62	-3.556548636520649
44	63	-0.5099277613922771
44	64	1.180793595931282
44	65	0.5986494195961983
44	66	-0.40471537035990335
44	67	-2.152479467311829
44	68	-0.929804153833339
44	69	-0.3573932676429997
45	45	NaN
45	46	0.08857869803381006
45	47	0.9567039141352568
45	48	3.003679523206762
45	49	-3.1832912894164735
45	50	3.169400484880499
45	51	3.2634081241467148
45	52	-0.49016312565988657
45	53	-1.114090110215112
45	54	-0.892158958352268
45	55	-1.2705467466599074
45	56	-1.8465679783648346
45	57	-0.21957102919942598
45	58	1.0512289499651657
45	59	0.9374214552234749
45	60	1.4829055937464881
45	61	0.8772615197820626
45	62	2.387207051414846
45	63	0.18288751034275672
45	64	-2.0758048159397124
45	65	1.3737955031661873
45	66	0.8303352497951315
45	67	0.8599312852583263
45	68	3.258142852180187
45	69	0.06100318679110494
46	46	NaN
46	47	1.5653488069003194
46	48	3.696481972067642
46	49	-2.5025218921117443
46	50	3.4170233247565385
46	51	-0.2842215963109196
46	52	-2.726039207318138
46	53	-1.8096416666603667
46	54	-1.2704707077602733
46	55	-0.2680392433876801
46	56	-1.4985724355598218
46	57	0.8855870950847995
46	58	1.0286807701122282
46	59	0.6391606006168798
46	60	-1.0048878443891909
46	61	3.4349303322430838
46	62	2.248467432575192
46	63	1.6476310426011966
46	64	-1.1473842801712386
46	65	-0.45007513025616885
46	66	1.1602603444844277
46	67	0.7137642653894178
46	68	6.2665231587386545
46	69	-0.25334541969004615
47	47	NaN
47	48	0.20521330286525777
47	49	-0.5188202485388912
47	50	0.2748677972202571
47	51	-0.36913384373869307
47	52	1.3363555709953094
47	53	1.2504299546633346
47	54	2.2144650369173893
47	55	1.8593317599875188
47	56	4.290019385292696
47	57	-1.468194484152276
47	58	11.369547529511992
47	59	-0.30965932407091373
47	60	-3.123025241203414
47	61	-1.6521395416887155
47	62	-0.4793108458911894
47	63	2.985861449764911
47	64	-1.3331083764995562
47	65	-1.7072350130502316
47	66	-0.14192227760607642
47	67	0.4110290546223919
47	68	1.4002327248086486
47	69	-3.1712385332326596
48	48	NaN
48	49	-1.2363251969024023
48	50	2.22845699422786
48	51	-3.661238604702137
48	52	-3.1563884190533624
48	53	-3.779747276548182
48	54	-2.8506114739981783
48	55	0.4199938099444015
48	56	-0.9950427071641482
48	57	0.5740159166009012
48	58	0.9899868509352932
48	59	-0.34257750982648116
48	60	3.3758057745856265
48	61	1.0617656567145666
48	62	2.8483831186279653
48	63	0.9784112101361441
48	64	-2.321988165289431
48	65	7.110776881423777
48	66	0.15819295614928428
48	67	-1.566375305992974
48	68	-0.9555129750070798
48	69	-3.5820155752798026
49	49	NaN
49	50	-0.3279304232290216
49	51	0.009548433874720838
49	52	3.633449769385285
49	53	3.730055628725077
49	54	3.9644041075992575
49	55	0.9661303685081609
49	56	2.0398967711694187
49	57	1.2909731635501829
49	58	-1.8214156156962358
49	59	-0.918732703385043
49	60	-0.9507233073872264
49	61	-1.7969655994430016
49	62	-0.3454695150169927
49	63	-0.29580811328912526
49	64	2.795399530856459
49	65	-0.6299151530908047
49	66	0.711915553805766
49	67	-1.8321775196105863
49	68	1.8291284058107344
49	69	-0.631880650619688
50	50	NaN
50	51	4.008505909699079
50	52	-2.163711908651331
50	53	-0.8797372105121664
50	54	-3.788756818018595
50	55	-1.3163956136736512
50	56	-1.25387311384899
50	57	-1.6698935170142015
50	58	-3.2879180042776013
50	59	0.16774278880369015
50	60	1.9392788417260436
50	61	-0.8885130615102645
50	62	0.4127653475707645
50	63	-2.6688834777185715
50	64	-2.7159472356206216
50	65	-0.7733506853945634
50	66	2.3772550859733874
50	67	1.95693049154225
50	68	0.45285322467566363
50	69	-0.28912723586737676
51	51	NaN
51	52	-0.1432280707355727
51	53	-2.515146939822346
51	54	-1.5655409806986764
51	55	-2.509636903790408
51	56	-0.7370636548359387
51	57	-0.8600429396674663
51	58	1.214782495229345
51	59	-2.162021962265495
51	60	-0.3554009206125702
51	61	-0.05348528779781674
51	62	0.7117509670328653
51	63	-3.3784239957229576
51	64	-1.7506938592055217
51	65	-3.374492165791534
51	66	1.7362662890914635
51	67	41.49200298973511
51	68	-0.5629018359683925
51	69	1.850681448730058
52	52	NaN
52	53	1.6071180218182481
52	54	2.396481092527748
52	55	2.6855777777226177
52	56	4.7058200864380675
52	57	1.042828409176373
52	58	-2.848408008626785
52	59	1.2353912013177777
52	60	-3.68753294116056
52	61	-2.976706290928247
52	62	-1.9376412885995329
52	63	-1.4200051156641487
52	64	2.3570717873383207
52	65	2.167746212159501
52	66	-0.2600675195730821
52	67	-1.721489467460001
52	68	-1.4103086371801288
52	69	0.11305035757098009
53	53	NaN
53	54	2.3687441417964643
53	55	0.7797671492974483
53	56	0.37501950930839
53	57	1.327232585755121
53	58	-1.855207224560153
53	59	1.3899002651249615
53	60	-1.4303169710726347
53	61	-2.961488121246809
53	62	-2.69407857569985
53	63	-0.0393618582424675
53	64	2.299681497379822
53	65	-0.7855158727274306
53	66	-1.9910581133782201
53	67	-3.4262190262376455
53	68	3.5489881844165123
53	69	1.4907060147297735
54	54	NaN
54	55	3.7401435201991005
54	56	3.5711380606577476
54	57	1.1029336187315457
54	58	-2.029049123650347
54	59	3.3000075659564883
54	60	-3.91568386057053
54	61	-2.472732432835613
54	62	-1.1434922066440156
54	63	-2.3674101696878895
54	64	-0.24930081859602737
54	65	0.5592192446172874
54	66	0.4896454439993947
54	67	8.849160137828989
54	68	1.0121538505791539
54	69	0.0550573696356544
55	55	NaN
55	56	1.5061550142800915
55	57	4.501960119641695
55	58	-3.486420881329812
55	59	3.3683919220302987
55	60	-2.109875156574309
55	61	-0.8982030064389653
55	62	-3.5780747338550394
55	63	2.819220928802253
55	64	1.9363621252004566
55	65	-0.6202751452526104
55	66	3.745462085135722
55	67	-2.598963288810228
55	68	-0.9791152018187994
55	69	-0.3089185574697563
56	56	NaN
56	57	1.3587481539935593
56	58	-1.653667538908943
56	59	0.2738159999879365
56	60	0.2571044438254946
56	61	-2.020228389434354
56	62	-1.873641893277063
56	63	-0.9767315286247698
56	64	3.616843439431496
56	65	2.2100072483522384
56	66	-1.1879244422737385
56	67	-2.3355877367568354
56	68	-0.21656804104313393
56	69	-0.26222986043676555
57	57	NaN
57	58	-0.19461948933584022
57	59	0.10387397086834665
57	60	1.0874112726627003
57	61	-2.6362357609121734
57	62	-1.4435523041353129
57	63	-1.2587174655530502
57	64	1.9289703563457494
57	65	1.3370743973814148
57	66	-0.5513117417160754
57	67	-0.4327606988111215
57	68	-2.4404475901427953
57	69	0.9209268081372458
58	58	NaN
58	59	2.121575531277726
58	60	2.9509157769962093
58	61	-0.8681141865280116
58	62	28.50740556629008
58	63	21.817617357793573
58	64	-0.6509184730619278
58	65	-0.19541221170981918
58	66	-1.9136614438511153
58	67	0.8497889372147777
58	68	2.14902165301583
58	69	-2.9406816752544396
59	59	NaN
59	60	4.112416843418974
59	61	-1.1101576909503812
59	62	1.1425983041258163
59	63	-1.5353848985244685
59	64	3.236317669480523
59	65	-0.7767444498958485
59	66	-0.09295123712990325
59	67	-2.0237673639514306
59	68	-1.038924157550692
59	69	0.2835090699512173
60	60	NaN
60	61	-0.3645832214938872
60	62	1.9105085659924335
60	63	1.0566795340607653
60	64	-0.7388348047478658
60	65	-3.320390250136289
60	66	3.5202773910079856
60	67	-1.056911612911412
60	68	2.686454848991863
60	69	0.4063560043202537
61	61	NaN
61	62	6.378271806758855
61	63	-0.6357276241388164
61	64	0.07982937916255285
61	65	1.6815598993636303
61	66	1.3140930623597922
61	67	-0.7027311030625799
61	68	-0.6922759901634521
61	69	-2.902165624788832
62	62	NaN
62	63	3.3969365502098343
62	64	0.8301088252123543
62	65	-2.0106849544070484
62	66	-1.480958204117716
62	67	-3.4353369766684683
62	68	-0.5450221110702431
62	69	-1.0325940859882878
63	63	NaN
63	64	1.199580547341059
63	65	-3.32981914106154
63	66	-1.7360416753307184
63	67	-0.5695505255424128
63	68	-0.5050116309523374
63	69	-2.3014087947613193
64	64	NaN
64	65	-0.060569748756310236
64	66	1.1998862918670405
64	67	-0.8394938572553414
64	68	-1.4261647584596726
64	69	0.24020480375438144
65	65	NaN
65	66	1.7681555360860726
65	67	0.014722499077186304
65	68	1.2874571835822035
65	69	0.24023979291890546
66	66	NaN
66	67	-1.429887884814192
66	68	3.912750759136169
66	69	-3.124604010720284
67	67	NaN
67	68	2.8063769646322436
67	69	-2.081744136242992
68	68	NaN
68	69	-2.09237377126153
69	69	NaN
