1	1	NaN
1	2	-0.03622393305946978
1	3	0.8285173131805443
1	4	-1.2239613191023224
1	5	5.058545968438493
1	6	1.3698312053804955
1	7	8.259536495046165
1	8	-0.9669871877210023
1	9	-1.5886894491043666
1	10	0.6483829989991976
1	11	-0.6913683544071475
1	12	-0.1436498896133166
1	13	1.6210383832333461
1	14	-1.1582805875718702
1	15	-0.4285797264132181
1	16	-2.434461255763194
1	17	0.682455184330105
1	18	-0.1265407672797179
1	19	-3.972435204851448
1	20	0.804062893552114
1	21	-1.3655002384622315
1	22	1.3942856963225998
1	23	-0.139493351693435
1	24	1.0522807819133906
1	25	-1.5568609328050602
1	26	-3.0502429706658036
1	27	-1.0286682156316702
1	28	-1.798855673790778
1	29	0.8896803568815774
1	30	-4.363710440046952
1	31	-0.8610531399683017
1	32	-0.4224753035668078
1	33	-0.5044370323414163
1	34	1.69386217222299
1	35	0.7265268449121637
1	36	2.006720825054117
1	37	1.2080718676798268
1	38	-0.9218139103062447
1	39	-0.07943891442465148
1	40	1.3021365374015363
1	41	-2.0362535692308623
1	42	0.8334265925236896
1	43	0.796165731995476
1	44	-0.1123266276135078
1	45	-0.25702237232364156
1	46	0.7130735792303533
1	47	1.290568340710533
1	48	-0.6638380595258876
1	49	-1.331467820705033
1	50	-1.928763286350384
1	51	0.31714917754988786
1	52	1.6984913881330144
1	53	1.1080526121586725
1	54	-0.8163012792919148
1	55	2.7692633060326366
1	56	2.308246508155118
1	57	1.7304687901661808
1	58	5.691793834846573
1	59	-1.5264035911461231
1	60	-2.6232014390660074
1	61	-0.9419675975246766
1	62	-3.662697947791036
1	63	-0.22453551210691108
1	64	-0.7753802719669866
1	65	-1.2384961181429008
1	66	-0.9337718913068163
1	67	-1.2287882400220855
1	68	0.6672336828179724
1	69	-1.7831221626674172
2	2	NaN
2	3	0.4759739483927592
2	4	-2.697175691715368
2	5	-1.5546418196401732
2	6	-0.03173253529783813
2	7	0.4005352269138159
2	8	-0.8999022077908481
2	9	-1.1244782791565917
2	10	-1.1921610541680538
2	11	0.44003015096734555
2	12	0.8788230407572898
2	13	0.5420370264769423
2	14	1.8098599113716571
2	15	-0.21450842449804713
2	16	0.5634813067912333
2	17	0.976847209580201
2	18	1.3764908923427581
2	19	0.43920874380750524
2	20	0.8710710142603729
2	21	1.871246593330398
2	22	-0.49001937416675473
2	23	-2.395575668742703
2	24	-0.204175276928018
2	25	-1.9405722670959333
2	26	1.8115441418633285
2	27	-1.105405694453973
2	28	-0.38581340156913974
2	29	-1.1238088502140242
2	30	-5.280971275192199
2	31	-0.39496895391299885
2	32	-0.7465336418003354
2	33	-0.17241836223964818
2	34	-2.9258317524671438
2	35	-0.8088995650136978
2	36	-4.078152983179351
2	37	-0.10049109165259187
2	38	-1.8685711535161151
2	39	-1.774905344484506
2	40	-1.0665046724236513
2	41	0.1340930669127282
2	42	2.8873546993492822
2	43	0.13315692864565282
2	44	-1.9903801766750286
2	45	2.104407023667984
2	46	-0.3673940004058271
2	47	4.834177575264896
2	48	-0.9158700309437262
2	49	2.5921331253083744
2	50	1.6423565805003244
2	51	0.587503516966399
2	52	0.4022722133626455
2	53	-0.7595665120534753
2	54	-1.367940259152849
2	55	1.145032003817263
2	56	-0.32682414564610973
2	57	-0.5558950086515593
2	58	5.9752750347358266
2	59	-1.677110001244828
2	60	0.28997630215435694
2	61	9.685025277657777
2	62	0.6285699140303092
2	63	0.04035729182058396
2	64	2.8654153696508784
2	65	-0.36380954111919556
2	66	-1.879430994020406
2	67	0.554084768256523
2	68	-3.594777477691174
2	69	-2.182064368720732
3	3	NaN
3	4	-2.1902218473024164
3	5	3.4194507381403487
3	6	-3.678341738803146
3	7	-0.06991519416013331
3	8	-3.424251243120432
3	9	-3.4564832606350144
3	10	-3.201211567601892
3	11	0.0029644982996746977
3	12	2.3979769760690175
3	13	-1.7669494078004828
3	14	-0.7927893125333351
3	15	1.4214675733511732
3	16	0.9668005259496403
3	17	1.2233923315011912
3	18	2.2263182623289857
3	19	0.03388858757707474
3	20	-0.35782211153044446
3	21	0.8235891623221677
3	22	-0.45844640778473306
3	23	0.6062846716223566
3	24	-1.1499468952612462
3	25	2.902267270287728
3	26	-2.0180788508651233
3	27	-1.9414790800121893
3	28	4.360958805078334
3	29	6.210075566616438
3	30	-2.0474835958040734
3	31	2.25081213510199
3	32	-0.46030287451228297
3	33	-0.4911999134000589
3	34	1.7668127348793556
3	35	-0.8110532700557805
3	36	-0.9637722503850258
3	37	-3.2401104977910857
3	38	-0.013642031035268476
3	39	2.701052864829923
3	40	-4.284606046546321
3	41	-2.29490893901411
3	42	1.4122522062187708
3	43	-0.10417986137382387
3	44	1.7413792361009806
3	45	1.8870018036789609
3	46	2.9467666947388396
3	47	-1.8497995094951436
3	48	-0.05769596580519771
3	49	3.4008757782837304
3	50	0.38521753881323395
3	51	3.3402375442727887
3	52	-3.1678838691739126
3	53	-3.6421255762510385
3	54	0.23516754596675582
3	55	-1.461135956559456
3	56	0.7546566655094843
3	57	-4.391700497139343
3	58	2.354486118592669
3	59	1.1958191229393378
3	60	4.037154140808825
3	61	2.223723475069999
3	62	1.5604133788070824
3	63	-0.6000225080784373
3	64	-0.647555785142099
3	65	-0.6425590162815018
3	66	-2.1830873931251085
3	67	-1.1745169536328988
3	68	-0.3904999178605586
3	69	1.8649294877018134
4	4	NaN
4	5	1.6238301023320842
4	6	-1.0534291381680534
4	7	1.999933314000471
4	8	-1.1480709074433653
4	9	-2.496846377817112
4	10	-0.18387655736128397
4	11	0.6920099975927958
4	12	1.720181538369474
4	13	0.3233847649244019
4	14	0.15452235267302933
4	15	-0.40406744739007683
4	16	2.0743633735970968
4	17	-1.4542293310638659
4	18	0.29054618572409213
4	19	-1.0700042282692221
4	20	-1.0689479503511392
4	21	-0.9545695167708989
4	22	4.074381972793144
4	23	-1.8540018940677658
4	24	-1.0061994624847188
4	25	0.7693537332580763
4	26	-4.367545791923714
4	27	-0.8613198095705703
4	28	2.970087071938117
4	29	0.6202635168243467
4	30	-2.871074208771308
4	31	-0.43185042925704104
4	32	-0.019195225965213586
4	33	4.730016850875655
4	34	0.46352001267942816
4	35	-2.885200900174064
4	36	-2.1889768428162366
4	37	0.9303883531563512
4	38	-0.8012606831128515
4	39	-1.876853714497626
4	40	0.09222463533981813
4	41	-2.665275173450223
4	42	2.548227335911177
4	43	1.1214042897661625
4	44	-0.028345319150224917
4	45	-0.3739908033261563
4	46	1.7957720863069095
4	47	0.5624982025628766
4	48	0.5884107951560321
4	49	-0.2297043439506571
4	50	1.8450918992958014
4	51	-0.16942691967051188
4	52	0.25983427314848495
4	53	0.34609950693674996
4	54	-1.9853419000353503
4	55	2.187213980048702
4	56	-0.7118263964839693
4	57	4.709608309723344
4	58	-2.0513560409111196
4	59	2.231137062389065
4	60	-0.27702957698823083
4	61	-0.2985421175497983
4	62	-1.1912663887990105
4	63	-0.956002799609629
4	64	2.4624473952323185
4	65	1.1862945672056315
4	66	-1.124258828086958
4	67	-0.18348391508973447
4	68	-0.527861936367458
4	69	-0.36167588339847134
5	5	NaN
5	6	-1.3768497157317854
5	7	-1.644136154197377
5	8	-1.5596419037481821
5	9	-2.7039702597603497
5	10	-3.8049962427933703
5	11	0.8457570032683185
5	12	-3.4585028554667563
5	13	1.4597581743922623
5	14	-1.8634439790467636
5	15	-0.9970239821937699
5	16	-2.787193460754003
5	17	-1.8562819423219166
5	18	0.9406845088610121
5	19	-2.7859346014734534
5	20	-2.2689151733978603
5	21	0.8182802585511062
5	22	-1.6573146805792305
5	23	2.50255242961934
5	24	-4.676387526578431
5	25	0.7566312383375727
5	26	-3.6804958456083243
5	27	-3.1578530197299353
5	28	-1.55122699743178
5	29	0.9770465251680206
5	30	-4.823928404141094
5	31	-0.11726172524719425
5	32	0.23687875204225095
5	33	1.0614123448565855
5	34	32.489902780643085
5	35	-1.450557245254165
5	36	51.18065695756674
5	37	-2.6898590220079424
5	38	2.568773825157767
5	39	0.5256208979187222
5	40	-3.3048733054355486
5	41	-2.0944444966022724
5	42	-2.3951677572320125
5	43	-2.371800269430379
5	44	0.9041576559503991
5	45	-0.6288286384120627
5	46	-0.859177045387783
5	47	-2.448572976143575
5	48	1.86905732943906
5	49	-3.627992101277222
5	50	-0.6767592075375544
5	51	1.3281133883568936
5	52	-2.172436186138775
5	53	-4.111383128214461
5	54	-2.237691388300282
5	55	-2.6201300555171887
5	56	-0.9214337819696385
5	57	-1.3051753331422598
5	58	-0.6159661530974515
5	59	-2.76180078654664
5	60	-0.43617818203754866
5	61	-1.6132267765621788
5	62	-4.471886065955467
5	63	-1.3985915291738
5	64	-2.207843592751414
5	65	-0.20928852063142506
5	66	1.6174952839583923
5	67	-3.497531412543314
5	68	-2.301390716429127
5	69	-2.8899967875985393
6	6	NaN
6	7	-0.8877362295900304
6	8	1.8055041345944371
6	9	3.655076531229248
6	10	2.9132971953335844
6	11	1.3902920352142478
6	12	-0.32484605460060334
6	13	1.598721167080955
6	14	0.9358182932967556
6	15	-0.5506341599937989
6	16	0.6779744314873508
6	17	2.7238685522414814
6	18	-2.3288747954886615
6	19	-2.4167415631949365
6	20	2.5625229680346924
6	21	-1.1896501114882558
6	22	-2.9529637457511466
6	23	-1.2877439254613419
6	24	2.565714601421157
6	25	-4.737766113537416
6	26	-3.091148577111017
6	27	2.8585400120146947
6	28	-3.09521706383185
6	29	-0.8059761981975951
6	30	-2.33609061696816
6	31	-1.267847011373379
6	32	-1.3749495052030116
6	33	3.863000560778317
6	34	-1.3062303338818675
6	35	2.084744427776498
6	36	-1.1378365866726097
6	37	4.302382781498476
6	38	1.329284424777824
6	39	1.1515536584753534
6	40	4.069453989204173
6	41	-2.7381911471650473
6	42	-2.388527214249036
6	43	0.04012777367954449
6	44	-0.10754809714945346
6	45	0.2874867833809354
6	46	-1.517180928976337
6	47	2.1922856322871986
6	48	-1.2617122999125387
6	49	2.9175978146726127
6	50	-2.3023039694120637
6	51	-3.039090785726006
6	52	3.23764626185255
6	53	1.168416430246393
6	54	0.9238224774011339
6	55	1.8300634332788264
6	56	3.0079211036278664
6	57	3.546932112700458
6	58	-2.051793283243464
6	59	1.1673500707851854
6	60	-2.6675348785850765
6	61	-0.2330511781783289
6	62	-2.299847415260747
6	63	1.3608866018746397
6	64	-1.7386433868804394
6	65	-2.9633683945081115
6	66	-0.8176958840325526
6	67	-3.5399247612812843
6	68	-2.702417191318173
6	69	1.022660436915364
7	7	NaN
7	8	-2.02049258544247
7	9	0.8531901951270472
7	10	-1.5481357064974381
7	11	-0.565964204846917
7	12	1.298557158499454
7	13	-1.7294528635109487
7	14	0.35912102221265213
7	15	0.7573262470552312
7	16	2.0058686564134796
7	17	-4.034488688429138
7	18	-1.0536636933439425
7	19	3.423417541108401
7	20	-0.712245465997889
7	21	-2.411296614889486
7	22	-1.1534787979997074
7	23	-2.5240528389130015
7	24	-1.4319899484306584
7	25	-2.1041843646483405
7	26	-3.66020684799977
7	27	-2.2728397562463214
7	28	1.1073613127951714
7	29	-2.7387947653726092
7	30	-3.0231878715990033
7	31	1.024660830666079
7	32	-0.358285708161808
7	33	-2.545012632210806
7	34	-3.8782771514371914
7	35	-4.71152242369646
7	36	52.647592052968434
7	37	-1.0691232791719747
7	38	3.3514944183145086
7	39	-0.6144422320048152
7	40	-2.6545724825325
7	41	-3.2249969073046603
7	42	2.6498648615559217
7	43	2.8581709676241367
7	44	0.7638639804358703
7	45	0.4844137890667678
7	46	-0.16153279989259542
7	47	-2.24341625929673
7	48	0.9059447892066428
7	49	-1.7092788401679386
7	50	-0.4832586675314915
7	51	-0.6419905117964413
7	52	-0.3817573784628811
7	53	-3.8102135241867026
7	54	-0.2186532424241344
7	55	-3.415550178568687
7	56	-1.770892804776226
7	57	-3.258623527937111
7	58	-1.9279563740411145
7	59	-0.8301993586855471
7	60	2.4038454548643786
7	61	0.10434691169995976
7	62	-2.3542544593209485
7	63	0.41903064008437524
7	64	0.024960758200231577
7	65	-0.27079498988196804
7	66	0.12833278158688444
7	67	0.4661146571095817
7	68	-4.873035301816196
7	69	-4.073338497955005
8	8	NaN
8	9	0.6668558567288426
8	10	2.006451063034851
8	11	-1.6187231491587122
8	12	0.19435462114384716
8	13	0.2907333860701787
8	14	-2.1055250465090034
8	15	-1.2399041335658327
8	16	-0.5080094670901986
8	17	-1.9450000059492745
8	18	-1.521994255533828
8	19	-0.6206462703874073
8	20	2.509780839905559
8	21	-0.46952011006068106
8	22	-3.785683031556635
8	23	0.19416637335284195
8	24	0.8279442255292087
8	25	1.2380205880522817
8	26	-4.006585924441401
8	27	0.7292348870661516
8	28	-1.3561177520821432
8	29	0.29487777271390614
8	30	-0.9943703004451284
8	31	-0.25897524421026463
8	32	-0.7751683260593608
8	33	-0.1980798457987168
8	34	-1.2070816449201638
8	35	1.8812736057618487
8	36	-4.599981612467909
8	37	22.97973603395794
8	38	1.0285600426834385
8	39	-0.8165455218255722
8	40	1.7729643355214442
8	41	-1.8862879081447104
8	42	0.5279747961945229
8	43	-0.8926375463972032
8	44	-1.3526613544667472
8	45	0.3935136746515993
8	46	-0.8070735910603828
8	47	0.4154654316168204
8	48	-4.402513045528266
8	49	2.2937816212179736
8	50	-2.893732196853858
8	51	-2.5760802424284757
8	52	2.587836226940912
8	53	24.05119398026885
8	54	0.16575039224979948
8	55	1.5939319395687774
8	56	-0.33140536164026435
8	57	2.92612667914445
8	58	-4.961970393382906
8	59	0.498820013846293
8	60	-1.929410719962741
8	61	-1.0031519753416571
8	62	-0.7327519949158537
8	63	3.31768612070966
8	64	-2.65482816154521
8	65	-2.2260360373613217
8	66	-0.8401622088884902
8	67	-3.017785134954512
8	68	-2.746193187787336
8	69	0.45117052841296446
9	9	NaN
9	10	2.295401290813761
9	11	-2.2780403286136965
9	12	-1.9396838617118666
9	13	2.313671045013603
9	14	-1.767936473567036
9	15	-1.1022030572074606
9	16	-1.3515740276653025
9	17	1.9522001189145972
9	18	0.3573490949232874
9	19	1.0762583303109188
9	20	5.218974880332659
9	21	-0.731349891264514
9	22	-2.4744033908398264
9	23	-3.8047215282274096
9	24	2.1897863208306605
9	25	-0.10766752899091411
9	26	-2.164704092772232
9	27	3.8985163047085774
9	28	0.4796347168498248
9	29	0.6293539855598642
9	30	-4.013801760688492
9	31	-4.447207465713346
9	32	-0.9897143018095581
9	33	3.220898166567477
9	34	0.1526921298608675
9	35	2.3638243456027284
9	36	-3.631533530777835
9	37	1.7904068803350093
9	38	1.9590663150625918
9	39	-1.9510683216058573
9	40	3.2010169163430895
9	41	1.1583422269468326
9	42	-0.5100411941827669
9	43	0.2243832373877004
9	44	1.4536380605660668
9	45	-4.20034931205308
9	46	-0.8121076771488601
9	47	1.1158478995409447
9	48	-1.6398053350034538
9	49	2.0438485942610054
9	50	-2.852853019372094
9	51	-1.4425463465707242
9	52	3.3155884207715967
9	53	3.0808921554160547
9	54	-1.4395627392881205
9	55	3.106814133081969
9	56	3.26936182518581
9	57	4.941577219904604
9	58	1.5941266062565507
9	59	-1.0882143085142764
9	60	-1.4094753203923578
9	61	-3.030015675678772
9	62	-0.49873543939803777
9	63	0.7778590923362431
9	64	-2.7622344233621825
9	65	-0.09523669139170429
9	66	2.501343709266359
9	67	-2.0899358715834726
9	68	-0.5894500919809096
9	69	-0.28214843488810615
10	10	NaN
10	11	3.063161846354126
10	12	-5.485597051759981
10	13	2.4993670045174174
10	14	-1.340868743090344
10	15	-1.0295065648819288
10	16	-1.2378355260002225
10	17	35.50739685391041
10	18	-0.9082509570662158
10	19	0.011615076556985422
10	20	1.3662541180905978
10	21	-1.1004601721778369
10	22	-3.159560215556102
10	23	1.6440203030639953
10	24	0.35216993376707045
10	25	-0.743390469100049
10	26	-1.1781713138099137
10	27	0.9562378721615022
10	28	-1.723007084962153
10	29	-3.701059939762575
10	30	-2.885836610904653
10	31	-2.102781339615211
10	32	-2.289313816004982
10	33	2.192539053812454
10	34	-3.4434908337082124
10	35	2.408773431211704
10	36	-4.718755953855031
10	37	1.8606694710304914
10	38	3.7598022880947153
10	39	-3.161820055713608
10	40	4.709963066425061
10	41	1.9217641253498485
10	42	0.5009970233809427
10	43	-2.2966447625234236
10	44	-1.7308748915913996
10	45	-0.6888011840398126
10	46	-0.687305292026954
10	47	0.8141396521442508
10	48	-0.585828494634921
10	49	1.4271980020906532
10	50	-1.5962824810770235
10	51	-2.3533315318136734
10	52	2.6513154816838282
10	53	1.763311567300063
10	54	-0.9219233615954634
10	55	0.1822311016702573
10	56	1.2728255190545565
10	57	0.3690406081159187
10	58	-3.7288998149719372
10	59	-0.137162583086813
10	60	-0.7751429258295485
10	61	-2.6837527783612813
10	62	-2.8012077252637497
10	63	0.06283837995000638
10	64	-2.2463802844649337
10	65	-1.1247178260779114
10	66	0.683267811030961
10	67	-2.2220165302514308
10	68	-2.94076892770905
10	69	0.08048564130438503
11	11	NaN
11	12	1.8089986560878293
11	13	-0.9048699607338128
11	14	-0.14811979748869306
11	15	-1.9470637247803495
11	16	-3.0221098934448216
11	17	-1.083178652058942
11	18	0.08419643144521899
11	19	-0.8192518649826436
11	20	0.4220279119537288
11	21	2.997463284765345
11	22	0.22005815004479923
11	23	-0.1690776155284255
11	24	0.645516965614491
11	25	-2.253834692290919
11	26	-2.070802646787809
11	27	-0.38654826973881157
11	28	-0.6720086762936783
11	29	-1.0152310897361978
11	30	-3.4929417642419915
11	31	1.5250826292221165
11	32	1.3314851956331142
11	33	0.10128003808851369
11	34	0.6554344672561279
11	35	-0.3026152379077552
11	36	-1.2196754015121596
11	37	0.23485595244508428
11	38	-1.0378035575261957
11	39	0.9170003183799169
11	40	5.846259475475824
11	41	4.2318420353142985
11	42	-0.09093000334735933
11	43	-1.817820102185858
11	44	-0.9165983695895283
11	45	0.8030013678394216
11	46	0.7665542174697139
11	47	0.13858913179478535
11	48	-0.19877117936163496
11	49	-1.0951197260838756
11	50	2.587518729517305
11	51	1.4090858429242294
11	52	2.3401774148698014
11	53	-0.9500328475206923
11	54	-1.9775281935487192
11	55	1.5616882746398746
11	56	-0.7877073169391745
11	57	1.3253991631236381
11	58	-0.8455495713495642
11	59	0.7263990114277322
11	60	0.07307668699556774
11	61	-0.8657311209781037
11	62	-4.821240106214943
11	63	-0.7041327960392907
11	64	-0.9590069115204778
11	65	3.247428573538548
11	66	-1.1920317692767675
11	67	0.5900461686480336
11	68	-1.1363409570558989
11	69	-2.1130735341196543
12	12	NaN
12	13	2.643319821459125
12	14	2.594692571749927
12	15	1.7989693132639555
12	16	1.4207748773864033
12	17	-0.03309563130514875
12	18	0.7112699996653215
12	19	-0.8569081798646627
12	20	-0.26618265896353543
12	21	2.0918841711159963
12	22	2.606617373576139
12	23	1.5589838240503089
12	24	-0.8359544599996651
12	25	1.146375926182881
12	26	0.2590393101858472
12	27	0.21203415394868336
12	28	1.730802190420692
12	29	0.7019390383726009
12	30	-2.937319524969145
12	31	1.744628528757942
12	32	-0.24559099341717908
12	33	-1.475651994341892
12	34	-0.16522183422412104
12	35	-2.1808686477749295
12	36	-4.175389759539207
12	37	-3.306222601860312
12	38	-2.326828609335282
12	39	3.1309470556030727
12	40	-2.253920875444618
12	41	-0.20340151387300268
12	42	4.459201636382572
12	43	3.3565350199161514
12	44	-1.7597773243702943
12	45	0.8194290222169927
12	46	2.970333470255276
12	47	-2.617677917820284
12	48	2.9712293908116063
12	49	-2.34872032555095
12	50	2.5370352251460346
12	51	1.3133223203944144
12	52	-2.0896643236160553
12	53	-1.892036941103536
12	54	1.849369720337276
12	55	-1.647190762444461
12	56	-3.4283048449973808
12	57	-3.6792312040029516
12	58	0.8864107469952381
12	59	-0.353254349232322
12	60	0.2366602023655419
12	61	-0.4547860615809735
12	62	1.3574180580175679
12	63	1.0747138510085907
12	64	2.0658983216220697
12	65	-1.267065301706655
12	66	2.744623810305862
12	67	-2.5701895135485726
12	68	2.385633198875745
12	69	-1.7318263465851762
13	13	NaN
13	14	-0.20823897307360031
13	15	0.5711824232183266
13	16	0.07881269558795755
13	17	0.8660318430372326
13	18	0.7418696810445976
13	19	1.927544255826627
13	20	1.394285319412837
13	21	0.7435390898764648
13	22	-1.8325109027672155
13	23	1.7437590821784226
13	24	1.4341309192432192
13	25	3.1115498451446775
13	26	-2.5625973493569196
13	27	2.04355760213571
13	28	-0.9109677238388608
13	29	-2.4784004890061153
13	30	-1.0182164728018253
13	31	-2.3574265958718117
13	32	0.04832108604467688
13	33	0.8452021135058164
13	34	-1.5917032917638547
13	35	-0.6085721415968106
13	36	-2.689441444744931
13	37	-0.26228514733727787
13	38	0.45560006814978443
13	39	0.8789486711973121
13	40	2.172972313156161
13	41	1.1359127578386718
13	42	1.4289825109296206
13	43	-1.00462246121988
13	44	-0.6002658151808633
13	45	-2.146255951366333
13	46	0.7835779285882701
13	47	-1.6355463366624208
13	48	-0.6021585151777099
13	49	-0.6697792243094982
13	50	1.0615260813931846
13	51	-2.612307137587883
13	52	1.6043661952485337
13	53	0.5809242336957805
13	54	-0.484209887887084
13	55	0.8238879681267253
13	56	0.8980362103506072
13	57	-1.3421050889424857
13	58	-1.0890365451461275
13	59	-3.672220794022828
13	60	1.6555887381008254
13	61	-1.1798895221571426
13	62	-1.8196343513881676
13	63	0.09963768709682243
13	64	1.415933799060966
13	65	-3.2293527155705037
13	66	0.9170285158145729
13	67	-2.2843738537349747
13	68	0.7756733346556295
13	69	-1.518771914436874
14	14	NaN
14	15	1.048465438802168
14	16	-0.6687074036443459
14	17	0.7721785711603562
14	18	-0.4099913568775471
14	19	-1.295637790170635
14	20	0.383109495635578
14	21	-0.07186435826974856
14	22	2.605133474324958
14	23	-3.164700189491393
14	24	0.5866281004223016
14	25	1.4069653665227726
14	26	-3.5269611437543364
14	27	-0.07531287874379788
14	28	1.0126555599703455
14	29	3.14955457986627
14	30	-1.418253581195728
14	31	0.6625764255073479
14	32	-1.0084044010122626
14	33	-0.5650027307274593
14	34	1.1624864498892513
14	35	0.0778322993998843
14	36	-3.679383024484882
14	37	0.21491452732731342
14	38	0.10882798530205141
14	39	-1.5757007683702022
14	40	0.048111300715740345
14	41	1.0986553629235507
14	42	1.1334328865508947
14	43	0.21440163384634164
14	44	1.650068331891948
14	45	-1.129682022790159
14	46	3.126266474639291
14	47	1.8680613810205464
14	48	0.7267821061420754
14	49	-0.7644069238520483
14	50	-0.8805581668605886
14	51	-1.050848800112364
14	52	-0.8466592084084563
14	53	9.74836977029499
14	54	-3.567357164948309
14	55	1.3316841732595994
14	56	1.210275168634735
14	57	0.0021778409355615843
14	58	-3.5694594797269983
14	59	-1.3557152029186645
14	60	0.7093351897024568
14	61	-0.1515444616588186
14	62	-0.28323425043724093
14	63	-0.3273259685689868
14	64	-0.6351114839497674
14	65	-0.5432019760647178
14	66	0.09418680392266719
14	67	-1.2573198720455885
14	68	0.34030348556575185
14	69	-0.6524099121100666
15	15	NaN
15	16	4.726765206557723
15	17	-3.178962542752698
15	18	1.7739521735332093
15	19	0.01631499278018879
15	20	-0.8404085908921354
15	21	2.3988996492803816
15	22	-1.1927573042854527
15	23	2.608609435096464
15	24	-1.3641647037967375
15	25	-1.425938175857845
15	26	0.9582820327103981
15	27	-3.12351489073717
15	28	3.945973232075953
15	29	7.0557304761467625
15	30	-2.2293951080916674
15	31	-1.2995556828963988
15	32	0.48672116089504147
15	33	-1.0067614161626117
15	34	0.633353889615042
15	35	-0.8914601879121243
15	36	-0.2519785331834363
15	37	-3.201023507180594
15	38	-0.8994639951343795
15	39	1.1418097646869945
15	40	0.03368376445276503
15	41	-0.392565023974784
15	42	1.460822237355683
15	43	-1.249413032259155
15	44	2.6076782526401376
15	45	-3.590204055865524
15	46	2.417475936146737
15	47	0.37556470765559813
15	48	0.5070925730036029
15	49	-2.5731421640732584
15	50	2.6193177065193316
15	51	1.8540087478597882
15	52	-3.5503180544010946
15	53	-1.3647002145316807
15	54	-0.3457750843708767
15	55	-1.2914478646392358
15	56	-3.2978285804494565
15	57	0.8434459917930056
15	58	1.332539076439805
15	59	-0.29709236026509556
15	60	-2.998720193657165
15	61	1.300321046435573
15	62	3.2341847164088033
15	63	0.9022788933515047
15	64	-0.949142884768436
15	65	2.2306747706507823
15	66	0.38557283577710727
15	67	0.5943492179381153
15	68	1.2108132599393469
15	69	0.3683709234394793
16	16	NaN
16	17	1.2242525133191178
16	18	0.862992382151774
16	19	0.8579307898778749
16	20	-1.9530312115950192
16	21	-0.21949880390245796
16	22	2.216176899856544
16	23	-1.2752445250939468
16	24	0.5806487911062961
16	25	2.642731139815775
16	26	0.0018295870265651647
16	27	-0.6549634322118726
16	28	1.2542619144281484
16	29	0.72876077054981
16	30	1.8844307416275676
16	31	4.079945268183155
16	32	3.6808895921622655
16	33	-0.3934990233743242
16	34	-1.2085722286743097
16	35	-2.2583618090969817
16	36	-1.3400676863431142
16	37	-0.839013600184282
16	38	-2.7193569350323235
16	39	-0.8009299426492693
16	40	-1.314074421681386
16	41	0.6336486270333357
16	42	1.361009377816357
16	43	-0.571891951851138
16	44	-1.266804663827574
16	45	0.4721915597199936
16	46	-4.04916078538656
16	47	-1.765653941787791
16	48	2.2107628545075393
16	49	0.5234421460889271
16	50	0.051387730059765976
16	51	-1.4580670107566818
16	52	-0.8653783136739436
16	53	4.001492676831037
16	54	-0.7974265782286508
16	55	-1.0980032210603186
16	56	-1.659750726617821
16	57	0.20757805905145452
16	58	0.31952929896193566
16	59	-0.9896203468091861
16	60	0.9950497803427911
16	61	2.851443236064736
16	62	-3.468885942174075
16	63	-0.6293041054706037
16	64	-1.14325138914385
16	65	-0.21607708246884244
16	66	-0.7025086035098571
16	67	-0.7573447556830293
16	68	0.9420958010439149
16	69	6.180558457164355
17	17	NaN
17	18	-0.8061969749567697
17	19	-2.476415918266319
17	20	0.47043353582776715
17	21	-2.6548587429354065
17	22	-2.2110095568213377
17	23	-2.929851885159515
17	24	0.8248319594485254
17	25	0.10420493268551899
17	26	-3.766130396902635
17	27	3.6350085839221604
17	28	-2.9760289708701673
17	29	-1.4898244967535437
17	30	-3.7570930669918767
17	31	-3.5773225637361423
17	32	-2.0622987042505105
17	33	1.423947050604894
17	34	-1.09273934398552
17	35	2.311131082540301
17	36	-3.4664983098825344
17	37	1.8008544088546492
17	38	0.694950539303638
17	39	0.9272069080797627
17	40	1.5448253593213424
17	41	-0.11610368423084372
17	42	-2.686179833861805
17	43	-3.140134962784974
17	44	0.1680279198123334
17	45	-2.5295906488431075
17	46	-1.7247496967306273
17	47	0.22704412092471848
17	48	-0.6927436174471663
17	49	1.1310368231396617
17	50	-2.2225451472902407
17	51	-2.3440927263566884
17	52	1.272883480966371
17	53	3.383671490352131
17	54	0.45983133565700113
17	55	2.057202661638295
17	56	1.4859299652741884
17	57	1.8033685206537382
17	58	-3.930512967145229
17	59	1.105246654389595
17	60	1.4863705659383701
17	61	-0.15702413407914706
17	62	-0.9410798723494027
17	63	0.4157870726208012
17	64	-0.7503563488799558
17	65	-4.5383968482589605
17	66	-1.8860848588634882
17	67	0.48472973494942356
17	68	-1.3330173584512257
17	69	0.034424695873236606
18	18	NaN
18	19	-0.010023276499183048
18	20	-0.35796401684929324
18	21	-0.9401232223847358
18	22	-0.2608942494982698
18	23	0.21922445216436248
18	24	-2.318430923538279
18	25	3.793318607159428
18	26	0.29897862436398104
18	27	-1.6980723570239362
18	28	1.167971330033549
18	29	3.831924143687903
18	30	0.6369280743485196
18	31	1.247370571065187
18	32	1.6818240598186476
18	33	-2.3034222678803253
18	34	-3.2425152607896
18	35	0.015094828824276279
18	36	-0.4649071156196494
18	37	-2.6469205239359916
18	38	-1.1727849093385687
18	39	1.8679295378211387
18	40	1.4546566029709522
18	41	3.0994252366687074
18	42	3.268357798227893
18	43	1.988386414957715
18	44	-0.2440339992744235
18	45	-3.4197045574943057
18	46	0.23439156371403222
18	47	-1.1745782572747352
18	48	2.767145361148612
18	49	-1.7884534929731597
18	50	1.6735528245623308
18	51	1.2321462351536252
18	52	-0.611329949391734
18	53	-2.9673497871665724
18	54	-2.069595597071316
18	55	-2.8457523973954757
18	56	-0.5267425942974486
18	57	-0.9304876215830201
18	58	-2.282568040256559
18	59	1.3165727055906755
18	60	2.65638029008641
18	61	-1.1006302586911088
18	62	0.8021300447776406
18	63	-1.8763716681059919
18	64	2.6533577468460265
18	65	2.290588467496538
18	66	5.174625641279878
18	67	0.7550031770193455
18	68	-1.1814503336861601
18	69	-3.323318382948334
19	19	NaN
19	20	-0.4295846782532432
19	21	-1.480280564736277
19	22	-1.7356786631313208
19	23	1.5306032798993603
19	24	-3.9402590877307873
19	25	3.322672982986285
19	26	-4.4815606316040295
19	27	-1.9085816194543275
19	28	2.021089924642633
19	29	-1.6031902738322161
19	30	-4.647479986286209
19	31	0.16770086150206445
19	32	-1.0290874814541073
19	33	0.9317321797771098
19	34	2.466793390489939
19	35	-1.8938246462739698
19	36	-0.13540023134182608
19	37	-0.8272329816670212
19	38	1.215526164908878
19	39	-1.3485517388215382
19	40	-1.5193133786530146
19	41	-1.6711482054528648
19	42	0.5617942679511303
19	43	1.5450442972163105
19	44	-2.7893294275526763
19	45	-1.2942244371459215
19	46	0.03276259427578124
19	47	-3.1016183279295033
19	48	-0.4222738665288908
19	49	-0.31608326813444615
19	50	1.1328364959641035
19	51	5.688994745873316
19	52	-2.478991847303185
19	53	-3.4518826221835948
19	54	-0.4132374523264993
19	55	-1.0730183508851892
19	56	-1.7240017956774265
19	57	-1.779833771370548
19	58	-2.763438837772635
19	59	-3.172220098844424
19	60	-0.8051089415432189
19	61	1.8152190480130668
19	62	3.287877129419004
19	63	-4.957366469853119
19	64	-0.18641365726232967
19	65	5.428510345414533
19	66	-1.2287739414203096
19	67	-0.201683897294478
19	68	1.944836724640348
19	69	42.80434106562278
20	20	NaN
20	21	0.6973393089162898
20	22	-1.364929475476517
20	23	0.22461012116157372
20	24	4.4758089624023185
20	25	-4.833126366635279
20	26	-3.2013846311124374
20	27	3.298583841737518
20	28	-2.3505076564769483
20	29	-1.7253051142564735
20	30	-5.732582352751054
20	31	-0.1773108542110771
20	32	-3.1776246750621286
20	33	1.7709046215536266
20	34	-0.788879773353749
20	35	3.20261250009046
20	36	-0.10050434814756595
20	37	0.5115224677065342
20	38	1.238984841605043
20	39	0.7166360976386987
20	40	1.3601358300467907
20	41	-3.0638529401483225
20	42	-2.903898147035708
20	43	-2.3748219323084196
20	44	-0.014748031355521113
20	45	-2.31734471283239
20	46	-0.8204433058046721
20	47	0.6828872027574441
20	48	0.03005458021626956
20	49	2.2868248152746076
20	50	-0.24065130543937208
20	51	-0.8647378024187643
20	52	3.363011406561904
20	53	1.4697826598936412
20	54	1.9383034738643499
20	55	0.5822898326593268
20	56	4.807059805717292
20	57	2.1201206966609605
20	58	-0.026622495698279604
20	59	1.3644757545473911
20	60	-1.6801678397001778
20	61	0.490015971237348
20	62	-4.5610014504080185
20	63	0.8851072793692311
20	64	-3.145076276915594
20	65	-1.7642743639878444
20	66	-3.8007689769259727
20	67	-1.2869197279448212
20	68	-1.670661938892511
20	69	5.25077049346097
21	21	NaN
21	22	4.157105324580346
21	23	1.7301973527621106
21	24	1.6628918946919293
21	25	-1.2921861567232173
21	26	1.7987793415300382
21	27	-2.128258317003942
21	28	2.0965711509382863
21	29	-3.9027912726005973
21	30	-3.419336151021302
21	31	1.9849837462947122
21	32	0.20338964976794552
21	33	-2.396212123354533
21	34	1.1957445346954103
21	35	-0.8926516503261016
21	36	-0.29629012730124155
21	37	4.552858344875073
21	38	-1.8760578061903417
21	39	1.2941887382045105
21	40	1.5053173857443194
21	41	-0.36197391163692305
21	42	0.40496619575939546
21	43	-0.8428732872798126
21	44	0.3012282161048701
21	45	-0.7269821301624924
21	46	3.964273965337079
21	47	-0.2512296456496094
21	48	-0.838880422836232
21	49	-1.0897802776113
21	50	-0.09632072671159486
21	51	-1.8455786686079112
21	52	-1.4846589899030163
21	53	-1.9518844956444967
21	54	-1.5642328617700856
21	55	-2.5525889591681556
21	56	-2.639786820219787
21	57	-2.265061861049553
21	58	0.9171261888621233
21	59	0.6426737872469377
21	60	-0.6744180319962149
21	61	2.2694755545492105
21	62	1.947803886328955
21	63	-2.2868458610237363
21	64	0.7833561648501243
21	65	1.5824269101096005
21	66	5.326629481333195
21	67	0.7195681367994046
21	68	1.056779946910079
21	69	-1.6239691850904538
22	22	NaN
22	23	3.6955450677262003
22	24	1.448979781594187
22	25	2.4399928150133157
22	26	-1.8446853434735768
22	27	-0.9074312372803659
22	28	-0.9752233897731187
22	29	-1.530302052749538
22	30	-0.6002835630483818
22	31	-0.6161790189973775
22	32	-0.05105875756764315
22	33	-2.164034010753055
22	34	0.33723452387412023
22	35	-0.7759795996826576
22	36	-1.0941342878650113
22	37	-1.331912687210622
22	38	1.625984885385294
22	39	-0.20775001223000358
22	40	-1.0909573135529365
22	41	-0.9658295679131381
22	42	-0.4040139244058848
22	43	4.261056378430343
22	44	0.2773498496513034
22	45	4.4310874173611845
22	46	-0.042282084010317786
22	47	-1.497178664785242
22	48	1.343783334578908
22	49	0.669680848845279
22	50	2.9938479349892293
22	51	0.38401160378366594
22	52	-2.0904493551919243
22	53	-0.16080718463673133
22	54	1.471280408365538
22	55	-2.306500539619157
22	56	-0.44112473247587836
22	57	-2.399966575795819
22	58	-1.3559120468188242
22	59	2.01609899966213
22	60	3.0861821280544204
22	61	1.8865392041420315
22	62	1.3966500516074376
22	63	-0.9552125035999902
22	64	2.718881672807245
22	65	1.6171017151055251
22	66	1.989492785793763
22	67	0.5596354375331308
22	68	-1.8400523838162166
22	69	-0.6987201593094342
23	23	NaN
23	24	0.3442930896674813
23	25	0.2500014534207492
23	26	-1.3584389125907494
23	27	2.7555307348420204
23	28	0.3325411280355981
23	29	1.735325546069217
23	30	-0.6050887683407451
23	31	1.3331331096956665
23	32	2.8845112038167438
23	33	-1.0463455467875942
23	34	-2.2601094621404703
23	35	0.29729566082325765
23	36	-3.029143905626553
23	37	-1.9879448574037284
23	38	0.9352258469579925
23	39	-1.2110589210447282
23	40	-0.8458416199472665
23	41	-0.022821935378882427
23	42	0.42254501184470217
23	43	-0.280759155336385
23	44	-0.3919014071820893
23	45	-1.0731740917734547
23	46	2.1264401978390612
23	47	-1.0863687958841761
23	48	3.067773229841675
23	49	-1.2684864468866337
23	50	1.5665688578393557
23	51	0.5744322576091767
23	52	-2.9050760365334223
23	53	-1.144028325316729
23	54	-1.2906277215074136
23	55	-2.5459655188215398
23	56	-0.8323058606640545
23	57	-1.0752713899029376
23	58	-1.1325466533015334
23	59	0.3713313246191757
23	60	-0.29936119828978697
23	61	3.811735329107504
23	62	-0.5408795815771683
23	63	0.6466062242775923
23	64	1.54138520573951
23	65	3.928097329269107
23	66	-2.751490059139527
23	67	1.5322615698384279
23	68	2.0589215685778415
23	69	-0.014157282834404516
24	24	NaN
24	25	2.158116186677868
24	26	-1.728192047524296
24	27	1.639967750894867
24	28	-2.919043541497446
24	29	-2.8544521000360588
24	30	-3.9916967417434095
24	31	-1.8797727053342785
24	32	-0.34252455037697227
24	33	1.3798980098763716
24	34	-3.520520106836227
24	35	4.165929625876785
24	36	-1.7257704935626352
24	37	2.2422616962863233
24	38	2.462635126769111
24	39	-0.8807819203022718
24	40	3.1553852110913123
24	41	2.281522448957377
24	42	-4.239820039207092
24	43	-0.6054543937509503
24	44	1.70728791977068
24	45	-1.8846550908810276
24	46	-1.8125668341833556
24	47	2.4277120419472533
24	48	-2.1457091478892316
24	49	2.1159008700978768
24	50	-2.5271828910654817
24	51	-2.016616269057916
24	52	3.8451344978633757
24	53	2.4391557844237832
24	54	-0.3525897571607706
24	55	3.3868837895686226
24	56	1.240997368651043
24	57	1.9937072626299122
24	58	-1.6583596765672721
24	59	-1.0155760076847493
24	60	-0.008775234615127135
24	61	0.5457907012844885
24	62	-0.6140830383462611
24	63	1.2063374179345752
24	64	-1.8618280610018292
24	65	-3.730336423175411
24	66	1.0844291406089006
24	67	-2.827519478115834
24	68	-1.4304601078454906
24	69	0.8049742246760361
25	25	NaN
25	26	-0.3004350831379093
25	27	-2.3832350085829264
25	28	-2.0626742344063533
25	29	3.236761451079352
25	30	0.5142998471871343
25	31	-2.416391518072684
25	32	2.2609963936071615
25	33	-1.6374578406793066
25	34	-0.5466847701232265
25	35	-1.1145337173752414
25	36	-1.722548682833343
25	37	-3.4225081420521004
25	38	0.07854183285862576
25	39	2.9471205575018304
25	40	-1.5752199279183758
25	41	-1.607611535507705
25	42	2.222846814588358
25	43	2.626813345283121
25	44	-0.1967066290372507
25	45	0.8266806867597852
25	46	2.59714211718195
25	47	0.39248514074486035
25	48	6.2062217185488215
25	49	-2.5920732973369445
25	50	3.7884595239802037
25	51	0.5103941573435266
25	52	-2.3226738146439008
25	53	-0.19922380803129325
25	54	-0.9200644044407426
25	55	-0.8573788162042175
25	56	-1.2836970800537508
25	57	-0.19952178631988596
25	58	-0.5891164073012918
25	59	3.166505697053671
25	60	2.4682787610964425
25	61	0.1827524705482892
25	62	0.7932192024784116
25	63	-1.6483536581166192
25	64	1.7495429562912905
25	65	-0.22609412376685387
25	66	1.1867279856003403
25	67	1.252487145450124
25	68	-2.516994998508382
25	69	-0.566493754002468
26	26	NaN
26	27	0.1179330183988896
26	28	-2.169378211329502
26	29	-1.8330502284201935
26	30	151.72005761366782
26	31	-2.0653259642167248
26	32	-3.804502531812664
26	33	-4.297087347486757
26	34	-2.5258331013427644
26	35	-0.8988933554526316
26	36	-4.422205088407118
26	37	-1.767308654367448
26	38	-3.454393872949731
26	39	-3.26919311560212
26	40	-2.248248464165121
26	41	-0.2126572322733148
26	42	1.0046265616498573
26	43	-0.8400641385408504
26	44	-4.220834873181439
26	45	-1.2575502770295424
26	46	-1.2413692937315255
26	47	-3.796466760669936
26	48	1.4084825314187346
26	49	-1.7466119164035345
26	50	-2.9452179721336167
26	51	-2.817693025019455
26	52	-2.3649152012183103
26	53	-8.037999962936162
26	54	-1.6570392096029984
26	55	-2.9608767718020643
26	56	-1.4180585084078647
26	57	-1.8086154605661253
26	58	-3.493864240487851
26	59	-3.102101622878187
26	60	-1.3223409811779694
26	61	-2.697759804214966
26	62	-1.8667777870423155
26	63	-5.018959393416107
26	64	-1.4445833781748927
26	65	-2.4647243280766804
26	66	-0.9035394054355997
26	67	0.8770163131059816
26	68	-0.8231697955052552
26	69	-5.333507319546854
27	27	NaN
27	28	-0.20648125051531654
27	29	-1.3596292908785992
27	30	-2.4978608605701154
27	31	0.6523320694328492
27	32	1.7335971539406674
27	33	4.478868582705993
27	34	-2.7539511183507654
27	35	2.2542168576949213
27	36	-2.8988925135936197
27	37	0.28067117470245617
27	38	1.0997132002088685
27	39	-1.4918739698331513
27	40	1.4704792815477128
27	41	0.6566513447452441
27	42	-1.6094051331399355
27	43	-0.4468561127475109
27	44	0.34247284291344954
27	45	-4.361933622492245
27	46	-1.5978767445962374
27	47	2.2832977211262215
27	48	-0.5061205899138128
27	49	4.735454895254285
27	50	-2.6629712966290944
27	51	-2.361915253864424
27	52	2.4772814888348615
27	53	1.5269847609285623
27	54	1.6868506694112695
27	55	3.617115987506255
27	56	2.881286200856167
27	57	0.7094896927018016
27	58	-2.4992264743407673
27	59	-2.7758954850805435
27	60	0.8781059886704449
27	61	0.1944190724771266
27	62	-1.2393360804938411
27	63	1.35404829451483
27	64	-3.2631705244388467
27	65	-2.0475772086585278
27	66	2.2489769347671795
27	67	-1.267390057554171
27	68	-1.1642213617162158
27	69	-0.5631560384770388
28	28	NaN
28	29	1.0751440452173402
28	30	-2.2777133067424282
28	31	1.5946837794245816
28	32	0.9718794819669055
28	33	-1.701079588385298
28	34	1.1236696117130698
28	35	2.2471730007469835
28	36	-1.6454707669805388
28	37	0.004323466231712349
28	38	1.6221914681027672
28	39	2.027475135925534
28	40	-0.7025259822336161
28	41	2.0263480822168036
28	42	2.639482686478191
28	43	2.254659318862925
28	44	-1.5721161943384443
28	45	3.7252594239179446
28	46	-1.5155348175441876
28	47	0.39209586139170993
28	48	-1.1317903299371317
28	49	-0.43696904048270735
28	50	0.9163468711991866
28	51	-2.8443185418249564
28	52	-1.9308771455259393
28	53	-2.8425384410888483
28	54	-3.040527008266129
28	55	-0.3911912551953537
28	56	-1.9414750309765452
28	57	-4.170056600661013
28	58	-1.9591027506420866
28	59	-1.9551755789141843
28	60	1.1495701759827317
28	61	5.171208450634074
28	62	3.5630255989180424
28	63	0.6928371541067283
28	64	1.8295906664503325
28	65	-0.8126824124823121
28	66	-0.23893571831747534
28	67	0.29399576378968506
28	68	3.2476769278915847
28	69	-0.6887777665967943
29	29	NaN
29	30	-1.9234527578769902
29	31	3.6502131981565062
29	32	3.4804518259186397
29	33	-1.2420926440594497
29	34	2.9015358574973664
29	35	-1.9534616907554863
29	36	-0.2967553617620812
29	37	-2.3616581928643043
29	38	-1.3929436047846269
29	39	2.587495391166885
29	40	-4.360048595665754
29	41	3.790376267412766
29	42	3.0811321476917355
29	43	-0.4819015854483046
29	44	-0.21248822963776498
29	45	0.9675009316610635
29	46	3.3337246948109467
29	47	-2.2613819219928066
29	48	0.2098350821886358
29	49	-4.068706459083252
29	50	-3.2307517500615637
29	51	0.43157136714610156
29	52	-2.4849646367152483
29	53	0.2135769719579817
29	54	-1.4799514307448642
29	55	-0.8380318686806913
29	56	-0.6953844933723828
29	57	-3.089117278361893
29	58	2.544853586374248
29	59	0.11378434735193867
29	60	2.8702141829920107
29	61	1.152710244908882
29	62	3.967991387344655
29	63	-0.45506328171150845
29	64	-1.2140826996672334
29	65	1.4190780197242354
29	66	2.4289552850898173
29	67	0.2579941571085425
29	68	2.4468369830409356
29	69	-2.6707222123075183
30	30	NaN
30	31	1.7281222790804147
30	32	-1.4661234790675517
30	33	-4.759227130999886
30	34	-3.042548790978644
30	35	-3.1052353882363284
30	36	-2.7558688533791202
30	37	-3.1621210242499456
30	38	-3.508096901056181
30	39	0.14439943522050025
30	40	-3.5872603430043637
30	41	3.1005858462716325
30	42	-4.037060677137275
30	43	0.5122344387492082
30	44	-1.6295957593081223
30	45	0.4689248100103359
30	46	-1.3414069671186641
30	47	-3.30536251158316
30	48	-0.6080798078159096
30	49	-6.779463337982937
30	50	0.5735631993013259
30	51	0.4941398446281292
30	52	-3.513764920875405
30	53	-3.867294718923125
30	54	-3.542985615763834
30	55	-1.5800448367270417
30	56	-0.5876463353204988
30	57	-1.2576053084597965
30	58	-2.4712553730884474
30	59	-1.0731546235430725
30	60	-3.5811486906518493
30	61	-3.821755731389917
30	62	-2.6382974147121407
30	63	-1.586120599932021
30	64	-0.541186241691642
30	65	-2.7169242323356615
30	66	-0.1806677896085622
30	67	-3.190390842935884
30	68	1.124306081723772
30	69	-2.2186998676538274
31	31	NaN
31	32	3.496076403563687
31	33	-0.4620312120697513
31	34	-0.2776220990214242
31	35	1.890660895476872
31	36	2.0219279497430436
31	37	-1.9856798790001018
31	38	-1.018368244818081
31	39	-0.41918283275176543
31	40	-0.9630422960058198
31	41	3.18515073183364
31	42	-0.43374731205282524
31	43	1.1470248188754066
31	44	0.7506387303522725
31	45	1.1829013971786455
31	46	0.44751057877479977
31	47	-3.0239982313554354
31	48	0.8131692294689319
31	49	-0.2777681682926968
31	50	-0.15488584252860835
31	51	-0.21063028407761245
31	52	-1.7541799250414245
31	53	0.8537231751927716
31	54	-0.6548432082207603
31	55	2.166734204264436
31	56	-2.684184250068046
31	57	-1.0432159716320515
31	58	2.5731377069005217
31	59	-2.968228238825274
31	60	0.9382206386124987
31	61	-1.5446850604208175
31	62	3.864671899050237
31	63	-4.103474300314938
31	64	-1.2351928539175692
31	65	3.0638338651272035
31	66	4.8393767617910335
31	67	-0.574756288401071
31	68	1.4912270183394774
31	69	-1.5864088478924523
32	32	NaN
32	33	0.5762037054095102
32	34	3.8492339607699635
32	35	-2.5493306668850995
32	36	1.7947502458776405
32	37	-3.1677385451934823
32	38	-1.7232587500578447
32	39	2.626157243555171
32	40	-2.0828405983244282
32	41	3.280827784839924
32	42	0.7023006352329271
32	43	-0.5719207961332438
32	44	0.5728672883910566
32	45	4.478259468888927
32	46	2.314028003129559
32	47	-1.2851739077199222
32	48	1.2680924726963876
32	49	-2.0904056752364757
32	50	1.7798579119522246
32	51	-1.1488484538399266
32	52	-3.6504461397836168
32	53	-1.692529189444364
32	54	-2.1057617786256686
32	55	-0.67875416025497
32	56	-2.80834384707838
32	57	0.9427640233024536
32	58	6.556280402260446
32	59	-1.6358792269625644
32	60	0.3909603254851564
32	61	0.9464805194562852
32	62	-2.028263314244788
32	63	-0.14766190779130345
32	64	1.6797139268579835
32	65	1.9825151189175463
32	66	0.46559100783360075
32	67	-1.903185956501619
32	68	3.606791523448532
32	69	-2.377644807372625
33	33	NaN
33	34	-0.3562895221237346
33	35	2.849658802716513
33	36	-2.707429861546889
33	37	1.1664124846258475
33	38	1.023697213524828
33	39	0.11210754479085412
33	40	1.7243318963759249
33	41	0.034045595573170793
33	42	-5.023127506682995
33	43	-2.3596874399318755
33	44	0.7028092568547346
33	45	-1.4361886359259566
33	46	-1.4257990229436195
33	47	2.8123762618643897
33	48	-1.5529768812284952
33	49	2.0907140888582765
33	50	0.4686227331260874
33	51	-2.122992533701751
33	52	3.7731385405374995
33	53	1.6057123275759093
33	54	-0.35237699560772756
33	55	1.0796775431232102
33	56	3.486267344385993
33	57	4.4231600167245375
33	58	-1.1088288975459215
33	59	-0.8085506353780835
33	60	-1.1122053198904274
33	61	-2.1782896512568226
33	62	-3.475805055633359
33	63	0.35734616641627387
33	64	-0.5988753370095742
33	65	-0.3776596255745058
33	66	-0.6437439974898854
33	67	-2.1696443998908874
33	68	-2.948854618982429
33	69	0.9540172848487707
34	34	NaN
34	35	1.098616417122241
34	36	6.186943127100246
34	37	-0.3356096758970327
34	38	-0.5994799215761627
34	39	0.6422050148427866
34	40	-2.7038603596824693
34	41	0.2574393619893405
34	42	-0.01584323394629262
34	43	-1.5269615127795797
34	44	-1.4281187880147908
34	45	0.3159386739232424
34	46	-0.995033256711709
34	47	-0.5956014757533381
34	48	-0.19656382514657852
34	49	-1.837975140677061
34	50	1.029144313646256
34	51	1.603908723002265
34	52	-0.605767945527162
34	53	-2.79772792697297
34	54	-0.1277037886827725
34	55	-2.579569448540756
34	56	-0.18091408104671008
34	57	-2.331815785581723
34	58	-2.056305405437861
34	59	1.6357236124659875
34	60	-0.7063956086066219
34	61	-1.6747570140638308
34	62	-2.115675934677804
34	63	1.0763279431882629
34	64	-1.6356561935229001
34	65	3.9493391163934937
34	66	1.2173458728469924
34	67	-0.17802699473264932
34	68	-0.3654994177570638
34	69	-1.3924763836011365
35	35	NaN
35	36	-0.6233111745580721
35	37	2.100554290485736
35	38	2.69044610505763
35	39	-0.0799663910824434
35	40	3.04070898425272
35	41	-0.6553770889082744
35	42	-0.9599989761363397
35	43	-1.9621772973973424
35	44	0.1922701881267131
35	45	1.2648979507189877
35	46	-2.428546163358846
35	47	0.8421122618704544
35	48	-0.5297018004546583
35	49	0.14516091515470003
35	50	-1.3801623774008156
35	51	-2.7558548711618527
35	52	2.2045338933808933
35	53	0.8240257281570426
35	54	4.178486410653137
35	55	0.8141506578050905
35	56	0.9351274792451244
35	57	2.320339308167842
35	58	-1.924952270509115
35	59	0.09698530064976046
35	60	-2.382865914096445
35	61	-0.364644301394578
35	62	-2.506897398757135
35	63	2.0036311874979034
35	64	-0.9640501015279022
35	65	0.005438306131415788
35	66	-2.37665414095415
35	67	-2.9605973750223753
35	68	-2.6942548817032033
35	69	1.1009709476356695
36	36	NaN
36	37	-0.8578949011828332
36	38	-1.1767983244777906
36	39	2.6696564506386813
36	40	-3.352086413094344
36	41	-5.20255788924127
36	42	-3.9348285301781836
36	43	0.023458533564136366
36	44	-1.3714455010284687
36	45	0.2236361611077544
36	46	0.3631882801824335
36	47	-2.972581732264454
36	48	0.2565365276457845
36	49	-3.273872731575252
36	50	-0.9620267074383752
36	51	1.6498078465706691
36	52	-1.1697605211120081
36	53	-2.8105143444662724
36	54	-0.7219181636108774
36	55	-3.6308054881756906
36	56	-3.080978238397492
36	57	-1.981756244771392
36	58	-2.1827737591456255
36	59	-1.8847622583479413
36	60	0.188009264290967
36	61	-0.8512228365186049
36	62	-0.2319694178098237
36	63	-2.741986247811069
36	64	-0.13337103609410356
36	65	-2.164380646312111
36	66	-5.634120893416522
36	67	0.12321243639649605
36	68	0.4902883170302672
36	69	-1.6979281850179977
37	37	NaN
37	38	-0.30655105790841375
37	39	-2.2643476616193188
37	40	1.4343161349939078
37	41	-1.4844025577372573
37	42	-1.5831977035114893
37	43	-0.40450132151271073
37	44	2.179281770599989
37	45	-2.9659038426090842
37	46	-2.380462916573616
37	47	2.139589492819425
37	48	0.24328591379706518
37	49	1.6669137440584256
37	50	0.08692764501413251
37	51	-0.5342360018120444
37	52	1.7367821919520339
37	53	0.9484632645718302
37	54	1.0416660093090981
37	55	0.7690391017943353
37	56	0.9211883760312617
37	57	2.279749109633635
37	58	-2.248463341729258
37	59	-1.7378690215338697
37	60	-3.6624288980136357
37	61	-1.772732909387208
37	62	-2.4619443380657193
37	63	0.36491450687928284
37	64	-0.14903829311004235
37	65	-2.007533248078414
37	66	-0.39333927786075995
37	67	0.13815042523042856
37	68	-2.01898386540005
37	69	0.5345464399301799
38	38	NaN
38	39	1.5581916303161487
38	40	4.419162272285988
38	41	0.5799123841186457
38	42	-0.06824614465134875
38	43	0.943292036652823
38	44	-1.303316751533416
38	45	-2.777705377365741
38	46	0.5394258872845565
38	47	0.10510407183373088
38	48	-0.31596343688930467
38	49	2.0615387333050417
38	50	-1.1395373149264114
38	51	-1.2860261254578094
38	52	3.506619211852936
38	53	0.9049758549549917
38	54	-0.2992252554382012
38	55	3.1468783901891033
38	56	0.5388212605842783
38	57	0.9103357463986476
38	58	-2.401890754389133
38	59	0.8075427365997003
38	60	-2.7069171574989612
38	61	-2.2227166390196222
38	62	-3.4534619902187833
38	63	1.6117351407589022
38	64	-0.22412191046949168
38	65	-3.819197371163399
38	66	-1.6647943853195966
38	67	-1.8864050718392469
38	68	-2.5182848297670724
38	69	0.6292655244600004
39	39	NaN
39	40	-0.7692511470364971
39	41	0.8295578194205184
39	42	-0.711442033991665
39	43	1.7792382142912508
39	44	-2.3393866336376687
39	45	-1.0127153877709336
39	46	0.5536926487022951
39	47	-2.5423951379568464
39	48	0.7460461304490618
39	49	-1.0875763826737666
39	50	-2.430936491623458
39	51	-1.117957984722935
39	52	-0.006950476029697096
39	53	1.4125583825257197
39	54	-1.6077262668281427
39	55	-0.046501706568333974
39	56	-0.2698461343408715
39	57	-1.5485912967512319
39	58	-0.2247226938252236
39	59	-1.2428908862783457
39	60	3.710891324882646
39	61	3.2883875551333213
39	62	-0.744509335002123
39	63	-0.5894401814097291
39	64	-0.5948505347331091
39	65	-0.507314295716495
39	66	1.5645207145372706
39	67	1.3277851756477725
39	68	2.891615416688902
39	69	-1.7793803754315594
40	40	NaN
40	41	-0.291525934574882
40	42	-0.5706544057025047
40	43	-1.632639272782761
40	44	0.7098015989024741
40	45	-3.122449822251452
40	46	-3.230239451013393
40	47	1.5069383516966623
40	48	-0.3787930103917287
40	49	1.9894961248268686
40	50	-2.999495020814283
40	51	-0.5990988319692394
40	52	3.0331596243964576
40	53	2.2498032755588278
40	54	1.0608468616130307
40	55	4.1683439697040425
40	56	2.998548321792626
40	57	2.8178634757657037
40	58	-2.1632065790465287
40	59	-0.016217429656018877
40	60	-2.773171200415309
40	61	-0.7418210161563172
40	62	-2.1612436188378674
40	63	1.7871333803976241
40	64	-2.5256565221915297
40	65	-1.5534987070551072
40	66	-0.8105764903071769
40	67	-0.24418219382322962
40	68	-2.6749319801049047
40	69	-0.9183938769713204
41	41	NaN
41	42	-0.5436714098827258
41	43	0.6197696984274911
41	44	0.09865482386776983
41	45	1.8124531405103104
41	46	1.1393641268888128
41	47	0.1490352644827175
41	48	-2.5395702759235506
41	49	-0.18765641025849708
41	50	3.7897028871807357
41	51	-1.1397113928115958
41	52	-1.4783357479282775
41	53	0.08126033813921676
41	54	-3.295488881327016
41	55	-1.5635484252083158
41	56	0.7391731389409949
41	57	-1.8587635824087738
41	58	-1.303835272293538
41	59	1.6486480999798028
41	60	1.6849329399677064
41	61	0.8918249305054101
41	62	-1.7253676966958866
41	63	-0.05746714354749122
41	64	3.512667582233371
41	65	1.8123103316825135
41	66	1.9114933453727025
41	67	1.409774539835616
41	68	-1.2999528664173634
41	69	-2.6985178762107007
42	42	NaN
42	43	2.3707550232394086
42	44	1.933996957234941
42	45	1.9967890990057386
42	46	-2.0599593342238713
42	47	-2.823674451374539
42	48	1.3030827947111208
42	49	-1.195655491510139
42	50	1.6151998539673666
42	51	1.6983436226088617
42	52	-1.0433228097618277
42	53	-0.20510994815901212
42	54	-3.0001721243986834
42	55	0.4160355747123798
42	56	-1.3733476884844715
42	57	-1.6505987509402211
42	58	-1.3249586221976728
42	59	0.15425675617219212
42	60	-1.2567795219706344
42	61	2.494280453045039
42	62	4.547500767058121
42	63	-0.11696292347320861
42	64	-0.7690718893691985
42	65	1.448303195897797
42	66	0.790814407323908
42	67	-0.9450009770350443
42	68	2.3926109088580634
42	69	-1.8777944779018385
43	43	NaN
43	44	2.199119050669494
43	45	2.3091181292892853
43	46	0.44838822124386896
43	47	-2.2329692809688835
43	48	-0.6523437798470458
43	49	0.19856315767981803
43	50	1.9452989206720603
43	51	-1.4577085342670497
43	52	-0.6928854263741797
43	53	-0.691746048721775
43	54	-3.1415602832189444
43	55	-0.31192078866113576
43	56	-2.998383904977843
43	57	-0.6219300286768625
43	58	0.34111610883551796
43	59	-0.13136344844253134
43	60	2.219227573977921
43	61	2.1831855586894116
43	62	1.1051841726351725
43	63	0.06651535708843698
43	64	-1.2641615775189967
43	65	0.24820373635749335
43	66	2.4563477178528315
43	67	3.6605132473471578
43	68	0.45036103640468783
43	69	-2.4526830308725667
44	44	NaN
44	45	-0.9431062470704977
44	46	-0.6526327450939162
44	47	0.8861638455289989
44	48	0.9985348597984518
44	49	5.383325730461884
44	50	-0.582891235085769
44	51	1.8597462345464049
44	52	0.6690442971348136
44	53	-0.34184037581951143
44	54	0.4899811013465302
44	55	0.5087977348494181
44	56	0.4715859540773647
44	57	1.6574961304602485
44	58	-2.9081156751215618
44	59	0.7804165950721528
44	60	1.1247721024004207
44	61	-0.1155266837602148
44	62	-1.2368220147137985
44	63	-1.3531535047158865
44	64	-0.143921452525057
44	65	-1.2514183382727995
44	66	-2.7327815060201264
44	67	1.3244250548631558
44	68	1.1383704501049414
44	69	-2.2447466625392756
45	45	NaN
45	46	7.634420527612424
45	47	-1.420555842575735
45	48	3.351553909780567
45	49	-5.273454791434997
45	50	0.18947452563379785
45	51	3.463612924430547
45	52	0.04741862836327529
45	53	-1.0842959033043253
45	54	0.30914434797875723
45	55	-1.9356733288736514
45	56	0.8734575406444994
45	57	-2.2348973262865797
45	58	1.5878675398199613
45	59	1.9988916973420428
45	60	-0.048925348138301655
45	61	3.499967341944579
45	62	-0.1752679981389029
45	63	0.8025610944627602
45	64	0.7015406146304658
45	65	3.53974172613281
45	66	-0.7041426950246624
45	67	2.423676531083445
45	68	-0.17927515960539808
45	69	-0.6043045345539478
46	46	NaN
46	47	-1.9036244484689777
46	48	2.1421194651698645
46	49	-0.4123546754376444
46	50	-1.2289097091756318
46	51	-0.37058888043860594
46	52	-4.676740472094379
46	53	-2.135485604774217
46	54	-2.906944465978074
46	55	-2.098582826080512
46	56	-1.4779909856019637
46	57	-2.428366063373586
46	58	1.6799664194234585
46	59	2.292290809019166
46	60	1.9568513119680477
46	61	0.17123747791613061
46	62	4.240779931186143
46	63	-0.5478644124919246
46	64	3.0309510965904853
46	65	1.292153212717738
46	66	1.685934593478517
46	67	-0.6539691196512633
46	68	3.2588667283283916
46	69	-0.14510584382651032
47	47	NaN
47	48	1.5821851541481655
47	49	0.7856928184238744
47	50	-1.3239602744105172
47	51	-1.323043770541661
47	52	1.8420369496558129
47	53	2.3882425097657474
47	54	-0.9482867174118677
47	55	1.0642017111194146
47	56	4.919103129414758
47	57	1.6165770446948329
47	58	8.19708957959388
47	59	-1.5364868073691655
47	60	-1.5333263387352312
47	61	-1.7412552345464094
47	62	-1.8695290083703715
47	63	4.019647668861109
47	64	0.9097821737290427
47	65	-1.8671228958337642
47	66	-2.562877325732618
47	67	1.4973620168949615
47	68	0.025521942576720923
47	69	-0.4090895266745193
48	48	NaN
48	49	1.430968845158353
48	50	0.4120005957220595
48	51	0.5354220327521135
48	52	-1.5414763632981796
48	53	-3.134067060641571
48	54	-1.9581862805726375
48	55	-2.8592813672634616
48	56	-2.3923625404940903
48	57	-3.581536069847544
48	58	-1.9454304593740024
48	59	1.0460167724515699
48	60	0.20635020341960145
48	61	-0.8361733057564174
48	62	-1.6347847809555065
48	63	-0.6484295360291573
48	64	3.3029743021894817
48	65	1.5359788529616711
48	66	0.4882423379512819
48	67	0.03643016483096979
48	68	2.7636627397914126
48	69	-0.8329137259637645
49	49	NaN
49	50	0.5484069488770359
49	51	-1.90239229338333
49	52	3.3231091773507426
49	53	2.180397563518063
49	54	5.831871509339565
49	55	1.123495523578218
49	56	2.492626519102114
49	57	2.3599410820600775
49	58	-0.26268164655661
49	59	-1.2581295433060518
49	60	-2.9736218962776535
49	61	-1.2575364093019885
49	62	-2.3615544381664146
49	63	0.546912834787153
49	64	-0.5465115388471797
49	65	-0.9879009061225458
49	66	-0.4181226783547445
49	67	-2.939343140658876
49	68	-0.9427870383452358
49	69	1.8444875554334728
50	50	NaN
50	51	1.7137374577988798
50	52	-1.835572008191285
50	53	-2.2142890121575
50	54	-0.16561842668718552
50	55	-0.6935658427441816
50	56	-0.8891638602161137
50	57	-0.17761740267896328
50	58	-0.635731048113372
50	59	-0.3273679658105852
50	60	-0.4970747797959383
50	61	2.484375535063125
50	62	-0.21936648694909297
50	63	-0.8088792474940245
50	64	0.9712507790375666
50	65	1.093479166439227
50	66	-0.10992774819493793
50	67	3.5269452204600653
50	68	3.600204252965623
50	69	-0.3177507483378768
51	51	NaN
51	52	0.7841684781490995
51	53	-3.1361909656605267
51	54	0.3269280016066779
51	55	-2.519699876312179
51	56	-0.035138997931975204
51	57	-2.0994972004123262
51	58	0.8770400459633527
51	59	-0.46019609747610135
51	60	4.5412895072628165
51	61	2.0678362412281217
51	62	1.7330098211965184
51	63	3.006853910093486
51	64	5.5633443637805415
51	65	1.0328558293197498
51	66	1.5149594454755253
51	67	1.1122230019674553
51	68	4.516948603227272
51	69	0.2601674112935362
52	52	NaN
52	53	3.8345204929879384
52	54	1.0609186105020163
52	55	3.8508706024411086
52	56	4.280124599156616
52	57	3.358487834964208
52	58	-0.8915561965772939
52	59	-1.0202880742733842
52	60	-1.486943454082412
52	61	-2.081427096797032
52	62	-0.0498345104121645
52	63	0.40666368897213995
52	64	-2.1428804213658976
52	65	-0.3600635252502067
52	66	-1.6203104692621368
52	67	-2.5900809687027238
52	68	-3.125751709621111
52	69	-0.9756256263648097
53	53	NaN
53	54	-0.06977922330276447
53	55	0.6488274570852456
53	56	0.5350923312735744
53	57	0.907954495795544
53	58	-3.915994127611832
53	59	-1.3898705438521302
53	60	-1.035680581134979
53	61	-3.895346987639254
53	62	-3.7597274002343903
53	63	2.870163855288948
53	64	-3.502685368501172
53	65	-2.4567083948403954
53	66	-2.2933550214471996
53	67	0.07251276587765924
53	68	0.4384593254104052
53	69	5.472490991305454
54	54	NaN
54	55	3.4343686563731977
54	56	2.0564612410378795
54	57	-0.027871615501405985
54	58	-1.0948139842803928
54	59	-1.5196884172983716
54	60	-2.6838151827876935
54	61	1.3513346870632443
54	62	-0.167479112314612
54	63	1.6603317371528106
54	64	-1.2684532967096243
54	65	5.26469615084532
54	66	-1.4532992459100746
54	67	22.03030203483733
54	68	1.9685536481134027
54	69	0.11425419111628929
55	55	NaN
55	56	2.819911275524645
55	57	3.5809779447723877
55	58	-2.8762526715522077
55	59	-0.5681124909675888
55	60	-2.670278503526077
55	61	-1.9034126786238217
55	62	-1.7741136264114397
55	63	-0.21835739785801106
55	64	0.12919626380955443
55	65	0.11536901991427259
55	66	-1.0857924747887124
55	67	-1.220243233078058
55	68	0.536448782086125
55	69	0.15654525883574133
56	56	NaN
56	57	2.044926223970834
56	58	-2.1477460321799344
56	59	0.33094096297825604
56	60	-3.159860106484035
56	61	-2.2914751383995493
56	62	-1.8456242162742338
56	63	4.236585231969162
56	64	-2.924348224236079
56	65	0.15026950128562375
56	66	-0.856295853073877
56	67	-0.6591494959157674
56	68	-3.0610268230545286
56	69	-1.1690308219413028
57	57	NaN
57	58	-0.6485466704391969
57	59	0.30363984198677263
57	60	-1.727928376734216
57	61	1.2771732889216265
57	62	-1.370803512110665
57	63	0.4784426199200397
57	64	3.418665636602151
57	65	-0.2022431194328202
57	66	-2.236691568825726
57	67	-1.7810630784409711
57	68	-1.1589195626137174
57	69	-1.868638034633347
58	58	NaN
58	59	1.7074140216626643
58	60	2.871415981949756
58	61	-2.524995603318816
58	62	49.32137143481355
58	63	-1.2898194479177698
58	64	-1.2967480667702114
58	65	-2.128939972984617
58	66	-0.2823075126745702
58	67	-2.766169943510205
58	68	0.9753774195993984
58	69	-0.3804083773520928
59	59	NaN
59	60	3.617473679669194
59	61	-1.8533804514612848
59	62	1.8214228897536393
59	63	1.0268706174653766
59	64	6.487370032003694
59	65	1.2552093412741772
59	66	-1.29357317285869
59	67	0.6642983006987289
59	68	1.8119928314450244
59	69	-0.144497381183362
60	60	NaN
60	61	2.452528226733862
60	62	2.589819639211651
60	63	0.6108687136270248
60	64	-1.1360022396560367
60	65	0.4793004368806921
60	66	2.4773697226437403
60	67	-0.19202066494934716
60	68	2.8364247998765095
60	69	-1.3686256380183885
61	61	NaN
61	62	2.658824630736214
61	63	-2.000109219139609
61	64	-1.7254537650385977
61	65	0.8400012789330106
61	66	1.3765365362312074
61	67	0.25035181909133747
61	68	0.14887855186373217
61	69	-1.6513985376563658
62	62	NaN
62	63	-0.6846462537785529
62	64	1.4034446416098345
62	65	-4.074313504676884
62	66	-1.258227686099112
62	67	0.0790436108307063
62	68	-1.634121852349324
62	69	-2.7052389639932217
63	63	NaN
63	64	0.47638471635552915
63	65	-2.3894891704970656
63	66	2.111266544316912
63	67	-3.4285867887159185
63	68	-0.8393374980851159
63	69	-1.4629660274341905
64	64	NaN
64	65	1.2058426845692036
64	66	-0.9586954072118625
64	67	2.636802739618782
64	68	1.7115822932038816
64	69	-1.161706012455526
65	65	NaN
65	66	0.7909310082069523
65	67	3.0435389491633766
65	68	3.3134640536535818
65	69	1.8911207515880657
66	66	NaN
66	67	5.684426760705922
66	68	3.778391186908688
66	69	-5.266005560272932
67	67	NaN
67	68	3.428998951925124
67	69	0.7822771747292692
68	68	NaN
68	69	-0.692353872548001
69	69	NaN
